0.0000000000 -74.2283940074
0.1000000000 -74.2788438965
0.2000000000 -74.3290761374
0.3000000000 -74.3790906346
0.4000000000 -74.4288873038
0.5000000000 -74.4784660717
0.6000000000 -74.5278268764
0.7000000000 -74.5769696670
0.8000000000 -74.6258944038
0.9000000000 -74.6746010580
1.0000000000 -74.7230896118
1.1000000000 -74.7713600587
1.2000000000 -74.8194124026
1.3000000000 -74.8672466586
1.4000000000 -74.9148628525
1.5000000000 -74.9622610209
1.6000000000 -75.0094412110
1.7000000000 -75.0564034808
1.8000000000 -75.1031478987
1.9000000000 -75.1496745439
2.0000000000 -75.1959835058
2.1000000000 -75.2420748843
2.2000000000 -75.2879487897
2.3000000000 -75.3336053424
2.4000000000 -75.3790446731
2.5000000000 -75.4242669228
2.6000000000 -75.4692722422
2.7000000000 -75.5140607924
2.8000000000 -75.5586327440
2.9000000000 -75.6029882778
3.0000000000 -75.6471275840
3.1000000000 -75.6910508629
3.2000000000 -75.7347583241
3.3000000000 -75.7782501868
3.4000000000 -75.8215266797
3.5000000000 -75.8645880408
3.6000000000 -75.9074345174
3.7000000000 -75.9500663659
3.8000000000 -75.9924838521
3.9000000000 -76.0346872504
4.0000000000 -76.0766768445
4.1000000000 -76.1184529268
4.2000000000 -76.1600157984
4.3000000000 -76.2013657691
4.4000000000 -76.2425031574
4.5000000000 -76.2834282901
4.6000000000 -76.3241415025
4.7000000000 -76.3646431382
4.8000000000 -76.4049335489
4.9000000000 -76.4450130947
5.0000000000 -76.4848821433
5.1000000000 -76.5245410707
5.2000000000 -76.5639902605
5.3000000000 -76.6032301041
5.4000000000 -76.6422610006
5.5000000000 -76.6810833565
5.6000000000 -76.7196975860
5.7000000000 -76.7581041102
5.8000000000 -76.7963033580
5.9000000000 -76.8342957651
6.0000000000 -76.8720817742
6.1000000000 -76.9096618352
6.2000000000 -76.9470364047
6.3000000000 -76.9842059462
6.4000000000 -77.0211709296
6.5000000000 -77.0579318316
6.6000000000 -77.0944891353
6.7000000000 -77.1308433302
6.8000000000 -77.1669949118
6.9000000000 -77.2029443822
7.0000000000 -77.2386922492
7.1000000000 -77.2742390268
7.2000000000 -77.3095852347
7.3000000000 -77.3447313985
7.4000000000 -77.3796780494
7.5000000000 -77.4144257242
7.6000000000 -77.4489749651
7.7000000000 -77.4833263199
7.8000000000 -77.5174803414
7.9000000000 -77.5514375877
8.0000000000 -77.5851986220
8.1000000000 -77.6187640126
8.2000000000 -77.6521343324
8.3000000000 -77.6853101594
8.4000000000 -77.7182920761
8.5000000000 -77.7510806696
8.6000000000 -77.7836765316
8.7000000000 -77.8160802583
8.8000000000 -77.8482924498
8.9000000000 -77.8803137110
9.0000000000 -77.9121446504
9.1000000000 -77.9437858809
9.2000000000 -77.9752380191
9.3000000000 -78.0065016855
9.4000000000 -78.0375775043
9.5000000000 -78.0684661036
9.6000000000 -78.0991681147
9.7000000000 -78.1296841725
9.8000000000 -78.1600149153
9.9000000000 -78.1901609847
10.0000000000 -78.2201230252
10.1000000000 -78.2499016847
10.2000000000 -78.2794976139
10.3000000000 -78.3089114663
10.4000000000 -78.3381438983
10.5000000000 -78.3671955689
10.6000000000 -78.3960671397
10.7000000000 -78.4247592745
10.8000000000 -78.4532726397
10.9000000000 -78.4816079038
11.0000000000 -78.5097657374
11.1000000000 -78.5377468129
11.2000000000 -78.5655518046
11.3000000000 -78.5931813885
11.4000000000 -78.6206362419
11.5000000000 -78.6479170436
11.6000000000 -78.6750244733
11.7000000000 -78.7019592117
11.8000000000 -78.7287219402
11.9000000000 -78.7553133405
12.0000000000 -78.7817340943
12.1000000000 -78.8079848832
12.2000000000 -78.8340663881
12.3000000000 -78.8599792889
12.4000000000 -78.8857242638
12.5000000000 -78.9113019891
12.6000000000 -78.9367131381
12.7000000000 -78.9619583807
12.8000000000 -78.9870383823
12.9000000000 -79.0119538029
13.0000000000 -79.0367052962
13.1000000000 -79.0612935074
13.2000000000 -79.0857190728
13.3000000000 -79.1099826167
13.4000000000 -79.1340847503
13.5000000000 -79.1580260686
13.6000000000 -79.1818071474
13.7000000000 -79.2054285402
13.8000000000 -79.2288907738
13.9000000000 -79.2521943438
14.0000000000 -79.2753397089
14.1000000000 -79.2983272844
14.2000000000 -79.3211574347
14.3000000000 -79.3438304641
14.4000000000 -79.3663466064
14.5000000000 -79.3887060124
14.6000000000 -79.4109087358
14.7000000000 -79.4329547158
14.8000000000 -79.4548437572
14.9000000000 -79.4765755072
15.0000000000 -79.4981494276
15.1000000000 -79.5195647627
15.2000000000 -79.5408205009
15.3000000000 -79.5619153309
15.4000000000 -79.5828475885
15.5000000000 -79.6036151959
15.6000000000 -79.6242155887
15.7000000000 -79.6446456317
15.8000000000 -79.6649015188
15.9000000000 -79.6849786560
16.0000000000 -79.7048715241
16.1000000000 -79.7245735167
16.2000000000 -79.7440767505
16.3000000000 -79.7633718420
16.4000000000 -79.7824476457
16.5000000000 -79.8012909455
16.6000000000 -79.8198860933
16.7000000000 -79.8382145829
16.8000000000 -79.8562545507
16.9000000000 -79.8739801878
17.0000000000 -79.8913610496
17.1000000000 -79.9083612440
17.2000000000 -79.9249384782
17.3000000000 -79.9410429366
17.4000000000 -79.9566159639
17.5000000000 -79.9715885152
17.6000000000 -79.9858793354
17.7000000000 -79.9993928182
17.8000000000 -80.0120164897
17.9000000000 -80.0236180488
18.0000000000 -80.0340418890
18.1000000000 -80.0431050073
18.2000000000 -80.0505921948
18.3000000000 -80.0562503806
18.4000000000 -80.0597819802
18.5000000000 -80.0608370737
18.6000000000 -80.0590042052
18.7000000000 -80.0537995618
18.8000000000 -80.0446542446
18.9000000000 -80.0308992942
19.0000000000 -80.0117480733
19.1000000000 -79.9862755374
19.2000000000 -79.9533938419
19.3000000000 -79.9118236335
19.4000000000 -79.8600602579
19.5000000000 -79.7963339766
19.6000000000 -79.7185631211
19.7000000000 -79.6242989178
19.8000000000 -79.5106604828
19.9000000000 -79.3742582084
20.0000000000 -79.2111034278
20.1000000000 -79.0165018401
20.2000000000 -78.7849276841
20.3000000000 -78.5098750438
20.4000000000 -78.1836819082
20.5000000000 -77.7973216456
20.6000000000 -77.3401552949
20.7000000000 -76.7996363988
20.8000000000 -76.1609577794
20.9000000000 -75.4066263283
21.0000000000 -74.5159469170
21.1000000000 -73.4643888458
21.2000000000 -72.2227958713
21.3000000000 -70.7563802437
21.4000000000 -69.0234057412
21.5000000000 -66.9734019788
21.6000000000 -64.5446385045
21.7000000000 -61.6603764001
21.8000000000 -58.2230187923
21.9000000000 -54.1045349001
22.0000000000 -49.1301583752
22.1000000000 -43.0500444717
22.2000000000 -35.4906706750
22.3000000000 -25.8788051700
22.4000000000 -13.3608760697
22.5000000000 3.0537386024
22.6000000000 22.7276805930
22.7000000000 37.4094965229
22.8000000000 39.6890658520
22.9000000000 39.5300996287
23.0000000000 39.5072892189
23.1000000000 39.4525772896
23.2000000000 39.3929782918
23.3000000000 39.3270210332
23.4000000000 39.2542539381
23.5000000000 39.1741021075
23.6000000000 39.0859526093
23.7000000000 38.9891701452
23.8000000000 38.8831044831
23.9000000000 38.7670972986
24.0000000000 38.6404895820
24.1000000000 38.5026296879
24.2000000000 38.3528818890
24.3000000000 38.1906352318
24.4000000000 38.0153124634
24.5000000000 37.8263787880
24.6000000000 37.6233502107
24.7000000000 37.4058012408
24.8000000000 37.1733717444
24.9000000000 36.9257727714
25.0000000000 36.6627912142
25.1000000000 36.3842932010
25.2000000000 36.0902261671
25.3000000000 35.7806195919
25.4000000000 35.4555844300
25.5000000000 35.1153113024
25.6000000000 34.7600675445
25.7000000000 34.3901932344
25.8000000000 34.0060963425
25.9000000000 33.6082471580
26.0000000000 33.1971721516
26.1000000000 32.7734474349
26.2000000000 32.3376919726
26.3000000000 31.8905606929
26.4000000000 31.4327376302
26.5000000000 30.9649292174
26.6000000000 30.4878578320
26.7000000000 30.0022556773
26.8000000000 29.5088590689
26.9000000000 29.0084031754
27.0000000000 28.5016172476
27.1000000000 27.9892203571
27.2000000000 27.4719176512
27.3000000000 26.9503971205
27.4000000000 26.4253268647
27.5000000000 25.8973528372
27.6000000000 25.3670970407
27.7000000000 24.8351561416
27.8000000000 24.3021004701
27.9000000000 23.7684733689
28.0000000000 23.2347908528
28.1000000000 22.7015415432
28.2000000000 22.1691868407
28.3000000000 21.6381613013
28.4000000000 21.1088731833
28.5000000000 20.5817051342
28.6000000000 20.0570149899
28.7000000000 19.5351366593
28.8000000000 19.0163810732
28.9000000000 18.5010371753
29.0000000000 17.9893729379
29.1000000000 17.4816363871
29.2000000000 16.9780566238
29.3000000000 16.4788448294
29.4000000000 15.9841952473
29.5000000000 15.4942861323
29.6000000000 15.0092806625
29.7000000000 14.5293278092
29.8000000000 14.0545631622
29.9000000000 13.5851097081
30.0000000000 13.1210785603
30.1000000000 12.6625696423
30.2000000000 12.2096723233
30.3000000000 11.7624660084
30.4000000000 11.3210206841
30.5000000000 10.8853974235
30.6000000000 10.4556488504
30.7000000000 10.0318195688
30.8000000000 9.6139465576
30.9000000000 9.2020595347
31.0000000000 8.7961812944
31.1000000000 8.3963280191
31.2000000000 8.0025095702
31.3000000000 7.6147297592
31.4000000000 7.2329866037
31.5000000000 6.8572725690
31.6000000000 6.4875747981
31.7000000000 6.1238753331
31.8000000000 5.7661513290
31.9000000000 5.4143752612
32.0000000000 5.0685151299
32.1000000000 4.7285346603
32.2000000000 4.3943935013
32.3000000000 4.0660474229
32.4000000000 3.7434485129
32.5000000000 3.4265453730
32.6000000000 3.1152833151
32.7000000000 2.8096045572
32.8000000000 2.5094484197
32.9000000000 2.2147515208
33.0000000000 1.9254479715
33.1000000000 1.6414695695
33.2000000000 1.3627459917
33.3000000000 1.0892049849
33.4000000000 0.8207725534
33.5000000000 0.5573731443
33.6000000000 0.2989298288
33.7000000000 0.0453644797
33.8000000000 -0.2034020562
33.9000000000 -0.4474497900
34.0000000000 -0.6868594287
34.1000000000 -0.9217122186
34.2000000000 -1.1520897954
34.3000000000 -1.3780740404
34.4000000000 -1.5997469435
34.5000000000 -1.8171904730
34.6000000000 -2.0304864532
34.7000000000 -2.2397164475
34.8000000000 -2.4449616506
34.9000000000 -2.6463027864
35.0000000000 -2.8438200136
35.1000000000 -3.0375928381
35.2000000000 -3.2277000324
35.3000000000 -3.4142195615
35.4000000000 -3.5972285159
35.5000000000 -3.7768030500
35.6000000000 -3.9530183272
35.7000000000 -4.1259484709
35.8000000000 -4.2956665211
35.9000000000 -4.4622443957
36.0000000000 -4.6257528577
36.1000000000 -4.7862614868
36.2000000000 -4.9438386556
36.3000000000 -5.0985515102
36.4000000000 -5.2504659544
36.5000000000 -5.3996466378
36.6000000000 -5.5461569480
36.7000000000 -5.6900590047
36.8000000000 -5.8314136582
36.9000000000 -5.9702804897
37.0000000000 -6.1067178143
37.1000000000 -6.2407826864
37.2000000000 -6.3725309076
37.3000000000 -6.5020170356
37.4000000000 -6.6292943954
37.5000000000 -6.7544150923
37.6000000000 -6.8774300254
37.7000000000 -6.9983889035
37.8000000000 -7.1173402607
37.9000000000 -7.2343314743
38.0000000000 -7.3494087826
38.1000000000 -7.4626173038
38.2000000000 -7.5740010553
38.3000000000 -7.6836029738
38.4000000000 -7.7914649352
38.5000000000 -7.8976277758
38.6000000000 -8.0021313127
38.7000000000 -8.1050143651
38.8000000000 -8.2063147752
38.9000000000 -8.3060694295
39.0000000000 -8.4043142801
39.1000000000 -8.5010843657
39.2000000000 -8.5964138326
39.3000000000 -8.6903359556
39.4000000000 -8.7828831587
39.5000000000 -8.8740870358
39.6000000000 -8.9639783707
39.7000000000 -9.0525871571
39.8000000000 -9.1399426186
39.9000000000 -9.2260732282
40.0000000000 -9.3110067268
40.1000000000 -9.3947701428
40.2000000000 -9.4773898101
40.3000000000 -9.5588913864
40.4000000000 -9.6392998706
40.5000000000 -9.7186396210
40.6000000000 -9.7969343714
40.7000000000 -9.8742072486
40.8000000000 -9.9504807880
40.9000000000 -10.0257769501
41.0000000000 -10.1001171358
41.1000000000 -10.1735222015
41.2000000000 -10.2460124744
41.3000000000 -10.3176077663
41.4000000000 -10.3883273881
41.5000000000 -10.4581901638
41.6000000000 -10.5272144434
41.7000000000 -10.5954181160
41.8000000000 -10.6628186230
41.9000000000 -10.7294329700
42.0000000000 -10.7952777390
42.1000000000 -10.8603691002
42.2000000000 -10.9247228232
42.3000000000 -10.9883542882
42.4000000000 -11.0512784971
42.5000000000 -11.1135100833
42.6000000000 -11.1750633225
42.7000000000 -11.2359521425
42.8000000000 -11.2961901323
42.9000000000 -11.3557905524
43.0000000000 -11.4147663430
43.1000000000 -11.4731301332
43.2000000000 -11.5308942499
43.3000000000 -11.5880707255
43.4000000000 -11.6446713063
43.5000000000 -11.7007074605
43.6000000000 -11.7561903857
43.7000000000 -11.8111310162
43.8000000000 -11.8655400302
43.9000000000 -11.9194278572
44.0000000000 -11.9728046841
44.1000000000 -12.0256804624
44.2000000000 -12.0780649141
44.3000000000 -12.1299675385
44.4000000000 -12.1813976175
44.5000000000 -12.2323642220
44.6000000000 -12.2828762174
44.7000000000 -12.3329422691
44.8000000000 -12.3825708478
44.9000000000 -12.4317702348
45.0000000000 -12.4805485270
45.1000000000 -12.5289136417
45.2000000000 -12.5768733217
45.3000000000 -12.6244351394
45.4000000000 -12.6716065017
45.5000000000 -12.7183946541
45.6000000000 -12.7648066850
45.7000000000 -12.8108495301
45.8000000000 -12.8565299757
45.9000000000 -12.9018546634
46.0000000000 -12.9468300930
46.1000000000 -12.9914626269
46.2000000000 -13.0357584932
46.3000000000 -13.0797237893
46.4000000000 -13.1233644852
46.5000000000 -13.1666864268
46.6000000000 -13.2096953389
46.7000000000 -13.2523968286
46.8000000000 -13.2947963878
46.9000000000 -13.3368993964
47.0000000000 -13.3787111253
47.1000000000 -13.4202367387
47.2000000000 -13.4614812968
47.3000000000 -13.5024497589
47.4000000000 -13.5431469853
47.5000000000 -13.5835777399
47.6000000000 -13.6237466929
47.7000000000 -13.6636584227
47.8000000000 -13.7033174182
47.9000000000 -13.7427280813
48.0000000000 -13.7818947286
48.1000000000 -13.8208215938
48.2000000000 -13.8595128294
48.3000000000 -13.8979725088
48.4000000000 -13.9362046284
48.5000000000 -13.9742131090
48.6000000000 -14.0120017980
48.7000000000 -14.0495744708
48.8000000000 -14.0869348328
48.9000000000 -14.1240865210
49.0000000000 -14.1610331055
49.1000000000 -14.1977780908
49.2000000000 -14.2343249181
49.3000000000 -14.2706769660
49.4000000000 -14.3068375523
49.5000000000 -14.3428099355
49.6000000000 -14.3785973158
49.7000000000 -14.4142028368
49.8000000000 -14.4496295866
49.9000000000 -14.4848805993
50.0000000000 -14.5199588558
50.1000000000 -14.5548672853
50.2000000000 -14.5896087666
50.3000000000 -14.6241861289
50.4000000000 -14.6586021531
50.5000000000 -14.6928595728
50.6000000000 -14.7269610756
50.7000000000 -14.7609093037
50.8000000000 -14.7947068552
50.9000000000 -14.8283562852
51.0000000000 -14.8618601062
51.1000000000 -14.8952207897
51.2000000000 -14.9284407666
51.3000000000 -14.9615224283
51.4000000000 -14.9944681278
51.5000000000 -15.0272801798
51.6000000000 -15.0599608623
51.7000000000 -15.0925124171
51.8000000000 -15.1249370505
51.9000000000 -15.1572369340
52.0000000000 -15.1894142054
52.1000000000 -15.2214709691
52.2000000000 -15.2534092972
52.3000000000 -15.2852312297
52.4000000000 -15.3169387758
52.5000000000 -15.3485339139
52.6000000000 -15.3800185928
52.7000000000 -15.4113947319
52.8000000000 -15.4426642222
52.9000000000 -15.4738289265
53.0000000000 -15.5048906802
53.1000000000 -15.5358512920
53.2000000000 -15.5667125441
53.3000000000 -15.5974761932
53.4000000000 -15.6281439704
53.5000000000 -15.6587175826
53.6000000000 -15.6891987120
53.7000000000 -15.7195890174
53.8000000000 -15.7498901342
53.9000000000 -15.7801036754
54.0000000000 -15.8102312312
54.1000000000 -15.8402743705
54.2000000000 -15.8702346403
54.3000000000 -15.9001135672
54.4000000000 -15.9299126567
54.5000000000 -15.9596333946
54.6000000000 -15.9892772469
54.7000000000 -16.0188456601
54.8000000000 -16.0483400620
54.9000000000 -16.0777618616
55.0000000000 -16.1071124500
55.1000000000 -16.1363932004
55.2000000000 -16.1656054683
55.3000000000 -16.1947505924
55.4000000000 -16.2238298944
55.5000000000 -16.2528446797
55.6000000000 -16.2817962375
55.7000000000 -16.3106858413
55.8000000000 -16.3395147489
55.9000000000 -16.3682842031
56.0000000000 -16.3969954317
56.1000000000 -16.4256496482
56.2000000000 -16.4542480513
56.3000000000 -16.4827918262
56.4000000000 -16.5112821439
56.5000000000 -16.5397201622
56.6000000000 -16.5681070256
56.7000000000 -16.5964438657
56.8000000000 -16.6247318013
56.9000000000 -16.6529719388
57.0000000000 -16.6811653724
57.1000000000 -16.7093131844
57.2000000000 -16.7374164452
57.3000000000 -16.7654762138
57.4000000000 -16.7934935379
57.5000000000 -16.8214694542
57.6000000000 -16.8494049884
57.7000000000 -16.8773011558
57.8000000000 -16.9051589611
57.9000000000 -16.9329793987
58.0000000000 -16.9607634533
58.1000000000 -16.9885120995
58.2000000000 -17.0162263023
58.3000000000 -17.0439070175
58.4000000000 -17.0715551913
58.5000000000 -17.0991717610
58.6000000000 -17.1267576550
58.7000000000 -17.1543137931
58.8000000000 -17.1818410864
58.9000000000 -17.2093404376
59.0000000000 -17.2368127413
59.1000000000 -17.2642588839
59.2000000000 -17.2916797442
59.3000000000 -17.3190761930
59.4000000000 -17.3464490936
59.5000000000 -17.3737993019
59.6000000000 -17.4011276666
59.7000000000 -17.4284350291
59.8000000000 -17.4557222239
59.9000000000 -17.4829900787
60.0000000000 -17.5102394145
60.1000000000 -17.5374710457
60.2000000000 -17.5646857802
60.3000000000 -17.5918844197
60.4000000000 -17.6190677597
60.5000000000 -17.6462365897
60.6000000000 -17.6733916932
60.7000000000 -17.7005338479
60.8000000000 -17.7276638260
60.9000000000 -17.7547823939
61.0000000000 -17.7818903127
61.1000000000 -17.8089883382
61.2000000000 -17.8360772209
61.3000000000 -17.8631577063
61.4000000000 -17.8902305350
61.5000000000 -17.9172964424
61.6000000000 -17.9443561594
61.7000000000 -17.9714104122
61.8000000000 -17.9984599224
61.9000000000 -18.0255054071
62.0000000000 -18.0525475792
62.1000000000 -18.0795871471
62.2000000000 -18.1066248151
62.3000000000 -18.1336612837
62.4000000000 -18.1606972491
62.5000000000 -18.1877334037
62.6000000000 -18.2147704361
62.7000000000 -18.2418090314
62.8000000000 -18.2688498708
62.9000000000 -18.2958936322
63.0000000000 -18.3229409899
63.1000000000 -18.3499926149
63.2000000000 -18.3770491750
63.3000000000 -18.4041113347
63.4000000000 -18.4311797554
63.5000000000 -18.4582550957
63.6000000000 -18.4853380109
63.7000000000 -18.5124291537
63.8000000000 -18.5395291739
63.9000000000 -18.5666387185
64.0000000000 -18.5937584321
64.1000000000 -18.6208889565
64.2000000000 -18.6480309311
64.3000000000 -18.6751849929
64.4000000000 -18.7023517766
64.5000000000 -18.7295319144
64.6000000000 -18.7567260364
64.7000000000 -18.7839347707
64.8000000000 -18.8111587432
64.9000000000 -18.8383985777
65.0000000000 -18.8656548962
65.1000000000 -18.8929283188
65.2000000000 -18.9202194637
65.3000000000 -18.9475289474
65.4000000000 -18.9748573848
65.5000000000 -19.0022053890
65.6000000000 -19.0295735716
65.7000000000 -19.0569625428
65.8000000000 -19.0843729111
65.9000000000 -19.1118052840
66.0000000000 -19.1392602672
66.1000000000 -19.1667384655
66.2000000000 -19.1942404823
66.3000000000 -19.2217669200
66.4000000000 -19.2493183797
66.5000000000 -19.2768954615
66.6000000000 -19.3044987647
66.7000000000 -19.3321288873
66.8000000000 -19.3597864267
66.9000000000 -19.3874719795
67.0000000000 -19.4151861412
67.1000000000 -19.4429295068
67.2000000000 -19.4707026707
67.3000000000 -19.4985062265
67.4000000000 -19.5263407673
67.5000000000 -19.5542068855
67.6000000000 -19.5821051732
67.7000000000 -19.6100362222
67.8000000000 -19.6380006235
67.9000000000 -19.6659989681
68.0000000000 -19.6940318467
68.1000000000 -19.7220998495
68.2000000000 -19.7502035667
68.3000000000 -19.7783435883
68.4000000000 -19.8065205042
68.5000000000 -19.8347349042
68.6000000000 -19.8629873782
68.7000000000 -19.8912785159
68.8000000000 -19.9196089072
68.9000000000 -19.9479791423
69.0000000000 -19.9763898111
69.1000000000 -20.0048415041
69.2000000000 -20.0333348118
69.3000000000 -20.0618703251
69.4000000000 -20.0904486352
69.5000000000 -20.1190703335
69.6000000000 -20.1477360121
69.7000000000 -20.1764462633
69.8000000000 -20.2052016799
69.9000000000 -20.2340028553
70.0000000000 -20.2628503835
70.1000000000 -20.2917448588
70.2000000000 -20.3206868765
70.3000000000 -20.3496770324
70.4000000000 -20.3787159230
70.5000000000 -20.4078041455
70.6000000000 -20.4369422980
70.7000000000 -20.4661309794
70.8000000000 -20.4953707892
70.9000000000 -20.5246623282
71.0000000000 -20.5540061978
71.1000000000 -20.5834030006
71.2000000000 -20.6128533399
71.3000000000 -20.6423578203
71.4000000000 -20.6719170473
71.5000000000 -20.7015316275
71.6000000000 -20.7312021688
71.7000000000 -20.7609292800
71.8000000000 -20.7907135713
71.9000000000 -20.8205556541
72.0000000000 -20.8504561409
72.1000000000 -20.8804156457
72.2000000000 -20.9104347836
72.3000000000 -20.9405141713
72.4000000000 -20.9706544266
72.5000000000 -21.0008561690
72.6000000000 -21.0311200193
72.7000000000 -21.0614465997
72.8000000000 -21.0918365341
72.9000000000 -21.1222904478
73.0000000000 -21.1528089676
73.1000000000 -21.1833927220
73.2000000000 -21.2140423412
73.3000000000 -21.2447584567
73.4000000000 -21.2755417022
73.5000000000 -21.3063927126
73.6000000000 -21.3373121249
73.7000000000 -21.3683005776
73.8000000000 -21.3993587111
73.9000000000 -21.4304871676
74.0000000000 -21.4616865911
74.1000000000 -21.4929576274
74.2000000000 -21.5243009245
74.3000000000 -21.5557171319
74.4000000000 -21.5872069012
74.5000000000 -21.6187708860
74.6000000000 -21.6504097419
74.7000000000 -21.6821241264
74.8000000000 -21.7139146991
74.9000000000 -21.7457821216
75.0000000000 -21.7777270576
75.1000000000 -21.8097501730
75.2000000000 -21.8418521355
75.3000000000 -21.8740336153
75.4000000000 -21.9062952846
75.5000000000 -21.9386378178
75.6000000000 -21.9710618914
75.7000000000 -22.0035681842
75.8000000000 -22.0361573774
75.9000000000 -22.0688301541
76.0000000000 -22.1015871999
76.1000000000 -22.1344292028
76.2000000000 -22.1673568528
76.3000000000 -22.2003708424
76.4000000000 -22.2334718666
76.5000000000 -22.2666606225
76.6000000000 -22.2999378096
76.7000000000 -22.3333041300
76.8000000000 -22.3667602880
76.9000000000 -22.4003069904
77.0000000000 -22.4339449463
77.1000000000 -22.4676748676
77.2000000000 -22.5014974682
77.3000000000 -22.5354134649
77.4000000000 -22.5694235766
77.5000000000 -22.6035285250
77.6000000000 -22.6377290341
77.7000000000 -22.6720258306
77.8000000000 -22.7064196435
77.9000000000 -22.7409112045
78.0000000000 -22.7755012479
78.1000000000 -22.8101905104
78.2000000000 -22.8449797312
78.3000000000 -22.8798696523
78.4000000000 -22.9148610181
78.5000000000 -22.9499545756
78.6000000000 -22.9851510745
78.7000000000 -23.0204512670
78.8000000000 -23.0558559077
78.9000000000 -23.0913657541
79.0000000000 -23.1269815662
79.1000000000 -23.1627041065
79.2000000000 -23.1985341402
79.3000000000 -23.2344724351
79.4000000000 -23.2705197615
79.5000000000 -23.3066768923
79.6000000000 -23.3429446031
79.7000000000 -23.3793236721
79.8000000000 -23.4158148799
79.9000000000 -23.4524190099
80.0000000000 -23.4891368479
80.1000000000 -23.5259691824
80.2000000000 -23.5629168045
80.3000000000 -23.5999805076
80.4000000000 -23.6371610880
80.5000000000 -23.6744593442
80.6000000000 -23.7118760775
80.7000000000 -23.7494120916
80.8000000000 -23.7870681927
80.9000000000 -23.8248451894
81.0000000000 -23.8627438930
81.1000000000 -23.9007651171
81.2000000000 -23.9389096778
81.3000000000 -23.9771783936
81.4000000000 -24.0155720855
81.5000000000 -24.0540915767
81.6000000000 -24.0927376930
81.7000000000 -24.1315112624
81.8000000000 -24.1704131153
81.9000000000 -24.2094440844
82.0000000000 -24.2486050046
82.1000000000 -24.2878967132
82.2000000000 -24.3273200496
82.3000000000 -24.3668758555
82.4000000000 -24.4065649746
82.5000000000 -24.4463882530
82.6000000000 -24.4863465388
82.7000000000 -24.5264406821
82.8000000000 -24.5666715350
82.9000000000 -24.6070399519
83.0000000000 -24.6475467889
83.1000000000 -24.6881929041
83.2000000000 -24.7289791575
83.3000000000 -24.7699064111
83.4000000000 -24.8109755285
83.5000000000 -24.8521873751
83.6000000000 -24.8935428181
83.7000000000 -24.9350427265
83.8000000000 -24.9766879707
83.9000000000 -25.0184794228
84.0000000000 -25.0604179564
84.1000000000 -25.1025044466
84.2000000000 -25.1447397700
84.3000000000 -25.1871248044
84.4000000000 -25.2296604291
84.5000000000 -25.2723475245
84.6000000000 -25.3151869725
84.7000000000 -25.3581796556
84.8000000000 -25.4013264580
84.9000000000 -25.4446282645
85.0000000000 -25.4880859609
85.1000000000 -25.5317004341
85.2000000000 -25.5754725715
85.3000000000 -25.6194032615
85.4000000000 -25.6634933930
85.5000000000 -25.7077438556
85.6000000000 -25.7521555393
85.7000000000 -25.7967293347
85.8000000000 -25.8414661327
85.9000000000 -25.8863668244
86.0000000000 -25.9314323011
86.1000000000 -25.9766634543
86.2000000000 -26.0220611755
86.3000000000 -26.0676263561
86.4000000000 -26.1133598873
86.5000000000 -26.1592626602
86.6000000000 -26.2053355654
86.7000000000 -26.2515794932
86.8000000000 -26.2979953332
86.9000000000 -26.3445839746
87.0000000000 -26.3913463055
87.1000000000 -26.4382832135
87.2000000000 -26.4853955851
87.3000000000 -26.5326843057
87.4000000000 -26.5801502597
87.5000000000 -26.6277943301
87.6000000000 -26.6756173984
87.7000000000 -26.7236203448
87.8000000000 -26.7718040478
87.9000000000 -26.8201693842
88.0000000000 -26.8687172287
88.1000000000 -26.9174484542
88.2000000000 -26.9663639316
88.3000000000 -27.0154645292
88.4000000000 -27.0647511133
88.5000000000 -27.1142245475
88.6000000000 -27.1638856927
88.7000000000 -27.2137354071
88.8000000000 -27.2637745460
88.9000000000 -27.3140039617
89.0000000000 -27.3644245030
89.1000000000 -27.4150370157
89.2000000000 -27.4658423420
89.3000000000 -27.5168413203
89.4000000000 -27.5680347855
89.5000000000 -27.6194235682
89.6000000000 -27.6710084953
89.7000000000 -27.7227903890
89.8000000000 -27.7747700675
89.9000000000 -27.8269483441
90.0000000000 -27.8793260276
90.1000000000 -27.9319039218
90.2000000000 -27.9846828254
90.3000000000 -28.0376635318
90.4000000000 -28.0908468292
90.5000000000 -28.1442335000
90.6000000000 -28.1978243210
90.7000000000 -28.2516200630
90.8000000000 -28.3056214907
90.9000000000 -28.3598293624
91.0000000000 -28.4142444302
91.1000000000 -28.4688674393
91.2000000000 -28.5236991282
91.3000000000 -28.5787402282
91.4000000000 -28.6339914636
91.5000000000 -28.6894535511
91.6000000000 -28.7451272001
91.7000000000 -28.8010131118
91.8000000000 -28.8571119798
91.9000000000 -28.9134244893
92.0000000000 -28.9699513172
92.1000000000 -29.0266931317
92.2000000000 -29.0836505925
92.3000000000 -29.1408243501
92.4000000000 -29.1982150459
92.5000000000 -29.2558233118
92.6000000000 -29.3136497704
92.7000000000 -29.3716950341
92.8000000000 -29.4299597057
92.9000000000 -29.4884443776
93.0000000000 -29.5471496317
93.1000000000 -29.6060760395
93.2000000000 -29.6652241614
93.3000000000 -29.7245945471
93.4000000000 -29.7841877346
93.5000000000 -29.8440042508
93.6000000000 -29.9040446108
93.7000000000 -29.9643093177
93.8000000000 -30.0247988626
93.9000000000 -30.0855137243
94.0000000000 -30.1464543689
94.1000000000 -30.2076212500
94.2000000000 -30.2690148079
94.3000000000 -30.3306354701
94.4000000000 -30.3924836504
94.5000000000 -30.4545597491
94.6000000000 -30.5168641527
94.7000000000 -30.5793972336
94.8000000000 -30.6421593500
94.9000000000 -30.7051508456
95.0000000000 -30.7683720495
95.1000000000 -30.8318232759
95.2000000000 -30.8955048237
95.3000000000 -30.9594169769
95.4000000000 -31.0235600035
95.5000000000 -31.0879341562
95.6000000000 -31.1525396716
95.7000000000 -31.2173767701
95.8000000000 -31.2824456559
95.9000000000 -31.3477465165
96.0000000000 -31.4132795230
96.1000000000 -31.4790448292
96.2000000000 -31.5450425719
96.3000000000 -31.6112728706
96.4000000000 -31.6777358274
96.5000000000 -31.7444315266
96.6000000000 -31.8113600344
96.7000000000 -31.8785213993
96.8000000000 -31.9459156513
96.9000000000 -32.0135428020
97.0000000000 -32.0814028445
97.1000000000 -32.1494957530
97.2000000000 -32.2178214828
97.3000000000 -32.2863799701
97.4000000000 -32.3551711316
97.5000000000 -32.4241948649
97.6000000000 -32.4934510476
97.7000000000 -32.5629395380
97.8000000000 -32.6326601741
97.9000000000 -32.7026127740
98.0000000000 -32.7727971356
98.1000000000 -32.8432130364
98.2000000000 -32.9138602335
98.3000000000 -32.9847384634
98.4000000000 -33.0558474418
98.5000000000 -33.1271868637
98.6000000000 -33.1987564030
98.7000000000 -33.2705557126
98.8000000000 -33.3425844241
98.9000000000 -33.4148421479
99.0000000000 -33.4873284732
99.1000000000 -33.5600429674
99.2000000000 -33.6329851766
99.3000000000 -33.7061546251
99.4000000000 -33.7795508157
99.5000000000 -33.8531732292
99.6000000000 -33.9270213246
99.7000000000 -34.0010945392
99.8000000000 -34.0753922882
99.9000000000 -34.1499139647
100.0000000000 -34.2246589399
100.1000000000 -34.2996265630
100.2000000000 -34.3748161609
100.3000000000 -34.4502270385
100.4000000000 -34.5258584787
100.5000000000 -34.6017097420
100.6000000000 -34.6777800670
100.7000000000 -34.7540686699
100.8000000000 -34.8305747450
100.9000000000 -34.9072974645
101.0000000000 -34.9842359784
101.1000000000 -35.0613894146
101.2000000000 -35.1387568793
101.3000000000 -35.2163374563
101.4000000000 -35.2941302079
101.5000000000 -35.3721341744
101.6000000000 -35.4503483742
101.7000000000 -35.5287718041
101.8000000000 -35.6074034393
101.9000000000 -35.6862422335
102.0000000000 -35.7652871188
102.1000000000 -35.8445370062
102.2000000000 -35.9239907852
102.3000000000 -36.0036473244
102.4000000000 -36.0835054714
102.5000000000 -36.1635640528
102.6000000000 -36.2438218746
102.7000000000 -36.3242777224
102.8000000000 -36.4049303610
102.9000000000 -36.4857785353
103.0000000000 -36.5668209700
103.1000000000 -36.6480563698
103.2000000000 -36.7294834198
103.3000000000 -36.8111007856
103.4000000000 -36.8929071132
103.5000000000 -36.9749010298
103.6000000000 -37.0570811435
103.7000000000 -37.1394460437
103.8000000000 -37.2219943014
103.9000000000 -37.3047244691
104.0000000000 -37.3876350817
104.1000000000 -37.4707246559
104.2000000000 -37.5539916911
104.3000000000 -37.6374346695
104.4000000000 -37.7210520560
104.5000000000 -37.8048422992
104.6000000000 -37.8888038308
104.7000000000 -37.9729350666
104.8000000000 -38.0572344065
104.9000000000 -38.1417002345
105.0000000000 -38.2263309197
105.1000000000 -38.3111248160
105.2000000000 -38.3960802626
105.3000000000 -38.4811955844
105.4000000000 -38.5664690922
105.5000000000 -38.6518990830
105.6000000000 -38.7374838405
105.7000000000 -38.8232216354
105.8000000000 -38.9091107254
105.9000000000 -38.9951493562
106.0000000000 -39.0813357611
106.1000000000 -39.1676681620
106.2000000000 -39.2541447693
106.3000000000 -39.3407637824
106.4000000000 -39.4275233902
106.5000000000 -39.5144217714
106.6000000000 -39.6014570947
106.7000000000 -39.6886275193
106.8000000000 -39.7759311955
106.9000000000 -39.8633662645
107.0000000000 -39.9509308595
107.1000000000 -40.0386231055
107.2000000000 -40.1264411199
107.3000000000 -40.2143830131
107.4000000000 -40.3024468884
107.5000000000 -40.3906308428
107.6000000000 -40.4789329675
107.7000000000 -40.5673513477
107.8000000000 -40.6558840636
107.9000000000 -40.7445291904
108.0000000000 -40.8332847990
108.1000000000 -40.9221489562
108.2000000000 -41.0111197252
108.3000000000 -41.1001951657
108.4000000000 -41.1893733349
108.5000000000 -41.2786522873
108.6000000000 -41.3680300756
108.7000000000 -41.4575047504
108.8000000000 -41.5470743616
108.9000000000 -41.6367369578
109.0000000000 -41.7264905872
109.1000000000 -41.8163332982
109.2000000000 -41.9062631392
109.3000000000 -41.9962781595
109.4000000000 -42.0863764093
109.5000000000 -42.1765559406
109.6000000000 -42.2668148068
109.7000000000 -42.3571510640
109.8000000000 -42.4475627708
109.9000000000 -42.5380479885
110.0000000000 -42.6286047823
110.1000000000 -42.7192312207
110.2000000000 -42.8099253765
110.3000000000 -42.9006853270
110.4000000000 -42.9915091544
110.5000000000 -43.0823949459
110.6000000000 -43.1733407944
110.7000000000 -43.2643447987
110.8000000000 -43.3554050639
110.9000000000 -43.4465197016
111.0000000000 -43.5376868302
111.1000000000 -43.6289045757
111.2000000000 -43.7201710715
111.3000000000 -43.8114844589
111.4000000000 -43.9028428874
111.5000000000 -43.9942445152
111.6000000000 -44.0856875092
111.7000000000 -44.1771700457
111.8000000000 -44.2686903102
111.9000000000 -44.3602464980
112.0000000000 -44.4518368147
112.1000000000 -44.5434594758
112.2000000000 -44.6351127079
112.3000000000 -44.7267947480
112.4000000000 -44.8185038445
112.5000000000 -44.9102382573
112.6000000000 -45.0019962577
112.7000000000 -45.0937761291
112.8000000000 -45.1855761668
112.9000000000 -45.2773946789
113.0000000000 -45.3692299857
113.1000000000 -45.4610804205
113.2000000000 -45.5529443297
113.3000000000 -45.6448200729
113.4000000000 -45.7367060231
113.5000000000 -45.8286005672
113.6000000000 -45.9205021057
113.7000000000 -46.0124090532
113.8000000000 -46.1043198387
113.9000000000 -46.1962329053
114.0000000000 -46.2881467110
114.1000000000 -46.3800597282
114.2000000000 -46.4719704444
114.3000000000 -46.5638773620
114.4000000000 -46.6557789985
114.5000000000 -46.7476738869
114.6000000000 -46.8395605755
114.7000000000 -46.9314376281
114.8000000000 -47.0233036241
114.9000000000 -47.1151571588
115.0000000000 -47.2069968434
115.1000000000 -47.2988213049
115.2000000000 -47.3906291863
115.3000000000 -47.4824191469
115.4000000000 -47.5741898622
115.5000000000 -47.6659400238
115.6000000000 -47.7576683397
115.7000000000 -47.8493735343
115.8000000000 -47.9410543485
115.9000000000 -48.0327095395
116.0000000000 -48.1243378812
116.1000000000 -48.2159381639
116.2000000000 -48.3075091946
116.3000000000 -48.3990497968
116.4000000000 -48.4905588106
116.5000000000 -48.5820350927
116.6000000000 -48.6734775166
116.7000000000 -48.7648849721
116.8000000000 -48.8562563657
116.9000000000 -48.9475906206
117.0000000000 -49.0388866765
117.1000000000 -49.1301434896
117.2000000000 -49.2213600325
117.3000000000 -49.3125352944
117.4000000000 -49.4036682809
117.5000000000 -49.4947580139
117.6000000000 -49.5858035317
117.7000000000 -49.6768038887
117.8000000000 -49.7677581556
117.9000000000 -49.8586654191
118.0000000000 -49.9495247822
118.1000000000 -50.0403353637
118.2000000000 -50.1310962980
118.3000000000 -50.2218067359
118.4000000000 -50.3124658432
118.5000000000 -50.4030728019
118.6000000000 -50.4936268092
118.7000000000 -50.5841270776
118.8000000000 -50.6745728350
118.9000000000 -50.7649633246
119.0000000000 -50.8552978044
119.1000000000 -50.9455755473
119.2000000000 -51.0357958412
119.3000000000 -51.1259579885
119.4000000000 -51.2160613061
119.5000000000 -51.3061051254
119.6000000000 -51.3960887920
119.7000000000 -51.4860116654
119.8000000000 -51.5758731193
119.9000000000 -51.6656725411
120.0000000000 -51.7554093316
120.1000000000 -51.8450829054
120.2000000000 -51.9346926902
120.3000000000 -52.0242381269
120.4000000000 -52.1137186694
120.5000000000 -52.2031337841
120.6000000000 -52.2924829505
120.7000000000 -52.3817656601
120.8000000000 -52.4709814169
120.9000000000 -52.5601297368
121.0000000000 -52.6492101478
121.1000000000 -52.7382221894
121.2000000000 -52.8271654126
121.3000000000 -52.9160393798
121.4000000000 -53.0048436646
121.5000000000 -53.0935778512
121.6000000000 -53.1822415347
121.7000000000 -53.2708343208
121.8000000000 -53.3593558253
121.9000000000 -53.4478056743
122.0000000000 -53.5361835035
122.1000000000 -53.6244889587
122.2000000000 -53.7127216947
122.3000000000 -53.8008813758
122.4000000000 -53.8889676754
122.5000000000 -53.9769802756
122.6000000000 -54.0649188671
122.7000000000 -54.1527831490
122.8000000000 -54.2405728287
122.9000000000 -54.3282876212
123.0000000000 -54.4159272496
123.1000000000 -54.5034914442
123.2000000000 -54.5909799429
123.3000000000 -54.6783924903
123.4000000000 -54.7657288381
123.5000000000 -54.8529887443
123.6000000000 -54.9401719736
123.7000000000 -55.0272782967
123.8000000000 -55.1143074901
123.9000000000 -55.2012593360
124.0000000000 -55.2881336224
124.1000000000 -55.3749301421
124.2000000000 -55.4616486930
124.3000000000 -55.5482890779
124.4000000000 -55.6348511041
124.5000000000 -55.7213345832
124.6000000000 -55.8077393307
124.7000000000 -55.8940651663
124.8000000000 -55.9803119129
124.9000000000 -56.0664793972
125.0000000000 -56.1525674487
125.1000000000 -56.2385759002
125.2000000000 -56.3245045869
125.3000000000 -56.4103533466
125.4000000000 -56.4961220194
125.5000000000 -56.5818104474
125.6000000000 -56.6674184743
125.7000000000 -56.7529459457
125.8000000000 -56.8383927083
125.9000000000 -56.9237586102
126.0000000000 -57.0090435001
126.1000000000 -57.0942472276
126.2000000000 -57.1793696426
126.3000000000 -57.2644105955
126.4000000000 -57.3493699365
126.5000000000 -57.4342475157
126.6000000000 -57.5190431829
126.7000000000 -57.6037567870
126.8000000000 -57.6883881765
126.9000000000 -57.7729371986
127.0000000000 -57.8574036992
127.1000000000 -57.9417875229
127.2000000000 -58.0260885126
127.3000000000 -58.1103065095
127.4000000000 -58.1944413524
127.5000000000 -58.2784928783
127.6000000000 -58.3624609213
127.7000000000 -58.4463453131
127.8000000000 -58.5301458826
127.9000000000 -58.6138624555
128.0000000000 -58.6974948544
128.1000000000 -58.7810428986
128.2000000000 -58.8645064035
128.3000000000 -58.9478851810
128.4000000000 -59.0311790391
128.5000000000 -59.1143877813
128.6000000000 -59.1975112073
128.7000000000 -59.2805491119
128.8000000000 -59.3635012856
128.9000000000 -59.4463675139
129.0000000000 -59.5291475773
129.1000000000 -59.6118412514
129.2000000000 -59.6944483064
129.3000000000 -59.7769685069
129.4000000000 -59.8594016122
129.5000000000 -59.9417473757
129.6000000000 -60.0240055449
129.7000000000 -60.1061758615
129.8000000000 -60.1882580607
129.9000000000 -60.2702518717
130.0000000000 -60.3521570172
130.1000000000 -60.4339732133
130.2000000000 -60.5157001694
130.3000000000 -60.5973375882
130.4000000000 -60.6788851655
130.5000000000 -60.7603425900
130.6000000000 -60.8417095432
130.7000000000 -60.9229856996
130.8000000000 -61.0041707261
130.9000000000 -61.0852642822
131.0000000000 -61.1662660200
131.1000000000 -61.2471755839
131.2000000000 -61.3279926106
131.3000000000 -61.4087167289
131.4000000000 -61.4893475598
131.5000000000 -61.5698847163
131.6000000000 -61.6503278035
131.7000000000 -61.7306764183
131.8000000000 -61.8109301494
131.9000000000 -61.8910885774
132.0000000000 -61.9711512745
132.1000000000 -62.0511178046
132.2000000000 -62.1309877234
132.3000000000 -62.2107605780
132.4000000000 -62.2904359072
132.5000000000 -62.3700132410
132.6000000000 -62.4494921012
132.7000000000 -62.5288720011
132.8000000000 -62.6081524451
132.9000000000 -62.6873329294
133.0000000000 -62.7664129412
133.1000000000 -62.8453919596
133.2000000000 -62.9242694546
133.3000000000 -63.0030448878
133.4000000000 -63.0817177124
133.5000000000 -63.1602873727
133.6000000000 -63.2387533045
133.7000000000 -63.3171149352
133.8000000000 -63.3953716834
133.9000000000 -63.4735229593
134.0000000000 -63.5515681648
134.1000000000 -63.6295066931
134.2000000000 -63.7073379290
134.3000000000 -63.7850612490
134.4000000000 -63.8626760214
134.5000000000 -63.9401816060
134.6000000000 -64.0175773546
134.7000000000 -64.0948626106
134.8000000000 -64.1720367095
134.9000000000 -64.2490989788
135.0000000000 -64.3260487378
135.1000000000 -64.4028852983
135.2000000000 -64.4796079639
135.3000000000 -64.5562160308
135.4000000000 -64.6327087874
135.5000000000 -64.7090855147
135.6000000000 -64.7853454862
135.7000000000 -64.8614879679
135.8000000000 -64.9375122189
135.9000000000 -65.0134174910
136.0000000000 -65.0892030288
136.1000000000 -65.1648680704
136.2000000000 -65.2404118467
136.3000000000 -65.3158335822
136.4000000000 -65.3911324949
136.5000000000 -65.4663077962
136.6000000000 -65.5413586913
136.7000000000 -65.6162843792
136.8000000000 -65.6910840531
136.9000000000 -65.7657569001
137.0000000000 -65.8403021017
137.1000000000 -65.9147188339
137.2000000000 -65.9890062671
137.3000000000 -66.0631635664
137.4000000000 -66.1371898921
137.5000000000 -66.2110843993
137.6000000000 -66.2848462382
137.7000000000 -66.3584745548
137.8000000000 -66.4319684901
137.9000000000 -66.5053271812
138.0000000000 -66.5785497610
138.1000000000 -66.6516353583
138.2000000000 -66.7245830982
138.3000000000 -66.7973921024
138.4000000000 -66.8700614888
138.5000000000 -66.9425903724
138.6000000000 -67.0149778650
138.7000000000 -67.0872230756
138.8000000000 -67.1593251104
138.9000000000 -67.2312830733
139.0000000000 -67.3030960657
139.1000000000 -67.3747631871
139.2000000000 -67.4462835348
139.3000000000 -67.5176562047
139.4000000000 -67.5888802909
139.5000000000 -67.6599548864
139.6000000000 -67.7308790829
139.7000000000 -67.8016519712
139.8000000000 -67.8722726414
139.9000000000 -67.9427401830
140.0000000000 -68.0130536853
140.1000000000 -68.0832122374
140.2000000000 -68.1532149283
140.3000000000 -68.2230608475
140.4000000000 -68.2927490848
140.5000000000 -68.3622787308
140.6000000000 -68.4316488770
140.7000000000 -68.5008586157
140.8000000000 -68.5699070407
140.9000000000 -68.6387932473
141.0000000000 -68.7075163324
141.1000000000 -68.7760753948
141.2000000000 -68.8444695354
141.3000000000 -68.9126978572
141.4000000000 -68.9807594660
141.5000000000 -69.0486534701
141.6000000000 -69.1163789805
141.7000000000 -69.1839351116
141.8000000000 -69.2513209809
141.9000000000 -69.3185357094
142.0000000000 -69.3855784217
142.1000000000 -69.4524482462
142.2000000000 -69.5191443156
142.3000000000 -69.5856657665
142.4000000000 -69.6520117402
142.5000000000 -69.7181813823
142.6000000000 -69.7841738436
142.7000000000 -69.8499882794
142.8000000000 -69.9156238506
142.9000000000 -69.9810797232
143.0000000000 -70.0463550686
143.1000000000 -70.1114490643
143.2000000000 -70.1763608932
143.3000000000 -70.2410897445
143.4000000000 -70.3056348136
143.5000000000 -70.3699953023
143.6000000000 -70.4341704188
143.7000000000 -70.4981593782
143.8000000000 -70.5619614023
143.9000000000 -70.6255757200
144.0000000000 -70.6890015674
144.1000000000 -70.7522381880
144.2000000000 -70.8152848328
144.3000000000 -70.8781407602
144.4000000000 -70.9408052367
144.5000000000 -71.0032775365
144.6000000000 -71.0655569421
144.7000000000 -71.1276427441
144.8000000000 -71.1895342415
144.9000000000 -71.2512307417
145.0000000000 -71.3127315607
145.1000000000 -71.3740360234
145.2000000000 -71.4351434635
145.3000000000 -71.4960532237
145.4000000000 -71.5567646558
145.5000000000 -71.6172771208
145.6000000000 -71.6775899890
145.7000000000 -71.7377026404
145.8000000000 -71.7976144643
145.9000000000 -71.8573248597
146.0000000000 -71.9168332356
146.1000000000 -71.9761390104
146.2000000000 -72.0352416131
146.3000000000 -72.0941404821
146.4000000000 -72.1528350665
146.5000000000 -72.2113248252
146.6000000000 -72.2696092277
146.7000000000 -72.3276877537
146.8000000000 -72.3855598936
146.9000000000 -72.4432251480
147.0000000000 -72.5006830284
147.1000000000 -72.5579330569
147.2000000000 -72.6149747664
147.3000000000 -72.6718077004
147.4000000000 -72.7284314135
147.5000000000 -72.7848454711
147.6000000000 -72.8410494496
147.7000000000 -72.8970429365
147.8000000000 -72.9528255302
147.9000000000 -73.0083968403
148.0000000000 -73.0637564876
148.1000000000 -73.1189041041
148.2000000000 -73.1738393329
148.3000000000 -73.2285618284
148.4000000000 -73.2830712563
148.5000000000 -73.3373672936
148.6000000000 -73.3914496288
148.7000000000 -73.4453179614
148.8000000000 -73.4989720025
148.9000000000 -73.5524114746
149.0000000000 -73.6056361114
149.1000000000 -73.6586456583
149.2000000000 -73.7114398717
149.3000000000 -73.7640185199
149.4000000000 -73.8163813821
149.5000000000 -73.8685282493
149.6000000000 -73.9204589236
149.7000000000 -73.9721732188
149.8000000000 -74.0236709598
149.9000000000 -74.0749519830
150.0000000000 -74.1260161362
150.1000000000 -74.1768632784
150.2000000000 -74.2274932799
150.3000000000 -74.2779060226
150.4000000000 -74.3281013992
150.5000000000 -74.3780793140
150.6000000000 -74.4278396823
150.7000000000 -74.4773824307
150.8000000000 -74.5267074969
150.9000000000 -74.5758148298
151.0000000000 -74.6247043890
151.1000000000 -74.6733761457
151.2000000000 -74.7218300815
151.3000000000 -74.7700661894
151.4000000000 -74.8180844730
151.5000000000 -74.8658849468
151.6000000000 -74.9134676362
151.7000000000 -74.9608325773
151.8000000000 -75.0079798167
151.9000000000 -75.0549094119
152.0000000000 -75.1016214308
152.1000000000 -75.1481159518
152.2000000000 -75.1943930638
152.3000000000 -75.2404528661
152.4000000000 -75.2862954683
152.5000000000 -75.3319209902
152.6000000000 -75.3773295619
152.7000000000 -75.4225213234
152.8000000000 -75.4674964249
152.9000000000 -75.5122550267
153.0000000000 -75.5567972987
153.1000000000 -75.6011234208
153.2000000000 -75.6452335826
153.3000000000 -75.6891279834
153.4000000000 -75.7328068320
153.5000000000 -75.7762703469
153.6000000000 -75.8195187558
153.7000000000 -75.8625522959
153.8000000000 -75.9053712135
153.9000000000 -75.9479757644
154.0000000000 -75.9903662131
154.1000000000 -76.0325428333
154.2000000000 -76.0745059077
154.3000000000 -76.1162557277
154.4000000000 -76.1577925934
154.5000000000 -76.1991168138
154.6000000000 -76.2402287061
154.7000000000 -76.2811285963
154.8000000000 -76.3218168187
154.9000000000 -76.3622937157
155.0000000000 -76.4025596382
155.1000000000 -76.4426149448
155.2000000000 -76.4824600026
155.3000000000 -76.5220951862
155.4000000000 -76.5615208782
155.5000000000 -76.6007374690
155.6000000000 -76.6397453564
155.7000000000 -76.6785449458
155.8000000000 -76.7171366503
155.9000000000 -76.7555208900
156.0000000000 -76.7936980924
156.1000000000 -76.8316686920
156.2000000000 -76.8694331306
156.3000000000 -76.9069918568
156.4000000000 -76.9443453259
156.5000000000 -76.9814940002
156.6000000000 -77.0184383485
156.7000000000 -77.0551788463
156.8000000000 -77.0917159753
156.9000000000 -77.1280502239
157.0000000000 -77.1641820864
157.1000000000 -77.2001120635
157.2000000000 -77.2358406618
157.3000000000 -77.2713683941
157.4000000000 -77.3066957788
157.5000000000 -77.3418233402
157.6000000000 -77.3767516083
157.7000000000 -77.4114811185
157.8000000000 -77.4460124118
157.9000000000 -77.4803460346
158.0000000000 -77.5144825385
158.1000000000 -77.5484224803
158.2000000000 -77.5821664218
158.3000000000 -77.6157149300
158.4000000000 -77.6490685766
158.5000000000 -77.6822279381
158.6000000000 -77.7151935958
158.7000000000 -77.7479661353
158.8000000000 -77.7805461472
158.9000000000 -77.8129342260
159.0000000000 -77.8451309709
159.1000000000 -77.8771369850
159.2000000000 -77.9089528757
159.3000000000 -77.9405792544
159.4000000000 -77.9720167364
159.5000000000 -78.0032659407
159.6000000000 -78.0343274902
159.7000000000 -78.0652020115
159.8000000000 -78.0958901344
159.9000000000 -78.1263924926
160.0000000000 -78.1567097227
160.1000000000 -78.1868424648
160.2000000000 -78.2167913621
160.3000000000 -78.2465570608
160.4000000000 -78.2761402099
160.5000000000 -78.3055414616
160.6000000000 -78.3347614705
160.7000000000 -78.3638008938
160.8000000000 -78.3926603913
160.9000000000 -78.4213406252
161.0000000000 -78.4498422598
161.1000000000 -78.4781659616
161.2000000000 -78.5063123990
161.3000000000 -78.5342822423
161.4000000000 -78.5620761631
161.5000000000 -78.5896948350
161.6000000000 -78.6171389324
161.7000000000 -78.6444091309
161.8000000000 -78.6715061070
161.9000000000 -78.6984305375
162.0000000000 -78.7251830996
162.1000000000 -78.7517644704
162.2000000000 -78.7781753265
162.3000000000 -78.8044163435
162.4000000000 -78.8304881957
162.5000000000 -78.8563915553
162.6000000000 -78.8821270919
162.7000000000 -78.9076954717
162.8000000000 -78.9330973567
162.9000000000 -78.9583334035
163.0000000000 -78.9834042623
163.1000000000 -79.0083105756
163.2000000000 -79.0330529762
163.3000000000 -79.0576320859
163.4000000000 -79.0820485129
163.5000000000 -79.1063028495
163.6000000000 -79.1303956691
163.7000000000 -79.1543275224
163.8000000000 -79.1780989342
163.9000000000 -79.2017103975
164.0000000000 -79.2251623690
164.1000000000 -79.2484552619
164.2000000000 -79.2715894383
164.3000000000 -79.2945652006
164.4000000000 -79.3173827808
164.5000000000 -79.3400423279
164.6000000000 -79.3625438936
164.7000000000 -79.3848874154
164.8000000000 -79.4070726966
164.9000000000 -79.4290993825
165.0000000000 -79.4509669335
165.1000000000 -79.4726745921
165.2000000000 -79.4942213456
165.3000000000 -79.5156058809
165.4000000000 -79.5368265328
165.5000000000 -79.5578812219
165.6000000000 -79.5787673831
165.7000000000 -79.5994818799
165.8000000000 -79.6200209058
165.9000000000 -79.6403798664
166.0000000000 -79.6605532425
166.1000000000 -79.6805344282
166.2000000000 -79.7003155416
166.3000000000 -79.7198872013
166.4000000000 -79.7392382651
166.5000000000 -79.7583555218
166.6000000000 -79.7772233296
166.7000000000 -79.7958231914
166.8000000000 -79.8141332554
166.9000000000 -79.8321277282
167.0000000000 -79.8497761851
167.1000000000 -79.8670427599
167.2000000000 -79.8838851924
167.3000000000 -79.9002537086
167.4000000000 -79.9160897052
167.5000000000 -79.9313242026
167.6000000000 -79.9458760273
167.7000000000 -79.9596496745
167.8000000000 -79.9725327956
167.9000000000 -79.9843932449
168.0000000000 -79.9950756071
168.1000000000 -80.0043971145
168.2000000000 -80.0121428467
168.3000000000 -80.0180600861
168.4000000000 -80.0218516802
168.5000000000 -80.0231682358
168.6000000000 -80.0215989389
168.7000000000 -80.0166607575
168.8000000000 -80.0077857411
168.9000000000 -79.9943060811
169.0000000000 -79.9754365345
169.1000000000 -79.9502537449
169.2000000000 -79.9176719089
169.3000000000 -79.8764141389
169.4000000000 -79.8249787565
169.5000000000 -79.7615996121
169.6000000000 -79.6841993617
169.7000000000 -79.5903344386
169.8000000000 -79.4771302240
169.9000000000 -79.3412046444
170.0000000000 -79.1785780872
170.1000000000 -78.9845671276
170.2000000000 -78.7536590633
170.3000000000 -78.4793636523
170.4000000000 -78.1540376924
170.5000000000 -77.7686771195
170.6000000000 -77.3126700532
170.7000000000 -76.7735025436
170.8000000000 -76.1364064620
170.9000000000 -75.3839356661
171.0000000000 -74.4954516299
171.1000000000 -73.4464920858
171.2000000000 -72.2079839286
171.3000000000 -70.7452411636
171.4000000000 -69.0166534998
171.5000000000 -66.9719089876
171.6000000000 -64.5494813125
171.7000000000 -61.6729035009
171.8000000000 -58.2449573551
171.9000000000 -54.1381687781
172.0000000000 -49.1786395114
172.1000000000 -43.1179517520
172.2000000000 -35.5849955883
172.3000000000 -26.0105015965
172.4000000000 -13.5462341095
172.5000000000 2.7989474576
172.6000000000 22.4411857660
172.7000000000 37.2781788068
172.8000000000 39.6950488847
172.9000000000 39.5278525679
173.0000000000 39.5068142278
173.1000000000 39.4519469723
173.2000000000 39.3922861812
173.3000000000 39.3262561837
173.4000000000 39.2534087065
173.5000000000 39.1731689140
173.6000000000 39.0849235210
173.7000000000 38.9880368326
173.8000000000 38.8818582479
173.9000000000 38.7657291236
174.0000000000 38.6389901927
174.1000000000 38.5009896232
174.2000000000 38.3510915806
174.3000000000 38.1886850893
174.4000000000 38.0131929639
174.5000000000 37.8240805678
174.6000000000 37.6208641573
174.7000000000 37.4031185822
174.8000000000 37.1704841346
174.9000000000 36.9226723691
175.0000000000 36.6594707543
175.1000000000 36.3807460563
175.2000000000 36.0864463998
175.3000000000 35.7766019943
175.4000000000 35.4513245536
175.5000000000 35.1108054762
175.6000000000 34.7553128824
175.7000000000 34.3851876316
175.8000000000 34.0008384636
175.9000000000 33.6027364157
176.0000000000 33.1914086782
176.1000000000 32.7674320480
176.2000000000 32.3314261356
176.3000000000 31.8840464718
176.4000000000 31.4259776473
176.5000000000 30.9579266041
176.6000000000 30.4806161805
176.7000000000 29.9947789926
176.8000000000 29.5011517220
176.9000000000 29.0004698576
177.0000000000 28.4934629273
177.1000000000 27.9808502390
177.2000000000 27.4633371381
177.3000000000 26.9416117781
177.4000000000 26.4163423895
177.5000000000 25.8881750275
177.6000000000 25.3577317703
177.7000000000 24.8256093371
177.8000000000 24.2923780904
177.9000000000 23.7585813876
178.0000000000 23.2247352431
178.1000000000 22.6913282649
178.2000000000 22.1588218297
178.3000000000 21.6276504604
178.4000000000 21.0982223749
178.5000000000 20.5709201744
178.6000000000 20.0461016435
178.7000000000 19.5241006366
178.8000000000 19.0052280269
178.9000000000 18.4897726983
179.0000000000 17.9780025617
179.1000000000 17.4701655803
179.2000000000 16.9664907915
179.3000000000 16.4671893121
179.4000000000 15.9724553199
179.5000000000 15.4824670034
179.6000000000 14.9973874733
179.7000000000 14.5173656326
179.8000000000 14.0425370012
179.9000000000 13.5730244942
180.0000000000 13.1089391518
180.1000000000 12.6503808220
180.2000000000 12.1974387961
180.3000000000 11.7501923986
180.4000000000 11.3087115326
180.5000000000 10.8730571841
180.6000000000 10.4432818871
180.7000000000 10.0194301516
180.8000000000 9.6015388588
180.9000000000 9.1896376254
181.0000000000 8.7837491402
181.1000000000 8.3838894764
181.2000000000 7.9900683819
181.3000000000 7.6022895515
181.4000000000 7.2205508817
181.5000000000 6.8448447135
181.6000000000 6.4751580622
181.7000000000 6.1114728391
181.8000000000 5.7537660654
181.9000000000 5.4020100806
182.0000000000 5.0561727465
182.1000000000 4.7162176482
182.2000000000 4.3821042932
182.3000000000 4.0537883094
182.4000000000 3.7312216414
182.5000000000 3.4143527481
182.6000000000 3.1031267986
182.7000000000 2.7974858692
182.8000000000 2.4973691393
182.9000000000 2.2027130880
183.0000000000 1.9134516890
183.1000000000 1.6295166052
183.2000000000 1.3508373814
183.3000000000 1.0773416348
183.4000000000 0.8089552441
183.5000000000 0.5456025338
183.6000000000 0.2872064566
183.7000000000 0.0336887704
183.8000000000 -0.2150297881
183.9000000000 -0.4590293364
184.0000000000 -0.6983906830
184.1000000000 -0.9331951716
184.2000000000 -1.1635245304
184.3000000000 -1.3894607287
184.4000000000 -1.6110858396
184.5000000000 -1.8284819104
184.6000000000 -2.0417308393
184.7000000000 -2.2509142594
184.8000000000 -2.4561134306
184.9000000000 -2.6574091374
185.0000000000 -2.8548815951
185.1000000000 -3.0486103617
185.2000000000 -3.2386742580
185.3000000000 -3.4251512936
185.4000000000 -3.6081185991
185.5000000000 -3.7876523658
185.6000000000 -3.9638277908
185.7000000000 -4.1367190273
185.8000000000 -4.3063991421
185.9000000000 -4.4729400768
186.0000000000 -4.6364126154
186.1000000000 -4.7968863557
186.2000000000 -4.9544296858
186.3000000000 -5.1091097648
186.4000000000 -5.2609925072
186.5000000000 -5.4101425714
186.6000000000 -5.5566233513
186.7000000000 -5.7004969713
186.8000000000 -5.8418242847
186.9000000000 -5.9806648737
187.0000000000 -6.1170770531
187.1000000000 -6.2511178756
187.2000000000 -6.3828431398
187.3000000000 -6.5123073988
187.4000000000 -6.6395639725
187.5000000000 -6.7646649596
187.6000000000 -6.8876612520
187.7000000000 -7.0086025500
187.8000000000 -7.1275373790
187.9000000000 -7.2445131064
188.0000000000 -7.3595759603
188.1000000000 -7.4727710480
188.2000000000 -7.5841423755
188.3000000000 -7.6937328676
188.4000000000 -7.8015843882
188.5000000000 -7.9077377608
188.6000000000 -8.0122327900
188.7000000000 -8.1151082816
188.8000000000 -8.2164020646
188.9000000000 -8.3161510122
189.0000000000 -8.4143910629
189.1000000000 -8.5111572417
189.2000000000 -8.6064836810
189.3000000000 -8.7004036420
189.4000000000 -8.7929495350
189.5000000000 -8.8841529399
189.6000000000 -8.9740446268
189.7000000000 -9.0626545758
189.8000000000 -9.1500119969
189.9000000000 -9.2361453493
190.0000000000 -9.3210823608
190.1000000000 -9.4048500462
190.2000000000 -9.4874747264
190.3000000000 -9.5689820458
190.4000000000 -9.6493969907
190.5000000000 -9.7287439064
190.6000000000 -9.8070465142
190.7000000000 -9.8843279284
190.8000000000 -9.9606106722
190.9000000000 -10.0359166940
191.0000000000 -10.1102673828
191.1000000000 -10.1836835834
191.2000000000 -10.2561856113
191.3000000000 -10.3277932672
191.4000000000 -10.3985258508
191.5000000000 -10.4684021751
191.6000000000 -10.5374405794
191.7000000000 -10.6056589424
191.8000000000 -10.6730746951
191.9000000000 -10.7397048330
192.0000000000 -10.8055659281
192.1000000000 -10.8706741408
192.2000000000 -10.9350452314
192.3000000000 -10.9986945707
192.4000000000 -11.0616371513
192.5000000000 -11.1238875979
192.6000000000 -11.1854601773
192.7000000000 -11.2463688086
192.8000000000 -11.3066270727
192.9000000000 -11.3662482217
193.0000000000 -11.4252451878
193.1000000000 -11.4836305925
193.2000000000 -11.5414167547
193.3000000000 -11.5986156994
193.4000000000 -11.6552391658
193.5000000000 -11.7112986148
193.6000000000 -11.7668052370
193.7000000000 -11.8217699599
193.8000000000 -11.8762034552
193.9000000000 -11.9301161457
194.0000000000 -11.9835182121
194.1000000000 -12.0364195996
194.2000000000 -12.0888300244
194.3000000000 -12.1407589796
194.4000000000 -12.1922157416
194.5000000000 -12.2432093756
194.6000000000 -12.2937487416
194.7000000000 -12.3438424996
194.8000000000 -12.3934991151
194.9000000000 -12.4427268644
195.0000000000 -12.4915338395
195.1000000000 -12.5399279529
195.2000000000 -12.5879169426
195.3000000000 -12.6355083766
195.4000000000 -12.6827096572
195.5000000000 -12.7295280257
195.6000000000 -12.7759705663
195.7000000000 -12.8220442105
195.8000000000 -12.8677557407
195.9000000000 -12.9131117945
196.0000000000 -12.9581188680
196.1000000000 -13.0027833199
196.2000000000 -13.0471113748
196.3000000000 -13.0911091266
196.4000000000 -13.1347825418
196.5000000000 -13.1781374631
196.6000000000 -13.2211796121
196.7000000000 -13.2639145928
196.8000000000 -13.3063478940
196.9000000000 -13.3484848928
197.0000000000 -13.3903308571
197.1000000000 -13.4318909484
197.2000000000 -13.4731702243
197.3000000000 -13.5141736413
197.4000000000 -13.5549060573
197.5000000000 -13.5953722338
197.6000000000 -13.6355768385
197.7000000000 -13.6755244475
197.8000000000 -13.7152195476
197.9000000000 -13.7546665383
198.0000000000 -13.7938697343
198.1000000000 -13.8328333671
198.2000000000 -13.8715615873
198.3000000000 -13.9100584665
198.4000000000 -13.9483279991
198.5000000000 -13.9863741042
198.6000000000 -14.0242006275
198.7000000000 -14.0618113426
198.8000000000 -14.0992099535
198.9000000000 -14.1364000955
199.0000000000 -14.1733853371
199.1000000000 -14.2101691816
199.2000000000 -14.2467550687
199.3000000000 -14.2831463756
199.4000000000 -14.3193464190
199.5000000000 -14.3553584559
199.6000000000 -14.3911856855
199.7000000000 -14.4268312502
199.8000000000 -14.4622982371
199.9000000000 -14.4975896790
200.0000000000 -14.5327085561
200.1000000000 -14.5676577965
200.2000000000 -14.6024402780
200.3000000000 -14.6370588290
200.4000000000 -14.6715162296
200.5000000000 -14.7058152127
200.6000000000 -14.7399584649
200.7000000000 -14.7739486279
200.8000000000 -14.8077882991
200.9000000000 -14.8414800328
201.0000000000 -14.8750263410
201.1000000000 -14.9084296947
201.2000000000 -14.9416925243
201.3000000000 -14.9748172206
201.4000000000 -15.0078061361
201.5000000000 -15.0406615852
201.6000000000 -15.0733858456
201.7000000000 -15.1059811585
201.8000000000 -15.1384497300
201.9000000000 -15.1707937313
202.0000000000 -15.2030152999
202.1000000000 -15.2351165401
202.2000000000 -15.2670995237
202.3000000000 -15.2989662905
202.4000000000 -15.3307188496
202.5000000000 -15.3623591793
202.6000000000 -15.3938892283
202.7000000000 -15.4253109161
202.8000000000 -15.4566261333
202.9000000000 -15.4878367430
203.0000000000 -15.5189445806
203.1000000000 -15.5499514548
203.2000000000 -15.5808591479
203.3000000000 -15.6116694167
203.4000000000 -15.6423839924
203.5000000000 -15.6730045820
203.6000000000 -15.7035328680
203.7000000000 -15.7339705093
203.8000000000 -15.7643191418
203.9000000000 -15.7945803783
204.0000000000 -15.8247558096
204.1000000000 -15.8548470047
204.2000000000 -15.8848555111
204.3000000000 -15.9147828556
204.4000000000 -15.9446305442
204.5000000000 -15.9744000630
204.6000000000 -16.0040928784
204.7000000000 -16.0337104373
204.8000000000 -16.0632541680
204.9000000000 -16.0927254800
205.0000000000 -16.1221257649
205.1000000000 -16.1514563962
205.2000000000 -16.1807187302
205.3000000000 -16.2099141060
205.4000000000 -16.2390438460
205.5000000000 -16.2681092561
205.6000000000 -16.2971116260
205.7000000000 -16.3260522300
205.8000000000 -16.3549323265
205.9000000000 -16.3837531590
206.0000000000 -16.4125159560
206.1000000000 -16.4412219315
206.2000000000 -16.4698722852
206.3000000000 -16.4984682027
206.4000000000 -16.5270108562
206.5000000000 -16.5555014039
206.6000000000 -16.5839409913
206.7000000000 -16.6123307508
206.8000000000 -16.6406718019
206.9000000000 -16.6689652520
207.0000000000 -16.6972121961
207.1000000000 -16.7254137173
207.2000000000 -16.7535708870
207.3000000000 -16.7816847651
207.4000000000 -16.8097564002
207.5000000000 -16.8377868300
207.6000000000 -16.8657770812
207.7000000000 -16.8937281699
207.8000000000 -16.9216411019
207.9000000000 -16.9495168728
208.0000000000 -16.9773564680
208.1000000000 -17.0051608633
208.2000000000 -17.0329310249
208.3000000000 -17.0606679094
208.4000000000 -17.0883724644
208.5000000000 -17.1160456281
208.6000000000 -17.1436883302
208.7000000000 -17.1713014914
208.8000000000 -17.1988860241
208.9000000000 -17.2264428321
209.0000000000 -17.2539728114
209.1000000000 -17.2814768494
209.2000000000 -17.3089558262
209.3000000000 -17.3364106138
209.4000000000 -17.3638420768
209.5000000000 -17.3912510723
209.6000000000 -17.4186384504
209.7000000000 -17.4460050536
209.8000000000 -17.4733517180
209.9000000000 -17.5006792724
210.0000000000 -17.5279885392
210.1000000000 -17.5552803342
210.2000000000 -17.5825554666
210.3000000000 -17.6098147396
210.4000000000 -17.6370589501
210.5000000000 -17.6642888889
210.6000000000 -17.6915053410
210.7000000000 -17.7187090856
210.8000000000 -17.7459008963
210.9000000000 -17.7730815410
211.0000000000 -17.8002517823
211.1000000000 -17.8274123775
211.2000000000 -17.8545640787
211.3000000000 -17.8817076329
211.4000000000 -17.9088437822
211.5000000000 -17.9359732636
211.6000000000 -17.9630968097
211.7000000000 -17.9902151482
211.8000000000 -18.0173290022
211.9000000000 -18.0444390907
212.0000000000 -18.0715461280
212.1000000000 -18.0986508243
212.2000000000 -18.1257538857
212.3000000000 -18.1528560141
212.4000000000 -18.1799579076
212.5000000000 -18.2070602603
212.6000000000 -18.2341637625
212.7000000000 -18.2612691011
212.8000000000 -18.2883769591
212.9000000000 -18.3154880160
213.0000000000 -18.3426029482
213.1000000000 -18.3697224282
213.2000000000 -18.3968471259
213.3000000000 -18.4239777075
213.4000000000 -18.4511148364
213.5000000000 -18.4782591728
213.6000000000 -18.5054113742
213.7000000000 -18.5325720950
213.8000000000 -18.5597419870
213.9000000000 -18.5869216992
214.0000000000 -18.6141118781
214.1000000000 -18.6413131675
214.2000000000 -18.6685262087
214.3000000000 -18.6957516409
214.4000000000 -18.7229901005
214.5000000000 -18.7502422220
214.6000000000 -18.7775086375
214.7000000000 -18.8047899771
214.8000000000 -18.8320868688
214.9000000000 -18.8593999386
215.0000000000 -18.8867298105
215.1000000000 -18.9140771067
215.2000000000 -18.9414424477
215.3000000000 -18.9688264521
215.4000000000 -18.9962297368
215.5000000000 -19.0236529173
215.6000000000 -19.0510966074
215.7000000000 -19.0785614194
215.8000000000 -19.1060479642
215.9000000000 -19.1335568514
216.0000000000 -19.1610886891
216.1000000000 -19.1886440843
216.2000000000 -19.2162236429
216.3000000000 -19.2438279693
216.4000000000 -19.2714576672
216.5000000000 -19.2991133389
216.6000000000 -19.3267955862
216.7000000000 -19.3545050094
216.8000000000 -19.3822422084
216.9000000000 -19.4100077821
217.0000000000 -19.4378023285
217.1000000000 -19.4656264452
217.2000000000 -19.4934807288
217.3000000000 -19.5213657755
217.4000000000 -19.5492821809
217.5000000000 -19.5772305400
217.6000000000 -19.6052114475
217.7000000000 -19.6332254975
217.8000000000 -19.6612732838
217.9000000000 -19.6893553998
218.0000000000 -19.7174724389
218.1000000000 -19.7456249940
218.2000000000 -19.7738136579
218.3000000000 -19.8020390232
218.4000000000 -19.8303016825
218.5000000000 -19.8586022283
218.6000000000 -19.8869412531
218.7000000000 -19.9153193496
218.8000000000 -19.9437371102
218.9000000000 -19.9721951279
219.0000000000 -20.0006939954
219.1000000000 -20.0292343060
219.2000000000 -20.0578166530
219.3000000000 -20.0864416301
219.4000000000 -20.1151098314
219.5000000000 -20.1438218512
219.6000000000 -20.1725782843
219.7000000000 -20.2013797261
219.8000000000 -20.2302267722
219.9000000000 -20.2591200189
220.0000000000 -20.2880600631
220.1000000000 -20.3170475024
220.2000000000 -20.3460829347
220.3000000000 -20.3751669589
220.4000000000 -20.4043001745
220.5000000000 -20.4334831819
220.6000000000 -20.4627165820
220.7000000000 -20.4920009769
220.8000000000 -20.5213369692
220.9000000000 -20.5507251628
221.0000000000 -20.5801661622
221.1000000000 -20.6096605729
221.2000000000 -20.6392090018
221.3000000000 -20.6688120563
221.4000000000 -20.6984703452
221.5000000000 -20.7281844783
221.6000000000 -20.7579550667
221.7000000000 -20.7877827225
221.8000000000 -20.8176680591
221.9000000000 -20.8476116911
222.0000000000 -20.8776142344
222.1000000000 -20.9076763061
222.2000000000 -20.9377985248
222.3000000000 -20.9679815105
222.4000000000 -20.9982258843
222.5000000000 -21.0285322691
222.6000000000 -21.0589012889
222.7000000000 -21.0893335696
222.8000000000 -21.1198297383
222.9000000000 -21.1503904236
223.0000000000 -21.1810162561
223.1000000000 -21.2117078675
223.2000000000 -21.2424658914
223.3000000000 -21.2732909631
223.4000000000 -21.3041837195
223.5000000000 -21.3351447991
223.6000000000 -21.3661748424
223.7000000000 -21.3972744915
223.8000000000 -21.4284443904
223.9000000000 -21.4596851847
224.0000000000 -21.4909975221
224.1000000000 -21.5223820521
224.2000000000 -21.5538394260
224.3000000000 -21.5853702972
224.4000000000 -21.6169753208
224.5000000000 -21.6486551542
224.6000000000 -21.6804104565
224.7000000000 -21.7122418889
224.8000000000 -21.7441501147
224.9000000000 -21.7761357993
225.0000000000 -21.8081996100
225.1000000000 -21.8403422163
225.2000000000 -21.8725642900
225.3000000000 -21.9048665047
225.4000000000 -21.9372495365
225.5000000000 -21.9697140635
225.6000000000 -22.0022607661
225.7000000000 -22.0348903268
225.8000000000 -22.0676034305
225.9000000000 -22.1004007643
226.0000000000 -22.1332830176
226.1000000000 -22.1662508820
226.2000000000 -22.1993050515
226.3000000000 -22.2324462226
226.4000000000 -22.2656750937
226.5000000000 -22.2989923661
226.6000000000 -22.3323987431
226.7000000000 -22.3658949306
226.8000000000 -22.3994816369
226.9000000000 -22.4331595724
227.0000000000 -22.4669294505
227.1000000000 -22.5007919866
227.2000000000 -22.5347478988
227.3000000000 -22.5687979075
227.4000000000 -22.6029427357
227.5000000000 -22.6371831090
227.6000000000 -22.6715197553
227.7000000000 -22.7059534050
227.8000000000 -22.7404847913
227.9000000000 -22.7751146498
228.0000000000 -22.8098437184
228.1000000000 -22.8446727379
228.2000000000 -22.8796024515
228.3000000000 -22.9146336051
228.4000000000 -22.9497669468
228.5000000000 -22.9850032278
228.6000000000 -23.0203432014
228.7000000000 -23.0557876237
228.8000000000 -23.0913372536
228.9000000000 -23.1269928521
229.0000000000 -23.1627551832
229.1000000000 -23.1986250132
229.2000000000 -23.2346031113
229.3000000000 -23.2706902491
229.4000000000 -23.3068872007
229.5000000000 -23.3431947429
229.6000000000 -23.3796136552
229.7000000000 -23.4161447194
229.8000000000 -23.4527887202
229.9000000000 -23.4895464446
230.0000000000 -23.5264186822
230.1000000000 -23.5634062254
230.2000000000 -23.6005098689
230.3000000000 -23.6377304099
230.4000000000 -23.6750686483
230.5000000000 -23.7125253866
230.6000000000 -23.7501014295
230.7000000000 -23.7877975845
230.8000000000 -23.8256146613
230.9000000000 -23.8635534724
231.0000000000 -23.9016148324
231.1000000000 -23.9397995587
231.2000000000 -23.9781084708
231.3000000000 -24.0165423909
231.4000000000 -24.0551021432
231.5000000000 -24.0937885547
231.6000000000 -24.1326024545
231.7000000000 -24.1715446740
231.8000000000 -24.2106160469
231.9000000000 -24.2498174094
232.0000000000 -24.2891495996
232.1000000000 -24.3286134582
232.2000000000 -24.3682098277
232.3000000000 -24.4079395530
232.4000000000 -24.4478034812
232.5000000000 -24.4878024613
232.6000000000 -24.5279373445
232.7000000000 -24.5682089840
232.8000000000 -24.6086182350
232.9000000000 -24.6491659546
233.0000000000 -24.6898530019
233.1000000000 -24.7306802379
233.2000000000 -24.7716485255
233.3000000000 -24.8127587292
233.4000000000 -24.8540117155
233.5000000000 -24.8954083525
233.6000000000 -24.9369495098
233.7000000000 -24.9786360590
233.8000000000 -25.0204688730
233.9000000000 -25.0624488263
234.0000000000 -25.1045767949
234.1000000000 -25.1468536561
234.2000000000 -25.1892802887
234.3000000000 -25.2318575728
234.4000000000 -25.2745863896
234.5000000000 -25.3174676218
234.6000000000 -25.3605021528
234.7000000000 -25.4036908674
234.8000000000 -25.4470346513
234.9000000000 -25.4905343911
235.0000000000 -25.5341909744
235.1000000000 -25.5780052893
235.2000000000 -25.6219782250
235.3000000000 -25.6661106711
235.4000000000 -25.7104035179
235.5000000000 -25.7548576561
235.6000000000 -25.7994739769
235.7000000000 -25.8442533719
235.8000000000 -25.8891967328
235.9000000000 -25.9343049516
236.0000000000 -25.9795789205
236.1000000000 -26.0250195315
236.2000000000 -26.0706276765
236.3000000000 -26.1164042475
236.4000000000 -26.1623501359
236.5000000000 -26.2084662331
236.6000000000 -26.2547534297
236.7000000000 -26.3012126160
236.8000000000 -26.3478446815
236.9000000000 -26.3946505150
237.0000000000 -26.4416310044
237.1000000000 -26.4887870367
237.2000000000 -26.5361194978
237.3000000000 -26.5836292723
237.4000000000 -26.6313172438
237.5000000000 -26.6791842942
237.6000000000 -26.7272313039
237.7000000000 -26.7754591519
237.8000000000 -26.8238687151
237.9000000000 -26.8724608687
238.0000000000 -26.9212364858
238.1000000000 -26.9701964376
238.2000000000 -27.0193415928
238.3000000000 -27.0686728176
238.4000000000 -27.1181909759
238.5000000000 -27.1678969290
238.6000000000 -27.2177915350
238.7000000000 -27.2678756496
238.8000000000 -27.3181501249
238.9000000000 -27.3686158101
239.0000000000 -27.4192735509
239.1000000000 -27.4701241897
239.2000000000 -27.5211685648
239.3000000000 -27.5724075111
239.4000000000 -27.6238418594
239.5000000000 -27.6754724363
239.6000000000 -27.7273000642
239.7000000000 -27.7793255610
239.8000000000 -27.8315497400
239.9000000000 -27.8839734099
240.0000000000 -27.9365973742
240.1000000000 -27.9894224316
240.2000000000 -28.0424493752
240.3000000000 -28.0956789930
240.4000000000 -28.1491120672
240.5000000000 -28.2027493742
240.6000000000 -28.2565916846
240.7000000000 -28.3106397627
240.8000000000 -28.3648943665
240.9000000000 -28.4193562476
241.0000000000 -28.4740261510
241.1000000000 -28.5289048145
241.2000000000 -28.5839929692
241.3000000000 -28.6392913387
241.4000000000 -28.6948006393
241.5000000000 -28.7505215798
241.6000000000 -28.8064548609
241.7000000000 -28.8626011754
241.8000000000 -28.9189612080
241.9000000000 -28.9755356350
242.0000000000 -29.0323251238
242.1000000000 -29.0893303334
242.2000000000 -29.1465519135
242.3000000000 -29.2039905048
242.4000000000 -29.2616467384
242.5000000000 -29.3195212359
242.6000000000 -29.3776146090
242.7000000000 -29.4359274595
242.8000000000 -29.4944603789
242.9000000000 -29.5532139481
243.0000000000 -29.6121887377
243.1000000000 -29.6713853070
243.2000000000 -29.7308042045
243.3000000000 -29.7904459673
243.4000000000 -29.8503111212
243.5000000000 -29.9104001800
243.6000000000 -29.9707136457
243.7000000000 -30.0312520081
243.8000000000 -30.0920157448
243.9000000000 -30.1530053207
244.0000000000 -30.2142211879
244.1000000000 -30.2756637856
244.2000000000 -30.3373335396
244.3000000000 -30.3992308625
244.4000000000 -30.4613561532
244.5000000000 -30.5237097965
244.6000000000 -30.5862921635
244.7000000000 -30.6491036108
244.8000000000 -30.7121444805
244.9000000000 -30.7754151001
245.0000000000 -30.8389157821
245.1000000000 -30.9026468239
245.2000000000 -30.9666085075
245.3000000000 -31.0308010995
245.4000000000 -31.0952248506
245.5000000000 -31.1598799956
245.6000000000 -31.2247667533
245.7000000000 -31.2898853258
245.8000000000 -31.3552358988
245.9000000000 -31.4208186414
246.0000000000 -31.4866337056
246.1000000000 -31.5526812260
246.2000000000 -31.6189613204
246.3000000000 -31.6854740885
246.4000000000 -31.7522196126
246.5000000000 -31.8191979569
246.6000000000 -31.8864091678
246.7000000000 -31.9538532730
246.8000000000 -32.0215302819
246.9000000000 -32.0894401855
247.0000000000 -32.1575829557
247.1000000000 -32.2259585454
247.2000000000 -32.2945668886
247.3000000000 -32.3634078996
247.4000000000 -32.4324814737
247.5000000000 -32.5017874862
247.6000000000 -32.5713257928
247.7000000000 -32.6410962291
247.8000000000 -32.7110986108
247.9000000000 -32.7813327332
248.0000000000 -32.8517983714
248.1000000000 -32.9224952799
248.2000000000 -32.9934231927
248.3000000000 -33.0645818229
248.4000000000 -33.1359708628
248.5000000000 -33.2075899837
248.6000000000 -33.2794388358
248.7000000000 -33.3515170482
248.8000000000 -33.4238242286
248.9000000000 -33.4963599633
249.0000000000 -33.5691238171
249.1000000000 -33.6421153334
249.2000000000 -33.7153340337
249.3000000000 -33.7887794179
249.4000000000 -33.8624509642
249.5000000000 -33.9363481288
249.6000000000 -34.0104703460
249.7000000000 -34.0848170282
249.8000000000 -34.1593875657
249.9000000000 -34.2341813270
250.0000000000 -34.3091976581
250.1000000000 -34.3844358834
250.2000000000 -34.4598953047
250.3000000000 -34.5355752019
250.4000000000 -34.6114748328
250.5000000000 -34.6875934330
250.6000000000 -34.7639302159
250.7000000000 -34.8404843727
250.8000000000 -34.9172550728
250.9000000000 -34.9942414632
251.0000000000 -35.0714426690
251.1000000000 -35.1488577933
251.2000000000 -35.2264859172
251.3000000000 -35.3043260999
251.4000000000 -35.3823773787
251.5000000000 -35.4606387693
251.6000000000 -35.5391092654
251.7000000000 -35.6177878395
251.8000000000 -35.6966734421
251.9000000000 -35.7757650026
252.0000000000 -35.8550614291
252.1000000000 -35.9345616081
252.2000000000 -36.0142644055
252.3000000000 -36.0941686659
252.4000000000 -36.1742732131
252.5000000000 -36.2545768503
252.6000000000 -36.3350783602
252.7000000000 -36.4157765049
252.8000000000 -36.4966700264
252.9000000000 -36.5777576466
253.0000000000 -36.6590380675
253.1000000000 -36.7405099716
253.2000000000 -36.8221720215
253.3000000000 -36.9040228608
253.4000000000 -36.9860611138
253.5000000000 -37.0682853861
253.6000000000 -37.1506942643
253.7000000000 -37.2332863170
253.8000000000 -37.3160600940
253.9000000000 -37.3990141276
254.0000000000 -37.4821469322
254.1000000000 -37.5654570046
254.2000000000 -37.6489428244
254.3000000000 -37.7326028543
254.4000000000 -37.8164355403
254.5000000000 -37.9004393119
254.6000000000 -37.9846125824
254.7000000000 -38.0689537495
254.8000000000 -38.1534611950
254.9000000000 -38.2381332857
255.0000000000 -38.3229683733
255.1000000000 -38.4079647949
255.2000000000 -38.4931208733
255.3000000000 -38.5784349171
255.4000000000 -38.6639052214
255.5000000000 -38.7495300680
255.6000000000 -38.8353077254
255.7000000000 -38.9212364496
255.8000000000 -39.0073144844
255.9000000000 -39.0935400612
256.0000000000 -39.1799114002
256.1000000000 -39.2664267100
256.2000000000 -39.3530841885
256.3000000000 -39.4398820229
256.4000000000 -39.5268183901
256.5000000000 -39.6138914576
256.6000000000 -39.7010993829
256.7000000000 -39.7884403148
256.8000000000 -39.8759123934
256.9000000000 -39.9635137503
257.0000000000 -40.0512425093
257.1000000000 -40.1390967867
257.2000000000 -40.2270746914
257.3000000000 -40.3151743258
257.4000000000 -40.4033937859
257.5000000000 -40.4917311617
257.6000000000 -40.5801845374
257.7000000000 -40.6687519924
257.8000000000 -40.7574316010
257.9000000000 -40.8462214333
258.0000000000 -40.9351195553
258.1000000000 -41.0241240294
258.2000000000 -41.1132329149
258.3000000000 -41.2024442682
258.4000000000 -41.2917561434
258.5000000000 -41.3811665925
258.6000000000 -41.4706736659
258.7000000000 -41.5602754130
258.8000000000 -41.6499698821
258.9000000000 -41.7397551213
259.0000000000 -41.8296291785
259.1000000000 -41.9195901021
259.2000000000 -42.0096359412
259.3000000000 -42.0997647461
259.4000000000 -42.1899745686
259.5000000000 -42.2802634625
259.6000000000 -42.3706294837
259.7000000000 -42.4610706910
259.8000000000 -42.5515851461
259.9000000000 -42.6421709142
260.0000000000 -42.7328260644
260.1000000000 -42.8235486698
260.2000000000 -42.9143368081
260.3000000000 -43.0051885620
260.4000000000 -43.0961020192
260.5000000000 -43.1870752732
260.6000000000 -43.2781064235
260.7000000000 -43.3691935757
260.8000000000 -43.4603348423
260.9000000000 -43.5515283426
261.0000000000 -43.6427722032
261.1000000000 -43.7340645584
261.2000000000 -43.8254035506
261.3000000000 -43.9167873302
261.4000000000 -44.0082140563
261.5000000000 -44.0996818972
261.6000000000 -44.1911890299
261.7000000000 -44.2827336412
261.8000000000 -44.3743139278
261.9000000000 -44.4659280963
262.0000000000 -44.5575743637
262.1000000000 -44.6492509577
262.2000000000 -44.7409561169
262.3000000000 -44.8326880910
262.4000000000 -44.9244451413
262.5000000000 -45.0162255407
262.6000000000 -45.1080275740
262.7000000000 -45.1998495382
262.8000000000 -45.2916897429
262.9000000000 -45.3835465100
263.0000000000 -45.4754181747
263.1000000000 -45.5673030848
263.2000000000 -45.6591996019
263.3000000000 -45.7511061006
263.4000000000 -45.8430209697
263.5000000000 -45.9349426114
263.6000000000 -46.0268694424
263.7000000000 -46.1187998933
263.8000000000 -46.2107324094
263.9000000000 -46.3026654503
264.0000000000 -46.3945974907
264.1000000000 -46.4865270199
264.2000000000 -46.5784525424
264.3000000000 -46.6703725778
264.4000000000 -46.7622856610
264.5000000000 -46.8541903424
264.6000000000 -46.9460851879
264.7000000000 -47.0379687793
264.8000000000 -47.1298397137
264.9000000000 -47.2216966046
265.0000000000 -47.3135380812
265.1000000000 -47.4053627886
265.2000000000 -47.4971693884
265.3000000000 -47.5889565583
265.4000000000 -47.6807229920
265.5000000000 -47.7724673999
265.6000000000 -47.8641885086
265.7000000000 -47.9558850611
265.8000000000 -48.0475558172
265.9000000000 -48.1391995528
266.0000000000 -48.2308150607
266.1000000000 -48.3224011500
266.2000000000 -48.4139566466
266.3000000000 -48.5054803928
266.4000000000 -48.5969712478
266.5000000000 -48.6884280871
266.6000000000 -48.7798498030
266.7000000000 -48.8712353044
266.8000000000 -48.9625835167
266.9000000000 -49.0538933818
267.0000000000 -49.1451638583
267.1000000000 -49.2363939211
267.2000000000 -49.3275825618
267.3000000000 -49.4187287880
267.4000000000 -49.5098316242
267.5000000000 -49.6008901107
267.6000000000 -49.6919033043
267.7000000000 -49.7828702780
267.8000000000 -49.8737901209
267.9000000000 -49.9646619378
268.0000000000 -50.0554848500
268.1000000000 -50.1462579942
268.2000000000 -50.2369805231
268.3000000000 -50.3276516051
268.4000000000 -50.4182704241
268.5000000000 -50.5088361794
268.6000000000 -50.5993480858
268.7000000000 -50.6898053734
268.8000000000 -50.7802072873
268.9000000000 -50.8705530877
269.0000000000 -50.9608420496
269.1000000000 -51.0510734629
269.2000000000 -51.1412466321
269.3000000000 -51.2313608761
269.4000000000 -51.3214155282
269.5000000000 -51.4114099360
269.6000000000 -51.5013434610
269.7000000000 -51.5912154788
269.8000000000 -51.6810253786
269.9000000000 -51.7707725633
270.0000000000 -51.8604564491
270.1000000000 -51.9500764657
270.2000000000 -52.0396320556
270.3000000000 -52.1291226746
270.4000000000 -52.2185477909
270.5000000000 -52.3079068855
270.6000000000 -52.3971994518
270.7000000000 -52.4864249953
270.8000000000 -52.5755830336
270.9000000000 -52.6646730963
271.0000000000 -52.7536947243
271.1000000000 -52.8426474702
271.2000000000 -52.9315308981
271.3000000000 -53.0203445826
271.4000000000 -53.1090881097
271.5000000000 -53.1977610759
271.6000000000 -53.2863630880
271.7000000000 -53.3748937633
271.8000000000 -53.4633527291
271.9000000000 -53.5517396224
272.0000000000 -53.6400540902
272.1000000000 -53.7282957884
272.2000000000 -53.8164643826
272.3000000000 -53.9045595471
272.4000000000 -53.9925809652
272.5000000000 -54.0805283286
272.6000000000 -54.1684013373
272.7000000000 -54.2561996996
272.8000000000 -54.3439231317
272.9000000000 -54.4315713572
273.0000000000 -54.5191441076
273.1000000000 -54.6066411212
273.2000000000 -54.6940621436
273.3000000000 -54.7814069270
273.4000000000 -54.8686752304
273.5000000000 -54.9558668188
273.6000000000 -55.0429814635
273.7000000000 -55.1300189416
273.8000000000 -55.2169790360
273.9000000000 -55.3038615347
274.0000000000 -55.3906662313
274.1000000000 -55.4773929239
274.2000000000 -55.5640414157
274.3000000000 -55.6506115142
274.4000000000 -55.7371030312
274.5000000000 -55.8235157825
274.6000000000 -55.9098495878
274.7000000000 -55.9961042703
274.8000000000 -56.0822796566
274.9000000000 -56.1683755764
275.0000000000 -56.2543918623
275.1000000000 -56.3403283495
275.2000000000 -56.4261848756
275.3000000000 -56.5119612807
275.4000000000 -56.5976574064
275.5000000000 -56.6832730966
275.6000000000 -56.7688081962
275.7000000000 -56.8542625519
275.8000000000 -56.9396360111
275.9000000000 -57.0249284222
276.0000000000 -57.1101396344
276.1000000000 -57.1952694972
276.2000000000 -57.2803178601
276.3000000000 -57.3652845730
276.4000000000 -57.4501694852
276.5000000000 -57.5349724458
276.6000000000 -57.6196933032
276.7000000000 -57.7043319049
276.8000000000 -57.7888880972
276.9000000000 -57.8733617254
277.0000000000 -57.9577526331
277.1000000000 -58.0420606624
277.2000000000 -58.1262856531
277.3000000000 -58.2104274434
277.4000000000 -58.2944858690
277.5000000000 -58.3784607629
277.6000000000 -58.4623519558
277.7000000000 -58.5461592753
277.8000000000 -58.6298825459
277.9000000000 -58.7135215890
278.0000000000 -58.7970762223
278.1000000000 -58.8805462602
278.2000000000 -58.9639315131
278.3000000000 -59.0472317874
278.4000000000 -59.1304468854
278.5000000000 -59.2135766050
278.6000000000 -59.2966207398
278.7000000000 -59.3795790785
278.8000000000 -59.4624514050
278.9000000000 -59.5452374983
279.0000000000 -59.6279371321
279.1000000000 -59.7105500749
279.2000000000 -59.7930760898
279.3000000000 -59.8755149341
279.4000000000 -59.9578663593
279.5000000000 -60.0401301113
279.6000000000 -60.1223059297
279.7000000000 -60.2043935480
279.8000000000 -60.2863926932
279.9000000000 -60.3683030862
280.0000000000 -60.4501244409
280.1000000000 -60.5318564650
280.2000000000 -60.6134988588
280.3000000000 -60.6950513162
280.4000000000 -60.7765135236
280.5000000000 -60.8578851606
280.6000000000 -60.9391658993
280.7000000000 -61.0203554046
280.8000000000 -61.1014533337
280.9000000000 -61.1824593364
281.0000000000 -61.2633730549
281.1000000000 -61.3441941236
281.2000000000 -61.4249221690
281.3000000000 -61.5055568097
281.4000000000 -61.5860976566
281.5000000000 -61.6665443121
281.6000000000 -61.7468963709
281.7000000000 -61.8271534193
281.8000000000 -61.9073150354
281.9000000000 -61.9873807891
282.0000000000 -62.0673502418
282.1000000000 -62.1472229468
282.2000000000 -62.2269984485
282.3000000000 -62.3066762834
282.4000000000 -62.3862559791
282.5000000000 -62.4657370548
282.6000000000 -62.5451190212
282.7000000000 -62.6244013804
282.8000000000 -62.7035836258
282.9000000000 -62.7826652424
283.0000000000 -62.8616457064
283.1000000000 -62.9405244856
283.2000000000 -63.0193010389
283.3000000000 -63.0979748170
283.4000000000 -63.1765452615
283.5000000000 -63.2550118059
283.6000000000 -63.3333738749
283.7000000000 -63.4116308847
283.8000000000 -63.4897822429
283.9000000000 -63.5678273487
284.0000000000 -63.6457655930
284.1000000000 -63.7235963580
284.2000000000 -63.8013190178
284.3000000000 -63.8789329380
284.4000000000 -63.9564374760
284.5000000000 -64.0338319811
284.6000000000 -64.1111157942
284.7000000000 -64.1882882484
284.8000000000 -64.2653486687
284.9000000000 -64.3422963721
285.0000000000 -64.4191306677
285.1000000000 -64.4958508570
285.2000000000 -64.5724562336
285.3000000000 -64.6489460837
285.4000000000 -64.7253196858
285.5000000000 -64.8015763111
285.6000000000 -64.8777152234
285.7000000000 -64.9537356793
285.8000000000 -65.0296369285
285.9000000000 -65.1054182134
286.0000000000 -65.1810787698
286.1000000000 -65.2566178264
286.2000000000 -65.3320346056
286.3000000000 -65.4073283231
286.4000000000 -65.4824981884
286.5000000000 -65.5575434044
286.6000000000 -65.6324631684
286.7000000000 -65.7072566712
286.8000000000 -65.7819230982
286.9000000000 -65.8564616287
287.0000000000 -65.9308714369
287.1000000000 -66.0051516913
287.2000000000 -66.0793015553
287.3000000000 -66.1533201871
287.4000000000 -66.2272067401
287.5000000000 -66.3009603630
287.6000000000 -66.3745801997
287.7000000000 -66.4480653899
287.8000000000 -66.5214150689
287.9000000000 -66.5946283679
288.0000000000 -66.6677044144
288.1000000000 -66.7406423319
288.2000000000 -66.8134412404
288.3000000000 -66.8861002568
288.4000000000 -66.9586184944
288.5000000000 -67.0309950638
288.6000000000 -67.1032290727
288.7000000000 -67.1753196260
288.8000000000 -67.2472658265
288.9000000000 -67.3190667743
289.0000000000 -67.3907215679
289.1000000000 -67.4622293035
289.2000000000 -67.5335890760
289.3000000000 -67.6047999785
289.4000000000 -67.6758611032
289.5000000000 -67.7467715407
289.6000000000 -67.8175303812
289.7000000000 -67.8881367140
289.8000000000 -67.9585896278
289.9000000000 -68.0288882112
290.0000000000 -68.0990315527
290.1000000000 -68.1690187408
290.2000000000 -68.2388488644
290.3000000000 -68.3085210129
290.4000000000 -68.3780342764
290.5000000000 -68.4473877460
290.6000000000 -68.5165805138
290.7000000000 -68.5856116733
290.8000000000 -68.6544803196
290.9000000000 -68.7231855493
291.0000000000 -68.7917264612
291.1000000000 -68.8601021561
291.2000000000 -68.9283117370
291.3000000000 -68.9963543098
291.4000000000 -69.0642289828
291.5000000000 -69.1319348672
291.6000000000 -69.1994710776
291.7000000000 -69.2668367317
291.8000000000 -69.3340309508
291.9000000000 -69.4010528598
292.0000000000 -69.4679015878
292.1000000000 -69.5345762675
292.2000000000 -69.6010760364
292.3000000000 -69.6674000360
292.4000000000 -69.7335474129
292.5000000000 -69.7995173181
292.6000000000 -69.8653089081
292.7000000000 -69.9309213441
292.8000000000 -69.9963537931
292.9000000000 -70.0616054274
293.0000000000 -70.1266754253
293.1000000000 -70.1915629707
293.2000000000 -70.2562672538
293.3000000000 -70.3207874710
293.4000000000 -70.3851228252
293.5000000000 -70.4492725258
293.6000000000 -70.5132357889
293.7000000000 -70.5770118378
293.8000000000 -70.6405999025
293.9000000000 -70.7039992204
294.0000000000 -70.7672090365
294.1000000000 -70.8302286030
294.2000000000 -70.8930571799
294.3000000000 -70.9556940351
294.4000000000 -71.0181384445
294.5000000000 -71.0803896921
294.6000000000 -71.1424470700
294.7000000000 -71.2043098790
294.8000000000 -71.2659774280
294.9000000000 -71.3274490351
295.0000000000 -71.3887240267
295.1000000000 -71.4498017383
295.2000000000 -71.5106815145
295.3000000000 -71.5713627091
295.4000000000 -71.6318446849
295.5000000000 -71.6921268142
295.6000000000 -71.7522084790
295.7000000000 -71.8120890706
295.8000000000 -71.8717679902
295.9000000000 -71.9312446486
296.0000000000 -71.9905184667
296.1000000000 -72.0495888754
296.2000000000 -72.1084553154
296.3000000000 -72.1671172379
296.4000000000 -72.2255741043
296.5000000000 -72.2838253861
296.6000000000 -72.3418705655
296.7000000000 -72.3997091351
296.8000000000 -72.4573405980
296.9000000000 -72.5147644680
297.0000000000 -72.5719802697
297.1000000000 -72.6289875382
297.2000000000 -72.6857858198
297.3000000000 -72.7423746714
297.4000000000 -72.7987536609
297.5000000000 -72.8549223672
297.6000000000 -72.9108803805
297.7000000000 -72.9666273016
297.8000000000 -73.0221627428
297.9000000000 -73.0774863275
298.0000000000 -73.1325976902
298.1000000000 -73.1874964768
298.2000000000 -73.2421823442
298.3000000000 -73.2966549610
298.4000000000 -73.3509140068
298.5000000000 -73.4049591726
298.6000000000 -73.4587901608
298.7000000000 -73.5124066853
298.8000000000 -73.5658084712
298.9000000000 -73.6189952550
299.0000000000 -73.6719667848
299.1000000000 -73.7247228200
299.2000000000 -73.7772631313
299.3000000000 -73.8295875011
299.4000000000 -73.8816957229
299.5000000000 -73.9335876018
299.6000000000 -73.9852629542
299.7000000000 -74.0367216080
299.8000000000 -74.0879634024
299.9000000000 -74.1389881880
