0.0000000000 -74.0108318819
0.1000000000 -74.0601439708
0.2000000000 -74.1092688868
0.3000000000 -74.1582063880
0.4000000000 -74.2069562420
0.5000000000 -74.2555182254
0.6000000000 -74.3038921239
0.7000000000 -74.3520777321
0.8000000000 -74.4000748536
0.9000000000 -74.4478833002
1.0000000000 -74.4955028912
1.1000000000 -74.5429334517
1.2000000000 -74.5901748093
1.3000000000 -74.6372267893
1.4000000000 -74.6840892073
1.5000000000 -74.7307618572
1.6000000000 -74.7772444957
1.7000000000 -74.8235368204
1.8000000000 -74.8696384408
1.9000000000 -74.9155488414
2.0000000000 -74.9612673353
2.1000000000 -75.0067930072
2.2000000000 -75.0521246441
2.3000000000 -75.0972606530
2.4000000000 -75.1421989644
2.5000000000 -75.1869369189
2.6000000000 -75.2314711370
2.7000000000 -75.2757973690
2.8000000000 -75.3199103234
2.9000000000 -75.3638034717
3.0000000000 -75.4074688251
3.1000000000 -75.4508966822
3.2000000000 -75.4940753397
3.3000000000 -75.5369907642
3.4000000000 -75.5796262155
3.5000000000 -75.6219618165
3.6000000000 -75.6639740575
3.7000000000 -75.7056352252
3.8000000000 -75.7469127427
3.9000000000 -75.7877684047
4.0000000000 -75.8281574885
4.1000000000 -75.8680277202
4.2000000000 -75.9073180686
4.3000000000 -75.9459573383
4.4000000000 -75.9838625260
4.5000000000 -76.0209368987
4.6000000000 -76.0570677459
4.7000000000 -76.0921237497
4.8000000000 -76.1259519078
4.9000000000 -76.1583739309
5.0000000000 -76.1891820272
5.1000000000 -76.2181339685
5.2000000000 -76.2449473147
5.3000000000 -76.2692926553
5.4000000000 -76.2907857000
5.5000000000 -76.3089780235
5.6000000000 -76.3233462351
5.7000000000 -76.3332793075
5.8000000000 -76.3380637521
5.9000000000 -76.3368662753
6.0000000000 -76.3287134903
6.1000000000 -76.3124681857
6.2000000000 -76.2868015681
6.3000000000 -76.2501607997
6.4000000000 -76.2007310360
6.5000000000 -76.1363910371
6.6000000000 -76.0546612711
6.7000000000 -75.9526432490
6.8000000000 -75.8269486218
6.9000000000 -75.6736163265
7.0000000000 -75.4880157909
7.1000000000 -75.2647338781
7.2000000000 -74.9974428748
7.3000000000 -74.6787463929
7.4000000000 -74.2999995412
7.5000000000 -73.8510991312
7.6000000000 -73.3202389726
7.7000000000 -72.6936244689
7.8000000000 -71.9551396572
7.9000000000 -71.0859584671
8.0000000000 -70.0640900590
8.1000000000 -68.8638452717
8.2000000000 -67.4552066746
8.3000000000 -65.8030769907
8.4000000000 -63.8663668227
8.5000000000 -61.5968570881
8.6000000000 -58.9377238863
8.7000000000 -55.8215250654
8.8000000000 -52.1672889560
8.9000000000 -47.8760806691
9.0000000000 -42.8240399085
9.1000000000 -36.8514879047
9.2000000000 -29.7466105033
9.3000000000 -21.2233839596
9.4000000000 -10.9042607416
9.5000000000 1.5950053739
9.6000000000 15.9473754417
9.7000000000 29.0053550442
9.8000000000 36.0167923231
9.9000000000 37.5543037711
10.0000000000 37.4057324999
10.1000000000 37.2692391768
10.2000000000 37.2842970158
10.3000000000 37.3640104426
10.4000000000 37.4525595512
10.5000000000 37.5241508730
10.6000000000 37.5685765314
10.7000000000 37.5829846634
10.8000000000 37.5677857040
10.9000000000 37.5246780867
11.0000000000 37.4557228319
11.1000000000 37.3629334922
11.2000000000 37.2481165643
11.3000000000 37.1128304671
11.4000000000 36.9583974954
11.5000000000 36.7859364728
11.6000000000 36.5964006328
11.7000000000 36.3906137078
11.8000000000 36.1693014175
11.9000000000 35.9331175878
12.0000000000 35.6826650763
12.1000000000 35.4185120662
12.2000000000 35.1412044127
12.3000000000 34.8512747138
12.4000000000 34.5492487199
12.5000000000 34.2356496130
12.6000000000 33.9110006078
12.7000000000 33.5758262530
12.8000000000 33.2306527452
12.9000000000 32.8760075121
13.0000000000 32.5124182741
13.1000000000 32.1404117533
13.2000000000 31.7605121660
13.3000000000 31.3732396046
13.4000000000 30.9791083940
13.5000000000 30.5786254856
13.6000000000 30.1722889363
13.7000000000 29.7605865076
13.8000000000 29.3439944067
13.9000000000 28.9229761845
14.0000000000 28.4979817972
14.1000000000 28.0694468312
14.2000000000 27.6377918908
14.3000000000 27.2034221383
14.4000000000 26.7667269809
14.5000000000 26.3280798904
14.6000000000 25.8878383458
14.7000000000 25.4463438856
14.8000000000 25.0039222570
14.9000000000 24.5608836485
15.0000000000 24.1175229965
15.1000000000 23.6741203505
15.2000000000 23.2309412898
15.3000000000 22.7882373782
15.4000000000 22.3462466504
15.5000000000 21.9051941192
15.6000000000 21.4652922985
15.7000000000 21.0267417327
15.8000000000 20.5897315294
15.9000000000 20.1544398880
16.0000000000 19.7210346215
16.1000000000 19.2896736672
16.2000000000 18.8605055832
16.3000000000 18.4336700284
16.4000000000 18.0092982241
16.5000000000 17.5875133956
16.6000000000 17.1684311930
16.7000000000 16.7521600904
16.8000000000 16.3388017624
16.9000000000 15.9284514396
17.0000000000 15.5211982410
17.1000000000 15.1171254857
17.2000000000 14.7163109828
17.3000000000 14.3188273016
17.4000000000 13.9247420215
17.5000000000 13.5341179640
17.6000000000 13.1470134064
17.7000000000 12.7634822791
17.8000000000 12.3835743472
17.9000000000 12.0073353776
18.0000000000 11.6348072932
18.1000000000 11.2660283137
18.2000000000 10.9010330865
18.3000000000 10.5398528068
18.4000000000 10.1825153287
18.5000000000 9.8290452685
18.6000000000 9.4794641005
18.7000000000 9.1337902475
18.8000000000 8.7920391653
18.9000000000 8.4542234227
19.0000000000 8.1203527789
19.1000000000 7.7904342566
19.2000000000 7.4644722137
19.3000000000 7.1424684128
19.4000000000 6.8244220902
19.5000000000 6.5103300231
19.6000000000 6.2001865975
19.7000000000 5.8939838756
19.8000000000 5.5917116634
19.9000000000 5.2933575793
20.0000000000 4.9989071230
20.1000000000 4.7083437455
20.2000000000 4.4216489197
20.3000000000 4.1388022123
20.4000000000 3.8597813568
20.5000000000 3.5845623268
20.6000000000 3.3131194105
20.7000000000 3.0454252864
20.8000000000 2.7814510990
20.9000000000 2.5211665352
21.0000000000 2.2645399011
21.1000000000 2.0115381994
21.2000000000 1.7621272058
21.3000000000 1.5162715461
21.4000000000 1.2739347730
21.5000000000 1.0350794414
21.6000000000 0.7996671839
21.7000000000 0.5676587851
21.8000000000 0.3390142548
21.9000000000 0.1136928996
22.0000000000 -0.1083466062
22.1000000000 -0.3271461521
22.2000000000 -0.5427481237
22.3000000000 -0.7551953377
22.4000000000 -0.9645309784
22.5000000000 -1.1707985357
22.6000000000 -1.3740417466
22.7000000000 -1.5743045374
22.8000000000 -1.7716309692
22.9000000000 -1.9660651849
23.0000000000 -2.1576513592
23.1000000000 -2.3464336506
23.2000000000 -2.5324561556
23.3000000000 -2.7157628656
23.4000000000 -2.8963976258
23.5000000000 -3.0744040968
23.6000000000 -3.2498257181
23.7000000000 -3.4227056740
23.8000000000 -3.5930868622
23.9000000000 -3.7610118632
24.0000000000 -3.9265229136
24.1000000000 -4.0896618803
24.2000000000 -4.2504702366
24.3000000000 -4.4089890411
24.4000000000 -4.5652589179
24.5000000000 -4.7193200382
24.6000000000 -4.8712121046
24.7000000000 -5.0209743364
24.8000000000 -5.1686454562
24.9000000000 -5.3142636792
25.0000000000 -5.4578667023
25.1000000000 -5.5994916960
25.2000000000 -5.7391752967
25.3000000000 -5.8769536007
25.4000000000 -6.0128621588
25.5000000000 -6.1469359732
25.6000000000 -6.2792094935
25.7000000000 -6.4097166156
25.8000000000 -6.5384906801
25.9000000000 -6.6655644725
26.0000000000 -6.7909702234
26.1000000000 -6.9147396100
26.2000000000 -7.0369037580
26.3000000000 -7.1574932441
26.4000000000 -7.2765380994
26.5000000000 -7.3940678127
26.6000000000 -7.5101113350
26.7000000000 -7.6246970839
26.8000000000 -7.7378529489
26.9000000000 -7.8496062963
27.0000000000 -7.9599839752
27.1000000000 -8.0690123236
27.2000000000 -8.1767171744
27.3000000000 -8.2831238622
27.4000000000 -8.3882572296
27.5000000000 -8.4921416343
27.6000000000 -8.5948009563
27.7000000000 -8.6962586048
27.8000000000 -8.7965375257
27.9000000000 -8.8956602086
28.0000000000 -8.9936486947
28.1000000000 -9.0905245840
28.2000000000 -9.1863090429
28.3000000000 -9.2810228119
28.4000000000 -9.3746862129
28.5000000000 -9.4673191570
28.6000000000 -9.5589411519
28.7000000000 -9.6495713095
28.8000000000 -9.7392283534
28.9000000000 -9.8279306265
29.0000000000 -9.9156960978
29.1000000000 -10.0025423707
29.2000000000 -10.0884866893
29.3000000000 -10.1735459463
29.4000000000 -10.2577366898
29.5000000000 -10.3410751303
29.6000000000 -10.4235771480
29.7000000000 -10.5052582993
29.8000000000 -10.5861338237
29.9000000000 -10.6662186504
30.0000000000 -10.7455274051
30.1000000000 -10.8240744163
30.2000000000 -10.9018737216
30.3000000000 -10.9789390742
30.4000000000 -11.0552839487
30.5000000000 -11.1309215477
30.6000000000 -11.2058648071
30.7000000000 -11.2801264024
30.8000000000 -11.3537187543
30.9000000000 -11.4266540341
31.0000000000 -11.4989441697
31.1000000000 -11.5706008505
31.2000000000 -11.6416355327
31.3000000000 -11.7120594452
31.4000000000 -11.7818835935
31.5000000000 -11.8511187658
31.6000000000 -11.9197755372
31.7000000000 -11.9878642745
31.8000000000 -12.0553951411
31.9000000000 -12.1223781016
32.0000000000 -12.1888229258
32.1000000000 -12.2547391936
32.2000000000 -12.3201362987
32.3000000000 -12.3850234534
32.4000000000 -12.4494096920
32.5000000000 -12.5133038754
32.6000000000 -12.5767146944
32.7000000000 -12.6396506740
32.8000000000 -12.7021201767
32.9000000000 -12.7641314062
33.0000000000 -12.8256924112
33.1000000000 -12.8868110884
33.2000000000 -12.9474951865
33.3000000000 -13.0077523086
33.4000000000 -13.0675899161
33.5000000000 -13.1270153317
33.6000000000 -13.1860357423
33.7000000000 -13.2446582020
33.8000000000 -13.3028896351
33.9000000000 -13.3607368387
34.0000000000 -13.4182064859
34.1000000000 -13.4753051282
34.2000000000 -13.5320391980
34.3000000000 -13.5884150117
34.4000000000 -13.6444387715
34.5000000000 -13.7001165685
34.6000000000 -13.7554543847
34.7000000000 -13.8104580955
34.8000000000 -13.8651334718
34.9000000000 -13.9194861827
35.0000000000 -13.9735217968
35.1000000000 -14.0272457854
35.2000000000 -14.0806635238
35.3000000000 -14.1337802933
35.4000000000 -14.1866012839
35.5000000000 -14.2391315954
35.6000000000 -14.2913762398
35.7000000000 -14.3433401429
35.8000000000 -14.3950281463
35.9000000000 -14.4464450090
36.0000000000 -14.4975954091
36.1000000000 -14.5484839455
36.2000000000 -14.5991151397
36.3000000000 -14.6494934373
36.4000000000 -14.6996232095
36.5000000000 -14.7495087546
36.6000000000 -14.7991542997
36.7000000000 -14.8485640021
36.8000000000 -14.8977419505
36.9000000000 -14.9466921668
37.0000000000 -14.9954186072
37.1000000000 -15.0439251634
37.2000000000 -15.0922156645
37.3000000000 -15.1402938777
37.4000000000 -15.1881635096
37.5000000000 -15.2358282079
37.6000000000 -15.2832915622
37.7000000000 -15.3305571051
37.8000000000 -15.3776283139
37.9000000000 -15.4245086110
38.0000000000 -15.4712013656
38.1000000000 -15.5177098945
38.2000000000 -15.5640374632
38.3000000000 -15.6101872869
38.4000000000 -15.6561625318
38.5000000000 -15.7019663157
38.6000000000 -15.7476017091
38.7000000000 -15.7930717363
38.8000000000 -15.8383793764
38.9000000000 -15.8835275637
39.0000000000 -15.9285191893
39.1000000000 -15.9733571015
39.2000000000 -16.0180441069
39.3000000000 -16.0625829709
39.4000000000 -16.1069764192
39.5000000000 -16.1512271379
39.6000000000 -16.1953377746
39.7000000000 -16.2393109393
39.8000000000 -16.2831492051
39.9000000000 -16.3268551086
40.0000000000 -16.3704311511
40.1000000000 -16.4138797993
40.2000000000 -16.4572034856
40.3000000000 -16.5004046090
40.4000000000 -16.5434855362
40.5000000000 -16.5864486014
40.6000000000 -16.6292961077
40.7000000000 -16.6720303274
40.8000000000 -16.7146535027
40.9000000000 -16.7571678462
41.0000000000 -16.7995755419
41.1000000000 -16.8418787451
41.2000000000 -16.8840795836
41.3000000000 -16.9261801579
41.4000000000 -16.9681825421
41.5000000000 -17.0100887839
41.6000000000 -17.0519009056
41.7000000000 -17.0936209047
41.8000000000 -17.1352507537
41.9000000000 -17.1767924016
42.0000000000 -17.2182477734
42.1000000000 -17.2596187715
42.2000000000 -17.3009072753
42.3000000000 -17.3421151423
42.4000000000 -17.3832442083
42.5000000000 -17.4242962880
42.6000000000 -17.4652731751
42.7000000000 -17.5061766430
42.8000000000 -17.5470084451
42.9000000000 -17.5877703155
43.0000000000 -17.6284639688
43.1000000000 -17.6690911011
43.2000000000 -17.7096533901
43.3000000000 -17.7501524954
43.4000000000 -17.7905900590
43.5000000000 -17.8309677057
43.6000000000 -17.8712870433
43.7000000000 -17.9115496631
43.8000000000 -17.9517571403
43.9000000000 -17.9919110339
44.0000000000 -18.0320128875
44.1000000000 -18.0720642296
44.2000000000 -18.1120665735
44.3000000000 -18.1520214180
44.4000000000 -18.1919302476
44.5000000000 -18.2317945326
44.6000000000 -18.2716157299
44.7000000000 -18.3113952825
44.8000000000 -18.3511346206
44.9000000000 -18.3908351612
45.0000000000 -18.4304983088
45.1000000000 -18.4701254556
45.2000000000 -18.5097179814
45.3000000000 -18.5492772543
45.4000000000 -18.5888046309
45.5000000000 -18.6283014561
45.6000000000 -18.6677690638
45.7000000000 -18.7072087769
45.8000000000 -18.7466219079
45.9000000000 -18.7860097584
46.0000000000 -18.8253736199
46.1000000000 -18.8647147740
46.2000000000 -18.9040344924
46.3000000000 -18.9433340369
46.4000000000 -18.9826146602
46.5000000000 -19.0218776056
46.6000000000 -19.0611241075
46.7000000000 -19.1003553913
46.8000000000 -19.1395726739
46.9000000000 -19.1787771634
47.0000000000 -19.2179700600
47.1000000000 -19.2571525554
47.2000000000 -19.2963258337
47.3000000000 -19.3354910710
47.4000000000 -19.3746494358
47.5000000000 -19.4138020891
47.6000000000 -19.4529501847
47.7000000000 -19.4920948691
47.8000000000 -19.5312372821
47.9000000000 -19.5703785564
48.0000000000 -19.6095198179
48.1000000000 -19.6486621864
48.2000000000 -19.6878067747
48.3000000000 -19.7269546899
48.4000000000 -19.7661070326
48.5000000000 -19.8052648974
48.6000000000 -19.8444293732
48.7000000000 -19.8836015431
48.8000000000 -19.9227824845
48.9000000000 -19.9619732694
49.0000000000 -20.0011749644
49.1000000000 -20.0403886307
49.2000000000 -20.0796153246
49.3000000000 -20.1188560972
49.4000000000 -20.1581119948
49.5000000000 -20.1973840589
49.6000000000 -20.2366733260
49.7000000000 -20.2759808285
49.8000000000 -20.3153075940
49.9000000000 -20.3546546458
50.0000000000 -20.3940230027
50.1000000000 -20.4334136797
50.2000000000 -20.4728276875
50.3000000000 -20.5122660327
50.4000000000 -20.5517297182
50.5000000000 -20.5912197428
50.6000000000 -20.6307371019
50.7000000000 -20.6702827871
50.8000000000 -20.7098577864
50.9000000000 -20.7494630844
51.0000000000 -20.7890996621
51.1000000000 -20.8287684975
51.2000000000 -20.8684705653
51.3000000000 -20.9082068367
51.4000000000 -20.9479782802
51.5000000000 -20.9877858612
51.6000000000 -21.0276305419
51.7000000000 -21.0675132820
51.8000000000 -21.1074350382
51.9000000000 -21.1473967645
52.0000000000 -21.1873994121
52.1000000000 -21.2274439298
52.2000000000 -21.2675312638
52.3000000000 -21.3076623576
52.4000000000 -21.3478381526
52.5000000000 -21.3880595876
52.6000000000 -21.4283275992
52.7000000000 -21.4686431217
52.8000000000 -21.5090070873
52.9000000000 -21.5494204258
53.0000000000 -21.5898840652
53.1000000000 -21.6303989313
53.2000000000 -21.6709659480
53.3000000000 -21.7115860370
53.4000000000 -21.7522601184
53.5000000000 -21.7929891103
53.6000000000 -21.8337739290
53.7000000000 -21.8746154891
53.8000000000 -21.9155147032
53.9000000000 -21.9564724826
54.0000000000 -21.9974897367
54.1000000000 -22.0385673733
54.2000000000 -22.0797062987
54.3000000000 -22.1209074176
54.4000000000 -22.1621716332
54.5000000000 -22.2034998472
54.6000000000 -22.2448929600
54.7000000000 -22.2863518704
54.8000000000 -22.3278774758
54.9000000000 -22.3694706723
55.0000000000 -22.4111323549
55.1000000000 -22.4528634168
55.2000000000 -22.4946647504
55.3000000000 -22.5365372465
55.4000000000 -22.5784817949
55.5000000000 -22.6204992839
55.6000000000 -22.6625906009
55.7000000000 -22.7047566320
55.8000000000 -22.7469982620
55.9000000000 -22.7893163748
56.0000000000 -22.8317118529
56.1000000000 -22.8741855780
56.2000000000 -22.9167384303
56.3000000000 -22.9593712893
56.4000000000 -23.0020850330
56.5000000000 -23.0448805388
56.6000000000 -23.0877586826
56.7000000000 -23.1307203394
56.8000000000 -23.1737663833
56.9000000000 -23.2168976870
57.0000000000 -23.2601151224
57.1000000000 -23.3034195603
57.2000000000 -23.3468118705
57.3000000000 -23.3902929215
57.4000000000 -23.4338635811
57.5000000000 -23.4775247157
57.6000000000 -23.5212771910
57.7000000000 -23.5651218712
57.8000000000 -23.6090596199
57.9000000000 -23.6530912992
58.0000000000 -23.6972177704
58.1000000000 -23.7414398935
58.2000000000 -23.7857585275
58.3000000000 -23.8301745303
58.4000000000 -23.8746887585
58.5000000000 -23.9193020678
58.6000000000 -23.9640153123
58.7000000000 -24.0088293455
58.8000000000 -24.0537450191
58.9000000000 -24.0987631841
59.0000000000 -24.1438846897
59.1000000000 -24.1891103844
59.2000000000 -24.2344411149
59.3000000000 -24.2798777269
59.4000000000 -24.3254210645
59.5000000000 -24.3710719708
59.6000000000 -24.4168312871
59.7000000000 -24.4626998534
59.8000000000 -24.5086785082
59.9000000000 -24.5547680887
60.0000000000 -24.6009694303
60.1000000000 -24.6472833670
60.2000000000 -24.6937107310
60.3000000000 -24.7402523530
60.4000000000 -24.7869090620
60.5000000000 -24.8336816853
60.6000000000 -24.8805710483
60.7000000000 -24.9275779748
60.8000000000 -24.9747032864
60.9000000000 -25.0219478032
61.0000000000 -25.0693123430
61.1000000000 -25.1167977219
61.2000000000 -25.1644047536
61.3000000000 -25.2121342501
61.4000000000 -25.2599870209
61.5000000000 -25.3079638734
61.6000000000 -25.3560656129
61.7000000000 -25.4042930422
61.8000000000 -25.4526469617
61.9000000000 -25.5011281694
62.0000000000 -25.5497374610
62.1000000000 -25.5984756292
62.2000000000 -25.6473434646
62.3000000000 -25.6963417546
62.4000000000 -25.7454712843
62.5000000000 -25.7947328356
62.6000000000 -25.8441271879
62.7000000000 -25.8936551171
62.8000000000 -25.9433173967
62.9000000000 -25.9931147965
63.0000000000 -26.0430480836
63.1000000000 -26.0931180215
63.2000000000 -26.1433253706
63.3000000000 -26.1936708878
63.4000000000 -26.2441553264
63.5000000000 -26.2947794363
63.6000000000 -26.3455439638
63.7000000000 -26.3964496512
63.8000000000 -26.4474972372
63.9000000000 -26.4986874566
64.0000000000 -26.5500210400
64.1000000000 -26.6014987142
64.2000000000 -26.6531212016
64.3000000000 -26.7048892205
64.4000000000 -26.7568034847
64.5000000000 -26.8088647037
64.6000000000 -26.8610735825
64.7000000000 -26.9134308212
64.8000000000 -26.9659371154
64.9000000000 -27.0185931558
65.0000000000 -27.0713996282
65.1000000000 -27.1243572134
65.2000000000 -27.1774665869
65.3000000000 -27.2307284193
65.4000000000 -27.2841433755
65.5000000000 -27.3377121151
65.6000000000 -27.3914352923
65.7000000000 -27.4453135555
65.8000000000 -27.4993475473
65.9000000000 -27.5535379046
66.0000000000 -27.6078852582
66.1000000000 -27.6623902327
66.2000000000 -27.7170534468
66.3000000000 -27.7718755127
66.4000000000 -27.8268570361
66.5000000000 -27.8819986164
66.6000000000 -27.9373008461
66.7000000000 -27.9927643112
66.8000000000 -28.0483895904
66.9000000000 -28.1041772558
67.0000000000 -28.1601278722
67.1000000000 -28.2162419972
67.2000000000 -28.2725201810
67.3000000000 -28.3289629663
67.4000000000 -28.3855708882
67.5000000000 -28.4423444743
67.6000000000 -28.4992842439
67.7000000000 -28.5563907088
67.8000000000 -28.6136643724
67.9000000000 -28.6711057301
68.0000000000 -28.7287152686
68.1000000000 -28.7864934667
68.2000000000 -28.8444407940
68.3000000000 -28.9025577119
68.4000000000 -28.9608446726
68.5000000000 -29.0193021195
68.6000000000 -29.0779304869
68.7000000000 -29.1367301999
68.8000000000 -29.1957016741
68.9000000000 -29.2548453160
69.0000000000 -29.3141615220
69.1000000000 -29.3736506791
69.2000000000 -29.4333131645
69.3000000000 -29.4931493453
69.4000000000 -29.5531595784
69.5000000000 -29.6133442107
69.6000000000 -29.6737035786
69.7000000000 -29.7342380081
69.8000000000 -29.7949478146
69.9000000000 -29.8558333027
70.0000000000 -29.9168947662
70.1000000000 -29.9781324880
70.2000000000 -30.0395467398
70.3000000000 -30.1011377821
70.4000000000 -30.1629058641
70.5000000000 -30.2248512236
70.6000000000 -30.2869740867
70.7000000000 -30.3492746679
70.8000000000 -30.4117531699
70.9000000000 -30.4744097832
71.0000000000 -30.5372446867
71.1000000000 -30.6002580468
71.2000000000 -30.6634500178
71.3000000000 -30.7268207415
71.4000000000 -30.7903703472
71.5000000000 -30.8540989516
71.6000000000 -30.9180066589
71.7000000000 -30.9820935600
71.8000000000 -31.0463597334
71.9000000000 -31.1108052442
72.0000000000 -31.1754301444
72.1000000000 -31.2402344729
72.2000000000 -31.3052182552
72.3000000000 -31.3703815033
72.4000000000 -31.4357242156
72.5000000000 -31.5012463771
72.6000000000 -31.5669479589
72.7000000000 -31.6328289183
72.8000000000 -31.6988891987
72.9000000000 -31.7651287296
73.0000000000 -31.8315474263
73.1000000000 -31.8981451900
73.2000000000 -31.9649219078
73.3000000000 -32.0318774522
73.4000000000 -32.0990116815
73.5000000000 -32.1663244396
73.6000000000 -32.2338155558
73.7000000000 -32.3014848446
73.8000000000 -32.3693321062
73.9000000000 -32.4373571259
74.0000000000 -32.5055596742
74.1000000000 -32.5739395068
74.2000000000 -32.6424963645
74.3000000000 -32.7112299732
74.4000000000 -32.7801400438
74.5000000000 -32.8492262720
74.6000000000 -32.9184883387
74.7000000000 -32.9879259095
74.8000000000 -33.0575386350
74.9000000000 -33.1273261505
75.0000000000 -33.1972880760
75.1000000000 -33.2674240167
75.2000000000 -33.3377335619
75.3000000000 -33.4082162862
75.4000000000 -33.4788717487
75.5000000000 -33.5496994930
75.6000000000 -33.6206990478
75.7000000000 -33.6918699261
75.8000000000 -33.7632116259
75.9000000000 -33.8347236296
76.0000000000 -33.9064054045
76.1000000000 -33.9782564026
76.2000000000 -34.0502760606
76.3000000000 -34.1224637998
76.4000000000 -34.1948190265
76.5000000000 -34.2673411315
76.6000000000 -34.3400294908
76.7000000000 -34.4128834648
76.8000000000 -34.4859023991
76.9000000000 -34.5590856242
77.0000000000 -34.6324324554
77.1000000000 -34.7059421932
77.2000000000 -34.7796141230
77.3000000000 -34.8534475155
77.4000000000 -34.9274416265
77.5000000000 -35.0015956971
77.6000000000 -35.0759089535
77.7000000000 -35.1503806077
77.8000000000 -35.2250098569
77.9000000000 -35.2997958837
78.0000000000 -35.3747378568
78.1000000000 -35.4498349302
78.2000000000 -35.5250862440
78.3000000000 -35.6004909239
78.4000000000 -35.6760480820
78.5000000000 -35.7517568162
78.6000000000 -35.8276162107
78.7000000000 -35.9036253362
78.8000000000 -35.9797832496
78.9000000000 -36.0560889947
79.0000000000 -36.1325416017
79.1000000000 -36.2091400876
79.2000000000 -36.2858834567
79.3000000000 -36.3627707001
79.4000000000 -36.4398007962
79.5000000000 -36.5169727108
79.6000000000 -36.5942853972
79.7000000000 -36.6717377963
79.8000000000 -36.7493288370
79.9000000000 -36.8270574361
80.0000000000 -36.9049224985
80.1000000000 -36.9829229174
80.2000000000 -37.0610575744
80.3000000000 -37.1393253400
80.4000000000 -37.2177250734
80.5000000000 -37.2962556226
80.6000000000 -37.3749158250
80.7000000000 -37.4537045074
80.8000000000 -37.5326204859
80.9000000000 -37.6116625666
81.0000000000 -37.6908295453
81.1000000000 -37.7701202081
81.2000000000 -37.8495333315
81.3000000000 -37.9290676821
81.4000000000 -38.0087220178
81.5000000000 -38.0884950870
81.6000000000 -38.1683856295
81.7000000000 -38.2483923763
81.8000000000 -38.3285140500
81.9000000000 -38.4087493652
82.0000000000 -38.4890970282
82.1000000000 -38.5695557377
82.2000000000 -38.6501241848
82.3000000000 -38.7308010534
82.4000000000 -38.8115850200
82.5000000000 -38.8924747547
82.6000000000 -38.9734689205
82.7000000000 -39.0545661742
82.8000000000 -39.1357651665
82.9000000000 -39.2170645421
83.0000000000 -39.2984629400
83.1000000000 -39.3799589936
83.2000000000 -39.4615513314
83.3000000000 -39.5432385766
83.4000000000 -39.6250193478
83.5000000000 -39.7068922591
83.6000000000 -39.7888559204
83.7000000000 -39.8709089375
83.8000000000 -39.9530499124
83.9000000000 -40.0352774438
84.0000000000 -40.1175901269
84.1000000000 -40.1999865539
84.2000000000 -40.2824653143
84.3000000000 -40.3650249950
84.4000000000 -40.4476641807
84.5000000000 -40.5303814540
84.6000000000 -40.6131753958
84.7000000000 -40.6960445852
84.8000000000 -40.7789876003
84.9000000000 -40.8620030179
85.0000000000 -40.9450894141
85.1000000000 -41.0282453646
85.2000000000 -41.1114694445
85.3000000000 -41.1947602290
85.4000000000 -41.2781162934
85.5000000000 -41.3615362133
85.6000000000 -41.4450185653
85.7000000000 -41.5285619265
85.8000000000 -41.6121648754
85.9000000000 -41.6958259917
86.0000000000 -41.7795438568
86.1000000000 -41.8633170539
86.2000000000 -41.9471441683
86.3000000000 -42.0310237876
86.4000000000 -42.1149545020
86.5000000000 -42.1989349042
86.6000000000 -42.2829635902
86.7000000000 -42.3670391592
86.8000000000 -42.4511602135
86.9000000000 -42.5353253595
87.0000000000 -42.6195332073
87.1000000000 -42.7037823710
87.2000000000 -42.7880714691
87.3000000000 -42.8723991246
87.4000000000 -42.9567639653
87.5000000000 -43.0411646239
87.6000000000 -43.1255997383
87.7000000000 -43.2100679516
87.8000000000 -43.2945679125
87.9000000000 -43.3790982757
88.0000000000 -43.4636577015
88.1000000000 -43.5482448566
88.2000000000 -43.6328584137
88.3000000000 -43.7174970524
88.4000000000 -43.8021594587
88.5000000000 -43.8868443257
88.6000000000 -43.9715503533
88.7000000000 -44.0562762489
88.8000000000 -44.1410207271
88.9000000000 -44.2257825101
89.0000000000 -44.3105603278
89.1000000000 -44.3953529183
89.2000000000 -44.4801590273
89.3000000000 -44.5649774090
89.4000000000 -44.6498068258
89.5000000000 -44.7346460488
89.6000000000 -44.8194938576
89.7000000000 -44.9043490406
89.8000000000 -44.9892103952
89.9000000000 -45.0740767278
90.0000000000 -45.1589468541
90.1000000000 -45.2438195990
90.2000000000 -45.3286937970
90.3000000000 -45.4135682921
90.4000000000 -45.4984419379
90.5000000000 -45.5833135979
90.6000000000 -45.6681821456
90.7000000000 -45.7530464644
90.8000000000 -45.8379054478
90.9000000000 -45.9227579997
91.0000000000 -46.0076030342
91.1000000000 -46.0924394757
91.2000000000 -46.1772662594
91.3000000000 -46.2620823307
91.4000000000 -46.3468866462
91.5000000000 -46.4316781727
91.6000000000 -46.5164558881
91.7000000000 -46.6012187812
91.8000000000 -46.6859658518
91.9000000000 -46.7706961105
92.0000000000 -46.8554085792
92.1000000000 -46.9401022909
92.2000000000 -47.0247762897
92.3000000000 -47.1094296312
92.4000000000 -47.1940613819
92.5000000000 -47.2786706199
92.6000000000 -47.3632564347
92.7000000000 -47.4478179270
92.8000000000 -47.5323542092
92.9000000000 -47.6168644049
93.0000000000 -47.7013476494
93.1000000000 -47.7858030895
93.2000000000 -47.8702298835
93.3000000000 -47.9546272010
93.4000000000 -48.0389942237
93.5000000000 -48.1233301443
93.6000000000 -48.2076341675
93.7000000000 -48.2919055094
93.8000000000 -48.3761433977
93.9000000000 -48.4603470716
94.0000000000 -48.5445157820
94.1000000000 -48.6286487912
94.2000000000 -48.7127453732
94.3000000000 -48.7968048134
94.4000000000 -48.8808264088
94.5000000000 -48.9648094677
94.6000000000 -49.0487533102
94.7000000000 -49.1326572674
94.8000000000 -49.2165206820
94.9000000000 -49.3003429082
95.0000000000 -49.3841233113
95.1000000000 -49.4678612679
95.2000000000 -49.5515561659
95.3000000000 -49.6352074044
95.4000000000 -49.7188143936
95.5000000000 -49.8023765548
95.6000000000 -49.8858933203
95.7000000000 -49.9693641335
95.8000000000 -50.0527884485
95.9000000000 -50.1361657305
96.0000000000 -50.2194954554
96.1000000000 -50.3027771096
96.2000000000 -50.3860101906
96.3000000000 -50.4691942060
96.4000000000 -50.5523286743
96.5000000000 -50.6354131243
96.6000000000 -50.7184470950
96.7000000000 -50.8014301359
96.8000000000 -50.8843618065
96.9000000000 -50.9672416766
97.0000000000 -51.0500693258
97.1000000000 -51.1328443438
97.2000000000 -51.2155663300
97.3000000000 -51.2982348937
97.4000000000 -51.3808496536
97.5000000000 -51.4634102381
97.6000000000 -51.5459162852
97.7000000000 -51.6283674419
97.8000000000 -51.7107633647
97.9000000000 -51.7931037191
98.0000000000 -51.8753881797
98.1000000000 -51.9576164301
98.2000000000 -52.0397881624
98.3000000000 -52.1219030777
98.4000000000 -52.2039608855
98.5000000000 -52.2859613040
98.6000000000 -52.3679040594
98.7000000000 -52.4497888864
98.8000000000 -52.5316155278
98.9000000000 -52.6133837342
99.0000000000 -52.6950932641
99.1000000000 -52.7767438841
99.2000000000 -52.8583353678
99.3000000000 -52.9398674969
99.4000000000 -53.0213400599
99.5000000000 -53.1027528530
99.6000000000 -53.1841056793
99.7000000000 -53.2653983487
99.8000000000 -53.3466306782
99.9000000000 -53.4278024914
100.0000000000 -53.5089136184
100.1000000000 -53.5899638959
100.2000000000 -53.6709531666
100.3000000000 -53.7518812797
100.4000000000 -53.8327480900
100.5000000000 -53.9135534586
100.6000000000 -53.9942972521
100.7000000000 -54.0749793427
100.8000000000 -54.1555996079
100.9000000000 -54.2361579309
101.0000000000 -54.3166541997
101.1000000000 -54.3970883074
101.2000000000 -54.4774601521
101.3000000000 -54.5577696364
101.4000000000 -54.6380166676
101.5000000000 -54.7182011575
101.6000000000 -54.7983230221
101.7000000000 -54.8783821814
101.8000000000 -54.9583785596
101.9000000000 -55.0383120846
102.0000000000 -55.1181826879
102.1000000000 -55.1979903049
102.2000000000 -55.2777348739
102.3000000000 -55.3574163367
102.4000000000 -55.4370346381
102.5000000000 -55.5165897260
102.6000000000 -55.5960815508
102.7000000000 -55.6755100657
102.8000000000 -55.7548752263
102.9000000000 -55.8341769906
103.0000000000 -55.9134153186
103.1000000000 -55.9925901726
103.2000000000 -56.0717015165
103.3000000000 -56.1507493160
103.4000000000 -56.2297335385
103.5000000000 -56.3086541525
103.6000000000 -56.3875111280
103.7000000000 -56.4663044360
103.8000000000 -56.5450340486
103.9000000000 -56.6236999386
104.0000000000 -56.7023020793
104.1000000000 -56.7808404448
104.2000000000 -56.8593150092
104.3000000000 -56.9377257473
104.4000000000 -57.0160726334
104.5000000000 -57.0943556421
104.6000000000 -57.1725747475
104.7000000000 -57.2507299236
104.8000000000 -57.3288211435
104.9000000000 -57.4068483798
105.0000000000 -57.4848116043
105.1000000000 -57.5627107878
105.2000000000 -57.6405459000
105.3000000000 -57.7183169091
105.4000000000 -57.7960237822
105.5000000000 -57.8736664847
105.6000000000 -57.9512449803
105.7000000000 -58.0287592309
105.8000000000 -58.1062091964
105.9000000000 -58.1835948345
106.0000000000 -58.2609161008
106.1000000000 -58.3381729484
106.2000000000 -58.4153653279
106.3000000000 -58.4924931873
106.4000000000 -58.5695564717
106.5000000000 -58.6465551232
106.6000000000 -58.7234890812
106.7000000000 -58.8003582814
106.8000000000 -58.8771626565
106.9000000000 -58.9539021357
107.0000000000 -59.0305766446
107.1000000000 -59.1071861052
107.2000000000 -59.1837304353
107.3000000000 -59.2602095493
107.4000000000 -59.3366233571
107.5000000000 -59.4129717645
107.6000000000 -59.4892546733
107.7000000000 -59.5654719803
107.8000000000 -59.6416235784
107.9000000000 -59.7177093553
108.0000000000 -59.7937291943
108.1000000000 -59.8696829736
108.2000000000 -59.9455705667
108.3000000000 -60.0213918416
108.4000000000 -60.0971466615
108.5000000000 -60.1728348841
108.6000000000 -60.2484563617
108.7000000000 -60.3240109413
108.8000000000 -60.3994984640
108.9000000000 -60.4749187654
109.0000000000 -60.5502716753
109.1000000000 -60.6255570178
109.2000000000 -60.7007746106
109.3000000000 -60.7759242659
109.4000000000 -60.8510057892
109.5000000000 -60.9260189804
109.6000000000 -61.0009636326
109.7000000000 -61.0758395328
109.8000000000 -61.1506464614
109.9000000000 -61.2253841925
110.0000000000 -61.3000524933
110.1000000000 -61.3746511247
110.2000000000 -61.4491798406
110.3000000000 -61.5236383882
110.4000000000 -61.5980265079
110.5000000000 -61.6723439332
110.6000000000 -61.7465903905
110.7000000000 -61.8207655992
110.8000000000 -61.8948692719
110.9000000000 -61.9689011138
111.0000000000 -62.0428608229
111.1000000000 -62.1167480903
111.2000000000 -62.1905625996
111.3000000000 -62.2643040271
111.4000000000 -62.3379720419
111.5000000000 -62.4115663057
111.6000000000 -62.4850864728
111.7000000000 -62.5585321901
111.8000000000 -62.6319030971
111.9000000000 -62.7051988258
112.0000000000 -62.7784190006
112.1000000000 -62.8515632386
112.2000000000 -62.9246311494
112.3000000000 -62.9976223347
112.4000000000 -63.0705363893
112.5000000000 -63.1433728999
112.6000000000 -63.2161314459
112.7000000000 -63.2888115991
112.8000000000 -63.3614129240
112.9000000000 -63.4339349772
113.0000000000 -63.5063773080
113.1000000000 -63.5787394581
113.2000000000 -63.6510209619
113.3000000000 -63.7232213460
113.4000000000 -63.7953401297
113.5000000000 -63.8673768251
113.6000000000 -63.9393309364
113.7000000000 -64.0112019608
113.8000000000 -64.0829893881
113.9000000000 -64.1546927006
114.0000000000 -64.2263113736
114.1000000000 -64.2978448748
114.2000000000 -64.3692926651
114.3000000000 -64.4406541980
114.4000000000 -64.5119289198
114.5000000000 -64.5831162702
114.6000000000 -64.6542156813
114.7000000000 -64.7252265788
114.8000000000 -64.7961483812
114.9000000000 -64.8669805002
115.0000000000 -64.9377223410
115.1000000000 -65.0083733017
115.2000000000 -65.0789327741
115.3000000000 -65.1494001433
115.4000000000 -65.2197747881
115.5000000000 -65.2900560807
115.6000000000 -65.3602433871
115.7000000000 -65.4303360671
115.8000000000 -65.5003334742
115.9000000000 -65.5702349561
116.0000000000 -65.6400398542
116.1000000000 -65.7097475043
116.2000000000 -65.7793572362
116.3000000000 -65.8488683743
116.4000000000 -65.9182802372
116.5000000000 -65.9875921381
116.6000000000 -66.0568033846
116.7000000000 -66.1259132794
116.8000000000 -66.1949211199
116.9000000000 -66.2638261982
117.0000000000 -66.3326278017
117.1000000000 -66.4013252131
117.2000000000 -66.4699177100
117.3000000000 -66.5384045657
117.4000000000 -66.6067850490
117.5000000000 -66.6750584242
117.6000000000 -66.7432239515
117.7000000000 -66.8112808869
117.8000000000 -66.8792284826
117.9000000000 -66.9470659868
118.0000000000 -67.0147926439
118.1000000000 -67.0824076950
118.2000000000 -67.1499103775
118.3000000000 -67.2172999256
118.4000000000 -67.2845755703
118.5000000000 -67.3517365395
118.6000000000 -67.4187820582
118.7000000000 -67.4857113487
118.8000000000 -67.5525236307
118.9000000000 -67.6192181213
119.0000000000 -67.6857940355
119.1000000000 -67.7522505857
119.2000000000 -67.8185869827
119.3000000000 -67.8848024350
119.4000000000 -67.9508961497
119.5000000000 -68.0168673321
119.6000000000 -68.0827151861
119.7000000000 -68.1484389142
119.8000000000 -68.2140377178
119.9000000000 -68.2795107974
120.0000000000 -68.3448573525
120.1000000000 -68.4100765819
120.2000000000 -68.4751676840
120.3000000000 -68.5401298567
120.4000000000 -68.6049622975
120.5000000000 -68.6696642041
120.6000000000 -68.7342347740
120.7000000000 -68.7986732052
120.8000000000 -68.8629786957
120.9000000000 -68.9271504442
121.0000000000 -68.9911876503
121.1000000000 -69.0550895140
121.2000000000 -69.1188552365
121.3000000000 -69.1824840202
121.4000000000 -69.2459750686
121.5000000000 -69.3093275868
121.6000000000 -69.3725407814
121.7000000000 -69.4356138607
121.8000000000 -69.4985460350
121.9000000000 -69.5613365165
122.0000000000 -69.6239845197
122.1000000000 -69.6864892614
122.2000000000 -69.7488499608
122.3000000000 -69.8110658399
122.4000000000 -69.8731361234
122.5000000000 -69.9350600388
122.6000000000 -69.9968368169
122.7000000000 -70.0584656916
122.8000000000 -70.1199459000
122.9000000000 -70.1812766830
123.0000000000 -70.2424572849
123.1000000000 -70.3034869539
123.2000000000 -70.3643649421
123.3000000000 -70.4250905056
123.4000000000 -70.4856629047
123.5000000000 -70.5460814041
123.6000000000 -70.6063452729
123.7000000000 -70.6664537848
123.8000000000 -70.7264062182
123.9000000000 -70.7862018563
124.0000000000 -70.8458399875
124.1000000000 -70.9053199051
124.2000000000 -70.9646409076
124.3000000000 -71.0238022990
124.4000000000 -71.0828033888
124.5000000000 -71.1416434918
124.6000000000 -71.2003219289
124.7000000000 -71.2588380265
124.8000000000 -71.3171911171
124.9000000000 -71.3753805394
125.0000000000 -71.4334056379
125.1000000000 -71.4912657637
125.2000000000 -71.5489602741
125.3000000000 -71.6064885330
125.4000000000 -71.6638499109
125.5000000000 -71.7210437847
125.6000000000 -71.7780695386
125.7000000000 -71.8349265633
125.8000000000 -71.8916142566
125.9000000000 -71.9481320234
126.0000000000 -72.0044792758
126.1000000000 -72.0606554331
126.2000000000 -72.1166599220
126.3000000000 -72.1724921765
126.4000000000 -72.2281516383
126.5000000000 -72.2836377567
126.6000000000 -72.3389499885
126.7000000000 -72.3940877984
126.8000000000 -72.4490506589
126.9000000000 -72.5038380504
127.0000000000 -72.5584494613
127.1000000000 -72.6128843879
127.2000000000 -72.6671423350
127.3000000000 -72.7212228150
127.4000000000 -72.7751253491
127.5000000000 -72.8288494663
127.6000000000 -72.8823947045
127.7000000000 -72.9357606094
127.8000000000 -72.9889467357
127.9000000000 -73.0419526464
128.0000000000 -73.0947779129
128.1000000000 -73.1474221155
128.2000000000 -73.1998848430
128.3000000000 -73.2521656930
128.4000000000 -73.3042642717
128.5000000000 -73.3561801942
128.6000000000 -73.4079130844
128.7000000000 -73.4594625749
128.8000000000 -73.5108283075
128.9000000000 -73.5620099327
129.0000000000 -73.6130071100
129.1000000000 -73.6638195077
129.2000000000 -73.7144468034
129.3000000000 -73.7648886834
129.4000000000 -73.8151448434
129.5000000000 -73.8652149878
129.6000000000 -73.9150988303
129.7000000000 -73.9647960936
129.8000000000 -74.0143065094
129.9000000000 -74.0636298187
130.0000000000 -74.1127657715
130.1000000000 -74.1617141270
130.2000000000 -74.2104746533
130.3000000000 -74.2590471279
130.4000000000 -74.3074313374
130.5000000000 -74.3556270773
130.6000000000 -74.4036341523
130.7000000000 -74.4514523763
130.8000000000 -74.4990815717
130.9000000000 -74.5465215695
131.0000000000 -74.5937722080
131.1000000000 -74.6408333312
131.2000000000 -74.6877047859
131.3000000000 -74.7343864163
131.4000000000 -74.7808780568
131.5000000000 -74.8271795205
131.6000000000 -74.8732905831
131.7000000000 -74.9192109610
131.8000000000 -74.9649402828
131.9000000000 -75.0104780522
132.0000000000 -75.0558236015
132.1000000000 -75.1009760347
132.2000000000 -75.1459341587
132.3000000000 -75.1906964005
132.4000000000 -75.2352607112
132.5000000000 -75.2796244524
132.6000000000 -75.3237842667
132.7000000000 -75.3677359267
132.8000000000 -75.4114741648
132.9000000000 -75.4549924769
133.0000000000 -75.4982829000
133.1000000000 -75.5413357594
133.2000000000 -75.5841393799
133.3000000000 -75.6266797569
133.4000000000 -75.6689401802
133.5000000000 -75.7109008028
133.6000000000 -75.7525381450
133.7000000000 -75.7938245231
133.8000000000 -75.8347273878
133.9000000000 -75.8752085582
134.0000000000 -75.9152233316
134.1000000000 -75.9547194464
134.2000000000 -75.9936358742
134.3000000000 -76.0319014088
134.4000000000 -76.0694330178
134.5000000000 -76.1061339154
134.6000000000 -76.1418913079
134.7000000000 -76.1765737546
134.8000000000 -76.2100280809
134.9000000000 -76.2420757622
135.0000000000 -76.2725086934
135.1000000000 -76.3010842352
135.2000000000 -76.3275194156
135.3000000000 -76.3514841434
135.4000000000 -76.3725932643
135.5000000000 -76.3903972644
135.6000000000 -76.4043713901
135.7000000000 -76.4139029167
135.8000000000 -76.4182762508
135.9000000000 -76.4166554994
136.0000000000 -76.4080640767
136.1000000000 -76.3913608460
136.2000000000 -76.3652122112
136.3000000000 -76.3280594718
136.4000000000 -76.2780806426
136.5000000000 -76.2131458035
136.6000000000 -76.1307648903
136.7000000000 -76.0280266548
136.8000000000 -75.9015273139
136.9000000000 -75.7472871622
137.0000000000 -75.5606531373
137.1000000000 -75.3361850030
137.2000000000 -75.0675224304
137.3000000000 -74.7472298169
137.4000000000 -74.3666151702
137.5000000000 -73.9155187802
137.6000000000 -73.3820666894
137.7000000000 -72.7523831145
137.8000000000 -72.0102548950
137.9000000000 -71.1367396537
138.0000000000 -70.1097074122
138.1000000000 -68.9033025247
138.2000000000 -67.4873081698
138.3000000000 -65.8263877478
138.4000000000 -63.8791633772
138.5000000000 -61.5970655255
138.6000000000 -58.9228388718
138.7000000000 -55.7884985965
138.8000000000 -52.1123679323
138.9000000000 -47.7945550086
139.0000000000 -42.7098347644
139.1000000000 -36.6964958308
139.2000000000 -29.5396248175
139.3000000000 -20.9485290747
139.4000000000 -10.5396007709
139.5000000000 2.0713987436
139.6000000000 16.5079733037
139.7000000000 29.4791025924
139.8000000000 36.2623607495
139.9000000000 37.6549712502
140.0000000000 37.4679425029
140.1000000000 37.3226861394
140.2000000000 37.3322792042
140.3000000000 37.4069612748
140.4000000000 37.4909476985
140.5000000000 37.5585538666
140.6000000000 37.5995845696
140.7000000000 37.6111462327
140.8000000000 37.5935864861
140.9000000000 37.5485371061
141.0000000000 37.4779964637
141.1000000000 37.3839224976
141.2000000000 37.2680737940
141.3000000000 37.1319681586
141.4000000000 36.9768937407
141.5000000000 36.8039407537
141.6000000000 36.6140384651
141.7000000000 36.4079904981
141.8000000000 36.1865056503
141.9000000000 35.9502234559
142.0000000000 35.6997346546
142.1000000000 35.4355971146
142.2000000000 35.1583478783
142.3000000000 34.8685119891
142.4000000000 34.5666087040
142.5000000000 34.2531556110
142.6000000000 33.9286710991
142.7000000000 33.5936755507
142.8000000000 33.2486915661
142.9000000000 32.8942434705
143.0000000000 32.5308563125
143.1000000000 32.1590545191
143.2000000000 31.7793603414
143.3000000000 31.3922921965
143.4000000000 30.9983629887
143.5000000000 30.5980784726
143.6000000000 30.1919357052
143.7000000000 29.7804216206
143.8000000000 29.3640117500
143.9000000000 28.9431691005
144.0000000000 28.5183431992
144.1000000000 28.0899693040
144.2000000000 27.6584677765
144.3000000000 27.2242436107
144.4000000000 26.7876861089
144.5000000000 26.3491686918
144.6000000000 25.9090488331
144.7000000000 25.4676681037
144.8000000000 25.0253523142
144.9000000000 24.5824117426
145.0000000000 24.1391414352
145.1000000000 23.6958215677
145.2000000000 23.2527178579
145.3000000000 22.8100820177
145.4000000000 22.3681522362
145.5000000000 21.9271536853
145.6000000000 21.4872990399
145.7000000000 21.0487890069
145.8000000000 20.6118128555
145.9000000000 20.1765489457
146.0000000000 19.7431652490
146.1000000000 19.3118198584
146.2000000000 18.8826614849
146.3000000000 18.4558299368
146.4000000000 18.0314565818
146.5000000000 17.6096647879
146.6000000000 17.1905703452
146.7000000000 16.7742818640
146.8000000000 16.3609011529
146.9000000000 15.9505235734
147.0000000000 15.5432383733
147.1000000000 15.1391289983
147.2000000000 14.7382733827
147.3000000000 14.3407442192
147.4000000000 13.9466092098
147.5000000000 13.5559312979
147.6000000000 13.1687688819
147.7000000000 12.7851760133
147.8000000000 12.4052025783
147.9000000000 12.0288944654
148.0000000000 11.6562937192
148.1000000000 11.2874386820
148.2000000000 10.9223641246
148.3000000000 10.5611013664
148.4000000000 10.2036783869
148.5000000000 9.8501199285
148.6000000000 9.5004475931
148.7000000000 9.1546799318
148.8000000000 8.8128325299
148.9000000000 8.4749180866
149.0000000000 8.1409464923
149.1000000000 7.8109249017
149.2000000000 7.4848578053
149.3000000000 7.1627470988
149.4000000000 6.8445921516
149.5000000000 6.5303898745
149.6000000000 6.2201347866
149.7000000000 5.9138190829
149.8000000000 5.6114327019
149.9000000000 5.3129633933
150.0000000000 5.0183967874
150.1000000000 4.7277164642
150.2000000000 4.4409040244
150.3000000000 4.1579391607
150.4000000000 3.8787997304
150.5000000000 3.6034618289
150.6000000000 3.3318998641
150.7000000000 3.0640866311
150.8000000000 2.7999933884
150.9000000000 2.5395899341
151.0000000000 2.2828446824
151.1000000000 2.0297247406
151.2000000000 1.7801959859
151.3000000000 1.5342231419
151.4000000000 1.2917698556
151.5000000000 1.0527987725
151.6000000000 0.8172716120
151.7000000000 0.5851492420
151.8000000000 0.3563917512
151.9000000000 0.1309585217
152.0000000000 -0.0911917008
152.1000000000 -0.3101007380
152.2000000000 -0.5258109121
152.3000000000 -0.7383649796
152.4000000000 -0.9478060685
152.5000000000 -1.1541776167
152.6000000000 -1.3575233122
152.7000000000 -1.5578870361
152.8000000000 -1.7553128079
152.9000000000 -1.9498447324
153.0000000000 -2.1415269495
153.1000000000 -2.3304035859
153.2000000000 -2.5165187097
153.3000000000 -2.6999162870
153.4000000000 -2.8806401405
153.5000000000 -3.0587339111
153.6000000000 -3.2342410215
153.7000000000 -3.4072046417
153.8000000000 -3.5776676574
153.9000000000 -3.7456726398
154.0000000000 -3.9112618183
154.1000000000 -4.0744770547
154.2000000000 -4.2353598194
154.3000000000 -4.3939511700
154.4000000000 -4.5502917311
154.5000000000 -4.7044216767
154.6000000000 -4.8563807134
154.7000000000 -5.0062080660
154.8000000000 -5.1539424644
154.9000000000 -5.2996221319
155.0000000000 -5.4432847752
155.1000000000 -5.5849675754
155.2000000000 -5.7247071807
155.3000000000 -5.8625397003
155.4000000000 -5.9985006987
155.5000000000 -6.1326251925
155.6000000000 -6.2649476467
155.7000000000 -6.3955019730
155.8000000000 -6.5243215288
155.9000000000 -6.6514391165
156.0000000000 -6.7768869845
156.1000000000 -6.9006968281
156.2000000000 -7.0228997913
156.3000000000 -7.1435264698
156.4000000000 -7.2626069136
156.5000000000 -7.3801706310
156.6000000000 -7.4962465926
156.7000000000 -7.6108632356
156.8000000000 -7.7240484694
156.9000000000 -7.8358296801
157.0000000000 -7.9462337371
157.1000000000 -8.0552869983
157.2000000000 -8.1630153166
157.3000000000 -8.2694440465
157.4000000000 -8.3745980508
157.5000000000 -8.4785017070
157.6000000000 -8.5811789149
157.7000000000 -8.6826531033
157.8000000000 -8.7829472377
157.9000000000 -8.8820838272
158.0000000000 -8.9800849322
158.1000000000 -9.0769721717
158.2000000000 -9.1727667310
158.3000000000 -9.2674893693
158.4000000000 -9.3611604271
158.5000000000 -9.4537998335
158.6000000000 -9.5454271143
158.7000000000 -9.6360613994
158.8000000000 -9.7257214297
158.9000000000 -9.8144255654
159.0000000000 -9.9021917928
159.1000000000 -9.9890377317
159.2000000000 -10.0749806431
159.3000000000 -10.1600374357
159.4000000000 -10.2442246738
159.5000000000 -10.3275585836
159.6000000000 -10.4100550606
159.7000000000 -10.4917296765
159.8000000000 -10.5725976858
159.9000000000 -10.6526740323
160.0000000000 -10.7319733560
160.1000000000 -10.8105099997
160.2000000000 -10.8882980147
160.3000000000 -10.9653511679
160.4000000000 -11.0416829472
160.5000000000 -11.1173065681
160.6000000000 -11.1922349795
160.7000000000 -11.2664808694
160.8000000000 -11.3400566707
160.9000000000 -11.4129745669
161.0000000000 -11.4852464974
161.1000000000 -11.5568841633
161.2000000000 -11.6278990322
161.3000000000 -11.6983023436
161.4000000000 -11.7681051143
161.5000000000 -11.8373181428
161.6000000000 -11.9059520145
161.7000000000 -11.9740171065
161.8000000000 -12.0415235919
161.9000000000 -12.1084814448
162.0000000000 -12.1749004447
162.1000000000 -12.2407901805
162.2000000000 -12.3061600550
162.3000000000 -12.3710192892
162.4000000000 -12.4353769260
162.5000000000 -12.4992418346
162.6000000000 -12.5626227141
162.7000000000 -12.6255280972
162.8000000000 -12.6879663543
162.9000000000 -12.7499456968
163.0000000000 -12.8114741805
163.1000000000 -12.8725597097
163.2000000000 -12.9332100396
163.3000000000 -12.9934327804
163.4000000000 -13.0532354003
163.5000000000 -13.1126252282
163.6000000000 -13.1716094575
163.7000000000 -13.2301951482
163.8000000000 -13.2883892308
163.9000000000 -13.3461985082
164.0000000000 -13.4036296592
164.1000000000 -13.4606892406
164.2000000000 -13.5173836903
164.3000000000 -13.5737193298
164.4000000000 -13.6297023666
164.5000000000 -13.6853388964
164.6000000000 -13.7406349061
164.7000000000 -13.7955962757
164.8000000000 -13.8502287807
164.9000000000 -13.9045380944
165.0000000000 -13.9585297898
165.1000000000 -14.0122093422
165.2000000000 -14.0655821307
165.3000000000 -14.1186534408
165.4000000000 -14.1714284660
165.5000000000 -14.2239123097
165.6000000000 -14.2761099875
165.7000000000 -14.3280264286
165.8000000000 -14.3796664778
165.9000000000 -14.4310348971
166.0000000000 -14.4821363678
166.1000000000 -14.5329754919
166.2000000000 -14.5835567935
166.3000000000 -14.6338847210
166.4000000000 -14.6839636482
166.5000000000 -14.7337978761
166.6000000000 -14.7833916341
166.7000000000 -14.8327490818
166.8000000000 -14.8818743103
166.9000000000 -14.9307713436
167.0000000000 -14.9794441399
167.1000000000 -15.0278965931
167.2000000000 -15.0761325340
167.3000000000 -15.1241557317
167.4000000000 -15.1719698946
167.5000000000 -15.2195786720
167.6000000000 -15.2669856550
167.7000000000 -15.3141943779
167.8000000000 -15.3612083192
167.9000000000 -15.4080309028
168.0000000000 -15.4546654992
168.1000000000 -15.5011154263
168.2000000000 -15.5473839509
168.3000000000 -15.5934742891
168.4000000000 -15.6393896082
168.5000000000 -15.6851330268
168.6000000000 -15.7307076165
168.7000000000 -15.7761164022
168.8000000000 -15.8213623638
168.9000000000 -15.8664484364
169.0000000000 -15.9113775116
169.1000000000 -15.9561524383
169.2000000000 -16.0007760235
169.3000000000 -16.0452510332
169.4000000000 -16.0895801934
169.5000000000 -16.1337661905
169.6000000000 -16.1778116725
169.7000000000 -16.2217192496
169.8000000000 -16.2654914949
169.9000000000 -16.3091309453
170.0000000000 -16.3526401022
170.1000000000 -16.3960214321
170.2000000000 -16.4392773676
170.3000000000 -16.4824103075
170.4000000000 -16.5254226183
170.5000000000 -16.5683166341
170.6000000000 -16.6110946579
170.7000000000 -16.6537589615
170.8000000000 -16.6963117869
170.9000000000 -16.7387553465
171.0000000000 -16.7810918236
171.1000000000 -16.8233233732
171.2000000000 -16.8654521226
171.3000000000 -16.9074801718
171.4000000000 -16.9494095943
171.5000000000 -16.9912424371
171.6000000000 -17.0329807221
171.7000000000 -17.0746264458
171.8000000000 -17.1161815802
171.9000000000 -17.1576480733
172.0000000000 -17.1990278495
172.1000000000 -17.2403228102
172.2000000000 -17.2815348340
172.3000000000 -17.3226657775
172.4000000000 -17.3637174755
172.5000000000 -17.4046917417
172.6000000000 -17.4455903688
172.7000000000 -17.4864151290
172.8000000000 -17.5271677749
172.9000000000 -17.5678500391
173.0000000000 -17.6084636353
173.1000000000 -17.6490102583
173.2000000000 -17.6894915846
173.3000000000 -17.7299092724
173.4000000000 -17.7702649625
173.5000000000 -17.8105602784
173.6000000000 -17.8507968265
173.7000000000 -17.8909761967
173.8000000000 -17.9310999628
173.9000000000 -17.9711696822
174.0000000000 -18.0111868973
174.1000000000 -18.0511531348
174.2000000000 -18.0910699065
174.3000000000 -18.1309387098
174.4000000000 -18.1707610273
174.5000000000 -18.2105383280
174.6000000000 -18.2502720669
174.7000000000 -18.2899636854
174.8000000000 -18.3296146118
174.9000000000 -18.3692262616
175.0000000000 -18.4088000375
175.1000000000 -18.4483373297
175.2000000000 -18.4878395163
175.3000000000 -18.5273079636
175.4000000000 -18.5667440260
175.5000000000 -18.6061490469
175.6000000000 -18.6455243580
175.7000000000 -18.6848712805
175.8000000000 -18.7241911245
175.9000000000 -18.7634851898
176.0000000000 -18.8027547660
176.1000000000 -18.8420011325
176.2000000000 -18.8812255587
176.3000000000 -18.9204293047
176.4000000000 -18.9596136208
176.5000000000 -18.9987797482
176.6000000000 -19.0379289191
176.7000000000 -19.0770623567
176.8000000000 -19.1161812755
176.9000000000 -19.1552868817
177.0000000000 -19.1943803729
177.1000000000 -19.2334629388
177.2000000000 -19.2725357608
177.3000000000 -19.3116000129
177.4000000000 -19.3506568612
177.5000000000 -19.3897074643
177.6000000000 -19.4287529735
177.7000000000 -19.4677945331
177.8000000000 -19.5068332802
177.9000000000 -19.5458703450
178.0000000000 -19.5849068512
178.1000000000 -19.6239439158
178.2000000000 -19.6629826493
178.3000000000 -19.7020241560
178.4000000000 -19.7410695341
178.5000000000 -19.7801198755
178.6000000000 -19.8191762666
178.7000000000 -19.8582397878
178.8000000000 -19.8973115139
178.9000000000 -19.9363925141
179.0000000000 -19.9754838524
179.1000000000 -20.0145865874
179.2000000000 -20.0537017725
179.3000000000 -20.0928304562
179.4000000000 -20.1319736820
179.5000000000 -20.1711324886
179.6000000000 -20.2103079098
179.7000000000 -20.2495009751
179.8000000000 -20.2887127092
179.9000000000 -20.3279441327
180.0000000000 -20.3671962617
180.1000000000 -20.4064701080
180.2000000000 -20.4457666797
180.3000000000 -20.4850869803
180.4000000000 -20.5244320099
180.5000000000 -20.5638027645
180.6000000000 -20.6032002363
180.7000000000 -20.6426254141
180.8000000000 -20.6820792830
180.9000000000 -20.7215628244
181.0000000000 -20.7610770167
181.1000000000 -20.8006228346
181.2000000000 -20.8402012497
181.3000000000 -20.8798132305
181.4000000000 -20.9194597424
181.5000000000 -20.9591417476
181.6000000000 -20.9988602054
181.7000000000 -21.0386160724
181.8000000000 -21.0784103022
181.9000000000 -21.1182438457
182.0000000000 -21.1581176512
182.1000000000 -21.1980326642
182.2000000000 -21.2379898279
182.3000000000 -21.2779900827
182.4000000000 -21.3180343669
182.5000000000 -21.3581236161
182.6000000000 -21.3982587639
182.7000000000 -21.4384407414
182.8000000000 -21.4786704776
182.9000000000 -21.5189488994
183.0000000000 -21.5592769315
183.1000000000 -21.5996554965
183.2000000000 -21.6400855152
183.3000000000 -21.6805679062
183.4000000000 -21.7211035865
183.5000000000 -21.7616934709
183.6000000000 -21.8023384727
183.7000000000 -21.8430395032
183.8000000000 -21.8837974721
183.9000000000 -21.9246132873
184.0000000000 -21.9654878551
184.1000000000 -22.0064220803
184.2000000000 -22.0474168659
184.3000000000 -22.0884731135
184.4000000000 -22.1295917233
184.5000000000 -22.1707735938
184.6000000000 -22.2120196221
184.7000000000 -22.2533307040
184.8000000000 -22.2947077340
184.9000000000 -22.3361516049
185.0000000000 -22.3776632085
185.1000000000 -22.4192434351
185.2000000000 -22.4608931740
185.3000000000 -22.5026133129
185.4000000000 -22.5444047384
185.5000000000 -22.5862683361
185.6000000000 -22.6282049901
185.7000000000 -22.6702155835
185.8000000000 -22.7123009982
185.9000000000 -22.7544621150
186.0000000000 -22.7966998136
186.1000000000 -22.8390149725
186.2000000000 -22.8814084691
186.3000000000 -22.9238811800
186.4000000000 -22.9664339803
186.5000000000 -23.0090677444
186.6000000000 -23.0517833455
186.7000000000 -23.0945816556
186.8000000000 -23.1374635460
186.9000000000 -23.1804298867
187.0000000000 -23.2234815469
187.1000000000 -23.2666193944
187.2000000000 -23.3098442963
187.3000000000 -23.3531571187
187.4000000000 -23.3965587264
187.5000000000 -23.4400499834
187.6000000000 -23.4836317526
187.7000000000 -23.5273048959
187.8000000000 -23.5710702740
187.9000000000 -23.6149287467
188.0000000000 -23.6588811727
188.1000000000 -23.7029284097
188.2000000000 -23.7470713142
188.3000000000 -23.7913107417
188.4000000000 -23.8356475466
188.5000000000 -23.8800825821
188.6000000000 -23.9246167003
188.7000000000 -23.9692507522
188.8000000000 -24.0139855876
188.9000000000 -24.0588220551
189.0000000000 -24.1037610022
189.1000000000 -24.1488032749
189.2000000000 -24.1939497183
189.3000000000 -24.2392011759
189.4000000000 -24.2845584902
189.5000000000 -24.3300225021
189.6000000000 -24.3755940514
189.7000000000 -24.4212739762
189.8000000000 -24.4670631135
189.9000000000 -24.5129622987
190.0000000000 -24.5589723657
190.1000000000 -24.6050941469
190.2000000000 -24.6513284733
190.3000000000 -24.6976761740
190.4000000000 -24.7441380768
190.5000000000 -24.7907150077
190.6000000000 -24.8374077909
190.7000000000 -24.8842172491
190.8000000000 -24.9311442028
190.9000000000 -24.9781894712
191.0000000000 -25.0253538711
191.1000000000 -25.0726382178
191.2000000000 -25.1200433243
191.3000000000 -25.1675700017
191.4000000000 -25.2152190591
191.5000000000 -25.2629913034
191.6000000000 -25.3108875392
191.7000000000 -25.3589085691
191.8000000000 -25.4070551931
191.9000000000 -25.4553282092
192.0000000000 -25.5037284127
192.1000000000 -25.5522565966
192.2000000000 -25.6009135512
192.3000000000 -25.6497000644
192.4000000000 -25.6986169212
192.5000000000 -25.7476649041
192.6000000000 -25.7968447927
192.7000000000 -25.8461573637
192.8000000000 -25.8956033909
192.9000000000 -25.9451836451
193.0000000000 -25.9948988941
193.1000000000 -26.0447499023
193.2000000000 -26.0947374312
193.3000000000 -26.1448622388
193.4000000000 -26.1951250798
193.5000000000 -26.2455267052
193.6000000000 -26.2960678629
193.7000000000 -26.3467492968
193.8000000000 -26.3975717472
193.9000000000 -26.4485359508
194.0000000000 -26.4996426401
194.1000000000 -26.5508925439
194.2000000000 -26.6022863868
194.3000000000 -26.6538248894
194.4000000000 -26.7055087680
194.5000000000 -26.7573387345
194.6000000000 -26.8093154965
194.7000000000 -26.8614397571
194.8000000000 -26.9137122147
194.9000000000 -26.9661335631
195.0000000000 -27.0187044912
195.1000000000 -27.0714256832
195.2000000000 -27.1242978181
195.3000000000 -27.1773215699
195.4000000000 -27.2304976074
195.5000000000 -27.2838265942
195.6000000000 -27.3373091882
195.7000000000 -27.3909460420
195.8000000000 -27.4447378028
195.9000000000 -27.4986851116
196.0000000000 -27.5527886039
196.1000000000 -27.6070489093
196.2000000000 -27.6614666511
196.3000000000 -27.7160424465
196.4000000000 -27.7707769067
196.5000000000 -27.8256706362
196.6000000000 -27.8807242331
196.7000000000 -27.9359382889
196.8000000000 -27.9913133885
196.9000000000 -28.0468501096
197.0000000000 -28.1025490234
197.1000000000 -28.1584106936
197.2000000000 -28.2144356769
197.3000000000 -28.2706245228
197.4000000000 -28.3269777731
197.5000000000 -28.3834959622
197.6000000000 -28.4401796168
197.7000000000 -28.4970292557
197.8000000000 -28.5540453900
197.9000000000 -28.6112285225
198.0000000000 -28.6685791480
198.1000000000 -28.7260977529
198.2000000000 -28.7837848153
198.3000000000 -28.8416408047
198.4000000000 -28.8996661818
198.5000000000 -28.9578613987
198.6000000000 -29.0162268985
198.7000000000 -29.0747631153
198.8000000000 -29.1334704740
198.9000000000 -29.1923493902
199.0000000000 -29.2514002701
199.1000000000 -29.3106235103
199.2000000000 -29.3700194979
199.3000000000 -29.4295886099
199.4000000000 -29.4893312137
199.5000000000 -29.5492476665
199.6000000000 -29.6093383153
199.7000000000 -29.6696034968
199.8000000000 -29.7300435374
199.9000000000 -29.7906587529
200.0000000000 -29.8514494483
200.1000000000 -29.9124159179
200.2000000000 -29.9735584452
200.3000000000 -30.0348773025
200.4000000000 -30.0963727510
200.5000000000 -30.1580450406
200.6000000000 -30.2198944098
200.7000000000 -30.2819210856
200.8000000000 -30.3441252834
200.9000000000 -30.4065072067
201.0000000000 -30.4690670473
201.1000000000 -30.5318049848
201.2000000000 -30.5947211869
201.3000000000 -30.6578158090
201.4000000000 -30.7210889941
201.5000000000 -30.7845408728
201.6000000000 -30.8481715632
201.7000000000 -30.9119811707
201.8000000000 -30.9759697879
201.9000000000 -31.0401374945
202.0000000000 -31.1044843573
202.1000000000 -31.1690104300
202.2000000000 -31.2337157530
202.3000000000 -31.2986003535
202.4000000000 -31.3636642454
202.5000000000 -31.4289074290
202.6000000000 -31.4943298909
202.7000000000 -31.5599316044
202.8000000000 -31.6257125287
202.9000000000 -31.6916726093
203.0000000000 -31.7578117777
203.1000000000 -31.8241299515
203.2000000000 -31.8906270341
203.3000000000 -31.9573029148
203.4000000000 -32.0241574684
203.5000000000 -32.0911905557
203.6000000000 -32.1584020230
203.7000000000 -32.2257917020
203.8000000000 -32.2933594099
203.9000000000 -32.3611049494
204.0000000000 -32.4290281085
204.1000000000 -32.4971286603
204.2000000000 -32.5654063634
204.3000000000 -32.6338609613
204.4000000000 -32.7024921828
204.5000000000 -32.7712997417
204.6000000000 -32.8402833367
204.7000000000 -32.9094426517
204.8000000000 -32.9787773554
204.9000000000 -33.0482871014
205.0000000000 -33.1179715281
205.1000000000 -33.1878302591
205.2000000000 -33.2578629023
205.3000000000 -33.3280690507
205.4000000000 -33.3984482821
205.5000000000 -33.4690001590
205.6000000000 -33.5397242285
205.7000000000 -33.6106200226
205.8000000000 -33.6816870581
205.9000000000 -33.7529248363
206.0000000000 -33.8243328434
206.1000000000 -33.8959105503
206.2000000000 -33.9676574126
206.3000000000 -34.0395728708
206.4000000000 -34.1116563500
206.5000000000 -34.1839072602
206.6000000000 -34.2563249962
206.7000000000 -34.3289089377
206.8000000000 -34.4016584491
206.9000000000 -34.4745728800
207.0000000000 -34.5476515648
207.1000000000 -34.6208938228
207.2000000000 -34.6942989586
207.3000000000 -34.7678662617
207.4000000000 -34.8415950068
207.5000000000 -34.9154844539
207.6000000000 -34.9895338482
207.7000000000 -35.0637424202
207.8000000000 -35.1381093860
207.9000000000 -35.2126339470
208.0000000000 -35.2873152903
208.1000000000 -35.3621525885
208.2000000000 -35.4371450002
208.3000000000 -35.5122916696
208.4000000000 -35.5875917269
208.5000000000 -35.6630442885
208.6000000000 -35.7386484566
208.7000000000 -35.8144033199
208.8000000000 -35.8903079534
208.9000000000 -35.9663614185
209.0000000000 -36.0425627632
209.1000000000 -36.1189110223
209.2000000000 -36.1954052173
209.3000000000 -36.2720443568
209.4000000000 -36.3488274364
209.5000000000 -36.4257534389
209.6000000000 -36.5028213345
209.7000000000 -36.5800300811
209.8000000000 -36.6573786241
209.9000000000 -36.7348658967
210.0000000000 -36.8124908202
210.1000000000 -36.8902523038
210.2000000000 -36.9681492454
210.3000000000 -37.0461805310
210.4000000000 -37.1243450354
210.5000000000 -37.2026416222
210.6000000000 -37.2810691439
210.7000000000 -37.3596264423
210.8000000000 -37.4383123485
210.9000000000 -37.5171256831
211.0000000000 -37.5960652564
211.1000000000 -37.6751298688
211.2000000000 -37.7543183104
211.3000000000 -37.8336293621
211.4000000000 -37.9130617949
211.5000000000 -37.9926143708
211.6000000000 -38.0722858426
211.7000000000 -38.1520749541
211.8000000000 -38.2319804407
211.9000000000 -38.3120010291
212.0000000000 -38.3921354379
212.1000000000 -38.4723823776
212.2000000000 -38.5527405509
212.3000000000 -38.6332086531
212.4000000000 -38.7137853718
212.5000000000 -38.7944693878
212.6000000000 -38.8752593749
212.7000000000 -38.9561540001
212.8000000000 -39.0371519241
212.9000000000 -39.1182518013
213.0000000000 -39.1994522801
213.1000000000 -39.2807520034
213.2000000000 -39.3621496084
213.3000000000 -39.4436437269
213.4000000000 -39.5252329860
213.5000000000 -39.6069160077
213.6000000000 -39.6886914097
213.7000000000 -39.7705578053
213.8000000000 -39.8525138038
213.9000000000 -39.9345580105
214.0000000000 -40.0166890274
214.1000000000 -40.0989054530
214.2000000000 -40.1812058826
214.3000000000 -40.2635889091
214.4000000000 -40.3460531223
214.5000000000 -40.4285971101
214.6000000000 -40.5112194579
214.7000000000 -40.5939187496
214.8000000000 -40.6766935673
214.9000000000 -40.7595424917
215.0000000000 -40.8424641026
215.1000000000 -40.9254569788
215.2000000000 -41.0085196984
215.3000000000 -41.0916508393
215.4000000000 -41.1748489791
215.5000000000 -41.2581126955
215.6000000000 -41.3414405668
215.7000000000 -41.4248311717
215.8000000000 -41.5082830896
215.9000000000 -41.5917949012
216.0000000000 -41.6753651883
216.1000000000 -41.7589925345
216.2000000000 -41.8426755250
216.3000000000 -41.9264127470
216.4000000000 -42.0102027899
216.5000000000 -42.0940442458
216.6000000000 -42.1779357092
216.7000000000 -42.2618757778
216.8000000000 -42.3458630522
216.9000000000 -42.4298961366
217.0000000000 -42.5139736386
217.1000000000 -42.5980941698
217.2000000000 -42.6822563456
217.3000000000 -42.7664587859
217.4000000000 -42.8507001149
217.5000000000 -42.9349789615
217.6000000000 -43.0192939595
217.7000000000 -43.1036437477
217.8000000000 -43.1880269703
217.9000000000 -43.2724422769
218.0000000000 -43.3568883228
218.1000000000 -43.4413637693
218.2000000000 -43.5258672835
218.3000000000 -43.6103975390
218.4000000000 -43.6949532158
218.5000000000 -43.7795330004
218.6000000000 -43.8641355863
218.7000000000 -43.9487596738
218.8000000000 -44.0334039705
218.9000000000 -44.1180671913
219.0000000000 -44.2027480585
219.1000000000 -44.2874453022
219.2000000000 -44.3721576603
219.3000000000 -44.4568838787
219.4000000000 -44.5416227114
219.5000000000 -44.6263729206
219.6000000000 -44.7111332773
219.7000000000 -44.7959025606
219.8000000000 -44.8806795588
219.9000000000 -44.9654630688
220.0000000000 -45.0502518965
220.1000000000 -45.1350448571
220.2000000000 -45.2198407750
220.3000000000 -45.3046384840
220.4000000000 -45.3894368273
220.5000000000 -45.4742346579
220.6000000000 -45.5590308385
220.7000000000 -45.6438242416
220.8000000000 -45.7286137499
220.9000000000 -45.8133982557
221.0000000000 -45.8981766621
221.1000000000 -45.9829478819
221.2000000000 -46.0677108386
221.3000000000 -46.1524644660
221.4000000000 -46.2372077086
221.5000000000 -46.3219395213
221.6000000000 -46.4066588700
221.7000000000 -46.4913647311
221.8000000000 -46.5760560919
221.9000000000 -46.6607319508
222.0000000000 -46.7453913169
222.1000000000 -46.8300332107
222.2000000000 -46.9146566634
222.3000000000 -46.9992607176
222.4000000000 -47.0838444272
222.5000000000 -47.1684068570
222.6000000000 -47.2529470835
222.7000000000 -47.3374641942
222.8000000000 -47.4219572882
222.9000000000 -47.5064254759
223.0000000000 -47.5908678792
223.1000000000 -47.6752836313
223.2000000000 -47.7596718772
223.3000000000 -47.8440317730
223.4000000000 -47.9283624866
223.5000000000 -48.0126631975
223.6000000000 -48.0969330964
223.7000000000 -48.1811713859
223.8000000000 -48.2653772799
223.9000000000 -48.3495500041
224.0000000000 -48.4336887955
224.1000000000 -48.5177929028
224.2000000000 -48.6018615861
224.3000000000 -48.6858941173
224.4000000000 -48.7698897794
224.5000000000 -48.8538478672
224.6000000000 -48.9377676868
224.7000000000 -49.0216485558
224.8000000000 -49.1054898032
224.9000000000 -49.1892907695
225.0000000000 -49.2730508062
225.1000000000 -49.3567692765
225.2000000000 -49.4404455547
225.3000000000 -49.5240790262
225.4000000000 -49.6076690879
225.5000000000 -49.6912151474
225.6000000000 -49.7747166239
225.7000000000 -49.8581729471
225.8000000000 -49.9415835581
225.9000000000 -50.0249479086
226.0000000000 -50.1082654615
226.1000000000 -50.1915356901
226.2000000000 -50.2747580787
226.3000000000 -50.3579321222
226.4000000000 -50.4410573259
226.5000000000 -50.5241332060
226.6000000000 -50.6071592887
226.7000000000 -50.6901351109
226.8000000000 -50.7730602196
226.9000000000 -50.8559341721
227.0000000000 -50.9387565357
227.1000000000 -51.0215268877
227.2000000000 -51.1042448155
227.3000000000 -51.1869099163
227.4000000000 -51.2695217970
227.5000000000 -51.3520800741
227.6000000000 -51.4345843738
227.7000000000 -51.5170343317
227.8000000000 -51.5994295927
227.9000000000 -51.6817698111
228.0000000000 -51.7640546502
228.1000000000 -51.8462837825
228.2000000000 -51.9284568893
228.3000000000 -52.0105736607
228.4000000000 -52.0926337958
228.5000000000 -52.1746370021
228.6000000000 -52.2565829954
228.7000000000 -52.3384715003
228.8000000000 -52.4203022493
228.9000000000 -52.5020749833
229.0000000000 -52.5837894510
229.1000000000 -52.6654454091
229.2000000000 -52.7470426221
229.3000000000 -52.8285808621
229.4000000000 -52.9100599087
229.5000000000 -52.9914795490
229.6000000000 -53.0728395772
229.7000000000 -53.1541397947
229.8000000000 -53.2353800100
229.9000000000 -53.3165600384
230.0000000000 -53.3976797018
230.1000000000 -53.4787388290
230.2000000000 -53.5597372551
230.3000000000 -53.6406748214
230.4000000000 -53.7215513756
230.5000000000 -53.8023667713
230.6000000000 -53.8831208682
230.7000000000 -53.9638135317
230.8000000000 -54.0444446327
230.9000000000 -54.1250140476
231.0000000000 -54.2055216585
231.1000000000 -54.2859673523
231.2000000000 -54.3663510210
231.3000000000 -54.4466725618
231.4000000000 -54.5269318764
231.5000000000 -54.6071288713
231.6000000000 -54.6872634573
231.7000000000 -54.7673355497
231.8000000000 -54.8473450678
231.9000000000 -54.9272919352
232.0000000000 -55.0071760791
232.1000000000 -55.0869974305
232.2000000000 -55.1667559243
232.3000000000 -55.2464514983
232.4000000000 -55.3260840940
232.5000000000 -55.4056536560
232.6000000000 -55.4851601317
232.7000000000 -55.5646034713
232.8000000000 -55.6439836281
232.9000000000 -55.7233005574
233.0000000000 -55.8025542172
233.1000000000 -55.8817445676
233.2000000000 -55.9608715709
233.3000000000 -56.0399351913
233.4000000000 -56.1189353947
233.5000000000 -56.1978721485
233.6000000000 -56.2767454219
233.7000000000 -56.3555551852
233.8000000000 -56.4343014099
233.9000000000 -56.5129840685
234.0000000000 -56.5916031345
234.1000000000 -56.6701585818
234.2000000000 -56.7486503854
234.3000000000 -56.8270785201
234.4000000000 -56.9054429614
234.5000000000 -56.9837436848
234.6000000000 -57.0619806657
234.7000000000 -57.1401538794
234.8000000000 -57.2182633008
234.9000000000 -57.2963089044
235.0000000000 -57.3742906641
235.1000000000 -57.4522085529
235.2000000000 -57.5300625430
235.3000000000 -57.6078526056
235.4000000000 -57.6855787104
235.5000000000 -57.7632408262
235.6000000000 -57.8408389199
235.7000000000 -57.9183729570
235.8000000000 -57.9958429012
235.9000000000 -58.0732487142
236.0000000000 -58.1505903558
236.1000000000 -58.2278677835
236.2000000000 -58.3050809525
236.3000000000 -58.3822298155
236.4000000000 -58.4593143226
236.5000000000 -58.5363344213
236.6000000000 -58.6132900561
236.7000000000 -58.6901811685
236.8000000000 -58.7670076970
236.9000000000 -58.8437695767
237.0000000000 -58.9204667394
237.1000000000 -58.9970991134
237.2000000000 -59.0736666232
237.3000000000 -59.1501691897
237.4000000000 -59.2266067300
237.5000000000 -59.3029791569
237.6000000000 -59.3792863793
237.7000000000 -59.4555283018
237.8000000000 -59.5317048246
237.9000000000 -59.6078158436
238.0000000000 -59.6838612498
238.1000000000 -59.7598409297
238.2000000000 -59.8357547650
238.3000000000 -59.9116026324
238.4000000000 -59.9873844035
238.5000000000 -60.0630999450
238.6000000000 -60.1387491182
238.7000000000 -60.2143317791
238.8000000000 -60.2898477782
238.9000000000 -60.3652969605
239.0000000000 -60.4406791655
239.1000000000 -60.5159942267
239.2000000000 -60.5912419720
239.3000000000 -60.6664222234
239.4000000000 -60.7415347968
239.5000000000 -60.8165795021
239.6000000000 -60.8915561429
239.7000000000 -60.9664645168
239.8000000000 -61.0413044148
239.9000000000 -61.1160756218
240.0000000000 -61.1907779159
240.1000000000 -61.2654110689
240.2000000000 -61.3399748459
240.3000000000 -61.4144690054
240.4000000000 -61.4888932990
240.5000000000 -61.5632474716
240.6000000000 -61.6375312611
240.7000000000 -61.7117443988
240.8000000000 -61.7858866086
240.9000000000 -61.8599576077
241.0000000000 -61.9339571060
241.1000000000 -62.0078848064
241.2000000000 -62.0817404045
241.3000000000 -62.1555235888
241.4000000000 -62.2292340405
241.5000000000 -62.3028714335
241.6000000000 -62.3764354343
241.7000000000 -62.4499257022
241.8000000000 -62.5233418889
241.9000000000 -62.5966836390
242.0000000000 -62.6699505892
242.1000000000 -62.7431423692
242.2000000000 -62.8162586010
242.3000000000 -62.8892988989
242.4000000000 -62.9622628702
242.5000000000 -63.0351501143
242.6000000000 -63.1079602230
242.7000000000 -63.1806927810
242.8000000000 -63.2533473650
242.9000000000 -63.3259235446
243.0000000000 -63.3984208814
243.1000000000 -63.4708389300
243.2000000000 -63.5431772370
243.3000000000 -63.6154353419
243.4000000000 -63.6876127765
243.5000000000 -63.7597090651
243.6000000000 -63.8317237249
243.7000000000 -63.9036562652
243.8000000000 -63.9755061883
243.9000000000 -64.0472729889
244.0000000000 -64.1189561545
244.1000000000 -64.1905551653
244.2000000000 -64.2620694942
244.3000000000 -64.3334986070
244.4000000000 -64.4048419621
244.5000000000 -64.4760990110
244.6000000000 -64.5472691980
244.7000000000 -64.6183519605
244.8000000000 -64.6893467288
244.9000000000 -64.7602529264
245.0000000000 -64.8310699699
245.1000000000 -64.9017972692
245.2000000000 -64.9724342272
245.3000000000 -65.0429802405
245.4000000000 -65.1134346990
245.5000000000 -65.1837969859
245.6000000000 -65.2540664783
245.7000000000 -65.3242425467
245.8000000000 -65.3943245554
245.9000000000 -65.4643118626
246.0000000000 -65.5342038202
246.1000000000 -65.6039997743
246.2000000000 -65.6736990650
246.3000000000 -65.7433010264
246.4000000000 -65.8128049871
246.5000000000 -65.8822102701
246.6000000000 -65.9515161925
246.7000000000 -66.0207220664
246.8000000000 -66.0898271984
246.9000000000 -66.1588308897
247.0000000000 -66.2277324366
247.1000000000 -66.2965311303
247.2000000000 -66.3652262573
247.3000000000 -66.4338170990
247.4000000000 -66.5023029324
247.5000000000 -66.5706830298
247.6000000000 -66.6389566592
247.7000000000 -66.7071230843
247.8000000000 -66.7751815645
247.9000000000 -66.8431313552
248.0000000000 -66.9109717080
248.1000000000 -66.9787018706
248.2000000000 -67.0463210870
248.3000000000 -67.1138285978
248.4000000000 -67.1812236401
248.5000000000 -67.2485054477
248.6000000000 -67.3156732515
248.7000000000 -67.3827262792
248.8000000000 -67.4496637557
248.9000000000 -67.5164849033
249.0000000000 -67.5831889415
249.1000000000 -67.6497750876
249.2000000000 -67.7162425566
249.3000000000 -67.7825905613
249.4000000000 -67.8488183125
249.5000000000 -67.9149250192
249.6000000000 -67.9809098887
249.7000000000 -68.0467721267
249.8000000000 -68.1125109376
249.9000000000 -68.1781255245
250.0000000000 -68.2436150893
250.1000000000 -68.3089788331
250.2000000000 -68.3742159563
250.3000000000 -68.4393256583
250.4000000000 -68.5043071383
250.5000000000 -68.5691595950
250.6000000000 -68.6338822271
250.7000000000 -68.6984742331
250.8000000000 -68.7629348117
250.9000000000 -68.8272631617
251.0000000000 -68.8914584825
251.1000000000 -68.9555199741
251.2000000000 -69.0194468371
251.3000000000 -69.0832382730
251.4000000000 -69.1468934844
251.5000000000 -69.2104116750
251.6000000000 -69.2737920499
251.7000000000 -69.3370338157
251.8000000000 -69.4001361805
251.9000000000 -69.4630983545
252.0000000000 -69.5259195494
252.1000000000 -69.5885989794
252.2000000000 -69.6511358606
252.3000000000 -69.7135294117
252.4000000000 -69.7757788540
252.5000000000 -69.8378834112
252.6000000000 -69.8998423101
252.7000000000 -69.9616547803
252.8000000000 -70.0233200546
252.9000000000 -70.0848373690
253.0000000000 -70.1462059629
253.1000000000 -70.2074250794
253.2000000000 -70.2684939650
253.3000000000 -70.3294118703
253.4000000000 -70.3901780497
253.5000000000 -70.4507917617
253.6000000000 -70.5112522692
253.7000000000 -70.5715588391
253.8000000000 -70.6317107433
253.9000000000 -70.6917072579
254.0000000000 -70.7515476639
254.1000000000 -70.8112312473
254.2000000000 -70.8707572989
254.3000000000 -70.9301251150
254.4000000000 -70.9893339966
254.5000000000 -71.0483832507
254.6000000000 -71.1072721894
254.7000000000 -71.1660001305
254.8000000000 -71.2245663976
254.9000000000 -71.2829703202
255.0000000000 -71.3412112337
255.1000000000 -71.3992884796
255.2000000000 -71.4572014056
255.3000000000 -71.5149493657
255.4000000000 -71.5725317203
255.5000000000 -71.6299478362
255.6000000000 -71.6871970872
255.7000000000 -71.7442788533
255.8000000000 -71.8011925217
255.9000000000 -71.8579374863
256.0000000000 -71.9145131482
256.1000000000 -71.9709189154
256.2000000000 -72.0271542032
256.3000000000 -72.0832184341
256.4000000000 -72.1391110382
256.5000000000 -72.1948314526
256.6000000000 -72.2503791225
256.7000000000 -72.3057535003
256.8000000000 -72.3609540461
256.9000000000 -72.4159802281
257.0000000000 -72.4708315219
257.1000000000 -72.5255074115
257.2000000000 -72.5800073884
257.3000000000 -72.6343309525
257.4000000000 -72.6884776117
257.5000000000 -72.7424468821
257.6000000000 -72.7962382880
257.7000000000 -72.8498513619
257.8000000000 -72.9032856450
257.9000000000 -72.9565406867
258.0000000000 -73.0096160447
258.1000000000 -73.0625112855
258.2000000000 -73.1152259841
258.3000000000 -73.1677597240
258.4000000000 -73.2201120975
258.5000000000 -73.2722827055
258.6000000000 -73.3242711577
258.7000000000 -73.3760770725
258.8000000000 -73.4277000772
258.9000000000 -73.4791398079
259.0000000000 -73.5303959096
259.1000000000 -73.5814680362
259.2000000000 -73.6323558505
259.3000000000 -73.6830590244
259.4000000000 -73.7335772387
259.5000000000 -73.7839101830
259.6000000000 -73.8340575563
259.7000000000 -73.8840190664
259.8000000000 -73.9337944302
259.9000000000 -73.9833833738
