0.0000000000 -75.5758650233
0.1000000000 -75.6170736116
0.2000000000 -75.4414737827
0.3000000000 -74.9331530305
0.4000000000 -74.1030312319
0.5000000000 -73.0060100631
0.6000000000 -71.6882693320
0.7000000000 -70.1679171555
0.8000000000 -68.4287383114
0.9000000000 -66.4135243595
1.0000000000 -64.0144924283
1.1000000000 -61.0882404340
1.2000000000 -57.5522949298
1.3000000000 -53.4524404582
1.4000000000 -48.8275613789
1.5000000000 -43.5619197537
1.6000000000 -37.4418399157
1.7000000000 -30.2559935725
1.8000000000 -21.7624269414
1.9000000000 -11.6245878430
2.0000000000 0.5164313183
2.1000000000 14.4139162182
2.2000000000 27.3324598389
2.3000000000 34.7219784149
2.4000000000 36.7244580790
2.5000000000 36.7934021426
2.6000000000 36.7406030897
2.7000000000 36.8027295032
2.8000000000 36.9185108933
2.9000000000 37.0385333626
3.0000000000 37.1390211524
3.1000000000 37.2105600179
3.2000000000 37.2507365484
3.3000000000 37.2603203567
3.4000000000 37.2413692988
3.5000000000 37.1963151782
3.6000000000 37.1275439194
3.7000000000 37.0372227851
3.8000000000 36.9272483544
3.9000000000 36.7992508084
4.0000000000 36.6546218906
4.1000000000 36.4945503697
4.2000000000 36.3200573394
4.3000000000 36.1320280456
4.4000000000 35.9312391197
4.5000000000 35.7183811494
4.6000000000 35.4940769838
4.7000000000 35.2588963418
4.8000000000 35.0133673119
4.9000000000 34.7579852954
5.0000000000 34.4932198717
5.1000000000 34.2195199976
5.2000000000 33.9373178793
5.3000000000 33.6470318005
5.4000000000 33.3490681333
5.5000000000 33.0438227191
5.6000000000 32.7316817691
5.7000000000 32.4130224043
5.8000000000 32.0882129322
5.9000000000 31.7576129348
6.0000000000 31.4215732305
6.1000000000 31.0804357546
6.2000000000 30.7345333961
6.3000000000 30.3841898189
6.4000000000 30.0297192863
6.5000000000 29.6714265056
6.6000000000 29.3096065020
6.7000000000 28.9445445291
6.8000000000 28.5765160195
6.9000000000 28.2057865779
7.0000000000 27.8326120154
7.1000000000 27.4572384247
7.2000000000 27.0799022938
7.3000000000 26.7008306545
7.4000000000 26.3202412626
7.5000000000 25.9383428066
7.6000000000 25.5553351407
7.7000000000 25.1714095381
7.8000000000 24.7867489614
7.9000000000 24.4015283463
8.0000000000 24.0159148955
8.1000000000 23.6300683788
8.2000000000 23.2441414385
8.3000000000 22.8582798952
8.4000000000 22.4726230532
8.5000000000 22.0873040032
8.6000000000 21.7024499196
8.7000000000 21.3181823529
8.8000000000 20.9346175126
8.9000000000 20.5518665432
9.0000000000 20.1700357891
9.1000000000 19.7892270502
9.2000000000 19.4095378253
9.3000000000 19.0310615454
9.4000000000 18.6538877939
9.5000000000 18.2781025156
9.6000000000 17.9037882135
9.7000000000 17.5310241333
9.8000000000 17.1598864360
9.9000000000 16.7904483591
10.0000000000 16.4227803650
10.1000000000 16.0569502793
10.2000000000 15.6930234176
10.3000000000 15.3310627008
10.4000000000 14.9711287613
10.5000000000 14.6132800380
10.6000000000 14.2575728630
10.7000000000 13.9040615381
10.8000000000 13.5527984032
10.9000000000 13.2038338964
11.0000000000 12.8572166064
11.1000000000 12.5129933178
11.2000000000 12.1712090491
11.3000000000 11.8319070856
11.4000000000 11.4951290050
11.5000000000 11.1609146990
11.6000000000 10.8293023896
11.7000000000 10.5003286411
11.8000000000 10.1740283683
11.9000000000 9.8504348415
12.0000000000 9.5295796884
12.1000000000 9.2114928937
12.2000000000 8.8962027970
12.3000000000 8.5837360887
12.4000000000 8.2741178051
12.5000000000 7.9673713225
12.6000000000 7.6635183517
12.7000000000 7.3625789317
12.8000000000 7.0645714245
12.9000000000 6.7695125100
13.0000000000 6.4774171829
13.1000000000 6.1882987501
13.2000000000 5.9021688299
13.3000000000 5.6190373537
13.4000000000 5.3389125688
13.5000000000 5.0618010442
13.6000000000 4.7877076786
13.7000000000 4.5166357104
13.8000000000 4.2485867315
13.9000000000 3.9835607026
14.0000000000 3.7215559719
14.1000000000 3.4625692968
14.2000000000 3.2065958672
14.3000000000 2.9536293331
14.4000000000 2.7036618337
14.5000000000 2.4566840294
14.6000000000 2.2126851367
14.7000000000 1.9716529649
14.8000000000 1.7335739553
14.9000000000 1.4984332227
15.0000000000 1.2662145983
15.1000000000 1.0369006749
15.2000000000 0.8104728533
15.3000000000 0.5869113907
15.4000000000 0.3661954492
15.5000000000 0.1483031466
15.6000000000 -0.0667883930
15.7000000000 -0.2791029875
15.8000000000 -0.4886653444
15.9000000000 -0.6955010091
16.0000000000 -0.8996363117
16.1000000000 -1.1010983157
16.2000000000 -1.2999147651
16.3000000000 -1.4961140335
16.4000000000 -1.6897250729
16.5000000000 -1.8807773631
16.6000000000 -2.0693008630
16.7000000000 -2.2553259617
16.8000000000 -2.4388834313
16.9000000000 -2.6200043807
17.0000000000 -2.7987202108
17.1000000000 -2.9750625710
17.2000000000 -3.1490633171
17.3000000000 -3.3207544702
17.4000000000 -3.4901681783
17.5000000000 -3.6573366782
17.6000000000 -3.8222922594
17.7000000000 -3.9850672301
17.8000000000 -4.1456938840
17.9000000000 -4.3042044692
18.0000000000 -4.4606311586
18.1000000000 -4.6150060218
18.2000000000 -4.7673609986
18.3000000000 -4.9177278744
18.4000000000 -5.0661382563
18.5000000000 -5.2126235517
18.6000000000 -5.3572149477
18.7000000000 -5.4999433919
18.8000000000 -5.6408395751
18.9000000000 -5.7799339151
19.0000000000 -5.9172565412
19.1000000000 -6.0528372810
19.2000000000 -6.1867056478
19.3000000000 -6.3188908291
19.4000000000 -6.4494216765
19.5000000000 -6.5783266964
19.6000000000 -6.7056340420
19.7000000000 -6.8313715060
19.8000000000 -6.9555665144
19.9000000000 -7.0782461210
20.0000000000 -7.1994370030
20.1000000000 -7.3191654570
20.2000000000 -7.4374573962
20.3000000000 -7.5543383479
20.4000000000 -7.6698334517
20.5000000000 -7.7839674586
20.6000000000 -7.8967647305
20.7000000000 -8.0082492400
20.8000000000 -8.1184445711
20.9000000000 -8.2273739203
21.0000000000 -8.3350600976
21.1000000000 -8.4415255288
21.2000000000 -8.5467922574
21.3000000000 -8.6508819473
21.4000000000 -8.7538158852
21.5000000000 -8.8556149846
21.6000000000 -8.9562997882
21.7000000000 -9.0558904721
21.8000000000 -9.1544068497
21.9000000000 -9.2518683752
22.0000000000 -9.3482941484
22.1000000000 -9.4437029186
22.2000000000 -9.5381130894
22.3000000000 -9.6315427232
22.4000000000 -9.7240095458
22.5000000000 -9.8155309513
22.6000000000 -9.9061240070
22.7000000000 -9.9958054583
22.8000000000 -10.0845917338
22.9000000000 -10.1724989501
23.0000000000 -10.2595429170
23.1000000000 -10.3457391426
23.2000000000 -10.4311028384
23.3000000000 -10.5156489241
23.4000000000 -10.5993920333
23.5000000000 -10.6823465177
23.6000000000 -10.7645264531
23.7000000000 -10.8459456437
23.8000000000 -10.9266176273
23.9000000000 -11.0065556805
24.0000000000 -11.0857728233
24.1000000000 -11.1642818241
24.2000000000 -11.2420952046
24.3000000000 -11.3192252444
24.4000000000 -11.3956839860
24.5000000000 -11.4714832391
24.6000000000 -11.5466345855
24.7000000000 -11.6211493836
24.8000000000 -11.6950387727
24.9000000000 -11.7683136777
25.0000000000 -11.8409848131
25.1000000000 -11.9130626877
25.2000000000 -11.9845576085
25.3000000000 -12.0554796849
25.4000000000 -12.1258388330
25.5000000000 -12.1956447793
25.6000000000 -12.2649070650
25.7000000000 -12.3336350495
25.8000000000 -12.4018379145
25.9000000000 -12.4695246674
26.0000000000 -12.5367041454
26.1000000000 -12.6033850188
26.2000000000 -12.6695757947
26.3000000000 -12.7352848203
26.4000000000 -12.8005202862
26.5000000000 -12.8652902301
26.6000000000 -12.9296025397
26.7000000000 -12.9934649564
26.8000000000 -13.0568850775
26.9000000000 -13.1198703602
27.0000000000 -13.1824281242
27.1000000000 -13.2445655547
27.2000000000 -13.3062897051
27.3000000000 -13.3676075001
27.4000000000 -13.4285257383
27.5000000000 -13.4890510949
27.6000000000 -13.5491901245
27.7000000000 -13.6089492633
27.8000000000 -13.6683348321
27.9000000000 -13.7273530386
28.0000000000 -13.7860099795
28.1000000000 -13.8443116434
28.2000000000 -13.9022639128
28.3000000000 -13.9598725664
28.4000000000 -14.0171432814
28.5000000000 -14.0740816354
28.6000000000 -14.1306931089
28.7000000000 -14.1869830873
28.8000000000 -14.2429568626
28.9000000000 -14.2986196356
29.0000000000 -14.3539765181
29.1000000000 -14.4090325341
29.2000000000 -14.4637926225
29.3000000000 -14.5182616382
29.4000000000 -14.5724443543
29.5000000000 -14.6263454636
29.6000000000 -14.6799695803
29.7000000000 -14.7333212419
29.8000000000 -14.7864049106
29.9000000000 -14.8392249747
30.0000000000 -14.8917857505
30.1000000000 -14.9440914838
30.2000000000 -14.9961463510
30.3000000000 -15.0479544609
30.4000000000 -15.0995198560
30.5000000000 -15.1508465137
30.6000000000 -15.2019383481
30.7000000000 -15.2527992107
30.8000000000 -15.3034328922
30.9000000000 -15.3538431236
31.0000000000 -15.4040335773
31.1000000000 -15.4540078685
31.2000000000 -15.5037695560
31.3000000000 -15.5533221440
31.4000000000 -15.6026690825
31.5000000000 -15.6518137691
31.6000000000 -15.7007595495
31.7000000000 -15.7495097188
31.8000000000 -15.7980675224
31.9000000000 -15.8464361573
32.0000000000 -15.8946187728
32.1000000000 -15.9426184715
32.2000000000 -15.9904383103
32.3000000000 -16.0380813013
32.4000000000 -16.0855504128
32.5000000000 -16.1328485698
32.6000000000 -16.1799786556
32.7000000000 -16.2269435117
32.8000000000 -16.2737459393
32.9000000000 -16.3203887001
33.0000000000 -16.3668745165
33.1000000000 -16.4132060731
33.2000000000 -16.4593860170
33.3000000000 -16.5054169586
33.4000000000 -16.5513014724
33.5000000000 -16.5970420977
33.6000000000 -16.6426413393
33.7000000000 -16.6881016681
33.8000000000 -16.7334255219
33.9000000000 -16.7786153058
34.0000000000 -16.8236733931
34.1000000000 -16.8686021258
34.2000000000 -16.9134038153
34.3000000000 -16.9580807427
34.4000000000 -17.0026351599
34.5000000000 -17.0470692895
34.6000000000 -17.0913853260
34.7000000000 -17.1355854360
34.8000000000 -17.1796717588
34.9000000000 -17.2236464069
35.0000000000 -17.2675114666
35.1000000000 -17.3112689984
35.2000000000 -17.3549210376
35.3000000000 -17.3984695946
35.4000000000 -17.4419166556
35.5000000000 -17.4852641830
35.6000000000 -17.5285141156
35.7000000000 -17.5716683695
35.8000000000 -17.6147288380
35.9000000000 -17.6576973927
36.0000000000 -17.7005758832
36.1000000000 -17.7433661380
36.2000000000 -17.7860699647
36.3000000000 -17.8286891504
36.4000000000 -17.8712254622
36.5000000000 -17.9136806474
36.6000000000 -17.9560564340
36.7000000000 -17.9983545312
36.8000000000 -18.0405766292
36.9000000000 -18.0827244004
37.0000000000 -18.1247994989
37.1000000000 -18.1668035615
37.2000000000 -18.2087382074
37.3000000000 -18.2506050393
37.4000000000 -18.2924056428
37.5000000000 -18.3341415876
37.6000000000 -18.3758144272
37.7000000000 -18.4174256993
37.8000000000 -18.4589769264
37.9000000000 -18.5004696157
38.0000000000 -18.5419052597
38.1000000000 -18.5832853362
38.2000000000 -18.6246113086
38.3000000000 -18.6658846266
38.4000000000 -18.7071067258
38.5000000000 -18.7482790284
38.6000000000 -18.7894029433
38.7000000000 -18.8304798665
38.8000000000 -18.8715111811
38.9000000000 -18.9124982575
39.0000000000 -18.9534424541
39.1000000000 -18.9943451170
39.2000000000 -19.0352075806
39.3000000000 -19.0760311674
39.4000000000 -19.1168171887
39.5000000000 -19.1575669445
39.6000000000 -19.1982817238
39.7000000000 -19.2389628048
39.8000000000 -19.2796114550
39.9000000000 -19.3202289317
40.0000000000 -19.3608164818
40.1000000000 -19.4013753422
40.2000000000 -19.4419067401
40.3000000000 -19.4824118928
40.4000000000 -19.5228920082
40.5000000000 -19.5633482852
40.6000000000 -19.6037819130
40.7000000000 -19.6441940723
40.8000000000 -19.6845859349
40.9000000000 -19.7249586638
41.0000000000 -19.7653134137
41.1000000000 -19.8056513309
41.2000000000 -19.8459735536
41.3000000000 -19.8862812119
41.4000000000 -19.9265754281
41.5000000000 -19.9668573167
41.6000000000 -20.0071279849
41.7000000000 -20.0473885321
41.8000000000 -20.0876400506
41.9000000000 -20.1278836256
42.0000000000 -20.1681203352
42.1000000000 -20.2083512505
42.2000000000 -20.2485774359
42.3000000000 -20.2887999494
42.4000000000 -20.3290198422
42.5000000000 -20.3692381592
42.6000000000 -20.4094559389
42.7000000000 -20.4496742140
42.8000000000 -20.4898940108
42.9000000000 -20.5301163498
43.0000000000 -20.5703422458
43.1000000000 -20.6105727076
43.2000000000 -20.6508087387
43.3000000000 -20.6910513370
43.4000000000 -20.7313014950
43.5000000000 -20.7715601999
43.6000000000 -20.8118284336
43.7000000000 -20.8521071732
43.8000000000 -20.8923973905
43.9000000000 -20.9327000526
44.0000000000 -20.9730161216
44.1000000000 -21.0133465551
44.2000000000 -21.0536923059
44.3000000000 -21.0940543224
44.4000000000 -21.1344335483
44.5000000000 -21.1748309231
44.6000000000 -21.2152473821
44.7000000000 -21.2556838561
44.8000000000 -21.2961412720
44.9000000000 -21.3366205526
45.0000000000 -21.3771226167
45.1000000000 -21.4176483791
45.2000000000 -21.4581987508
45.3000000000 -21.4987746393
45.4000000000 -21.5393769480
45.5000000000 -21.5800065769
45.6000000000 -21.6206644224
45.7000000000 -21.6613513775
45.8000000000 -21.7020683316
45.9000000000 -21.7428161709
46.0000000000 -21.7835957782
46.1000000000 -21.8244080330
46.2000000000 -21.8652538119
46.3000000000 -21.9061339880
46.4000000000 -21.9470494316
46.5000000000 -21.9880010099
46.6000000000 -22.0289895872
46.7000000000 -22.0700160247
46.8000000000 -22.1110811811
46.9000000000 -22.1521859118
47.0000000000 -22.1933310701
47.1000000000 -22.2345175059
47.2000000000 -22.2757460670
47.3000000000 -22.3170175983
47.4000000000 -22.3583329422
47.5000000000 -22.3996929386
47.6000000000 -22.4410984249
47.7000000000 -22.4825502361
47.8000000000 -22.5240492047
47.9000000000 -22.5655961610
48.0000000000 -22.6071919328
48.1000000000 -22.6488373457
48.2000000000 -22.6905332232
48.3000000000 -22.7322803863
48.4000000000 -22.7740796541
48.5000000000 -22.8159318433
48.6000000000 -22.8578377687
48.7000000000 -22.8997982429
48.8000000000 -22.9418140765
48.9000000000 -22.9838860781
49.0000000000 -23.0260150542
49.1000000000 -23.0682018094
49.2000000000 -23.1104471463
49.3000000000 -23.1527518657
49.4000000000 -23.1951167665
49.5000000000 -23.2375426455
49.6000000000 -23.2800302980
49.7000000000 -23.3225805171
49.8000000000 -23.3651940944
49.9000000000 -23.4078718196
50.0000000000 -23.4506144805
50.1000000000 -23.4934228633
50.2000000000 -23.5362977524
50.3000000000 -23.5792399306
50.4000000000 -23.6222501788
50.5000000000 -23.6653292763
50.6000000000 -23.7084780006
50.7000000000 -23.7516971277
50.8000000000 -23.7949874319
50.9000000000 -23.8383496858
51.0000000000 -23.8817846603
51.1000000000 -23.9252931247
51.2000000000 -23.9688758467
51.3000000000 -24.0125335924
51.4000000000 -24.0562671262
51.5000000000 -24.1000772109
51.6000000000 -24.1439646077
51.7000000000 -24.1879300761
51.8000000000 -24.2319743743
51.9000000000 -24.2760982584
52.0000000000 -24.3203024833
52.1000000000 -24.3645878020
52.2000000000 -24.4089549661
52.3000000000 -24.4534047253
52.4000000000 -24.4979378280
52.5000000000 -24.5425550208
52.6000000000 -24.5872570486
52.7000000000 -24.6320446548
52.8000000000 -24.6769185809
52.9000000000 -24.7218795669
53.0000000000 -24.7669283513
53.1000000000 -24.8120656705
53.2000000000 -24.8572922595
53.3000000000 -24.9026088515
53.4000000000 -24.9480161779
53.5000000000 -24.9935149685
53.6000000000 -25.0391059512
53.7000000000 -25.0847898522
53.8000000000 -25.1305673958
53.9000000000 -25.1764393047
54.0000000000 -25.2224062994
54.1000000000 -25.2684690990
54.2000000000 -25.3146284204
54.3000000000 -25.3608849786
54.4000000000 -25.4072394868
54.5000000000 -25.4536926563
54.6000000000 -25.5002451961
54.7000000000 -25.5468978136
54.8000000000 -25.5936512140
54.9000000000 -25.6405061003
55.0000000000 -25.6874631735
55.1000000000 -25.7345231327
55.2000000000 -25.7816866745
55.3000000000 -25.8289544936
55.4000000000 -25.8763272822
55.5000000000 -25.9238057306
55.6000000000 -25.9713905264
55.7000000000 -26.0190823552
55.8000000000 -26.0668819001
55.9000000000 -26.1147898419
56.0000000000 -26.1628068588
56.1000000000 -26.2109336267
56.2000000000 -26.2591708188
56.3000000000 -26.3075191058
56.4000000000 -26.3559791559
56.5000000000 -26.4045516345
56.6000000000 -26.4532372045
56.7000000000 -26.5020365257
56.8000000000 -26.5509502556
56.9000000000 -26.5999790484
57.0000000000 -26.6491235558
57.1000000000 -26.6983844263
57.2000000000 -26.7477623054
57.3000000000 -26.7972578359
57.4000000000 -26.8468716571
57.5000000000 -26.8966044055
57.6000000000 -26.9464567141
57.7000000000 -26.9964292129
57.8000000000 -27.0465225284
57.9000000000 -27.0967372838
58.0000000000 -27.1470740990
58.1000000000 -27.1975335903
58.2000000000 -27.2481163705
58.3000000000 -27.2988230487
58.4000000000 -27.3496542305
58.5000000000 -27.4006105176
58.6000000000 -27.4516925081
58.7000000000 -27.5029007960
58.8000000000 -27.5542359717
58.9000000000 -27.6056986214
59.0000000000 -27.6572893273
59.1000000000 -27.7090086674
59.2000000000 -27.7608572157
59.3000000000 -27.8128355417
59.4000000000 -27.8649442109
59.5000000000 -27.9171837842
59.6000000000 -27.9695548179
59.7000000000 -28.0220578641
59.8000000000 -28.0746934699
59.9000000000 -28.1274621781
60.0000000000 -28.1803645264
60.1000000000 -28.2334010480
60.2000000000 -28.2865722709
60.3000000000 -28.3398787182
60.4000000000 -28.3933209081
60.5000000000 -28.4468993533
60.6000000000 -28.5006145616
60.7000000000 -28.5544670354
60.8000000000 -28.6084572717
60.9000000000 -28.6625857620
61.0000000000 -28.7168529924
61.1000000000 -28.7712594431
61.2000000000 -28.8258055889
61.3000000000 -28.8804918987
61.4000000000 -28.9353188354
61.5000000000 -28.9902868561
61.6000000000 -29.0453964118
61.7000000000 -29.1006479473
61.8000000000 -29.1560419013
61.9000000000 -29.2115787063
62.0000000000 -29.2672587881
62.1000000000 -29.3230825662
62.2000000000 -29.3790504536
62.3000000000 -29.4351628567
62.4000000000 -29.4914201749
62.5000000000 -29.5478228010
62.6000000000 -29.6043711209
62.7000000000 -29.6610655133
62.8000000000 -29.7179063501
62.9000000000 -29.7748939958
63.0000000000 -29.8320288077
63.1000000000 -29.8893111357
63.2000000000 -29.9467413224
63.3000000000 -30.0043197027
63.4000000000 -30.0620466041
63.5000000000 -30.1199223460
63.6000000000 -30.1779472404
63.7000000000 -30.2361215911
63.8000000000 -30.2944456943
63.9000000000 -30.3529198376
64.0000000000 -30.4115443009
64.1000000000 -30.4703193557
64.2000000000 -30.5292452650
64.3000000000 -30.5883222835
64.4000000000 -30.6475506576
64.5000000000 -30.7069306246
64.6000000000 -30.7664624136
64.7000000000 -30.8261462446
64.8000000000 -30.8859823288
64.9000000000 -30.9459708686
65.0000000000 -31.0061120572
65.1000000000 -31.0664060785
65.2000000000 -31.1268531077
65.3000000000 -31.1874533101
65.4000000000 -31.2482068421
65.5000000000 -31.3091138504
65.6000000000 -31.3701744720
65.7000000000 -31.4313888346
65.8000000000 -31.4927570560
65.9000000000 -31.5542792441
66.0000000000 -31.6159554972
66.1000000000 -31.6777859034
66.2000000000 -31.7397705408
66.3000000000 -31.8019094775
66.4000000000 -31.8642027712
66.5000000000 -31.9266504696
66.6000000000 -31.9892526098
66.7000000000 -32.0520092187
66.8000000000 -32.1149203125
66.9000000000 -32.1779858969
67.0000000000 -32.2412059672
67.1000000000 -32.3045805076
67.2000000000 -32.3681094917
67.3000000000 -32.4317928825
67.4000000000 -32.4956306317
67.5000000000 -32.5596226803
67.6000000000 -32.6237689581
67.7000000000 -32.6880693840
67.8000000000 -32.7525238655
67.9000000000 -32.8171322992
68.0000000000 -32.8818945701
68.1000000000 -32.9468105522
68.2000000000 -33.0118801078
68.3000000000 -33.0771030881
68.4000000000 -33.1424793325
68.5000000000 -33.2080086692
68.6000000000 -33.2736909145
68.7000000000 -33.3395258734
68.8000000000 -33.4055133390
68.9000000000 -33.4716530929
69.0000000000 -33.5379449047
69.1000000000 -33.6043885324
69.2000000000 -33.6709837223
69.3000000000 -33.7377302086
69.4000000000 -33.8046277138
69.5000000000 -33.8716759485
69.6000000000 -33.9388746113
69.7000000000 -34.0062233888
69.8000000000 -34.0737219557
69.9000000000 -34.1413699748
70.0000000000 -34.2091670967
70.1000000000 -34.2771129601
70.2000000000 -34.3452071916
70.3000000000 -34.4134494058
70.4000000000 -34.4818392052
70.5000000000 -34.5503761802
70.6000000000 -34.6190599093
70.7000000000 -34.6878899588
70.8000000000 -34.7568658829
70.9000000000 -34.8259872237
71.0000000000 -34.8952535115
71.1000000000 -34.9646642644
71.2000000000 -35.0342189883
71.3000000000 -35.1039171774
71.4000000000 -35.1737583137
71.5000000000 -35.2437418672
71.6000000000 -35.3138672961
71.7000000000 -35.3841340466
71.8000000000 -35.4545415528
71.9000000000 -35.5250892373
72.0000000000 -35.5957765105
72.1000000000 -35.6666027714
72.2000000000 -35.7375674067
72.3000000000 -35.8086697919
72.4000000000 -35.8799092906
72.5000000000 -35.9512852546
72.6000000000 -36.0227970245
72.7000000000 -36.0944439291
72.8000000000 -36.1662252858
72.9000000000 -36.2381404006
73.0000000000 -36.3101885681
73.1000000000 -36.3823690718
73.2000000000 -36.4546811838
73.3000000000 -36.5271241651
73.4000000000 -36.5996972655
73.5000000000 -36.6723997242
73.6000000000 -36.7452307691
73.7000000000 -36.8181896173
73.8000000000 -36.8912754753
73.9000000000 -36.9644875389
74.0000000000 -37.0378249933
74.1000000000 -37.1112870132
74.2000000000 -37.1848727628
74.3000000000 -37.2585813962
74.4000000000 -37.3324120573
74.5000000000 -37.4063638798
74.6000000000 -37.4804359874
74.7000000000 -37.5546274941
74.8000000000 -37.6289375039
74.9000000000 -37.7033651115
75.0000000000 -37.7779094016
75.1000000000 -37.8525694500
75.2000000000 -37.9273443227
75.3000000000 -38.0022330769
75.4000000000 -38.0772347606
75.5000000000 -38.1523484130
75.6000000000 -38.2275730644
75.7000000000 -38.3029077365
75.8000000000 -38.3783514424
75.9000000000 -38.4539031870
76.0000000000 -38.5295619669
76.1000000000 -38.6053267705
76.2000000000 -38.6811965783
76.3000000000 -38.7571703631
76.4000000000 -38.8332470900
76.5000000000 -38.9094257165
76.6000000000 -38.9857051929
76.7000000000 -39.0620844621
76.8000000000 -39.1385624603
76.9000000000 -39.2151381164
77.0000000000 -39.2918103529
77.1000000000 -39.3685780857
77.2000000000 -39.4454402241
77.3000000000 -39.5223956714
77.4000000000 -39.5994433248
77.5000000000 -39.6765820755
77.6000000000 -39.7538108090
77.7000000000 -39.8311284053
77.8000000000 -39.9085337390
77.9000000000 -39.9860256796
78.0000000000 -40.0636030913
78.1000000000 -40.1412648338
78.2000000000 -40.2190097618
78.3000000000 -40.2968367256
78.4000000000 -40.3747445714
78.5000000000 -40.4527321409
78.6000000000 -40.5307982722
78.7000000000 -40.6089417992
78.8000000000 -40.6871615527
78.9000000000 -40.7654563597
79.0000000000 -40.8438250442
79.1000000000 -40.9222664270
79.2000000000 -41.0007793262
79.3000000000 -41.0793625572
79.4000000000 -41.1580149328
79.5000000000 -41.2367352636
79.6000000000 -41.3155223580
79.7000000000 -41.3943750228
79.8000000000 -41.4732920626
79.9000000000 -41.5522722807
80.0000000000 -41.6313144790
80.1000000000 -41.7104174584
80.2000000000 -41.7895800185
80.3000000000 -41.8688009582
80.4000000000 -41.9480790761
80.5000000000 -42.0274131698
80.6000000000 -42.1068020372
80.7000000000 -42.1862444758
80.8000000000 -42.2657392834
80.9000000000 -42.3452852581
81.0000000000 -42.4248811984
81.1000000000 -42.5045259035
81.2000000000 -42.5842181736
81.3000000000 -42.6639568098
81.4000000000 -42.7437406144
81.5000000000 -42.8235683913
81.6000000000 -42.9034389458
81.7000000000 -42.9833510850
81.8000000000 -43.0633036180
81.9000000000 -43.1432953560
82.0000000000 -43.2233251124
82.1000000000 -43.3033917031
82.2000000000 -43.3834939467
82.3000000000 -43.4636306645
82.4000000000 -43.5438006809
82.5000000000 -43.6240028234
82.6000000000 -43.7042359226
82.7000000000 -43.7844988128
82.8000000000 -43.8647903320
82.9000000000 -43.9451093217
83.0000000000 -44.0254546275
83.1000000000 -44.1058250992
83.2000000000 -44.1862195908
83.3000000000 -44.2666369607
83.4000000000 -44.3470760718
83.5000000000 -44.4275357919
83.6000000000 -44.5080149934
83.7000000000 -44.5885125541
83.8000000000 -44.6690273566
83.9000000000 -44.7495582889
84.0000000000 -44.8301042447
84.1000000000 -44.9106641228
84.2000000000 -44.9912368282
84.3000000000 -45.0718212714
84.4000000000 -45.1524163690
84.5000000000 -45.2330210438
84.6000000000 -45.3136342248
84.7000000000 -45.3942548471
84.8000000000 -45.4748818527
84.9000000000 -45.5555141900
85.0000000000 -45.6361508140
85.1000000000 -45.7167906866
85.2000000000 -45.7974327769
85.3000000000 -45.8780760608
85.4000000000 -45.9587195213
85.5000000000 -46.0393621488
85.6000000000 -46.1200029411
85.7000000000 -46.2006409035
85.8000000000 -46.2812750487
85.9000000000 -46.3619043971
86.0000000000 -46.4425279770
86.1000000000 -46.5231448244
86.2000000000 -46.6037539833
86.3000000000 -46.6843545057
86.4000000000 -46.7649454517
86.5000000000 -46.8455258896
86.6000000000 -46.9260948958
86.7000000000 -47.0066515552
86.8000000000 -47.0871949611
86.9000000000 -47.1677242152
87.0000000000 -47.2482384276
87.1000000000 -47.3287367173
87.2000000000 -47.4092182117
87.3000000000 -47.4896820471
87.4000000000 -47.5701273683
87.5000000000 -47.6505533293
87.6000000000 -47.7309590925
87.7000000000 -47.8113438298
87.8000000000 -47.8917067214
87.9000000000 -47.9720469572
88.0000000000 -48.0523637355
88.1000000000 -48.1326562642
88.2000000000 -48.2129237599
88.3000000000 -48.2931654487
88.4000000000 -48.3733805657
88.5000000000 -48.4535683552
88.6000000000 -48.5337280707
88.7000000000 -48.6138589750
88.8000000000 -48.6939603403
88.9000000000 -48.7740314479
89.0000000000 -48.8540715884
89.1000000000 -48.9340800619
89.2000000000 -49.0140561775
89.3000000000 -49.0939992540
89.4000000000 -49.1739086193
89.5000000000 -49.2537836106
89.6000000000 -49.3336235746
89.7000000000 -49.4134278672
89.8000000000 -49.4931958538
89.9000000000 -49.5729269088
90.0000000000 -49.6526204162
90.1000000000 -49.7322757692
90.2000000000 -49.8118923702
90.3000000000 -49.8914696310
90.4000000000 -49.9710069726
90.5000000000 -50.0505038251
90.6000000000 -50.1299596280
90.7000000000 -50.2093738298
90.8000000000 -50.2887458883
90.9000000000 -50.3680752703
91.0000000000 -50.4473614517
91.1000000000 -50.5266039175
91.2000000000 -50.6058021617
91.3000000000 -50.6849556872
91.4000000000 -50.7640640061
91.5000000000 -50.8431266389
91.6000000000 -50.9221431155
91.7000000000 -51.0011129743
91.8000000000 -51.0800357625
91.9000000000 -51.1589110359
92.0000000000 -51.2377383593
92.1000000000 -51.3165173057
92.2000000000 -51.3952474569
92.3000000000 -51.4739284031
92.4000000000 -51.5525597430
92.5000000000 -51.6311410836
92.6000000000 -51.7096720402
92.7000000000 -51.7881522364
92.8000000000 -51.8665813039
92.9000000000 -51.9449588827
93.0000000000 -52.0232846206
93.1000000000 -52.1015581736
93.2000000000 -52.1797792055
93.3000000000 -52.2579473878
93.4000000000 -52.3360624000
93.5000000000 -52.4141239291
93.6000000000 -52.4921316699
93.7000000000 -52.5700853244
93.8000000000 -52.6479846024
93.9000000000 -52.7258292208
94.0000000000 -52.8036189040
94.1000000000 -52.8813533833
94.2000000000 -52.9590323974
94.3000000000 -53.0366556919
94.4000000000 -53.1142230193
94.5000000000 -53.1917341390
94.6000000000 -53.2691888171
94.7000000000 -53.3465868265
94.8000000000 -53.4239279465
94.9000000000 -53.5012119630
95.0000000000 -53.5784386683
95.1000000000 -53.6556078608
95.2000000000 -53.7327193452
95.3000000000 -53.8097729325
95.4000000000 -53.8867684393
95.5000000000 -53.9637056884
95.6000000000 -54.0405845083
95.7000000000 -54.1174047331
95.8000000000 -54.1941662027
95.9000000000 -54.2708687623
96.0000000000 -54.3475122625
96.1000000000 -54.4240965593
96.2000000000 -54.5006215138
96.3000000000 -54.5770869921
96.4000000000 -54.6534928655
96.5000000000 -54.7298390097
96.6000000000 -54.8061253057
96.7000000000 -54.8823516387
96.8000000000 -54.9585178986
96.9000000000 -55.0346239798
97.0000000000 -55.1106697807
97.1000000000 -55.1866552044
97.2000000000 -55.2625801575
97.3000000000 -55.3384445511
97.4000000000 -55.4142482997
97.5000000000 -55.4899913219
97.6000000000 -55.5656735397
97.7000000000 -55.6412948788
97.8000000000 -55.7168552681
97.9000000000 -55.7923546399
98.0000000000 -55.8677929297
98.1000000000 -55.9431700761
98.2000000000 -56.0184860204
98.3000000000 -56.0937407070
98.4000000000 -56.1689340829
98.5000000000 -56.2440660976
98.6000000000 -56.3191367033
98.7000000000 -56.3941458543
98.8000000000 -56.4690935073
98.9000000000 -56.5439796212
99.0000000000 -56.6188041567
99.1000000000 -56.6935670765
99.2000000000 -56.7682683451
99.3000000000 -56.8429079287
99.4000000000 -56.9174857949
99.5000000000 -56.9920019127
99.6000000000 -57.0664562526
99.7000000000 -57.1408487862
99.8000000000 -57.2151794862
99.9000000000 -57.2894483261
100.0000000000 -57.3636552804
100.1000000000 -57.4378003243
100.2000000000 -57.5118834335
100.3000000000 -57.5859045844
100.4000000000 -57.6598637536
100.5000000000 -57.7337609179
100.6000000000 -57.8075960544
100.7000000000 -57.8813691403
100.8000000000 -57.9550801524
100.9000000000 -58.0287290675
101.0000000000 -58.1023158622
101.1000000000 -58.1758405125
101.2000000000 -58.2493029938
101.3000000000 -58.3227032810
101.4000000000 -58.3960413482
101.5000000000 -58.4693171685
101.6000000000 -58.5425307142
101.7000000000 -58.6156819564
101.8000000000 -58.6887708650
101.9000000000 -58.7617974085
102.0000000000 -58.8347615542
102.1000000000 -58.9076632675
102.2000000000 -58.9805025125
102.3000000000 -59.0532792514
102.4000000000 -59.1259934446
102.5000000000 -59.1986450504
102.6000000000 -59.2712340252
102.7000000000 -59.3437603232
102.8000000000 -59.4162238961
102.9000000000 -59.4886246936
103.0000000000 -59.5609626628
103.1000000000 -59.6332377479
103.2000000000 -59.7054498909
103.3000000000 -59.7775990307
103.4000000000 -59.8496851035
103.5000000000 -59.9217080425
103.6000000000 -59.9936677778
103.7000000000 -60.0655642363
103.8000000000 -60.1373973418
103.9000000000 -60.2091670145
104.0000000000 -60.2808731716
104.1000000000 -60.3525157262
104.2000000000 -60.4240945884
104.3000000000 -60.4956096641
104.4000000000 -60.5670608557
104.5000000000 -60.6384480616
104.6000000000 -60.7097711764
104.7000000000 -60.7810300905
104.8000000000 -60.8522246902
104.9000000000 -60.9233548578
105.0000000000 -60.9944204710
105.1000000000 -61.0654214035
105.2000000000 -61.1363575243
105.3000000000 -61.2072286980
105.4000000000 -61.2780347847
105.5000000000 -61.3487756398
105.6000000000 -61.4194511140
105.7000000000 -61.4900610531
105.8000000000 -61.5606052982
105.9000000000 -61.6310836855
106.0000000000 -61.7014960461
106.1000000000 -61.7718422062
106.2000000000 -61.8421219868
106.3000000000 -61.9123352038
106.4000000000 -61.9824816679
106.5000000000 -62.0525611845
106.6000000000 -62.1225735538
106.7000000000 -62.1925185704
106.8000000000 -62.2623960236
106.9000000000 -62.3322056974
107.0000000000 -62.4019473700
107.1000000000 -62.4716208142
107.2000000000 -62.5412257972
107.3000000000 -62.6107620806
107.4000000000 -62.6802294203
107.5000000000 -62.7496275663
107.6000000000 -62.8189562631
107.7000000000 -62.8882152494
107.8000000000 -62.9574042579
107.9000000000 -63.0265230156
108.0000000000 -63.0955712437
108.1000000000 -63.1645486573
108.2000000000 -63.2334549657
108.3000000000 -63.3022898724
108.4000000000 -63.3710530748
108.5000000000 -63.4397442642
108.6000000000 -63.5083631261
108.7000000000 -63.5769093401
108.8000000000 -63.6453825794
108.9000000000 -63.7137825117
109.0000000000 -63.7821087982
109.1000000000 -63.8503610943
109.2000000000 -63.9185390495
109.3000000000 -63.9866423069
109.4000000000 -64.0546705039
109.5000000000 -64.1226232717
109.6000000000 -64.1905002355
109.7000000000 -64.2583010146
109.8000000000 -64.3260252222
109.9000000000 -64.3936724654
110.0000000000 -64.4612423456
110.1000000000 -64.5287344580
110.2000000000 -64.5961483920
110.3000000000 -64.6634837309
110.4000000000 -64.7307400524
110.5000000000 -64.7979169280
110.6000000000 -64.8650139235
110.7000000000 -64.9320305991
110.8000000000 -64.9989665087
110.9000000000 -65.0658212009
111.0000000000 -65.1325942185
111.1000000000 -65.1992850984
111.2000000000 -65.2658933721
111.3000000000 -65.3324185653
111.4000000000 -65.3988601984
111.5000000000 -65.4652177860
111.6000000000 -65.5314908375
111.7000000000 -65.5976788566
111.8000000000 -65.6637813420
111.9000000000 -65.7297977866
112.0000000000 -65.7957276786
112.1000000000 -65.8615705006
112.2000000000 -65.9273257303
112.3000000000 -65.9929928400
112.4000000000 -66.0585712975
112.5000000000 -66.1240605651
112.6000000000 -66.1894601005
112.7000000000 -66.2547693567
112.8000000000 -66.3199877817
112.9000000000 -66.3851148190
113.0000000000 -66.4501499073
113.1000000000 -66.5150924811
113.2000000000 -66.5799419702
113.3000000000 -66.6446978000
113.4000000000 -66.7093593918
113.5000000000 -66.7739261627
113.6000000000 -66.8383975254
113.7000000000 -66.9027728888
113.8000000000 -66.9670516579
113.9000000000 -67.0312332336
114.0000000000 -67.0953170133
114.1000000000 -67.1593023905
114.2000000000 -67.2231887552
114.3000000000 -67.2869754939
114.4000000000 -67.3506619898
114.5000000000 -67.4142476226
114.6000000000 -67.4777317689
114.7000000000 -67.5411138022
114.8000000000 -67.6043930930
114.9000000000 -67.6675690089
115.0000000000 -67.7306409146
115.1000000000 -67.7936081724
115.2000000000 -67.8564701415
115.3000000000 -67.9192261792
115.4000000000 -67.9818756399
115.5000000000 -68.0444178760
115.6000000000 -68.1068522378
115.7000000000 -68.1691780734
115.8000000000 -68.2313947290
115.9000000000 -68.2935015489
116.0000000000 -68.3554978759
116.1000000000 -68.4173830509
116.2000000000 -68.4791564134
116.3000000000 -68.5408173018
116.4000000000 -68.6023650528
116.5000000000 -68.6637990022
116.6000000000 -68.7251184848
116.7000000000 -68.7863228344
116.8000000000 -68.8474113840
116.9000000000 -68.9083834658
117.0000000000 -68.9692384118
117.1000000000 -69.0299755531
117.2000000000 -69.0905942208
117.3000000000 -69.1510937456
117.4000000000 -69.2114734582
117.5000000000 -69.2717326894
117.6000000000 -69.3318707699
117.7000000000 -69.3918870310
117.8000000000 -69.4517808040
117.9000000000 -69.5115514211
118.0000000000 -69.5711982148
118.1000000000 -69.6307205185
118.2000000000 -69.6901176663
118.3000000000 -69.7493889937
118.4000000000 -69.8085338367
118.5000000000 -69.8675515329
118.6000000000 -69.9264414212
118.7000000000 -69.9852028418
118.8000000000 -70.0438351367
118.9000000000 -70.1023376493
119.0000000000 -70.1607097249
119.1000000000 -70.2189507109
119.2000000000 -70.2770599566
119.3000000000 -70.3350368132
119.4000000000 -70.3928806346
119.5000000000 -70.4505907769
119.6000000000 -70.5081665984
119.7000000000 -70.5656074605
119.8000000000 -70.6229127269
119.9000000000 -70.6800817644
120.0000000000 -70.7371139425
120.1000000000 -70.7940086340
120.2000000000 -70.8507652145
120.3000000000 -70.9073830632
120.4000000000 -70.9638615626
120.5000000000 -71.0202000984
120.6000000000 -71.0763980601
120.7000000000 -71.1324548410
120.8000000000 -71.1883698378
120.9000000000 -71.2441424515
121.0000000000 -71.2997720868
121.1000000000 -71.3552581526
121.2000000000 -71.4106000620
121.3000000000 -71.4657972322
121.4000000000 -71.5208490850
121.5000000000 -71.5757550465
121.6000000000 -71.6305145476
121.7000000000 -71.6851270235
121.8000000000 -71.7395919144
121.9000000000 -71.7939086653
122.0000000000 -71.8480767261
122.1000000000 -71.9020955516
122.2000000000 -71.9559646020
122.3000000000 -72.0096833423
122.4000000000 -72.0632512430
122.5000000000 -72.1166677799
122.6000000000 -72.1699324343
122.7000000000 -72.2230446928
122.8000000000 -72.2760040478
122.9000000000 -72.3288099972
123.0000000000 -72.3814620447
123.1000000000 -72.4339596998
123.2000000000 -72.4863024779
123.3000000000 -72.5384899003
123.4000000000 -72.5905214944
123.5000000000 -72.6423967935
123.6000000000 -72.6941153372
123.7000000000 -72.7456766713
123.8000000000 -72.7970803478
123.9000000000 -72.8483259251
124.0000000000 -72.8994129679
124.1000000000 -72.9503410475
124.2000000000 -73.0011097415
124.3000000000 -73.0517186343
124.4000000000 -73.1021673166
124.5000000000 -73.1524553861
124.6000000000 -73.2025824470
124.7000000000 -73.2525481102
124.8000000000 -73.3023519936
124.9000000000 -73.3519937219
125.0000000000 -73.4014729265
125.1000000000 -73.4507892460
125.2000000000 -73.4999423257
125.3000000000 -73.5489318182
125.4000000000 -73.5977573829
125.5000000000 -73.6464186864
125.6000000000 -73.6949154023
125.7000000000 -73.7432472116
125.8000000000 -73.7914138021
125.9000000000 -73.8394148692
126.0000000000 -73.8872501152
126.1000000000 -73.9349192497
126.2000000000 -73.9824219899
126.3000000000 -74.0297580599
126.4000000000 -74.0769271912
126.5000000000 -74.1239291229
126.6000000000 -74.1707636012
126.7000000000 -74.2174303796
126.8000000000 -74.2639292193
126.9000000000 -74.3102598887
127.0000000000 -74.3564221636
127.1000000000 -74.4024158271
127.2000000000 -74.4482406701
127.3000000000 -74.4938964906
127.4000000000 -74.5393830942
127.5000000000 -74.5847002938
127.6000000000 -74.6298479098
127.7000000000 -74.6748257702
127.8000000000 -74.7196337103
127.9000000000 -74.7642715729
128.0000000000 -74.8087392081
128.1000000000 -74.8530364735
128.2000000000 -74.8971632344
128.3000000000 -74.9411193630
128.4000000000 -74.9849047395
128.5000000000 -75.0285192510
128.6000000000 -75.0719627922
128.7000000000 -75.1152352654
128.8000000000 -75.1583365798
128.9000000000 -75.2012666523
129.0000000000 -75.2440254071
129.1000000000 -75.2866127755
129.2000000000 -75.3290286964
129.3000000000 -75.3712731158
129.4000000000 -75.4133459869
129.5000000000 -75.4552472703
129.6000000000 -75.4969769337
129.7000000000 -75.5385349521
129.8000000000 -75.5799213076
129.9000000000 -75.6211359893
130.0000000000 -75.6621789936
130.1000000000 -75.7030503239
130.2000000000 -75.5271160468
130.3000000000 -75.0184720299
130.4000000000 -74.1880680178
130.5000000000 -73.0908704479
130.6000000000 -71.7731457948
130.7000000000 -70.2530945451
130.8000000000 -68.5145844145
130.9000000000 -66.5004362784
131.0000000000 -64.1026454381
131.1000000000 -61.1768353049
131.2000000000 -57.6391578262
131.3000000000 -53.5355856581
131.4000000000 -48.9063596812
131.5000000000 -43.6357874431
131.6000000000 -37.5088371835
131.7000000000 -30.3129348968
131.8000000000 -21.8045426408
131.9000000000 -11.6437936281
132.0000000000 0.5340858031
132.1000000000 14.4878952829
132.2000000000 27.4632849623
132.3000000000 34.8632522201
132.4000000000 36.8365941930
132.5000000000 36.8773284356
132.6000000000 36.8077605680
132.7000000000 36.8596340092
132.8000000000 36.9684933219
132.9000000000 37.0835164067
133.0000000000 37.1802331967
133.1000000000 37.2488494367
133.2000000000 37.2867262403
133.3000000000 37.2944892582
133.4000000000 37.2740979739
133.5000000000 37.2279128897
133.6000000000 37.1582657404
133.7000000000 37.0672810989
133.8000000000 36.9568210220
133.9000000000 36.8284872421
134.0000000000 36.6836477378
134.1000000000 36.5234712245
134.2000000000 36.3489617452
134.3000000000 36.1609899626
134.4000000000 35.9603199776
134.5000000000 35.7476315724
134.6000000000 35.5235382528
134.7000000000 35.2886016423
134.8000000000 35.0433428081
134.9000000000 34.7882510573
135.0000000000 34.5237906828
135.1000000000 34.2504060590
135.2000000000 33.9685254281
135.3000000000 33.6785636536
135.4000000000 33.3809241669
135.5000000000 33.0760002930
135.6000000000 32.7641761019
135.7000000000 32.4458269061
135.8000000000 32.1213194983
135.9000000000 31.7910122067
136.0000000000 31.4552548257
136.1000000000 31.1143884695
136.2000000000 30.7687453846
136.3000000000 30.4186487488
136.4000000000 30.0644124761
136.5000000000 29.7063410430
136.6000000000 29.3447293467
136.7000000000 28.9798626011
136.8000000000 28.6120162741
136.9000000000 28.2414560693
137.0000000000 27.8684379498
137.1000000000 27.4932082044
137.2000000000 27.1160035524
137.3000000000 26.7370512853
137.4000000000 26.3565694406
137.5000000000 25.9747670048
137.6000000000 25.5918441413
137.7000000000 25.2079924396
137.8000000000 24.8233951821
137.9000000000 24.4382276249
138.0000000000 24.0526572884
138.1000000000 23.6668442560
138.2000000000 23.2809414772
138.3000000000 22.8950950721
138.4000000000 22.5094446355
138.5000000000 22.1241235391
138.6000000000 21.7392592280
138.7000000000 21.3549735123
138.8000000000 20.9713828503
138.9000000000 20.5885986242
139.0000000000 20.2067274049
139.1000000000 19.8258712080
139.2000000000 19.4461277374
139.3000000000 19.0675906189
139.4000000000 18.6903496207
139.5000000000 18.3144908634
139.6000000000 17.9400970165
139.7000000000 17.5672474841
139.8000000000 17.1960185779
139.9000000000 16.8264836788
140.0000000000 16.4587133862
140.1000000000 16.0927756569
140.2000000000 15.7287359319
140.3000000000 15.3666572534
140.4000000000 15.0066003706
140.5000000000 14.6486238360
140.6000000000 14.2927840921
140.7000000000 13.9391355488
140.8000000000 13.5877306521
140.9000000000 13.2386199453
141.0000000000 12.8918521209
141.1000000000 12.5474740673
141.2000000000 12.2055309067
141.3000000000 11.8660660285
141.4000000000 11.5291211152
141.5000000000 11.1947361648
141.6000000000 10.8629495067
141.7000000000 10.5337978145
141.8000000000 10.2073161141
141.9000000000 9.8835377892
142.0000000000 9.5624945831
142.1000000000 9.2442165990
142.2000000000 8.9287322969
142.3000000000 8.6160684908
142.4000000000 8.3062503427
142.5000000000 7.9993013581
142.6000000000 7.6952433787
142.7000000000 7.3940965777
142.8000000000 7.0958794533
142.9000000000 6.8006088243
143.0000000000 6.5082998262
143.1000000000 6.2189659088
143.2000000000 5.9326188354
143.3000000000 5.6492686837
143.4000000000 5.3689238487
143.5000000000 5.0915910483
143.6000000000 4.8172753309
143.7000000000 4.5459800852
143.8000000000 4.2777070535
143.9000000000 4.0124563470
144.0000000000 3.7502264641
144.1000000000 3.4910143114
144.2000000000 3.2348152275
144.3000000000 2.9816230094
144.4000000000 2.7314299420
144.5000000000 2.4842268293
144.6000000000 2.2400030294
144.7000000000 1.9987464907
144.8000000000 1.7604437907
144.9000000000 1.5250801777
145.0000000000 1.2926396129
145.1000000000 1.0631048161
145.2000000000 0.8364573110
145.3000000000 0.6126774740
145.4000000000 0.3917445827
145.5000000000 0.1736368657
145.6000000000 -0.0416684460
145.7000000000 -0.2541950676
145.8000000000 -0.4639676090
145.9000000000 -0.6710115220
146.0000000000 -0.8753530481
146.1000000000 -1.0770191665
146.2000000000 -1.2760375419
146.3000000000 -1.4724364731
146.4000000000 -1.6662448420
146.5000000000 -1.8574920630
146.6000000000 -2.0462080342
146.7000000000 -2.2324230883
146.8000000000 -2.4161679456
146.9000000000 -2.5974736676
147.0000000000 -2.7763716121
147.1000000000 -2.9528933896
147.2000000000 -3.1270708210
147.3000000000 -3.2989358969
147.4000000000 -3.4685207381
147.5000000000 -3.6358575582
147.6000000000 -3.8009786275
147.7000000000 -3.9639162378
147.8000000000 -4.1247026702
147.9000000000 -4.2833701634
148.0000000000 -4.4399508837
148.1000000000 -4.5944768974
148.2000000000 -4.7469801436
148.3000000000 -4.8974924095
148.4000000000 -5.0460453070
148.5000000000 -5.1926702501
148.6000000000 -5.3373984352
148.7000000000 -5.4802608211
148.8000000000 -5.6212881118
148.9000000000 -5.7605107402
149.0000000000 -5.8979588525
149.1000000000 -6.0336622947
149.2000000000 -6.1676506001
149.3000000000 -6.2999529775
149.4000000000 -6.4305983011
149.5000000000 -6.5596151011
149.6000000000 -6.6870315557
149.7000000000 -6.8128754834
149.8000000000 -6.9371743369
149.9000000000 -7.0599551977
150.0000000000 -7.1812447711
150.1000000000 -7.3010693827
150.2000000000 -7.4194549752
150.3000000000 -7.5364271057
150.4000000000 -7.6520109443
150.5000000000 -7.7662312728
150.6000000000 -7.8791124839
150.7000000000 -7.9906785816
150.8000000000 -8.1009531813
150.9000000000 -8.2099595110
151.0000000000 -8.3177204125
151.1000000000 -8.4242583432
151.2000000000 -8.5295953782
151.3000000000 -8.6337532131
151.4000000000 -8.7367531663
151.5000000000 -8.8386161824
151.6000000000 -8.9393628356
151.7000000000 -9.0390133332
151.8000000000 -9.1375875193
151.9000000000 -9.2351048790
152.0000000000 -9.3315845424
152.1000000000 -9.4270452890
152.2000000000 -9.5215055522
152.3000000000 -9.6149834241
152.4000000000 -9.7074966597
152.5000000000 -9.7990626820
152.6000000000 -9.8896985869
152.7000000000 -9.9794211481
152.8000000000 -10.0682468219
152.9000000000 -10.1561917524
153.0000000000 -10.2432717765
153.1000000000 -10.3295024291
153.2000000000 -10.4148989478
153.3000000000 -10.4994762784
153.4000000000 -10.5832490798
153.5000000000 -10.6662317291
153.6000000000 -10.7484383264
153.7000000000 -10.8298827003
153.8000000000 -10.9105784126
153.9000000000 -10.9905387632
154.0000000000 -11.0697767952
154.1000000000 -11.1483052996
154.2000000000 -11.2261368204
154.3000000000 -11.3032836590
154.4000000000 -11.3797578792
154.5000000000 -11.4555713119
154.6000000000 -11.5307355594
154.7000000000 -11.6052620003
154.8000000000 -11.6791617938
154.9000000000 -11.7524458842
155.0000000000 -11.8251250051
155.1000000000 -11.8972096839
155.2000000000 -11.9687102460
155.3000000000 -12.0396368188
155.4000000000 -12.1099993358
155.5000000000 -12.1798075409
155.6000000000 -12.2490709920
155.7000000000 -12.3177990650
155.8000000000 -12.3860009579
155.9000000000 -12.4536856938
156.0000000000 -12.5208621255
156.1000000000 -12.5875389385
156.2000000000 -12.6537246545
156.3000000000 -12.7194276353
156.4000000000 -12.7846560859
156.5000000000 -12.8494180577
156.6000000000 -12.9137214521
156.7000000000 -12.9775740236
156.8000000000 -13.0409833827
156.9000000000 -13.1039569993
157.0000000000 -13.1665022054
157.1000000000 -13.2286261984
157.2000000000 -13.2903360436
157.3000000000 -13.3516386772
157.4000000000 -13.4125409094
157.5000000000 -13.4730494262
157.6000000000 -13.5331707932
157.7000000000 -13.5929114572
157.8000000000 -13.6522777493
157.9000000000 -13.7112758873
158.0000000000 -13.7699119778
158.1000000000 -13.8281920190
158.2000000000 -13.8861219029
158.3000000000 -13.9437074172
158.4000000000 -14.0009542483
158.5000000000 -14.0578679824
158.6000000000 -14.1144541088
158.7000000000 -14.1707180210
158.8000000000 -14.2266650193
158.9000000000 -14.2823003124
159.0000000000 -14.3376290198
159.1000000000 -14.3926561733
159.2000000000 -14.4473867190
159.3000000000 -14.5018255191
159.4000000000 -14.5559773537
159.5000000000 -14.6098469225
159.6000000000 -14.6634388464
159.7000000000 -14.7167576694
159.8000000000 -14.7698078600
159.9000000000 -14.8225938128
160.0000000000 -14.8751198503
160.1000000000 -14.9273902239
160.2000000000 -14.9794091158
160.3000000000 -15.0311806406
160.4000000000 -15.0827088460
160.5000000000 -15.1339977149
160.6000000000 -15.1850511665
160.7000000000 -15.2358730573
160.8000000000 -15.2864671831
160.9000000000 -15.3368372794
161.0000000000 -15.3869870233
161.1000000000 -15.4369200346
161.2000000000 -15.4866398765
161.3000000000 -15.5361500574
161.4000000000 -15.5854540316
161.5000000000 -15.6345552006
161.6000000000 -15.6834569141
161.7000000000 -15.7321624709
161.8000000000 -15.7806751202
161.9000000000 -15.8289980627
162.0000000000 -15.8771344509
162.1000000000 -15.9250873911
162.2000000000 -15.9728599433
162.3000000000 -16.0204551229
162.4000000000 -16.0678759011
162.5000000000 -16.1151252062
162.6000000000 -16.1622059242
162.7000000000 -16.2091208994
162.8000000000 -16.2558729359
162.9000000000 -16.3024647977
163.0000000000 -16.3488992101
163.1000000000 -16.3951788600
163.2000000000 -16.4413063969
163.3000000000 -16.4872844334
163.4000000000 -16.5331155463
163.5000000000 -16.5788022771
163.6000000000 -16.6243471326
163.7000000000 -16.6697525857
163.8000000000 -16.7150210760
163.9000000000 -16.7601550106
164.0000000000 -16.8051567644
164.1000000000 -16.8500286813
164.2000000000 -16.8947730740
164.3000000000 -16.9393922255
164.4000000000 -16.9838883889
164.5000000000 -17.0282637884
164.6000000000 -17.0725206198
164.7000000000 -17.1166610510
164.8000000000 -17.1606872225
164.9000000000 -17.2046012480
165.0000000000 -17.2484052150
165.1000000000 -17.2921011848
165.2000000000 -17.3356911939
165.3000000000 -17.3791772535
165.4000000000 -17.4225613508
165.5000000000 -17.4658454488
165.6000000000 -17.5090314874
165.7000000000 -17.5521213831
165.8000000000 -17.5951170301
165.9000000000 -17.6380203004
166.0000000000 -17.6808330443
166.1000000000 -17.7235570907
166.2000000000 -17.7661942477
166.3000000000 -17.8087463029
166.4000000000 -17.8512150235
166.5000000000 -17.8936021574
166.6000000000 -17.9359094328
166.7000000000 -17.9781385589
166.8000000000 -18.0202912263
166.9000000000 -18.0623691075
167.0000000000 -18.1043738566
167.1000000000 -18.1463071105
167.2000000000 -18.1881704884
167.3000000000 -18.2299655929
167.4000000000 -18.2716940097
167.5000000000 -18.3133573081
167.6000000000 -18.3549570416
167.7000000000 -18.3964947478
167.8000000000 -18.4379719487
167.9000000000 -18.4793901515
168.0000000000 -18.5207508481
168.1000000000 -18.5620555161
168.2000000000 -18.6033056186
168.3000000000 -18.6445026047
168.4000000000 -18.6856479096
168.5000000000 -18.7267429551
168.6000000000 -18.7677891495
168.7000000000 -18.8087878881
168.8000000000 -18.8497405535
168.9000000000 -18.8906485157
169.0000000000 -18.9315131321
169.1000000000 -18.9723357483
169.2000000000 -19.0131176978
169.3000000000 -19.0538603026
169.4000000000 -19.0945648730
169.5000000000 -19.1352327083
169.6000000000 -19.1758650966
169.7000000000 -19.2164633152
169.8000000000 -19.2570286307
169.9000000000 -19.2975622996
170.0000000000 -19.3380655676
170.1000000000 -19.3785396708
170.2000000000 -19.4189858353
170.3000000000 -19.4594052773
170.4000000000 -19.4997992039
170.5000000000 -19.5401688125
170.6000000000 -19.5805152915
170.7000000000 -19.6208398204
170.8000000000 -19.6611435697
170.9000000000 -19.7014277012
171.0000000000 -19.7416933685
171.1000000000 -19.7819417166
171.2000000000 -19.8221738824
171.3000000000 -19.8623909948
171.4000000000 -19.9025941747
171.5000000000 -19.9427845353
171.6000000000 -19.9829631824
171.7000000000 -20.0231312140
171.8000000000 -20.0632897211
171.9000000000 -20.1034397874
172.0000000000 -20.1435824894
172.1000000000 -20.1837188971
172.2000000000 -20.2238500732
172.3000000000 -20.2639770741
172.4000000000 -20.3041009497
172.5000000000 -20.3442227431
172.6000000000 -20.3843434915
172.7000000000 -20.4244642258
172.8000000000 -20.4645859708
172.9000000000 -20.5047097454
173.0000000000 -20.5448365626
173.1000000000 -20.5849674298
173.2000000000 -20.6251033487
173.3000000000 -20.6652453155
173.4000000000 -20.7053943210
173.5000000000 -20.7455513507
173.6000000000 -20.7857173848
173.7000000000 -20.8258933985
173.8000000000 -20.8660803620
173.9000000000 -20.9062792405
174.0000000000 -20.9464909945
174.1000000000 -20.9867165795
174.2000000000 -21.0269569468
174.3000000000 -21.0672130426
174.4000000000 -21.1074858090
174.5000000000 -21.1477761837
174.6000000000 -21.1880850999
174.7000000000 -21.2284134867
174.8000000000 -21.2687622690
174.9000000000 -21.3091323677
175.0000000000 -21.3495246997
175.1000000000 -21.3899401778
175.2000000000 -21.4303797113
175.3000000000 -21.4708442054
175.4000000000 -21.5113345618
175.5000000000 -21.5518516784
175.6000000000 -21.5923964497
175.7000000000 -21.6329697667
175.8000000000 -21.6735725168
175.9000000000 -21.7142055841
176.0000000000 -21.7548698495
176.1000000000 -21.7955661905
176.2000000000 -21.8362954815
176.3000000000 -21.8770585938
176.4000000000 -21.9178563955
176.5000000000 -21.9586897519
176.6000000000 -21.9995595251
176.7000000000 -22.0404665743
176.8000000000 -22.0814117562
176.9000000000 -22.1223959241
177.0000000000 -22.1634199292
177.1000000000 -22.2044846195
177.2000000000 -22.2455908405
177.3000000000 -22.2867394351
177.4000000000 -22.3279312438
177.5000000000 -22.3691671042
177.6000000000 -22.4104478517
177.7000000000 -22.4517743192
177.8000000000 -22.4931473372
177.9000000000 -22.5345677339
178.0000000000 -22.5760363350
178.1000000000 -22.6175539640
178.2000000000 -22.6591214424
178.3000000000 -22.7007395891
178.4000000000 -22.7424092211
178.5000000000 -22.7841311531
178.6000000000 -22.8259061979
178.7000000000 -22.8677351658
178.8000000000 -22.9096188656
178.9000000000 -22.9515581037
179.0000000000 -22.9935536847
179.1000000000 -23.0356064110
179.2000000000 -23.0777170834
179.3000000000 -23.1198865004
179.4000000000 -23.1621154591
179.5000000000 -23.2044047543
179.6000000000 -23.2467551791
179.7000000000 -23.2891675249
179.8000000000 -23.3316425811
179.9000000000 -23.3741811355
180.0000000000 -23.4167839741
180.1000000000 -23.4594518810
180.2000000000 -23.5021856387
180.3000000000 -23.5449860281
180.4000000000 -23.5878538282
180.5000000000 -23.6307898164
180.6000000000 -23.6737947684
180.7000000000 -23.7168694583
180.8000000000 -23.7600146585
180.9000000000 -23.8032311399
181.0000000000 -23.8465196714
181.1000000000 -23.8898810208
181.2000000000 -23.9333159539
181.3000000000 -23.9768252349
181.4000000000 -24.0204096267
181.5000000000 -24.0640698903
181.6000000000 -24.1078067853
181.7000000000 -24.1516210694
181.8000000000 -24.1955134992
181.9000000000 -24.2394848293
182.0000000000 -24.2835358128
182.1000000000 -24.3276672014
182.2000000000 -24.3718797449
182.3000000000 -24.4161741918
182.4000000000 -24.4605512887
182.5000000000 -24.5050117809
182.6000000000 -24.5495564118
182.7000000000 -24.5941859234
182.8000000000 -24.6389010560
182.9000000000 -24.6837025482
183.0000000000 -24.7285911371
183.1000000000 -24.7735675579
183.2000000000 -24.8186325443
183.3000000000 -24.8637868284
183.4000000000 -24.9090311404
183.5000000000 -24.9543662090
183.6000000000 -24.9997927609
183.7000000000 -25.0453115213
183.8000000000 -25.0909232136
183.9000000000 -25.1366285594
184.0000000000 -25.1824282784
184.1000000000 -25.2283230886
184.2000000000 -25.2743137062
184.3000000000 -25.3204008453
184.4000000000 -25.3665852185
184.5000000000 -25.4128675362
184.6000000000 -25.4592485069
184.7000000000 -25.5057288373
184.8000000000 -25.5523092320
184.9000000000 -25.5989903935
185.0000000000 -25.6457730224
185.1000000000 -25.6926578172
185.2000000000 -25.7396454743
185.3000000000 -25.7867366880
185.4000000000 -25.8339321503
185.5000000000 -25.8812325512
185.6000000000 -25.9286385782
185.7000000000 -25.9761509169
185.8000000000 -26.0237702502
185.9000000000 -26.0714972590
186.0000000000 -26.1193326215
186.1000000000 -26.1672770138
186.2000000000 -26.2153311093
186.3000000000 -26.2634955791
186.4000000000 -26.3117710915
186.5000000000 -26.3601583125
186.6000000000 -26.4086579052
186.7000000000 -26.4572705303
186.8000000000 -26.5059968455
186.9000000000 -26.5548375060
187.0000000000 -26.6037931639
187.1000000000 -26.6528644688
187.2000000000 -26.7020520671
187.3000000000 -26.7513566022
187.4000000000 -26.8007787148
187.5000000000 -26.8503190423
187.6000000000 -26.8999782190
187.7000000000 -26.9497568760
187.8000000000 -26.9996556412
187.9000000000 -27.0496751394
188.0000000000 -27.0998159917
188.1000000000 -27.1500788162
188.2000000000 -27.2004642272
188.3000000000 -27.2509728356
188.4000000000 -27.3016052489
188.5000000000 -27.3523620707
188.6000000000 -27.4032439009
188.7000000000 -27.4542513359
188.8000000000 -27.5053849681
188.9000000000 -27.5566453860
189.0000000000 -27.6080331741
189.1000000000 -27.6595489129
189.2000000000 -27.7111931790
189.3000000000 -27.7629665446
189.4000000000 -27.8148695777
189.5000000000 -27.8669028421
189.6000000000 -27.9190668972
189.7000000000 -27.9713622979
189.8000000000 -28.0237895946
189.9000000000 -28.0763493333
190.0000000000 -28.1290420550
190.1000000000 -28.1818682962
190.2000000000 -28.2348285887
190.3000000000 -28.2879234590
190.4000000000 -28.3411534290
190.5000000000 -28.3945190156
190.6000000000 -28.4480207302
190.7000000000 -28.5016590795
190.8000000000 -28.5554345644
190.9000000000 -28.6093476809
191.0000000000 -28.6633989194
191.1000000000 -28.7175887647
191.2000000000 -28.7719176961
191.3000000000 -28.8263861871
191.4000000000 -28.8809947057
191.5000000000 -28.9357437139
191.6000000000 -28.9906336676
191.7000000000 -29.0456650170
191.8000000000 -29.1008382060
191.9000000000 -29.1561536723
192.0000000000 -29.2116118476
192.1000000000 -29.2672131569
192.2000000000 -29.3229580189
192.3000000000 -29.3788468459
192.4000000000 -29.4348800434
192.5000000000 -29.4910580103
192.6000000000 -29.5473811387
192.7000000000 -29.6038498138
192.8000000000 -29.6604644138
192.9000000000 -29.7172253099
193.0000000000 -29.7741328661
193.1000000000 -29.8311874394
193.2000000000 -29.8883893791
193.3000000000 -29.9457390273
193.4000000000 -30.0032367187
193.5000000000 -30.0608827802
193.6000000000 -30.1186775312
193.7000000000 -30.1766212832
193.8000000000 -30.2347143399
193.9000000000 -30.2929569970
194.0000000000 -30.3513495423
194.1000000000 -30.4098922553
194.2000000000 -30.4685854074
194.3000000000 -30.5274292617
194.4000000000 -30.5864240729
194.5000000000 -30.6455700871
194.6000000000 -30.7048675420
194.7000000000 -30.7643166665
194.8000000000 -30.8239176810
194.9000000000 -30.8836707966
195.0000000000 -30.9435762161
195.1000000000 -31.0036341327
195.2000000000 -31.0638447309
195.3000000000 -31.1242081859
195.4000000000 -31.1847246636
195.5000000000 -31.2453943206
195.6000000000 -31.3062173040
195.7000000000 -31.3671937516
195.8000000000 -31.4283237912
195.9000000000 -31.4896075414
196.0000000000 -31.5510451107
196.1000000000 -31.6126365978
196.2000000000 -31.6743820917
196.3000000000 -31.7362816711
196.4000000000 -31.7983354048
196.5000000000 -31.8605433514
196.6000000000 -31.9229055593
196.7000000000 -31.9854220666
196.8000000000 -32.0480929010
196.9000000000 -32.1109180796
197.0000000000 -32.1738976093
197.1000000000 -32.2370314862
197.2000000000 -32.3003196956
197.3000000000 -32.3637622124
197.4000000000 -32.4273590005
197.5000000000 -32.4911100129
197.6000000000 -32.5550151918
197.7000000000 -32.6190744682
197.8000000000 -32.6832877624
197.9000000000 -32.7476549833
198.0000000000 -32.8121760287
198.1000000000 -32.8768507852
198.2000000000 -32.9416791281
198.3000000000 -33.0066609213
198.4000000000 -33.0717960174
198.5000000000 -33.1370842576
198.6000000000 -33.2025254716
198.7000000000 -33.2681194774
198.8000000000 -33.3338660816
198.9000000000 -33.3997650791
199.0000000000 -33.4658162531
199.1000000000 -33.5320193753
199.2000000000 -33.5983742055
199.3000000000 -33.6648804917
199.4000000000 -33.7315379701
199.5000000000 -33.7983463652
199.6000000000 -33.8653053895
199.7000000000 -33.9324147437
199.8000000000 -33.9996741164
199.9000000000 -34.0670831846
200.0000000000 -34.1346416130
200.1000000000 -34.2023490544
200.2000000000 -34.2702051498
200.3000000000 -34.3382095281
200.4000000000 -34.4063618059
200.5000000000 -34.4746615883
200.6000000000 -34.5431084680
200.7000000000 -34.6117020256
200.8000000000 -34.6804418300
200.9000000000 -34.7493274379
201.0000000000 -34.8183583938
201.1000000000 -34.8875342305
201.2000000000 -34.9568544685
201.3000000000 -35.0263186165
201.4000000000 -35.0959261711
201.5000000000 -35.1656766169
201.6000000000 -35.2355694267
201.7000000000 -35.3056040612
201.8000000000 -35.3757799694
201.9000000000 -35.4460965881
202.0000000000 -35.5165533426
202.1000000000 -35.5871496463
202.2000000000 -35.6578849005
202.3000000000 -35.7287584953
202.4000000000 -35.7997698087
202.5000000000 -35.8709182071
202.6000000000 -35.9422030455
202.7000000000 -36.0136236672
202.8000000000 -36.0851794039
202.9000000000 -36.1568695761
203.0000000000 -36.2286934927
203.1000000000 -36.3006504512
203.2000000000 -36.3727397382
203.3000000000 -36.4449606288
203.4000000000 -36.5173123870
203.5000000000 -36.5897942658
203.6000000000 -36.6624055073
203.7000000000 -36.7351453424
203.8000000000 -36.8080129916
203.9000000000 -36.8810076643
204.0000000000 -36.9541285594
204.1000000000 -37.0273748653
204.2000000000 -37.1007457598
204.3000000000 -37.1742404103
204.4000000000 -37.2478579740
204.5000000000 -37.3215975979
204.6000000000 -37.3954584190
204.7000000000 -37.4694395642
204.8000000000 -37.5435401505
204.9000000000 -37.6177592853
205.0000000000 -37.6920960662
205.1000000000 -37.7665495813
205.2000000000 -37.8411189095
205.3000000000 -37.9158031201
205.4000000000 -37.9906012735
205.5000000000 -38.0655124207
205.6000000000 -38.1405356042
205.7000000000 -38.2156698574
205.8000000000 -38.2909142053
205.9000000000 -38.3662676641
206.0000000000 -38.4417292419
206.1000000000 -38.5172979384
206.2000000000 -38.5929727452
206.3000000000 -38.6687526460
206.4000000000 -38.7446366167
206.5000000000 -38.8206236254
206.6000000000 -38.8967126328
206.7000000000 -38.9729025923
206.8000000000 -39.0491924500
206.9000000000 -39.1255811450
207.0000000000 -39.2020676093
207.1000000000 -39.2786507686
207.2000000000 -39.3553295415
207.3000000000 -39.4321028407
207.4000000000 -39.5089695722
207.5000000000 -39.5859286362
207.6000000000 -39.6629789270
207.7000000000 -39.7401193330
207.8000000000 -39.8173487370
207.9000000000 -39.8946660166
208.0000000000 -39.9720700441
208.1000000000 -40.0495596866
208.2000000000 -40.1271338066
208.3000000000 -40.2047912615
208.4000000000 -40.2825309045
208.5000000000 -40.3603515845
208.6000000000 -40.4382521458
208.7000000000 -40.5162314293
208.8000000000 -40.5942882716
208.9000000000 -40.6724215060
209.0000000000 -40.7506299621
209.1000000000 -40.8289124666
209.2000000000 -40.9072678427
209.3000000000 -40.9856949110
209.4000000000 -41.0641924894
209.5000000000 -41.1427593931
209.6000000000 -41.2213944352
209.7000000000 -41.3000964264
209.8000000000 -41.3788641757
209.9000000000 -41.4576964901
210.0000000000 -41.5365921752
210.1000000000 -41.6155500351
210.2000000000 -41.6945688727
210.3000000000 -41.7736474899
210.4000000000 -41.8527846877
210.5000000000 -41.9319792666
210.6000000000 -42.0112300265
210.7000000000 -42.0905357670
210.8000000000 -42.1698952877
210.9000000000 -42.2493073883
211.0000000000 -42.3287708685
211.1000000000 -42.4082845289
211.2000000000 -42.4878471704
211.3000000000 -42.5674575949
211.4000000000 -42.6471146051
211.5000000000 -42.7268170051
211.6000000000 -42.8065636002
211.7000000000 -42.8863531974
211.8000000000 -42.9661846052
211.9000000000 -43.0460566343
212.0000000000 -43.1259680971
212.1000000000 -43.2059178085
212.2000000000 -43.2859045858
212.3000000000 -43.3659272487
212.4000000000 -43.4459846199
212.5000000000 -43.5260755249
212.6000000000 -43.6061987922
212.7000000000 -43.6863532537
212.8000000000 -43.7665377447
212.9000000000 -43.8467511041
213.0000000000 -43.9269921745
213.1000000000 -44.0072598023
213.2000000000 -44.0875528382
213.3000000000 -44.1678701370
213.4000000000 -44.2482105577
213.5000000000 -44.3285729642
213.6000000000 -44.4089562248
213.7000000000 -44.4893592127
213.8000000000 -44.5697808060
213.9000000000 -44.6502198881
214.0000000000 -44.7306753473
214.1000000000 -44.8111460778
214.2000000000 -44.8916309788
214.3000000000 -44.9721289556
214.4000000000 -45.0526389191
214.5000000000 -45.1331597862
214.6000000000 -45.2136904797
214.7000000000 -45.2942299288
214.8000000000 -45.3747770690
214.9000000000 -45.4553308421
215.0000000000 -45.5358901965
215.1000000000 -45.6164540873
215.2000000000 -45.6970214765
215.3000000000 -45.7775913329
215.4000000000 -45.8581626322
215.5000000000 -45.9387343573
215.6000000000 -46.0193054985
215.7000000000 -46.0998750532
215.8000000000 -46.1804420264
215.9000000000 -46.2610054304
216.0000000000 -46.3415642853
216.1000000000 -46.4221176190
216.2000000000 -46.5026644669
216.3000000000 -46.5832038725
216.4000000000 -46.6637348874
216.5000000000 -46.7442565710
216.6000000000 -46.8247679909
216.7000000000 -46.9052682230
216.8000000000 -46.9857563514
216.9000000000 -47.0662314687
217.0000000000 -47.1466926757
217.1000000000 -47.2271390820
217.2000000000 -47.3075698054
217.3000000000 -47.3879839727
217.4000000000 -47.4683807191
217.5000000000 -47.5487591886
217.6000000000 -47.6291185340
217.7000000000 -47.7094579171
217.8000000000 -47.7897765083
217.9000000000 -47.8700734871
218.0000000000 -47.9503480420
218.1000000000 -48.0305993704
218.2000000000 -48.1108266790
218.3000000000 -48.1910291832
218.4000000000 -48.2712061078
218.5000000000 -48.3513566868
218.6000000000 -48.4314801631
218.7000000000 -48.5115757891
218.8000000000 -48.5916428261
218.9000000000 -48.6716805451
219.0000000000 -48.7516882259
219.1000000000 -48.8316651579
219.2000000000 -48.9116106396
219.3000000000 -48.9915239789
219.4000000000 -49.0714044930
219.5000000000 -49.1512515083
219.6000000000 -49.2310643607
219.7000000000 -49.3108423953
219.8000000000 -49.3905849665
219.9000000000 -49.4702914380
220.0000000000 -49.5499611829
220.1000000000 -49.6295935836
220.2000000000 -49.7091880316
220.3000000000 -49.7887439278
220.4000000000 -49.8682606824
220.5000000000 -49.9477377147
220.6000000000 -50.0271744533
220.7000000000 -50.1065703360
220.8000000000 -50.1859248097
220.9000000000 -50.2652373305
221.0000000000 -50.3445073635
221.1000000000 -50.4237343830
221.2000000000 -50.5029178723
221.3000000000 -50.5820573238
221.4000000000 -50.6611522387
221.5000000000 -50.7402021272
221.6000000000 -50.8192065084
221.7000000000 -50.8981649104
221.8000000000 -50.9770768698
221.9000000000 -51.0559419321
222.0000000000 -51.1347596517
222.1000000000 -51.2135295914
222.2000000000 -51.2922513226
222.3000000000 -51.3709244255
222.4000000000 -51.4495484885
222.5000000000 -51.5281231086
222.6000000000 -51.6066478912
222.7000000000 -51.6851224498
222.8000000000 -51.7635464065
222.9000000000 -51.8419193914
223.0000000000 -51.9202410426
223.1000000000 -51.9985110064
223.2000000000 -52.0767289371
223.3000000000 -52.1548944969
223.4000000000 -52.2330073558
223.5000000000 -52.3110671915
223.6000000000 -52.3890736896
223.7000000000 -52.4670265431
223.8000000000 -52.5449254527
223.9000000000 -52.6227701264
224.0000000000 -52.7005602798
224.1000000000 -52.7782956355
224.2000000000 -52.8559759236
224.3000000000 -52.9336008812
224.4000000000 -53.0111702524
224.5000000000 -53.0886837882
224.6000000000 -53.1661412467
224.7000000000 -53.2435423926
224.8000000000 -53.3208869973
224.9000000000 -53.3981748389
225.0000000000 -53.4754057018
225.1000000000 -53.5525793769
225.2000000000 -53.6296956616
225.3000000000 -53.7067543591
225.4000000000 -53.7837552792
225.5000000000 -53.8606982374
225.6000000000 -53.9375830552
225.7000000000 -54.0144095599
225.8000000000 -54.0911775846
225.9000000000 -54.1678869680
226.0000000000 -54.2445375542
226.1000000000 -54.3211291929
226.2000000000 -54.3976617388
226.3000000000 -54.4741350523
226.4000000000 -54.5505489984
226.5000000000 -54.6269034474
226.6000000000 -54.7031982744
226.7000000000 -54.7794333591
226.8000000000 -54.8556085863
226.9000000000 -54.9317238450
227.0000000000 -55.0077790286
227.1000000000 -55.0837740352
227.2000000000 -55.1597087668
227.3000000000 -55.2355831296
227.4000000000 -55.3113970340
227.5000000000 -55.3871503941
227.6000000000 -55.4628431277
227.7000000000 -55.5384751566
227.8000000000 -55.6140464057
227.9000000000 -55.6895568038
228.0000000000 -55.7650062827
228.1000000000 -55.8403947777
228.2000000000 -55.9157222268
228.3000000000 -55.9909885714
228.4000000000 -56.0661937555
228.5000000000 -56.1413377260
228.6000000000 -56.2164204323
228.7000000000 -56.2914418264
228.8000000000 -56.3664018628
228.9000000000 -56.4413004981
229.0000000000 -56.5161376911
229.1000000000 -56.5909134029
229.2000000000 -56.6656275962
229.3000000000 -56.7402802357
229.4000000000 -56.8148712877
229.5000000000 -56.8894007203
229.6000000000 -56.9638685029
229.7000000000 -57.0382746063
229.8000000000 -57.1126190024
229.9000000000 -57.1869016645
230.0000000000 -57.2611225666
230.1000000000 -57.3352816839
230.2000000000 -57.4093789920
230.3000000000 -57.4834144676
230.4000000000 -57.5573880875
230.5000000000 -57.6312998292
230.6000000000 -57.7051496705
230.7000000000 -57.7789375892
230.8000000000 -57.8526635633
230.9000000000 -57.9263275709
231.0000000000 -57.9999295897
231.1000000000 -58.0734695973
231.2000000000 -58.1469475708
231.3000000000 -58.2203634870
231.4000000000 -58.2937173219
231.5000000000 -58.3670090509
231.6000000000 -58.4402386485
231.7000000000 -58.5134060883
231.8000000000 -58.5865113429
231.9000000000 -58.6595543836
232.0000000000 -58.7325351806
232.1000000000 -58.8054537027
232.2000000000 -58.8783099170
232.3000000000 -58.9511037893
232.4000000000 -59.0238352835
232.5000000000 -59.0965043618
232.6000000000 -59.1691109845
232.7000000000 -59.2416551098
232.8000000000 -59.3141366937
232.9000000000 -59.3865556903
233.0000000000 -59.4589120511
233.1000000000 -59.5312057253
233.2000000000 -59.6034366594
233.3000000000 -59.6756047976
233.4000000000 -59.7477100810
233.5000000000 -59.8197524481
233.6000000000 -59.8917318346
233.7000000000 -59.9636481728
233.8000000000 -60.0355013923
233.9000000000 -60.1072914192
234.0000000000 -60.1790181766
234.1000000000 -60.2506815839
234.2000000000 -60.3222815573
234.3000000000 -60.3938180092
234.4000000000 -60.4652908485
234.5000000000 -60.5366999804
234.6000000000 -60.6080453061
234.7000000000 -60.6793267231
234.8000000000 -60.7505441247
234.9000000000 -60.8216974004
235.0000000000 -60.8927864352
235.1000000000 -60.9638111103
235.2000000000 -61.0347713022
235.3000000000 -61.1056668832
235.4000000000 -61.1764977211
235.5000000000 -61.2472636793
235.6000000000 -61.3179646164
235.7000000000 -61.3886003865
235.8000000000 -61.4591708389
235.9000000000 -61.5296758179
236.0000000000 -61.6001151633
236.1000000000 -61.6704887097
236.2000000000 -61.7407962868
236.3000000000 -61.8110377192
236.4000000000 -61.8812128265
236.5000000000 -61.9513214229
236.6000000000 -62.0213633175
236.7000000000 -62.0913383143
236.8000000000 -62.1612462115
236.9000000000 -62.2310868025
237.0000000000 -62.3008598748
237.1000000000 -62.3705652106
237.2000000000 -62.4402025866
237.3000000000 -62.5097717739
237.4000000000 -62.5792725380
237.5000000000 -62.6487046386
237.6000000000 -62.7180678300
237.7000000000 -62.7873618606
237.8000000000 -62.8565864731
237.9000000000 -62.9257414043
238.0000000000 -62.9948263853
238.1000000000 -63.0638411413
238.2000000000 -63.1327853917
238.3000000000 -63.2016588500
238.4000000000 -63.2704612237
238.5000000000 -63.3391922143
238.6000000000 -63.4078515176
238.7000000000 -63.4764388232
238.8000000000 -63.5449538149
238.9000000000 -63.6133961702
239.0000000000 -63.6817655610
239.1000000000 -63.7500616528
239.2000000000 -63.8182841054
239.3000000000 -63.8864325723
239.4000000000 -63.9545067013
239.5000000000 -64.0225061338
239.6000000000 -64.0904305054
239.7000000000 -64.1582794457
239.8000000000 -64.2260525783
239.9000000000 -64.2937495205
240.0000000000 -64.3613698841
240.1000000000 -64.4289132746
240.2000000000 -64.4963792915
240.3000000000 -64.5637675286
240.4000000000 -64.6310775735
240.5000000000 -64.6983090082
240.6000000000 -64.7654614085
240.7000000000 -64.8325343445
240.8000000000 -64.8995273806
240.9000000000 -64.9664400752
241.0000000000 -65.0332719810
241.1000000000 -65.1000226450
241.2000000000 -65.1666916085
241.3000000000 -65.2332784071
241.4000000000 -65.2997825708
241.5000000000 -65.3662036240
241.6000000000 -65.4325410857
241.7000000000 -65.4987944693
241.8000000000 -65.5649632827
241.9000000000 -65.6310470286
242.0000000000 -65.6970452041
242.1000000000 -65.7629573014
242.2000000000 -65.8287828071
242.3000000000 -65.8945212029
242.4000000000 -65.9601719652
242.5000000000 -66.0257345655
242.6000000000 -66.0912084702
242.7000000000 -66.1565931408
242.8000000000 -66.2218880342
242.9000000000 -66.2870926020
243.0000000000 -66.3522062917
243.1000000000 -66.4172285457
243.2000000000 -66.4821588021
243.3000000000 -66.5469964943
243.4000000000 -66.6117410514
243.5000000000 -66.6763918984
243.6000000000 -66.7409484555
243.7000000000 -66.8054101393
243.8000000000 -66.8697763621
243.9000000000 -66.9340465320
244.0000000000 -66.9982200534
244.1000000000 -67.0622963270
244.2000000000 -67.1262747495
244.3000000000 -67.1901547142
244.4000000000 -67.2539356105
244.5000000000 -67.3176168248
244.6000000000 -67.3811977399
244.7000000000 -67.4446777352
244.8000000000 -67.5080561873
244.9000000000 -67.5713324695
245.0000000000 -67.6345059520
245.1000000000 -67.6975760025
245.2000000000 -67.7605419858
245.3000000000 -67.8234032638
245.4000000000 -67.8861591963
245.5000000000 -67.9488091402
245.6000000000 -68.0113524504
245.7000000000 -68.0737884795
245.8000000000 -68.1361165778
245.9000000000 -68.1983360938
246.0000000000 -68.2604463740
246.1000000000 -68.3224467632
246.2000000000 -68.3843366045
246.3000000000 -68.4461152392
246.4000000000 -68.5077820076
246.5000000000 -68.5693362483
246.6000000000 -68.6307772989
246.7000000000 -68.6921044956
246.8000000000 -68.7533171740
246.9000000000 -68.8144146685
247.0000000000 -68.8753963130
247.1000000000 -68.9362614406
247.2000000000 -68.9970093839
247.3000000000 -69.0576394752
247.4000000000 -69.1181510462
247.5000000000 -69.1785434289
247.6000000000 -69.2388159550
247.7000000000 -69.2989679561
247.8000000000 -69.3589987643
247.9000000000 -69.4189077119
248.0000000000 -69.4786941315
248.1000000000 -69.5383573565
248.2000000000 -69.5978967206
248.3000000000 -69.6573115586
248.4000000000 -69.7166012061
248.5000000000 -69.7757649997
248.6000000000 -69.8348022771
248.7000000000 -69.8937123773
248.8000000000 -69.9524946407
248.9000000000 -70.0111484090
249.0000000000 -70.0696730259
249.1000000000 -70.1280678364
249.2000000000 -70.1863321875
249.3000000000 -70.2444654283
249.4000000000 -70.3024669096
249.5000000000 -70.3603359849
249.6000000000 -70.4180720095
249.7000000000 -70.4756743414
249.8000000000 -70.5331423410
249.9000000000 -70.5904753713
250.0000000000 -70.6476727983
250.1000000000 -70.7047339905
250.2000000000 -70.7616583195
250.3000000000 -70.8184451602
250.4000000000 -70.8750938903
250.5000000000 -70.9316038910
250.6000000000 -70.9879745470
250.7000000000 -71.0442052461
250.8000000000 -71.1002953802
250.9000000000 -71.1562443446
251.0000000000 -71.2120515384
251.1000000000 -71.2677163648
251.2000000000 -71.3232382308
251.3000000000 -71.3786165476
251.4000000000 -71.4338507307
251.5000000000 -71.4889401997
251.6000000000 -71.5438843788
251.7000000000 -71.5986826965
251.8000000000 -71.6533345861
251.9000000000 -71.7078394853
252.0000000000 -71.7621968369
252.1000000000 -71.8164060882
252.2000000000 -71.8704666918
252.3000000000 -71.9243781050
252.4000000000 -71.9781397905
252.5000000000 -72.0317512159
252.6000000000 -72.0852118544
252.7000000000 -72.1385211844
252.8000000000 -72.1916786896
252.9000000000 -72.2446838595
253.0000000000 -72.2975361891
253.1000000000 -72.3502351789
253.2000000000 -72.4027803353
253.3000000000 -72.4551711706
253.4000000000 -72.5074072027
253.5000000000 -72.5594879558
253.6000000000 -72.6114129599
253.7000000000 -72.6631817512
253.8000000000 -72.7147938719
253.9000000000 -72.7662488706
254.0000000000 -72.8175463020
254.1000000000 -72.8686857273
254.2000000000 -72.9196667141
254.3000000000 -72.9704888362
254.4000000000 -73.0211516742
254.5000000000 -73.0716548152
254.6000000000 -73.1219978528
254.7000000000 -73.1721803872
254.8000000000 -73.2222020257
254.9000000000 -73.2720623818
255.0000000000 -73.3217610763
255.1000000000 -73.3712977365
255.2000000000 -73.4206719969
255.3000000000 -73.4698834985
255.4000000000 -73.5189318898
255.5000000000 -73.5678168258
255.6000000000 -73.6165379689
255.7000000000 -73.6650949884
255.8000000000 -73.7134875608
255.9000000000 -73.7617153696
256.0000000000 -73.8097781056
256.1000000000 -73.8576754668
256.2000000000 -73.9054071582
256.3000000000 -73.9529728925
256.4000000000 -74.0003723891
256.5000000000 -74.0476053751
256.6000000000 -74.0946715848
256.7000000000 -74.1415707597
256.8000000000 -74.1883026490
256.9000000000 -74.2348670087
257.0000000000 -74.2812636027
257.1000000000 -74.3274922020
257.2000000000 -74.3735525851
257.3000000000 -74.4194445378
257.4000000000 -74.4651678534
257.5000000000 -74.5107223327
257.6000000000 -74.5561077838
257.7000000000 -74.6013240222
257.8000000000 -74.6463708709
257.9000000000 -74.6912481603
258.0000000000 -74.7359557282
258.1000000000 -74.7804934200
258.2000000000 -74.8248610884
258.3000000000 -74.8690585933
258.4000000000 -74.9130858025
258.5000000000 -74.9569425907
258.6000000000 -75.0006288403
258.7000000000 -75.0441444410
258.8000000000 -75.0874892899
258.9000000000 -75.1306632915
259.0000000000 -75.1736663574
259.1000000000 -75.2164984069
259.2000000000 -75.2591593663
259.3000000000 -75.3016491694
259.4000000000 -75.3439677571
259.5000000000 -75.3861150778
259.6000000000 -75.4280910869
259.7000000000 -75.4698957472
259.8000000000 -75.5115290285
259.9000000000 -75.5529909079
