0.0000000000 -74.4115827575
0.1000000000 -74.4590641833
0.2000000000 -74.2897041492
0.3000000000 -73.7875268726
0.4000000000 -72.9631606529
0.5000000000 -71.8708702089
0.6000000000 -70.5560773980
0.7000000000 -69.0363156564
0.8000000000 -67.2953790390
0.9000000000 -65.2776477801
1.0000000000 -62.8815315801
1.1000000000 -59.9791748034
1.2000000000 -56.5033411771
1.3000000000 -52.4933160289
1.4000000000 -47.9740888219
1.5000000000 -42.8380697445
1.6000000000 -36.8947987713
1.7000000000 -29.9537268108
1.8000000000 -21.8025890282
1.9000000000 -12.1603020966
2.0000000000 -0.7437941224
2.1000000000 12.2172537237
2.2000000000 24.4921132823
2.3000000000 32.1412542903
2.4000000000 34.8277686913
2.5000000000 35.3742858128
2.6000000000 35.5755024200
2.7000000000 35.7927626857
2.8000000000 36.0172282763
2.9000000000 36.2187931523
3.0000000000 36.3826866676
3.1000000000 36.5044883809
3.2000000000 36.5848669462
3.3000000000 36.6266551092
3.4000000000 36.6333871411
3.5000000000 36.6086087780
3.6000000000 36.5555802156
3.7000000000 36.4771744887
3.8000000000 36.3758692729
3.9000000000 36.2537798898
4.0000000000 36.1127072062
4.1000000000 35.9541876309
4.2000000000 35.7795394148
4.3000000000 35.5899030421
4.4000000000 35.3862752626
4.5000000000 35.1695371407
4.6000000000 34.9404768204
4.7000000000 34.6998077953
4.8000000000 34.4481834378
4.9000000000 34.1862084630
5.0000000000 33.9144479075
5.1000000000 33.6334341092
5.2000000000 33.3436720925
5.3000000000 33.0456436869
5.4000000000 32.7398106493
5.5000000000 32.4266170061
5.6000000000 32.1064907902
5.7000000000 31.7798453150
5.8000000000 31.4470800956
5.9000000000 31.1085815087
6.0000000000 30.7647232612
6.1000000000 30.4158667232
6.2000000000 30.0623611696
6.3000000000 29.7045439621
6.4000000000 29.3427406995
6.5000000000 28.9772653534
6.6000000000 28.6084204039
6.7000000000 28.2364969848
6.8000000000 27.8617750456
6.9000000000 27.4845235320
7.0000000000 27.1050005902
7.1000000000 26.7234537922
7.2000000000 26.3401203830
7.3000000000 25.9552275486
7.4000000000 25.5689927011
7.5000000000 25.1816237801
7.6000000000 24.7933195670
7.7000000000 24.4042700091
7.8000000000 24.0146565523
7.9000000000 23.6246524770
8.0000000000 23.2344232385
8.1000000000 22.8441268056
8.2000000000 22.4539139981
8.3000000000 22.0639288202
8.4000000000 21.6743087880
8.5000000000 21.2851852497
8.6000000000 20.8966836969
8.7000000000 20.5089240670
8.8000000000 20.1220210341
8.9000000000 19.7360842890
9.0000000000 19.3512188065
9.1000000000 18.9675251014
9.2000000000 18.5850994702
9.3000000000 18.2040342207
9.4000000000 17.8244178886
9.5000000000 17.4463354402
9.6000000000 17.0698684630
9.7000000000 16.6950953421
9.8000000000 16.3220914257
9.9000000000 15.9509291765
10.0000000000 15.5816783120
10.1000000000 15.2144059331
10.2000000000 14.8491766407
10.3000000000 14.4860526422
10.4000000000 14.1250938470
10.5000000000 13.7663579527
10.6000000000 13.4099005208
10.7000000000 13.0557750446
10.8000000000 12.7040330081
10.9000000000 12.3547239365
11.0000000000 12.0078954406
11.1000000000 11.6635932530
11.2000000000 11.3218612589
11.3000000000 10.9827415204
11.4000000000 10.6462742966
11.5000000000 10.3124980579
11.6000000000 9.9814494965
11.7000000000 9.6531635337
11.8000000000 9.3276733234
11.9000000000 9.0050102534
12.0000000000 8.6852039443
12.1000000000 8.3682822470
12.2000000000 8.0542712386
12.3000000000 7.7431952183
12.4000000000 7.4350767018
12.5000000000 7.1299364174
12.6000000000 6.8277933008
12.7000000000 6.5286644923
12.8000000000 6.2325653340
12.9000000000 5.9395093697
13.0000000000 5.6495083451
13.1000000000 5.3625722115
13.2000000000 5.0787091310
13.3000000000 4.7979254838
13.4000000000 4.5202258794
13.5000000000 4.2456131690
13.6000000000 3.9740884619
13.7000000000 3.7056511443
13.8000000000 3.4402989013
13.9000000000 3.1780277415
14.0000000000 2.9188320250
14.1000000000 2.6627044940
14.2000000000 2.4096363063
14.3000000000 2.1596170716
14.4000000000 1.9126348903
14.5000000000 1.6686763950
14.6000000000 1.4277267938
14.7000000000 1.1897699165
14.8000000000 0.9547882623
14.9000000000 0.7227630493
15.0000000000 0.4936742654
15.1000000000 0.2675007214
15.2000000000 0.0442201041
15.3000000000 -0.1761909689
15.4000000000 -0.3937568937
15.5000000000 -0.6085030244
15.6000000000 -0.8204556170
15.7000000000 -1.0296417730
15.8000000000 -1.2360893833
15.9000000000 -1.4398270722
16.0000000000 -1.6408841419
16.1000000000 -1.8392905177
16.2000000000 -2.0350766940
16.3000000000 -2.2282736808
16.4000000000 -2.4189129521
16.5000000000 -2.6070263943
16.6000000000 -2.7926462572
16.7000000000 -2.9758051051
16.8000000000 -3.1565357705
16.9000000000 -3.3348713081
17.0000000000 -3.5108449521
17.1000000000 -3.6844900731
17.2000000000 -3.8558401382
17.3000000000 -4.0249286726
17.4000000000 -4.1917892222
17.5000000000 -4.3564553186
17.6000000000 -4.5189604457
17.7000000000 -4.6793380080
17.8000000000 -4.8376213005
17.9000000000 -4.9938434808
18.0000000000 -5.1480375423
18.1000000000 -5.3002362891
18.2000000000 -5.4504723132
18.3000000000 -5.5987779726
18.4000000000 -5.7451853709
18.5000000000 -5.8897263393
18.6000000000 -6.0324324186
18.7000000000 -6.1733348441
18.8000000000 -6.3124645310
18.9000000000 -6.4498520609
19.0000000000 -6.5855276707
19.1000000000 -6.7195212409
19.2000000000 -6.8518622870
19.3000000000 -6.9825799506
19.4000000000 -7.1117029919
19.5000000000 -7.2392597838
19.6000000000 -7.3652783056
19.7000000000 -7.4897861393
19.8000000000 -7.6128104650
19.9000000000 -7.7343780584
20.0000000000 -7.8545152886
20.1000000000 -7.9732481161
20.2000000000 -8.0906020924
20.3000000000 -8.2066023593
20.4000000000 -8.3212736493
20.5000000000 -8.4346402865
20.6000000000 -8.5467261878
20.7000000000 -8.6575548645
20.8000000000 -8.7671494246
20.9000000000 -8.8755325752
21.0000000000 -8.9827266255
21.1000000000 -9.0887534900
21.2000000000 -9.1936346919
21.3000000000 -9.2973913668
21.4000000000 -9.4000442671
21.5000000000 -9.5016137656
21.6000000000 -9.6021198604
21.7000000000 -9.7015821795
21.8000000000 -9.8000199853
21.9000000000 -9.8974521795
22.0000000000 -9.9938973083
22.1000000000 -10.0893735673
22.2000000000 -10.1838988070
22.3000000000 -10.2774905375
22.4000000000 -10.3701659345
22.5000000000 -10.4619418441
22.6000000000 -10.5528347886
22.7000000000 -10.6428609715
22.8000000000 -10.7320362834
22.9000000000 -10.8203763072
23.0000000000 -10.9078963234
23.1000000000 -10.9946113158
23.2000000000 -11.0805359767
23.3000000000 -11.1656847124
23.4000000000 -11.2500716482
23.5000000000 -11.3337106345
23.6000000000 -11.4166152511
23.7000000000 -11.4987988129
23.8000000000 -11.5802743753
23.9000000000 -11.6610547388
24.0000000000 -11.7411524542
24.1000000000 -11.8205798278
24.2000000000 -11.8993489262
24.3000000000 -11.9774715809
24.4000000000 -12.0549593937
24.5000000000 -12.1318237406
24.6000000000 -12.2080757772
24.7000000000 -12.2837264429
24.8000000000 -12.3587864655
24.9000000000 -12.4332663653
25.0000000000 -12.5071764602
25.1000000000 -12.5805268691
25.2000000000 -12.6533275169
25.3000000000 -12.7255881379
25.4000000000 -12.7973182806
25.5000000000 -12.8685273108
25.6000000000 -12.9392244165
25.7000000000 -13.0094186107
25.8000000000 -13.0791187362
25.9000000000 -13.1483334683
26.0000000000 -13.2170713190
26.1000000000 -13.2853406404
26.2000000000 -13.3531496282
26.3000000000 -13.4205063249
26.4000000000 -13.4874186235
26.5000000000 -13.5538942701
26.6000000000 -13.6199408679
26.7000000000 -13.6855658797
26.8000000000 -13.7507766312
26.9000000000 -13.8155803140
27.0000000000 -13.8799839882
27.1000000000 -13.9439945860
27.2000000000 -14.0076189136
27.3000000000 -14.0708636545
27.4000000000 -14.1337353720
27.5000000000 -14.1962405120
27.6000000000 -14.2583854051
27.7000000000 -14.3201762696
27.8000000000 -14.3816192137
27.9000000000 -14.4427202379
28.0000000000 -14.5034852375
28.1000000000 -14.5639200046
28.2000000000 -14.6240302305
28.3000000000 -14.6838215079
28.4000000000 -14.7432993331
28.5000000000 -14.8024691078
28.6000000000 -14.8613361415
28.7000000000 -14.9199056531
28.8000000000 -14.9781827733
28.9000000000 -15.0361725462
29.0000000000 -15.0938799311
29.1000000000 -15.1513098046
29.2000000000 -15.2084669621
29.3000000000 -15.2653561198
29.4000000000 -15.3219819159
29.5000000000 -15.3783489130
29.6000000000 -15.4344615992
29.7000000000 -15.4903243896
29.8000000000 -15.5459416283
29.9000000000 -15.6013175897
30.0000000000 -15.6564564795
30.1000000000 -15.7113624372
30.2000000000 -15.7660395363
30.3000000000 -15.8204917867
30.4000000000 -15.8747231354
30.5000000000 -15.9287374681
30.6000000000 -15.9825386103
30.7000000000 -16.0361303289
30.8000000000 -16.0895163329
30.9000000000 -16.1427002751
31.0000000000 -16.1956857531
31.1000000000 -16.2484763102
31.2000000000 -16.3010754371
31.3000000000 -16.3534865723
31.4000000000 -16.4057131037
31.5000000000 -16.4577583694
31.6000000000 -16.5096256587
31.7000000000 -16.5613182134
31.8000000000 -16.6128392283
31.9000000000 -16.6641918526
32.0000000000 -16.7153791907
32.1000000000 -16.7664043028
32.2000000000 -16.8172702064
32.3000000000 -16.8679798766
32.4000000000 -16.9185362472
32.5000000000 -16.9689422118
32.6000000000 -17.0192006240
32.7000000000 -17.0693142989
32.8000000000 -17.1192860131
32.9000000000 -17.1691185063
33.0000000000 -17.2188144815
33.1000000000 -17.2683766059
33.2000000000 -17.3178075115
33.3000000000 -17.3671097961
33.4000000000 -17.4162860236
33.5000000000 -17.4653387249
33.6000000000 -17.5142703987
33.7000000000 -17.5630835116
33.8000000000 -17.6117804995
33.9000000000 -17.6603637675
34.0000000000 -17.7088356910
34.1000000000 -17.7571986159
34.2000000000 -17.8054548596
34.3000000000 -17.8536067111
34.4000000000 -17.9016564320
34.5000000000 -17.9496062568
34.6000000000 -17.9974583934
34.7000000000 -18.0452150237
34.8000000000 -18.0928783040
34.9000000000 -18.1404503659
35.0000000000 -18.1879333161
35.1000000000 -18.2353292374
35.2000000000 -18.2826401892
35.3000000000 -18.3298682076
35.4000000000 -18.3770153059
35.5000000000 -18.4240834755
35.6000000000 -18.4710746856
35.7000000000 -18.5179908845
35.8000000000 -18.5648339991
35.9000000000 -18.6116059359
36.0000000000 -18.6583085813
36.1000000000 -18.7049438019
36.2000000000 -18.7515134447
36.3000000000 -18.7980193378
36.4000000000 -18.8444632909
36.5000000000 -18.8908470949
36.6000000000 -18.9371725230
36.7000000000 -18.9834413310
36.8000000000 -19.0296552570
36.9000000000 -19.0758160224
37.0000000000 -19.1219253319
37.1000000000 -19.1679848740
37.2000000000 -19.2139963211
37.3000000000 -19.2599613299
37.4000000000 -19.3058815418
37.5000000000 -19.3517585830
37.6000000000 -19.3975940649
37.7000000000 -19.4433895844
37.8000000000 -19.4891467241
37.9000000000 -19.5348670527
38.0000000000 -19.5805521250
38.1000000000 -19.6262034826
38.2000000000 -19.6718226536
38.3000000000 -19.7174111533
38.4000000000 -19.7629704844
38.5000000000 -19.8085021367
38.6000000000 -19.8540075883
38.7000000000 -19.8994883049
38.8000000000 -19.9449457405
38.9000000000 -19.9903813376
39.0000000000 -20.0357965274
39.1000000000 -20.0811927298
39.2000000000 -20.1265713538
39.3000000000 -20.1719337979
39.4000000000 -20.2172814498
39.5000000000 -20.2626156869
39.6000000000 -20.3079378768
39.7000000000 -20.3532493767
39.8000000000 -20.3985515344
39.9000000000 -20.4438456879
40.0000000000 -20.4891331658
40.1000000000 -20.5344152877
40.2000000000 -20.5796933639
40.3000000000 -20.6249686960
40.4000000000 -20.6702425768
40.5000000000 -20.7155162904
40.6000000000 -20.7607911127
40.7000000000 -20.8060683113
40.8000000000 -20.8513491457
40.9000000000 -20.8966348674
41.0000000000 -20.9419267201
41.1000000000 -20.9872259400
41.2000000000 -21.0325337555
41.3000000000 -21.0778513879
41.4000000000 -21.1231800510
41.5000000000 -21.1685209517
41.6000000000 -21.2138752897
41.7000000000 -21.2592442581
41.8000000000 -21.3046290429
41.9000000000 -21.3500308238
42.0000000000 -21.3954507739
42.1000000000 -21.4408900598
42.2000000000 -21.4863498420
42.3000000000 -21.5318312747
42.4000000000 -21.5773355060
42.5000000000 -21.6228636782
42.6000000000 -21.6684169278
42.7000000000 -21.7139963852
42.8000000000 -21.7596031756
42.9000000000 -21.8052384183
43.0000000000 -21.8509032273
43.1000000000 -21.8965987113
43.2000000000 -21.9423259735
43.3000000000 -21.9880861121
43.4000000000 -22.0338802201
43.5000000000 -22.0797093856
43.6000000000 -22.1255746916
43.7000000000 -22.1714772163
43.8000000000 -22.2174180332
43.9000000000 -22.2633982109
44.0000000000 -22.3094188136
44.1000000000 -22.3554809009
44.2000000000 -22.4015855276
44.3000000000 -22.4477337445
44.4000000000 -22.4939265978
44.5000000000 -22.5401651293
44.6000000000 -22.5864503770
44.7000000000 -22.6327833742
44.8000000000 -22.6791651504
44.9000000000 -22.7255967311
45.0000000000 -22.7720791374
45.1000000000 -22.8186133869
45.2000000000 -22.8652004931
45.3000000000 -22.9118414656
45.4000000000 -22.9585373102
45.5000000000 -23.0052890292
45.6000000000 -23.0520976208
45.7000000000 -23.0989640798
45.8000000000 -23.1458893973
45.9000000000 -23.1928745607
46.0000000000 -23.2399205541
46.1000000000 -23.2870283579
46.2000000000 -23.3341989491
46.3000000000 -23.3814333011
46.4000000000 -23.4287323840
46.5000000000 -23.4760971646
46.6000000000 -23.5235286063
46.7000000000 -23.5710276690
46.8000000000 -23.6185953095
46.9000000000 -23.6662324813
47.0000000000 -23.7139401345
47.1000000000 -23.7617192161
47.2000000000 -23.8095706699
47.3000000000 -23.8574954362
47.4000000000 -23.9054944527
47.5000000000 -23.9535686533
47.6000000000 -24.0017189691
47.7000000000 -24.0499463281
47.8000000000 -24.0982516550
47.9000000000 -24.1466358714
48.0000000000 -24.1950998958
48.1000000000 -24.2436446436
48.2000000000 -24.2922710272
48.3000000000 -24.3409799556
48.4000000000 -24.3897723352
48.5000000000 -24.4386490687
48.6000000000 -24.4876110561
48.7000000000 -24.5366591943
48.8000000000 -24.5857943768
48.9000000000 -24.6350174943
49.0000000000 -24.6843294342
49.1000000000 -24.7337310809
49.2000000000 -24.7832233155
49.3000000000 -24.8328070160
49.4000000000 -24.8824830574
49.5000000000 -24.9322523114
49.6000000000 -24.9821156465
49.7000000000 -25.0320739280
49.8000000000 -25.0821280179
49.9000000000 -25.1322787752
50.0000000000 -25.1825270555
50.1000000000 -25.2328737110
50.2000000000 -25.2833195908
50.3000000000 -25.3338655405
50.4000000000 -25.3845124025
50.5000000000 -25.4352610157
50.6000000000 -25.4861122156
50.7000000000 -25.5370668343
50.8000000000 -25.5881257004
50.9000000000 -25.6392896391
51.0000000000 -25.6905594719
51.1000000000 -25.7419360167
51.2000000000 -25.7934200881
51.3000000000 -25.8450124967
51.4000000000 -25.8967140496
51.5000000000 -25.9485255501
51.6000000000 -26.0004477978
51.7000000000 -26.0524815885
51.8000000000 -26.1046277141
51.9000000000 -26.1568869625
52.0000000000 -26.2092601179
52.1000000000 -26.2617479603
52.2000000000 -26.3143512658
52.3000000000 -26.3670708062
52.4000000000 -26.4199073494
52.5000000000 -26.4728616590
52.6000000000 -26.5259344943
52.7000000000 -26.5791266105
52.8000000000 -26.6324387581
52.9000000000 -26.6858716834
53.0000000000 -26.7394261283
53.1000000000 -26.7931028300
53.2000000000 -26.8469025212
53.3000000000 -26.9008259298
53.4000000000 -26.9548737791
53.5000000000 -27.0090467877
53.6000000000 -27.0633456692
53.7000000000 -27.1177711322
53.8000000000 -27.1723238806
53.9000000000 -27.2270046130
54.0000000000 -27.2818140229
54.1000000000 -27.3367527987
54.2000000000 -27.3918216235
54.3000000000 -27.4470211750
54.4000000000 -27.5023521256
54.5000000000 -27.5578151420
54.6000000000 -27.6134108856
54.7000000000 -27.6691400119
54.8000000000 -27.7250031709
54.9000000000 -27.7810010065
55.0000000000 -27.8371341571
55.1000000000 -27.8934032549
55.2000000000 -27.9498089261
55.3000000000 -28.0063517906
55.4000000000 -28.0630324625
55.5000000000 -28.1198515491
55.6000000000 -28.1768096518
55.7000000000 -28.2339073652
55.8000000000 -28.2911452773
55.9000000000 -28.3485239699
56.0000000000 -28.4060440175
56.1000000000 -28.4637059881
56.2000000000 -28.5215104428
56.3000000000 -28.5794579355
56.4000000000 -28.6375490132
56.5000000000 -28.6957842157
56.6000000000 -28.7541640753
56.7000000000 -28.8126891172
56.8000000000 -28.8713598590
56.9000000000 -28.9301768107
57.0000000000 -28.9891404747
57.1000000000 -29.0482513457
57.2000000000 -29.1075099104
57.3000000000 -29.1669166477
57.4000000000 -29.2264720283
57.5000000000 -29.2861765150
57.6000000000 -29.3460305622
57.7000000000 -29.4060346159
57.8000000000 -29.4661891138
57.9000000000 -29.5264944849
58.0000000000 -29.5869511499
58.1000000000 -29.6475595205
58.2000000000 -29.7083199995
58.3000000000 -29.7692329810
58.4000000000 -29.8302988500
58.5000000000 -29.8915179822
58.6000000000 -29.9528907444
58.7000000000 -30.0144174938
58.8000000000 -30.0760985783
58.9000000000 -30.1379343362
59.0000000000 -30.1999250962
59.1000000000 -30.2620711774
59.2000000000 -30.3243728890
59.3000000000 -30.3868305301
59.4000000000 -30.4494443902
59.5000000000 -30.5122147481
59.6000000000 -30.5751418730
59.7000000000 -30.6382260235
59.8000000000 -30.7014674476
59.9000000000 -30.7648663832
60.0000000000 -30.8284230573
60.1000000000 -30.8921376864
60.2000000000 -30.9560104761
60.3000000000 -31.0200416212
60.4000000000 -31.0842313054
60.5000000000 -31.1485797015
60.6000000000 -31.2130869710
60.7000000000 -31.2777532643
60.8000000000 -31.3425787203
60.9000000000 -31.4075634667
61.0000000000 -31.4727076194
61.1000000000 -31.5380112830
61.2000000000 -31.6034745502
61.3000000000 -31.6690975020
61.4000000000 -31.7348802077
61.5000000000 -31.8008227243
61.6000000000 -31.8669250972
61.7000000000 -31.9331873594
61.8000000000 -31.9996095320
61.9000000000 -32.0661916237
62.0000000000 -32.1329336308
62.1000000000 -32.1998355374
62.2000000000 -32.2668973150
62.3000000000 -32.3341189226
62.4000000000 -32.4015003067
62.5000000000 -32.4690414009
62.6000000000 -32.5367421264
62.7000000000 -32.6046023912
62.8000000000 -32.6726220907
62.9000000000 -32.7408011074
63.0000000000 -32.8091393107
63.1000000000 -32.8776365571
63.2000000000 -32.9462926899
63.3000000000 -33.0151075393
63.4000000000 -33.0840809223
63.5000000000 -33.1532126427
63.6000000000 -33.2225024911
63.7000000000 -33.2919502446
63.8000000000 -33.3615556672
63.9000000000 -33.4313185091
64.0000000000 -33.5012385075
64.1000000000 -33.5713153859
64.2000000000 -33.6415488544
64.3000000000 -33.7119386095
64.4000000000 -33.7824843342
64.5000000000 -33.8531856979
64.6000000000 -33.9240423565
64.7000000000 -33.9950539522
64.8000000000 -34.0662201136
64.9000000000 -34.1375404556
65.0000000000 -34.2090145797
65.1000000000 -34.2806420735
65.2000000000 -34.3524225110
65.3000000000 -34.4243554527
65.4000000000 -34.4964404452
65.5000000000 -34.5686770216
65.6000000000 -34.6410647015
65.7000000000 -34.7136029907
65.8000000000 -34.7862913814
65.9000000000 -34.8591293522
66.0000000000 -34.9321163682
66.1000000000 -35.0052518810
66.2000000000 -35.0785353285
66.3000000000 -35.1519661353
66.4000000000 -35.2255437125
66.5000000000 -35.2992674577
66.6000000000 -35.3731367551
66.7000000000 -35.4471509758
66.8000000000 -35.5213094773
66.9000000000 -35.5956116042
67.0000000000 -35.6700566875
67.1000000000 -35.7446440455
67.2000000000 -35.8193729832
67.3000000000 -35.8942427925
67.4000000000 -35.9692527525
67.5000000000 -36.0444021296
67.6000000000 -36.1196901770
67.7000000000 -36.1951161355
67.8000000000 -36.2706792331
67.9000000000 -36.3463786854
68.0000000000 -36.4222136952
68.1000000000 -36.4981834533
68.2000000000 -36.5742871380
68.3000000000 -36.6505239154
68.4000000000 -36.7268929395
68.5000000000 -36.8033933525
68.6000000000 -36.8800242844
68.7000000000 -36.9567848536
68.8000000000 -37.0336741668
68.9000000000 -37.1106913191
69.0000000000 -37.1878353943
69.1000000000 -37.2651054648
69.2000000000 -37.3425005917
69.3000000000 -37.4200198252
69.4000000000 -37.4976622045
69.5000000000 -37.5754267580
69.6000000000 -37.6533125034
69.7000000000 -37.7313184480
69.8000000000 -37.8094435885
69.9000000000 -37.8876869116
70.0000000000 -37.9660473938
70.1000000000 -38.0445240017
70.2000000000 -38.1231156921
70.3000000000 -38.2018214120
70.4000000000 -38.2806400993
70.5000000000 -38.3595706823
70.6000000000 -38.4386120803
70.7000000000 -38.5177632036
70.8000000000 -38.5970229535
70.9000000000 -38.6763902230
71.0000000000 -38.7558638964
71.1000000000 -38.8354428498
71.2000000000 -38.9151259512
71.3000000000 -38.9949120607
71.4000000000 -39.0748000306
71.5000000000 -39.1547887056
71.6000000000 -39.2348769231
71.7000000000 -39.3150635134
71.8000000000 -39.3953472997
71.9000000000 -39.4757270984
72.0000000000 -39.5562017193
72.1000000000 -39.6367699659
72.2000000000 -39.7174306353
72.3000000000 -39.7981825187
72.4000000000 -39.8790244016
72.5000000000 -39.9599550637
72.6000000000 -40.0409732794
72.7000000000 -40.1220778179
72.8000000000 -40.2032674433
72.9000000000 -40.2845409151
73.0000000000 -40.3658969881
73.1000000000 -40.4473344127
73.2000000000 -40.5288519352
73.3000000000 -40.6104482981
73.4000000000 -40.6921222398
73.5000000000 -40.7738724955
73.6000000000 -40.8556977969
73.7000000000 -40.9375968728
73.8000000000 -41.0195684490
73.9000000000 -41.1016112484
74.0000000000 -41.1837239919
74.1000000000 -41.2659053978
74.2000000000 -41.3481541826
74.3000000000 -41.4304690608
74.4000000000 -41.5128487453
74.5000000000 -41.5952919480
74.6000000000 -41.6777973790
74.7000000000 -41.7603637480
74.8000000000 -41.8429897637
74.9000000000 -41.9256741343
75.0000000000 -42.0084155677
75.1000000000 -42.0912127717
75.2000000000 -42.1740644542
75.3000000000 -42.2569693234
75.4000000000 -42.3399260881
75.5000000000 -42.4229334579
75.6000000000 -42.5059901431
75.7000000000 -42.5890948553
75.8000000000 -42.6722463076
75.9000000000 -42.7554432145
76.0000000000 -42.8386842922
76.1000000000 -42.9219682590
76.2000000000 -43.0052938355
76.3000000000 -43.0886597445
76.4000000000 -43.1720647112
76.5000000000 -43.2555074640
76.6000000000 -43.3389867340
76.7000000000 -43.4225012555
76.8000000000 -43.5060497660
76.9000000000 -43.5896310069
77.0000000000 -43.6732437230
77.1000000000 -43.7568866631
77.2000000000 -43.8405585803
77.3000000000 -43.9242582316
77.4000000000 -44.0079843789
77.5000000000 -44.0917357883
77.6000000000 -44.1755112311
77.7000000000 -44.2593094833
77.8000000000 -44.3431293263
77.9000000000 -44.4269695465
78.0000000000 -44.5108289362
78.1000000000 -44.5947062931
78.2000000000 -44.6786004207
78.3000000000 -44.7625101286
78.4000000000 -44.8464342326
78.5000000000 -44.9303715545
78.6000000000 -45.0143209228
78.7000000000 -45.0982811725
78.8000000000 -45.1822511453
78.9000000000 -45.2662296899
79.0000000000 -45.3502156618
79.1000000000 -45.4342079240
79.2000000000 -45.5182053463
79.3000000000 -45.6022068064
79.4000000000 -45.6862111893
79.5000000000 -45.7702173876
79.6000000000 -45.8542243020
79.7000000000 -45.9382308408
79.8000000000 -46.0222359205
79.9000000000 -46.1062384657
80.0000000000 -46.1902374092
80.1000000000 -46.2742316924
80.2000000000 -46.3582202649
80.3000000000 -46.4422020850
80.4000000000 -46.5261761196
80.5000000000 -46.6101413444
80.6000000000 -46.6940967441
80.7000000000 -46.7780413121
80.8000000000 -46.8619740510
80.9000000000 -46.9458939724
81.0000000000 -47.0298000973
81.1000000000 -47.1136914556
81.2000000000 -47.1975670870
81.3000000000 -47.2814260403
81.4000000000 -47.3652673738
81.5000000000 -47.4490901556
81.6000000000 -47.5328934630
81.7000000000 -47.6166763834
81.8000000000 -47.7004380135
81.9000000000 -47.7841774602
82.0000000000 -47.8678938398
82.1000000000 -47.9515862788
82.2000000000 -48.0352539134
82.3000000000 -48.1188958899
82.4000000000 -48.2025113643
82.5000000000 -48.2860995029
82.6000000000 -48.3696594820
82.7000000000 -48.4531904879
82.8000000000 -48.5366917169
82.9000000000 -48.6201623756
83.0000000000 -48.7036016807
83.1000000000 -48.7870088589
83.2000000000 -48.8703831472
83.3000000000 -48.9537237927
83.4000000000 -49.0370300527
83.5000000000 -49.1203011946
83.6000000000 -49.2035364962
83.7000000000 -49.2867352451
83.8000000000 -49.3698967395
83.9000000000 -49.4530202873
84.0000000000 -49.5361052070
84.1000000000 -49.6191508268
84.2000000000 -49.7021564854
84.3000000000 -49.7851215314
84.4000000000 -49.8680453234
84.5000000000 -49.9509272302
84.6000000000 -50.0337666306
84.7000000000 -50.1165629133
84.8000000000 -50.1993154771
84.9000000000 -50.2820237306
85.0000000000 -50.3646870923
85.1000000000 -50.4473049906
85.2000000000 -50.5298768637
85.3000000000 -50.6124021595
85.4000000000 -50.6948803357
85.5000000000 -50.7773108596
85.6000000000 -50.8596932081
85.7000000000 -50.9420268677
85.8000000000 -51.0243113344
85.9000000000 -51.1065461135
86.0000000000 -51.1887307200
86.1000000000 -51.2708646778
86.2000000000 -51.3529475204
86.3000000000 -51.4349787903
86.4000000000 -51.5169580392
86.5000000000 -51.5988848278
86.6000000000 -51.6807587257
86.7000000000 -51.7625793115
86.8000000000 -51.8443461727
86.9000000000 -51.9260589052
87.0000000000 -52.0077171139
87.1000000000 -52.0893204121
87.2000000000 -52.1708684217
87.3000000000 -52.2523607729
87.4000000000 -52.3337971043
87.5000000000 -52.4151770625
87.6000000000 -52.4965003026
87.7000000000 -52.5777664874
87.8000000000 -52.6589752878
87.9000000000 -52.7401263826
88.0000000000 -52.8212194582
88.1000000000 -52.9022542087
88.2000000000 -52.9832303358
88.3000000000 -53.0641475487
88.4000000000 -53.1450055638
88.5000000000 -53.2258041047
88.6000000000 -53.3065429023
88.7000000000 -53.3872216944
88.8000000000 -53.4678402258
88.9000000000 -53.5483982481
89.0000000000 -53.6288955195
89.1000000000 -53.7093318048
89.2000000000 -53.7897068752
89.3000000000 -53.8700205085
89.4000000000 -53.9502724886
89.5000000000 -54.0304626053
89.6000000000 -54.1105906547
89.7000000000 -54.1906564387
89.8000000000 -54.2706597648
89.9000000000 -54.3506004464
90.0000000000 -54.4304783021
90.1000000000 -54.5102931563
90.2000000000 -54.5900448382
90.3000000000 -54.6697331826
90.4000000000 -54.7493580290
90.5000000000 -54.8289192220
90.6000000000 -54.9084166107
90.7000000000 -54.9878500491
90.8000000000 -55.0672193957
90.9000000000 -55.1465245133
91.0000000000 -55.2257652689
91.1000000000 -55.3049415337
91.2000000000 -55.3840531830
91.3000000000 -55.4631000958
91.4000000000 -55.5420821550
91.5000000000 -55.6209992469
91.6000000000 -55.6998512614
91.7000000000 -55.7786380919
91.8000000000 -55.8573596346
91.9000000000 -55.9360157892
92.0000000000 -56.0146064582
92.1000000000 -56.0931315467
92.2000000000 -56.1715909628
92.3000000000 -56.2499846171
92.4000000000 -56.3283124223
92.5000000000 -56.4065742938
92.6000000000 -56.4847701489
92.7000000000 -56.5628999070
92.8000000000 -56.6409634893
92.9000000000 -56.7189608188
93.0000000000 -56.7968918202
93.1000000000 -56.8747564195
93.2000000000 -56.9525545442
93.3000000000 -57.0302861230
93.4000000000 -57.1079510856
93.5000000000 -57.1855493626
93.6000000000 -57.2630808856
93.7000000000 -57.3405455868
93.8000000000 -57.4179433989
93.9000000000 -57.4952742551
94.0000000000 -57.5725380889
94.1000000000 -57.6497348338
94.2000000000 -57.7268644235
94.3000000000 -57.8039267916
94.4000000000 -57.8809218714
94.5000000000 -57.9578495959
94.6000000000 -58.0347098974
94.7000000000 -58.1115027080
94.8000000000 -58.1882279587
94.9000000000 -58.2648855797
95.0000000000 -58.3414755004
95.1000000000 -58.4179976489
95.2000000000 -58.4944519521
95.3000000000 -58.5708383355
95.4000000000 -58.6471567232
95.5000000000 -58.7234070377
95.6000000000 -58.7995891997
95.7000000000 -58.8757031280
95.8000000000 -58.9517487395
95.9000000000 -59.0277259491
96.0000000000 -59.1036346694
96.1000000000 -59.1794748107
96.2000000000 -59.2552462808
96.3000000000 -59.3309489851
96.4000000000 -59.4065828263
96.5000000000 -59.4821477041
96.6000000000 -59.5576435156
96.7000000000 -59.6330701548
96.8000000000 -59.7084275127
96.9000000000 -59.7837154769
97.0000000000 -59.8589339318
97.1000000000 -59.9340827584
97.2000000000 -60.0091618342
97.3000000000 -60.0841710330
97.4000000000 -60.1591102249
97.5000000000 -60.2339792763
97.6000000000 -60.3087780494
97.7000000000 -60.3835064028
97.8000000000 -60.4581641907
97.9000000000 -60.5327512632
98.0000000000 -60.6072674661
98.1000000000 -60.6817126407
98.2000000000 -60.7560866241
98.3000000000 -60.8303892487
98.4000000000 -60.9046203422
98.5000000000 -60.9787797278
98.6000000000 -61.0528672236
98.7000000000 -61.1268826431
98.8000000000 -61.2008257948
98.9000000000 -61.2746964819
99.0000000000 -61.3484945030
99.1000000000 -61.4222196511
99.2000000000 -61.4958717141
99.3000000000 -61.5694504747
99.4000000000 -61.6429557100
99.5000000000 -61.7163871919
99.6000000000 -61.7897446867
99.7000000000 -61.8630279552
99.8000000000 -61.9362367523
99.9000000000 -62.0093708277
100.0000000000 -62.0824299251
100.1000000000 -62.1554137824
100.2000000000 -62.2283221318
100.3000000000 -62.3011546996
100.4000000000 -62.3739112061
100.5000000000 -62.4465913657
100.6000000000 -62.5191948869
100.7000000000 -62.5917214720
100.8000000000 -62.6641708174
100.9000000000 -62.7365426132
101.0000000000 -62.8088365436
101.1000000000 -62.8810522865
101.2000000000 -62.9531895135
101.3000000000 -63.0252478903
101.4000000000 -63.0972270761
101.5000000000 -63.1691267239
101.6000000000 -63.2409464805
101.7000000000 -63.3126859863
101.8000000000 -63.3843448756
101.9000000000 -63.4559227763
102.0000000000 -63.5274193097
102.1000000000 -63.5988340913
102.2000000000 -63.6701667299
102.3000000000 -63.7414168281
102.4000000000 -63.8125839822
102.5000000000 -63.8836677821
102.6000000000 -63.9546678115
102.7000000000 -64.0255836477
102.8000000000 -64.0964148618
102.9000000000 -64.1671610185
103.0000000000 -64.2378216764
103.1000000000 -64.3083963877
103.2000000000 -64.3788846986
103.3000000000 -64.4492861489
103.4000000000 -64.5196002722
103.5000000000 -64.5898265963
103.6000000000 -64.6599646425
103.7000000000 -64.7300139262
103.8000000000 -64.7999739568
103.9000000000 -64.8698442377
104.0000000000 -64.9396242662
104.1000000000 -65.0093135338
104.2000000000 -65.0789115262
104.3000000000 -65.1484177230
104.4000000000 -65.2178315984
104.5000000000 -65.2871526206
104.6000000000 -65.3563802523
104.7000000000 -65.4255139504
104.8000000000 -65.4945531665
104.9000000000 -65.5634973465
105.0000000000 -65.6323459309
105.1000000000 -65.7010983550
105.2000000000 -65.7697540487
105.3000000000 -65.8383124366
105.4000000000 -65.9067729383
105.5000000000 -65.9751349682
105.6000000000 -66.0433979358
105.7000000000 -66.1115612456
105.8000000000 -66.1796242972
105.9000000000 -66.2475864857
106.0000000000 -66.3154472012
106.1000000000 -66.3832058295
106.2000000000 -66.4508617516
106.3000000000 -66.5184143443
106.4000000000 -66.5858629801
106.5000000000 -66.6532070272
106.6000000000 -66.7204458496
106.7000000000 -66.7875788073
106.8000000000 -66.8546052564
106.9000000000 -66.9215245493
107.0000000000 -66.9883360343
107.1000000000 -67.0550390565
107.2000000000 -67.1216329571
107.3000000000 -67.1881170742
107.4000000000 -67.2544907423
107.5000000000 -67.3207532928
107.6000000000 -67.3869040542
107.7000000000 -67.4529423518
107.8000000000 -67.5188675079
107.9000000000 -67.5846788425
108.0000000000 -67.6503756725
108.1000000000 -67.7159573126
108.2000000000 -67.7814230749
108.3000000000 -67.8467722694
108.4000000000 -67.9120042036
108.5000000000 -67.9771181834
108.6000000000 -68.0421135125
108.7000000000 -68.1069894928
108.8000000000 -68.1717454247
108.9000000000 -68.2363806069
109.0000000000 -68.3008943367
109.1000000000 -68.3652859102
109.2000000000 -68.4295546221
109.3000000000 -68.4936997664
109.4000000000 -68.5577206358
109.5000000000 -68.6216165225
109.6000000000 -68.6853867180
109.7000000000 -68.7490305132
109.8000000000 -68.8125471986
109.9000000000 -68.8759360644
110.0000000000 -68.9391964007
110.1000000000 -69.0023274977
110.2000000000 -69.0653286456
110.3000000000 -69.1281991349
110.4000000000 -69.1909382564
110.5000000000 -69.2535453015
110.6000000000 -69.3160195622
110.7000000000 -69.3783603314
110.8000000000 -69.4405669027
110.9000000000 -69.5026385709
111.0000000000 -69.5645746320
111.1000000000 -69.6263743830
111.2000000000 -69.6880371228
111.3000000000 -69.7495621514
111.4000000000 -69.8109487709
111.5000000000 -69.8721962848
111.6000000000 -69.9333039989
111.7000000000 -69.9942712210
111.8000000000 -70.0550972609
111.9000000000 -70.1157814309
112.0000000000 -70.1763230458
112.1000000000 -70.2367214228
112.2000000000 -70.2969758820
112.3000000000 -70.3570857462
112.4000000000 -70.4170503413
112.5000000000 -70.4768689960
112.6000000000 -70.5365410425
112.7000000000 -70.5960658162
112.8000000000 -70.6554426558
112.9000000000 -70.7146709038
113.0000000000 -70.7737499063
113.1000000000 -70.8326790130
113.2000000000 -70.8914575778
113.3000000000 -70.9500849585
113.4000000000 -71.0085605170
113.5000000000 -71.0668836194
113.6000000000 -71.1250536363
113.7000000000 -71.1830699427
113.8000000000 -71.2409319182
113.9000000000 -71.2986389470
114.0000000000 -71.3561904183
114.1000000000 -71.4135857259
114.2000000000 -71.4708242689
114.3000000000 -71.5279054513
114.4000000000 -71.5848286824
114.5000000000 -71.6415933767
114.6000000000 -71.6981989542
114.7000000000 -71.7546448403
114.8000000000 -71.8109304661
114.9000000000 -71.8670552684
115.0000000000 -71.9230186897
115.1000000000 -71.9788201782
115.2000000000 -72.0344591884
115.3000000000 -72.0899351805
115.4000000000 -72.1452476211
115.5000000000 -72.2003959828
115.6000000000 -72.2553797446
115.7000000000 -72.3101983919
115.8000000000 -72.3648514164
115.9000000000 -72.4193383165
116.0000000000 -72.4736585969
116.1000000000 -72.5278117693
116.2000000000 -72.5817973520
116.3000000000 -72.6356148701
116.4000000000 -72.6892638556
116.5000000000 -72.7427438475
116.6000000000 -72.7960543915
116.7000000000 -72.8491950408
116.8000000000 -72.9021653555
116.9000000000 -72.9549649029
117.0000000000 -73.0075932576
117.1000000000 -73.0600500014
117.2000000000 -73.1123347235
117.3000000000 -73.1644470205
117.4000000000 -73.2163864966
117.5000000000 -73.2681527632
117.6000000000 -73.3197454396
117.7000000000 -73.3711641523
117.8000000000 -73.4224085357
117.9000000000 -73.4734782318
118.0000000000 -73.5243728903
118.1000000000 -73.5750921687
118.2000000000 -73.6256357322
118.3000000000 -73.6760032539
118.4000000000 -73.7261944147
118.5000000000 -73.7762089033
118.6000000000 -73.8260464164
118.7000000000 -73.8757066586
118.8000000000 -73.9251893425
118.9000000000 -73.9744941886
119.0000000000 -74.0236209255
119.1000000000 -74.0725692896
119.2000000000 -74.1213390256
119.3000000000 -74.1699298861
119.4000000000 -74.2183416317
119.5000000000 -74.2665740312
119.6000000000 -74.3146268615
119.7000000000 -74.3624999074
119.8000000000 -74.4101929621
119.9000000000 -74.4577058266
120.0000000000 -74.5050383101
120.1000000000 -74.5521902301
120.2000000000 -74.3825032035
120.3000000000 -73.8800100739
120.4000000000 -73.0553704224
120.5000000000 -71.9629155776
120.6000000000 -70.6481527265
120.7000000000 -69.1286987562
120.8000000000 -67.3884067404
120.9000000000 -65.3716291774
121.0000000000 -62.9764335081
121.1000000000 -60.0738714927
121.2000000000 -56.5954398353
121.3000000000 -52.5807220087
121.4000000000 -48.0559012188
121.5000000000 -42.9132134359
121.6000000000 -36.9607318970
121.7000000000 -30.0064863620
121.8000000000 -21.8363844284
121.9000000000 -12.1658421604
122.0000000000 -0.7061306677
122.1000000000 12.3166920816
122.2000000000 24.6501715055
122.3000000000 32.3089901854
122.4000000000 34.9646402777
122.5000000000 35.4806349647
122.6000000000 35.6631441113
122.7000000000 35.8686536111
122.8000000000 36.0849335640
122.9000000000 36.2804040410
123.0000000000 36.4395755510
123.1000000000 36.5576282694
123.2000000000 36.6349878130
123.3000000000 36.6743277235
123.4000000000 36.6790710225
123.5000000000 36.6526813111
123.6000000000 36.5983554196
123.7000000000 36.5189158446
123.8000000000 36.4167989669
123.9000000000 36.2940857761
124.0000000000 36.1525482406
124.1000000000 35.9936982245
124.2000000000 35.8188329945
124.3000000000 35.6290750048
124.4000000000 35.4254054569
124.5000000000 35.2086919685
124.6000000000 34.9797110324
124.7000000000 34.7391660327
124.8000000000 34.4877015649
124.9000000000 34.2259147238
125.0000000000 33.9543639336
125.1000000000 33.6735758019
125.2000000000 33.3840503963
125.3000000000 33.0862652701
125.4000000000 32.7806785037
125.5000000000 32.4677309755
125.6000000000 32.1478480380
125.7000000000 31.8214407359
125.8000000000 31.4889066799
125.9000000000 31.1506306632
126.0000000000 30.8069850917
126.1000000000 30.4583302830
126.2000000000 30.1050146768
126.3000000000 29.7473749903
126.4000000000 29.3857363431
126.5000000000 29.0204123715
126.6000000000 28.6517053437
126.7000000000 28.2799062884
126.8000000000 27.9052951396
126.9000000000 27.5281409048
127.0000000000 27.1487018554
127.1000000000 26.7672257415
127.2000000000 26.3839500295
127.3000000000 25.9991021610
127.4000000000 25.6128998309
127.5000000000 25.2255512818
127.6000000000 24.8372556129
127.7000000000 24.4482030991
127.8000000000 24.0585755193
127.9000000000 23.6685464891
128.0000000000 23.2782817976
128.1000000000 22.8879397443
128.2000000000 22.4976714739
128.3000000000 22.1076213084
128.4000000000 21.7179270731
128.5000000000 21.3287204159
128.6000000000 20.9401271179
128.7000000000 20.5522673955
128.8000000000 20.1652561907
128.9000000000 19.7792034509
129.0000000000 19.3942143972
129.1000000000 19.0103897792
129.2000000000 18.6278261180
129.3000000000 18.2466159362
129.4000000000 17.8668479742
129.5000000000 17.4886073942
129.6000000000 17.1119759707
129.7000000000 16.7370322684
129.8000000000 16.3638518073
129.9000000000 15.9925072155
130.0000000000 15.6230683701
130.1000000000 15.2556025257
130.2000000000 14.8901744329
130.3000000000 14.5268464442
130.4000000000 14.1656786112
130.5000000000 13.8067287706
130.6000000000 13.4500526210
130.7000000000 13.0957037911
130.8000000000 12.7437338993
130.9000000000 12.3941926047
131.0000000000 12.0471276519
131.1000000000 11.7025849076
131.2000000000 11.3606083920
131.3000000000 11.0212403034
131.4000000000 10.6845210385
131.5000000000 10.3504892069
131.6000000000 10.0191816426
131.7000000000 9.6906334103
131.8000000000 9.3648778102
131.9000000000 9.0419463787
132.0000000000 8.7218688875
132.1000000000 8.4046733417
132.2000000000 8.0903859748
132.3000000000 7.7790312454
132.4000000000 7.4706318310
132.5000000000 7.1652086239
132.6000000000 6.8627807267
132.7000000000 6.5633654482
132.8000000000 6.2669783012
132.9000000000 5.9736330017
133.0000000000 5.6833414692
133.1000000000 5.3961138298
133.2000000000 5.1119584213
133.3000000000 4.8308818000
133.4000000000 4.5528887518
133.5000000000 4.2779823039
133.6000000000 4.0061637413
133.7000000000 3.7374326249
133.8000000000 3.4717868130
133.9000000000 3.2092224860
134.0000000000 2.9497341737
134.1000000000 2.6933147857
134.2000000000 2.4399556444
134.3000000000 2.1896465210
134.4000000000 1.9423756741
134.5000000000 1.6981298908
134.6000000000 1.4568945298
134.7000000000 1.2186535671
134.8000000000 0.9833896438
134.9000000000 0.7510841148
135.0000000000 0.5217171004
135.1000000000 0.2952675383
135.2000000000 0.0717132370
135.3000000000 -0.1489690694
135.4000000000 -0.3668036663
135.5000000000 -0.5818158026
135.6000000000 -0.7940316347
135.7000000000 -1.0034781704
135.8000000000 -1.2101832124
135.9000000000 -1.4141753026
136.0000000000 -1.6154836666
136.1000000000 -1.8141381587
136.2000000000 -2.0101692080
136.3000000000 -2.2036077647
136.4000000000 -2.3944852484
136.5000000000 -2.5828334966
136.6000000000 -2.7686847151
136.7000000000 -2.9520714297
136.8000000000 -3.1330264391
136.9000000000 -3.3115827693
137.0000000000 -3.4877736300
137.1000000000 -3.6616323722
137.2000000000 -3.8331924477
137.3000000000 -4.0024873704
137.4000000000 -4.1695506789
137.5000000000 -4.3344159015
137.6000000000 -4.4971165222
137.7000000000 -4.6576859492
137.8000000000 -4.8161574846
137.9000000000 -4.9725642960
138.0000000000 -5.1269393896
138.1000000000 -5.2793155855
138.2000000000 -5.4297254940
138.3000000000 -5.5782014937
138.4000000000 -5.7247757115
138.5000000000 -5.8694800034
138.6000000000 -6.0123459375
138.7000000000 -6.1534047780
138.8000000000 -6.2926874705
138.9000000000 -6.4302246289
139.0000000000 -6.5660465231
139.1000000000 -6.7001830687
139.2000000000 -6.8326638170
139.3000000000 -6.9635179463
139.4000000000 -7.0927742547
139.5000000000 -7.2204611534
139.6000000000 -7.3466066613
139.7000000000 -7.4712383999
139.8000000000 -7.5943835900
139.9000000000 -7.7160690479
140.0000000000 -7.8363211838
140.1000000000 -7.9551659997
140.2000000000 -8.0726290885
140.3000000000 -8.1887356339
140.4000000000 -8.3035104102
140.5000000000 -8.4169777831
140.6000000000 -8.5291617113
140.7000000000 -8.6400857478
140.8000000000 -8.7497730419
140.9000000000 -8.8582463421
141.0000000000 -8.9655279986
141.1000000000 -9.0716399667
141.2000000000 -9.1766038099
141.3000000000 -9.2804407042
141.4000000000 -9.3831714414
141.5000000000 -9.4848164340
141.6000000000 -9.5853957189
141.7000000000 -9.6849289625
141.8000000000 -9.7834354654
141.9000000000 -9.8809341667
142.0000000000 -9.9774436499
142.1000000000 -10.0729821470
142.2000000000 -10.1675675445
142.3000000000 -10.2612173883
142.4000000000 -10.3539488889
142.5000000000 -10.4457789269
142.6000000000 -10.5367240585
142.7000000000 -10.6268005206
142.8000000000 -10.7160242367
142.9000000000 -10.8044108217
143.0000000000 -10.8919755880
143.1000000000 -10.9787335504
143.2000000000 -11.0646994319
143.3000000000 -11.1498876687
143.4000000000 -11.2343124158
143.5000000000 -11.3179875522
143.6000000000 -11.4009266862
143.7000000000 -11.4831431607
143.8000000000 -11.5646500581
143.9000000000 -11.6454602058
144.0000000000 -11.7255861808
144.1000000000 -11.8050403150
144.2000000000 -11.8838347002
144.3000000000 -11.9619811927
144.4000000000 -12.0394914181
144.5000000000 -12.1163767764
144.6000000000 -12.1926484462
144.7000000000 -12.2683173895
144.8000000000 -12.3433943562
144.9000000000 -12.4178898885
145.0000000000 -12.4918143254
145.1000000000 -12.5651778067
145.2000000000 -12.6379902775
145.3000000000 -12.7102614920
145.4000000000 -12.7820010180
145.5000000000 -12.8532182407
145.6000000000 -12.9239223662
145.7000000000 -12.9941224260
145.8000000000 -13.0638272805
145.9000000000 -13.1330456224
146.0000000000 -13.2017859807
146.1000000000 -13.2700567241
146.2000000000 -13.3378660644
146.3000000000 -13.4052220600
146.4000000000 -13.4721326193
146.5000000000 -13.5386055036
146.6000000000 -13.6046483308
146.7000000000 -13.6702685782
146.8000000000 -13.7354735854
146.9000000000 -13.8002705579
147.0000000000 -13.8646665693
147.1000000000 -13.9286685646
147.2000000000 -13.9922833631
147.3000000000 -14.0555176607
147.4000000000 -14.1183780330
147.5000000000 -14.1808709375
147.6000000000 -14.2430027167
147.7000000000 -14.3047796002
147.8000000000 -14.3662077072
147.9000000000 -14.4272930491
148.0000000000 -14.4880415316
148.1000000000 -14.5484589572
148.2000000000 -14.6085510272
148.3000000000 -14.6683233441
148.4000000000 -14.7277814136
148.5000000000 -14.7869306470
148.6000000000 -14.8457763626
148.7000000000 -14.9043237883
148.8000000000 -14.9625780635
148.9000000000 -15.0205442405
149.0000000000 -15.0782272870
149.1000000000 -15.1356320875
149.2000000000 -15.1927634452
149.3000000000 -15.2496260839
149.4000000000 -15.3062246493
149.5000000000 -15.3625637110
149.6000000000 -15.4186477643
149.7000000000 -15.4744812312
149.8000000000 -15.5300684624
149.9000000000 -15.5854137386
150.0000000000 -15.6405212721
150.1000000000 -15.6953952083
150.2000000000 -15.7500396270
150.3000000000 -15.8044585437
150.4000000000 -15.8586559111
150.5000000000 -15.9126356205
150.6000000000 -15.9664015027
150.7000000000 -16.0199573298
150.8000000000 -16.0733068160
150.9000000000 -16.1264536190
151.0000000000 -16.1794013411
151.1000000000 -16.2321535304
151.2000000000 -16.2847136820
151.3000000000 -16.3370852389
151.4000000000 -16.3892715932
151.5000000000 -16.4412760872
151.6000000000 -16.4931020143
151.7000000000 -16.5447526200
151.8000000000 -16.5962311032
151.9000000000 -16.6475406165
152.0000000000 -16.6986842680
152.1000000000 -16.7496651214
152.2000000000 -16.8004861974
152.3000000000 -16.8511504744
152.4000000000 -16.9016608895
152.5000000000 -16.9520203391
152.6000000000 -17.0022316799
152.7000000000 -17.0522977297
152.8000000000 -17.1022212681
152.9000000000 -17.1520050372
153.0000000000 -17.2016517427
153.1000000000 -17.2511640542
153.2000000000 -17.3005446061
153.3000000000 -17.3497959985
153.4000000000 -17.3989207976
153.5000000000 -17.4479215363
153.6000000000 -17.4968007154
153.7000000000 -17.5455608035
153.8000000000 -17.5942042383
153.9000000000 -17.6427334269
154.0000000000 -17.6911507462
154.1000000000 -17.7394585439
154.2000000000 -17.7876591390
154.3000000000 -17.8357548220
154.4000000000 -17.8837478560
154.5000000000 -17.9316404768
154.6000000000 -17.9794348936
154.7000000000 -18.0271332896
154.8000000000 -18.0747378224
154.9000000000 -18.1222506244
155.0000000000 -18.1696738037
155.1000000000 -18.2170094440
155.2000000000 -18.2642596056
155.3000000000 -18.3114263253
155.4000000000 -18.3585116176
155.5000000000 -18.4055174744
155.6000000000 -18.4524458658
155.7000000000 -18.4992987405
155.8000000000 -18.5460780261
155.9000000000 -18.5927856298
156.0000000000 -18.6394234384
156.1000000000 -18.6859933188
156.2000000000 -18.7324971186
156.3000000000 -18.7789366662
156.4000000000 -18.8253137715
156.5000000000 -18.8716302257
156.6000000000 -18.9178878024
156.7000000000 -18.9640882573
156.8000000000 -19.0102333287
156.9000000000 -19.0563247381
157.0000000000 -19.1023641902
157.1000000000 -19.1483533735
157.2000000000 -19.1942939604
157.3000000000 -19.2401876074
157.4000000000 -19.2860359558
157.5000000000 -19.3318406317
157.6000000000 -19.3776032461
157.7000000000 -19.4233253959
157.8000000000 -19.4690086633
157.9000000000 -19.5146546166
158.0000000000 -19.5602648104
158.1000000000 -19.6058407857
158.2000000000 -19.6513840704
158.3000000000 -19.6968961793
158.4000000000 -19.7423786143
158.5000000000 -19.7878328651
158.6000000000 -19.8332604090
158.7000000000 -19.8786627111
158.8000000000 -19.9240412249
158.9000000000 -19.9693973921
159.0000000000 -20.0147326434
159.1000000000 -20.0600483978
159.2000000000 -20.1053460638
159.3000000000 -20.1506270388
159.4000000000 -20.1958927100
159.5000000000 -20.2411444540
159.6000000000 -20.2863836373
159.7000000000 -20.3316116165
159.8000000000 -20.3768297383
159.9000000000 -20.4220393398
160.0000000000 -20.4672417489
160.1000000000 -20.5124382840
160.2000000000 -20.5576302544
160.3000000000 -20.6028189608
160.4000000000 -20.6480056949
160.5000000000 -20.6931917398
160.6000000000 -20.7383783704
160.7000000000 -20.7835668531
160.8000000000 -20.8287584463
160.9000000000 -20.8739544003
161.0000000000 -20.9191559579
161.1000000000 -20.9643643538
161.2000000000 -21.0095808155
161.3000000000 -21.0548065630
161.4000000000 -21.1000428088
161.5000000000 -21.1452907587
161.6000000000 -21.1905516111
161.7000000000 -21.2358265578
161.8000000000 -21.2811167837
161.9000000000 -21.3264234670
162.0000000000 -21.3717477795
162.1000000000 -21.4170908866
162.2000000000 -21.4624539475
162.3000000000 -21.5078381149
162.4000000000 -21.5532445357
162.5000000000 -21.5986743509
162.6000000000 -21.6441286953
162.7000000000 -21.6896086984
162.8000000000 -21.7351154836
162.9000000000 -21.7806501690
163.0000000000 -21.8262138672
163.1000000000 -21.8718076854
163.2000000000 -21.9174327255
163.3000000000 -21.9630900842
163.4000000000 -22.0087808531
163.5000000000 -22.0545061188
163.6000000000 -22.1002669629
163.7000000000 -22.1460644622
163.8000000000 -22.1918996888
163.9000000000 -22.2377737097
164.0000000000 -22.2836875878
164.1000000000 -22.3296423810
164.2000000000 -22.3756391430
164.3000000000 -22.4216789229
164.4000000000 -22.4677627655
164.5000000000 -22.5138917113
164.6000000000 -22.5600667965
164.7000000000 -22.6062890533
164.8000000000 -22.6525595095
164.9000000000 -22.6988791893
165.0000000000 -22.7452491123
165.1000000000 -22.7916702947
165.2000000000 -22.8381437486
165.3000000000 -22.8846704820
165.4000000000 -22.9312514995
165.5000000000 -22.9778878018
165.6000000000 -23.0245803859
165.7000000000 -23.0713302449
165.8000000000 -23.1181383688
165.9000000000 -23.1650057435
166.0000000000 -23.2119333517
166.1000000000 -23.2589221725
166.2000000000 -23.3059731814
166.3000000000 -23.3530873506
166.4000000000 -23.4002656490
166.5000000000 -23.4475090418
166.6000000000 -23.4948184913
166.7000000000 -23.5421949560
166.8000000000 -23.5896393916
166.9000000000 -23.6371527501
167.0000000000 -23.6847359805
167.1000000000 -23.7323900286
167.2000000000 -23.7801158369
167.3000000000 -23.8279143448
167.4000000000 -23.8757864884
167.5000000000 -23.9237332008
167.6000000000 -23.9717554120
167.7000000000 -24.0198540486
167.8000000000 -24.0680300344
167.9000000000 -24.1162842899
168.0000000000 -24.1646177327
168.1000000000 -24.2130312772
168.2000000000 -24.2615258346
168.3000000000 -24.3101023132
168.4000000000 -24.3587616182
168.5000000000 -24.4075046517
168.6000000000 -24.4563323127
168.7000000000 -24.5052454972
168.8000000000 -24.5542450980
168.9000000000 -24.6033320051
169.0000000000 -24.6525071050
169.1000000000 -24.7017712813
169.2000000000 -24.7511254147
169.3000000000 -24.8005703825
169.4000000000 -24.8501070591
169.5000000000 -24.8997363154
169.6000000000 -24.9494590196
169.7000000000 -24.9992760364
169.8000000000 -25.0491882276
169.9000000000 -25.0991964515
170.0000000000 -25.1493015635
170.1000000000 -25.1995044154
170.2000000000 -25.2498058560
170.3000000000 -25.3002067307
170.4000000000 -25.3507078818
170.5000000000 -25.4013101478
170.6000000000 -25.4520143644
170.7000000000 -25.5028213635
170.8000000000 -25.5537319737
170.9000000000 -25.6047470203
171.0000000000 -25.6558673248
171.1000000000 -25.7070937054
171.2000000000 -25.7584269767
171.3000000000 -25.8098679497
171.4000000000 -25.8614174319
171.5000000000 -25.9130762268
171.6000000000 -25.9648451345
171.7000000000 -26.0167249512
171.8000000000 -26.0687164694
171.9000000000 -26.1208204776
172.0000000000 -26.1730377607
172.1000000000 -26.2253690994
172.2000000000 -26.2778152705
172.3000000000 -26.3303770467
172.4000000000 -26.3830551969
172.5000000000 -26.4358504856
172.6000000000 -26.4887636732
172.7000000000 -26.5417955158
172.8000000000 -26.5949467654
172.9000000000 -26.6482181694
173.0000000000 -26.7016104710
173.1000000000 -26.7551244087
173.2000000000 -26.8087607168
173.3000000000 -26.8625201248
173.4000000000 -26.9164033576
173.5000000000 -26.9704111353
173.6000000000 -27.0245441734
173.7000000000 -27.0788031824
173.8000000000 -27.1331888679
173.9000000000 -27.1877019308
174.0000000000 -27.2423430665
174.1000000000 -27.2971129655
174.2000000000 -27.3520123134
174.3000000000 -27.4070417900
174.4000000000 -27.4622020701
174.5000000000 -27.5174938231
174.6000000000 -27.5729177128
174.7000000000 -27.6284743975
174.8000000000 -27.6841645298
174.9000000000 -27.7399887567
175.0000000000 -27.7959477194
175.1000000000 -27.8520420530
175.2000000000 -27.9082723869
175.3000000000 -27.9646393445
175.4000000000 -28.0211435428
175.5000000000 -28.0777855928
175.6000000000 -28.1345660991
175.7000000000 -28.1914856601
175.8000000000 -28.2485448676
175.9000000000 -28.3057443069
176.0000000000 -28.3630845566
176.1000000000 -28.4205661886
176.2000000000 -28.4781897681
176.3000000000 -28.5359558533
176.4000000000 -28.5938649953
176.5000000000 -28.6519177383
176.6000000000 -28.7101146193
176.7000000000 -28.7684561679
176.8000000000 -28.8269429065
176.9000000000 -28.8855753498
177.0000000000 -28.9443540053
177.1000000000 -29.0032793725
177.2000000000 -29.0623519434
177.3000000000 -29.1215722020
177.4000000000 -29.1809406245
177.5000000000 -29.2404576789
177.6000000000 -29.3001238254
177.7000000000 -29.3599395155
177.8000000000 -29.4199051928
177.9000000000 -29.4800212922
178.0000000000 -29.5402882403
178.1000000000 -29.6007064549
178.2000000000 -29.6612763450
178.3000000000 -29.7219983112
178.4000000000 -29.7828727447
178.5000000000 -29.8439000281
178.6000000000 -29.9050805345
178.7000000000 -29.9664146280
178.8000000000 -30.0279026634
178.9000000000 -30.0895449861
179.0000000000 -30.1513419318
179.1000000000 -30.2132938269
179.2000000000 -30.2754009879
179.3000000000 -30.3376637213
179.4000000000 -30.4000823242
179.5000000000 -30.4626570832
179.6000000000 -30.5253882752
179.7000000000 -30.5882761665
179.8000000000 -30.6513210135
179.9000000000 -30.7145230620
180.0000000000 -30.7778825473
180.1000000000 -30.8413996942
180.2000000000 -30.9050747168
180.3000000000 -30.9689078185
180.4000000000 -31.0328991916
180.5000000000 -31.0970490177
180.6000000000 -31.1613574673
180.7000000000 -31.2258246998
180.8000000000 -31.2904508631
180.9000000000 -31.3552360941
181.0000000000 -31.4201805183
181.1000000000 -31.4852842494
181.2000000000 -31.5505473898
181.3000000000 -31.6159700302
181.4000000000 -31.6815522494
181.5000000000 -31.7472941147
181.6000000000 -31.8131956810
181.7000000000 -31.8792569917
181.8000000000 -31.9454780778
181.9000000000 -32.0118589582
182.0000000000 -32.0783996399
182.1000000000 -32.1451001171
182.2000000000 -32.2119603720
182.3000000000 -32.2789803742
182.4000000000 -32.3461600809
182.5000000000 -32.4134994365
182.6000000000 -32.4809983731
182.7000000000 -32.5486568097
182.8000000000 -32.6164746529
182.9000000000 -32.6844517962
183.0000000000 -32.7525881203
183.1000000000 -32.8208834929
183.2000000000 -32.8893377689
183.3000000000 -32.9579507898
183.4000000000 -33.0267223844
183.5000000000 -33.0956523679
183.6000000000 -33.1647405426
183.7000000000 -33.2339866975
183.8000000000 -33.3033906083
183.9000000000 -33.3729520373
184.0000000000 -33.4426707335
184.1000000000 -33.5125464325
184.2000000000 -33.5825788565
184.3000000000 -33.6527677141
184.4000000000 -33.7231127005
184.5000000000 -33.7936134974
184.6000000000 -33.8642697730
184.7000000000 -33.9350811817
184.8000000000 -34.0060473647
184.9000000000 -34.0771679494
185.0000000000 -34.1484425495
185.1000000000 -34.2198707653
185.2000000000 -34.2914521833
185.3000000000 -34.3631863766
185.4000000000 -34.4350729045
185.5000000000 -34.5071113127
185.6000000000 -34.5793011333
185.7000000000 -34.6516418850
185.8000000000 -34.7241330725
185.9000000000 -34.7967741874
186.0000000000 -34.8695647073
186.1000000000 -34.9425040967
186.2000000000 -35.0155918061
186.3000000000 -35.0888272730
186.4000000000 -35.1622099212
186.5000000000 -35.2357391610
186.6000000000 -35.3094143894
186.7000000000 -35.3832349903
186.8000000000 -35.4572003339
186.9000000000 -35.5313097773
187.0000000000 -35.6055626646
187.1000000000 -35.6799583265
187.2000000000 -35.7544960806
187.3000000000 -35.8291752316
187.4000000000 -35.9039950713
187.5000000000 -35.9789548783
187.6000000000 -36.0540539187
187.7000000000 -36.1292914455
187.8000000000 -36.2046666993
187.9000000000 -36.2801789080
188.0000000000 -36.3558272868
188.1000000000 -36.4316110389
188.2000000000 -36.5075293546
188.3000000000 -36.5835814123
188.4000000000 -36.6597663782
188.5000000000 -36.7360834063
188.6000000000 -36.8125316389
188.7000000000 -36.8891102060
188.8000000000 -36.9658182264
188.9000000000 -37.0426548068
189.0000000000 -37.1196190426
189.1000000000 -37.1967100179
189.2000000000 -37.2739268052
189.3000000000 -37.3512684662
189.4000000000 -37.4287340513
189.5000000000 -37.5063226001
189.6000000000 -37.5840331415
189.7000000000 -37.6618646937
189.8000000000 -37.7398162645
189.9000000000 -37.8178868511
190.0000000000 -37.8960754408
190.1000000000 -37.9743810107
190.2000000000 -38.0528025280
190.3000000000 -38.1313389501
190.4000000000 -38.2099892251
190.5000000000 -38.2887522912
190.6000000000 -38.3676270777
190.7000000000 -38.4466125046
190.8000000000 -38.5257074830
190.9000000000 -38.6049109153
191.0000000000 -38.6842216951
191.1000000000 -38.7636387079
191.2000000000 -38.8431608307
191.3000000000 -38.9227869324
191.4000000000 -39.0025158741
191.5000000000 -39.0823465092
191.6000000000 -39.1622776836
191.7000000000 -39.2423082357
191.8000000000 -39.3224369969
191.9000000000 -39.4026627916
192.0000000000 -39.4829844375
192.1000000000 -39.5634007454
192.2000000000 -39.6439105202
192.3000000000 -39.7245125602
192.4000000000 -39.8052056581
192.5000000000 -39.8859886005
192.6000000000 -39.9668601685
192.7000000000 -40.0478191378
192.8000000000 -40.1288642792
192.9000000000 -40.2099943581
193.0000000000 -40.2912081354
193.1000000000 -40.3725043674
193.2000000000 -40.4538818060
193.3000000000 -40.5353391991
193.4000000000 -40.6168752906
193.5000000000 -40.6984888205
193.6000000000 -40.7801785255
193.7000000000 -40.8619431390
193.8000000000 -40.9437813913
193.9000000000 -41.0256920099
194.0000000000 -41.1076737193
194.1000000000 -41.1897252421
194.2000000000 -41.2718452983
194.3000000000 -41.3540326059
194.4000000000 -41.4362858814
194.5000000000 -41.5186038393
194.6000000000 -41.6009851930
194.7000000000 -41.6834286547
194.8000000000 -41.7659329357
194.9000000000 -41.8484967465
195.0000000000 -41.9311187970
195.1000000000 -42.0137977970
195.2000000000 -42.0965324561
195.3000000000 -42.1793214840
195.4000000000 -42.2621635907
195.5000000000 -42.3450574869
195.6000000000 -42.4280018839
195.7000000000 -42.5109954940
195.8000000000 -42.5940370306
195.9000000000 -42.6771252087
196.0000000000 -42.7602587446
196.1000000000 -42.8434363564
196.2000000000 -42.9266567644
196.3000000000 -43.0099186909
196.4000000000 -43.0932208606
196.5000000000 -43.1765620009
196.6000000000 -43.2599408417
196.7000000000 -43.3433561161
196.8000000000 -43.4268065603
196.9000000000 -43.5102909139
197.0000000000 -43.5938079199
197.1000000000 -43.6773563252
197.2000000000 -43.7609348805
197.3000000000 -43.8445423406
197.4000000000 -43.9281774647
197.5000000000 -44.0118390162
197.6000000000 -44.0955257635
197.7000000000 -44.1792364795
197.8000000000 -44.2629699421
197.9000000000 -44.3467249347
198.0000000000 -44.4305002455
198.1000000000 -44.5142946687
198.2000000000 -44.5981070038
198.3000000000 -44.6819360562
198.4000000000 -44.7657806374
198.5000000000 -44.8496395648
198.6000000000 -44.9335116624
198.7000000000 -45.0173957602
198.8000000000 -45.1012906952
198.9000000000 -45.1851953108
199.0000000000 -45.2691084576
199.1000000000 -45.3530289929
199.2000000000 -45.4369557812
199.3000000000 -45.5208876945
199.4000000000 -45.6048236119
199.5000000000 -45.6887624203
199.6000000000 -45.7727030140
199.7000000000 -45.8566442954
199.8000000000 -45.9405851745
199.9000000000 -46.0245245696
200.0000000000 -46.1084614069
200.1000000000 -46.1923946209
200.2000000000 -46.2763231546
200.3000000000 -46.3602459592
200.4000000000 -46.4441619947
200.5000000000 -46.5280702297
200.6000000000 -46.6119696415
200.7000000000 -46.6958592161
200.8000000000 -46.7797379487
200.9000000000 -46.8636048435
201.0000000000 -46.9474589135
201.1000000000 -47.0312991812
201.2000000000 -47.1151246782
201.3000000000 -47.1989344455
201.4000000000 -47.2827275334
201.5000000000 -47.3665030018
201.6000000000 -47.4502599200
201.7000000000 -47.5339973670
201.8000000000 -47.6177144314
201.9000000000 -47.7014102114
202.0000000000 -47.7850838152
202.1000000000 -47.8687343605
202.2000000000 -47.9523609752
202.3000000000 -48.0359627966
202.4000000000 -48.1195389725
202.5000000000 -48.2030886602
202.6000000000 -48.2866110272
202.7000000000 -48.3701052510
202.8000000000 -48.4535705192
202.9000000000 -48.5370060294
203.0000000000 -48.6204109893
203.1000000000 -48.7037846167
203.2000000000 -48.7871261397
203.3000000000 -48.8704347962
203.4000000000 -48.9537098346
203.5000000000 -49.0369505132
203.6000000000 -49.1201561007
203.7000000000 -49.2033258756
203.8000000000 -49.2864591270
203.9000000000 -49.3695551538
204.0000000000 -49.4526132652
204.1000000000 -49.5356327805
204.2000000000 -49.6186130291
204.3000000000 -49.7015533505
204.4000000000 -49.7844530942
204.5000000000 -49.8673116200
204.6000000000 -49.9501282975
204.7000000000 -50.0329025063
204.8000000000 -50.1156336362
204.9000000000 -50.1983210868
205.0000000000 -50.2809642675
205.1000000000 -50.3635625978
205.2000000000 -50.4461155068
205.3000000000 -50.5286224337
205.4000000000 -50.6110828270
205.5000000000 -50.6934961453
205.6000000000 -50.7758618567
205.7000000000 -50.8581794388
205.8000000000 -50.9404483789
205.9000000000 -51.0226681737
206.0000000000 -51.1048383294
206.1000000000 -51.1869583614
206.2000000000 -51.2690277947
206.3000000000 -51.3510461631
206.4000000000 -51.4330130101
206.5000000000 -51.5149278878
206.6000000000 -51.5967903577
206.7000000000 -51.6785999901
206.8000000000 -51.7603563641
206.9000000000 -51.8420590678
207.0000000000 -51.9237076980
207.1000000000 -52.0053018599
207.2000000000 -52.0868411676
207.3000000000 -52.1683252434
207.4000000000 -52.2497537182
207.5000000000 -52.3311262310
207.6000000000 -52.4124424293
207.7000000000 -52.4937019685
207.8000000000 -52.5749045120
207.9000000000 -52.6560497313
208.0000000000 -52.7371373057
208.1000000000 -52.8181669220
208.2000000000 -52.8991382751
208.3000000000 -52.9800510670
208.4000000000 -53.0609050074
208.5000000000 -53.1416998133
208.6000000000 -53.2224352089
208.7000000000 -53.3031109254
208.8000000000 -53.3837267012
208.9000000000 -53.4642822816
209.0000000000 -53.5447774186
209.1000000000 -53.6252118710
209.2000000000 -53.7055854040
209.3000000000 -53.7858977894
209.4000000000 -53.8661488054
209.5000000000 -53.9463382364
209.6000000000 -54.0264658727
209.7000000000 -54.1065315109
209.8000000000 -54.1865349532
209.9000000000 -54.2664760079
210.0000000000 -54.3463544887
210.1000000000 -54.4261702148
210.2000000000 -54.5059230109
210.3000000000 -54.5856127069
210.4000000000 -54.6652391380
210.5000000000 -54.7448021442
210.6000000000 -54.8243015705
210.7000000000 -54.9037372668
210.8000000000 -54.9831090874
210.9000000000 -55.0624168913
211.0000000000 -55.1416605419
211.1000000000 -55.2208399067
211.2000000000 -55.2999548576
211.3000000000 -55.3790052702
211.4000000000 -55.4579910242
211.5000000000 -55.5369120029
211.6000000000 -55.6157680934
211.7000000000 -55.6945591860
211.8000000000 -55.7732851747
211.9000000000 -55.8519459564
212.0000000000 -55.9305414313
212.1000000000 -56.0090715025
212.2000000000 -56.0875360759
212.3000000000 -56.1659350601
212.4000000000 -56.2442683662
212.5000000000 -56.3225359078
212.6000000000 -56.4007376009
212.7000000000 -56.4788733634
212.8000000000 -56.5569431154
212.9000000000 -56.6349467789
213.0000000000 -56.7128842776
213.1000000000 -56.7907555369
213.2000000000 -56.8685604835
213.3000000000 -56.9462990457
213.4000000000 -57.0239711530
213.5000000000 -57.1015767358
213.6000000000 -57.1791157256
213.7000000000 -57.2565880548
213.8000000000 -57.3339936564
213.9000000000 -57.4113324641
214.0000000000 -57.4886044117
214.1000000000 -57.5658094337
214.2000000000 -57.6429474646
214.3000000000 -57.7200184390
214.4000000000 -57.7970222913
214.5000000000 -57.8739589558
214.6000000000 -57.9508283665
214.7000000000 -58.0276304568
214.8000000000 -58.1043651595
214.9000000000 -58.1810324069
215.0000000000 -58.2576321303
215.1000000000 -58.3341642599
215.2000000000 -58.4106287250
215.3000000000 -58.4870254537
215.4000000000 -58.5633543725
215.5000000000 -58.6396154067
215.6000000000 -58.7158084799
215.7000000000 -58.7919335140
215.8000000000 -58.8679904291
215.9000000000 -58.9439791433
216.0000000000 -59.0198995726
216.1000000000 -59.0957516310
216.2000000000 -59.1715352301
216.3000000000 -59.2472502789
216.4000000000 -59.3228966842
216.5000000000 -59.3984743499
216.6000000000 -59.4739831773
216.7000000000 -59.5494230648
216.8000000000 -59.6247939078
216.9000000000 -59.7000955987
217.0000000000 -59.7753280267
217.1000000000 -59.8504910775
217.2000000000 -59.9255846337
217.3000000000 -60.0006085743
217.4000000000 -60.0755627746
217.5000000000 -60.1504471063
217.6000000000 -60.2252614374
217.7000000000 -60.3000056318
217.8000000000 -60.3746795495
217.9000000000 -60.4492830465
218.0000000000 -60.5238159745
218.1000000000 -60.5982781810
218.2000000000 -60.6726695092
218.3000000000 -60.7469897977
218.4000000000 -60.8212388808
218.5000000000 -60.8954165879
218.6000000000 -60.9695227439
218.7000000000 -61.0435571689
218.8000000000 -61.1175196782
218.9000000000 -61.1914100821
219.0000000000 -61.2652281858
219.1000000000 -61.3389737896
219.2000000000 -61.4126466885
219.3000000000 -61.4862466724
219.4000000000 -61.5597735259
219.5000000000 -61.6332270282
219.6000000000 -61.7066069531
219.7000000000 -61.7799130688
219.8000000000 -61.8531451382
219.9000000000 -61.9263029184
220.0000000000 -61.9993861610
220.1000000000 -62.0723946119
220.2000000000 -62.1453280109
220.3000000000 -62.2181860926
220.4000000000 -62.2909685852
220.5000000000 -62.3636752112
220.6000000000 -62.4363056873
220.7000000000 -62.5088597241
220.8000000000 -62.5813370260
220.9000000000 -62.6537372917
221.0000000000 -62.7260602137
221.1000000000 -62.7983054781
221.2000000000 -62.8704727652
221.3000000000 -62.9425617490
221.4000000000 -63.0145720972
221.5000000000 -63.0865034715
221.6000000000 -63.1583555271
221.7000000000 -63.2301279132
221.8000000000 -63.3018202725
221.9000000000 -63.3734322416
222.0000000000 -63.4449634506
222.1000000000 -63.5164135235
222.2000000000 -63.5877820779
222.3000000000 -63.6590687250
222.4000000000 -63.7302730698
222.5000000000 -63.8013947109
222.6000000000 -63.8724332407
222.7000000000 -63.9433882452
222.8000000000 -64.0142593042
222.9000000000 -64.0850459912
223.0000000000 -64.1557478732
223.1000000000 -64.2263645112
223.2000000000 -64.2968954600
223.3000000000 -64.3673402680
223.4000000000 -64.4376984775
223.5000000000 -64.5079696246
223.6000000000 -64.5781532394
223.7000000000 -64.6482488456
223.8000000000 -64.7182559611
223.9000000000 -64.7881740977
224.0000000000 -64.8580027612
224.1000000000 -64.9277414512
224.2000000000 -64.9973896618
224.3000000000 -65.0669468809
224.4000000000 -65.1364125908
224.5000000000 -65.2057862677
224.6000000000 -65.2750673824
224.7000000000 -65.3442553999
224.8000000000 -65.4133497797
224.9000000000 -65.4823499754
225.0000000000 -65.5512554354
225.1000000000 -65.6200656027
225.2000000000 -65.6887799147
225.3000000000 -65.7573978037
225.4000000000 -65.8259186967
225.5000000000 -65.8943420155
225.6000000000 -65.9626671768
225.7000000000 -66.0308935923
225.8000000000 -66.0990206688
225.9000000000 -66.1670478083
226.0000000000 -66.2349744079
226.1000000000 -66.3027998600
226.2000000000 -66.3705235525
226.3000000000 -66.4381448688
226.4000000000 -66.5056631877
226.5000000000 -66.5730778837
226.6000000000 -66.6403883273
226.7000000000 -66.7075938845
226.8000000000 -66.7746939176
226.9000000000 -66.8416877845
227.0000000000 -66.9085748396
227.1000000000 -66.9753544334
227.2000000000 -67.0420259128
227.3000000000 -67.1085886211
227.4000000000 -67.1750418982
227.5000000000 -67.2413850807
227.6000000000 -67.3076175017
227.7000000000 -67.3737384916
227.8000000000 -67.4397473775
227.9000000000 -67.5056434836
228.0000000000 -67.5714261316
228.1000000000 -67.6370946401
228.2000000000 -67.7026483256
228.3000000000 -67.7680865018
228.4000000000 -67.8334084804
228.5000000000 -67.8986135705
228.6000000000 -67.9637010796
228.7000000000 -68.0286703129
228.8000000000 -68.0935205739
228.9000000000 -68.1582511645
229.0000000000 -68.2228613847
229.1000000000 -68.2873505333
229.2000000000 -68.3517179079
229.3000000000 -68.4159628044
229.4000000000 -68.4800845181
229.5000000000 -68.5440823432
229.6000000000 -68.6079555729
229.7000000000 -68.6717035000
229.8000000000 -68.7353254165
229.9000000000 -68.7988206140
230.0000000000 -68.8621883840
230.1000000000 -68.9254280176
230.2000000000 -68.9885388058
230.3000000000 -69.0515200399
230.4000000000 -69.1143710113
230.5000000000 -69.1770910118
230.6000000000 -69.2396793335
230.7000000000 -69.3021352694
230.8000000000 -69.3644581130
230.9000000000 -69.4266471587
231.0000000000 -69.4887017020
231.1000000000 -69.5506210395
231.2000000000 -69.6124044689
231.3000000000 -69.6740512895
231.4000000000 -69.7355608021
231.5000000000 -69.7969323089
231.6000000000 -69.8581651142
231.7000000000 -69.9192585240
231.8000000000 -69.9802118464
231.9000000000 -70.0410243916
232.0000000000 -70.1016954723
232.1000000000 -70.1622244033
232.2000000000 -70.2226105021
232.3000000000 -70.2828530889
232.4000000000 -70.3429514866
232.5000000000 -70.4029050211
232.6000000000 -70.4627130212
232.7000000000 -70.5223748190
232.8000000000 -70.5818897498
232.9000000000 -70.6412571523
233.0000000000 -70.7004763687
233.1000000000 -70.7595467449
233.2000000000 -70.8184676305
233.3000000000 -70.8772383790
233.4000000000 -70.9358583477
233.5000000000 -70.9943268983
233.6000000000 -71.0526433966
233.7000000000 -71.1108072125
233.8000000000 -71.1688177205
233.9000000000 -71.2266742998
234.0000000000 -71.2843763339
234.1000000000 -71.3419232114
234.2000000000 -71.3993143254
234.3000000000 -71.4565490743
234.4000000000 -71.5136268613
234.5000000000 -71.5705470949
234.6000000000 -71.6273091888
234.7000000000 -71.6839125620
234.8000000000 -71.7403566392
234.9000000000 -71.7966408504
235.0000000000 -71.8527646314
235.1000000000 -71.9087274235
235.2000000000 -71.9645286741
235.3000000000 -72.0201678364
235.4000000000 -72.0756443695
235.5000000000 -72.1309577387
235.6000000000 -72.1861074155
235.7000000000 -72.2410928776
235.8000000000 -72.2959136089
235.9000000000 -72.3505690999
236.0000000000 -72.4050588476
236.1000000000 -72.4593823553
236.2000000000 -72.5135391333
236.3000000000 -72.5675286982
236.4000000000 -72.6213505737
236.5000000000 -72.6750042902
236.6000000000 -72.7284893850
236.7000000000 -72.7818054025
236.8000000000 -72.8349518939
236.9000000000 -72.8879284176
237.0000000000 -72.9407345393
237.1000000000 -72.9933698318
237.2000000000 -73.0458338751
237.3000000000 -73.0981262566
237.4000000000 -73.1502465711
237.5000000000 -73.2021944206
237.6000000000 -73.2539694149
237.7000000000 -73.3055711712
237.8000000000 -73.3569993140
237.9000000000 -73.4082534759
238.0000000000 -73.4593332966
238.1000000000 -73.5102384239
238.2000000000 -73.5609685132
238.3000000000 -73.6115232275
238.4000000000 -73.6619022378
238.5000000000 -73.7121052227
238.6000000000 -73.7621318690
238.7000000000 -73.8119818709
238.8000000000 -73.8616549310
238.9000000000 -73.9111507595
239.0000000000 -73.9604690746
239.1000000000 -74.0096096026
239.2000000000 -74.0585720776
239.3000000000 -74.1073562419
239.4000000000 -74.1559618458
239.5000000000 -74.2043886474
239.6000000000 -74.2526364133
239.7000000000 -74.3007049177
239.8000000000 -74.3485939432
239.9000000000 -74.3963032803
