0.0000000000 -72.4609949984
0.1000000000 -72.5175939532
0.2000000000 -72.5740047961
0.3000000000 -72.6302270215
0.4000000000 -72.6862601329
0.5000000000 -72.7421036428
0.6000000000 -72.7977570728
0.7000000000 -72.8532199535
0.8000000000 -72.9084918243
0.9000000000 -72.9635722331
1.0000000000 -73.0184607355
1.1000000000 -73.0731568929
1.2000000000 -73.1276602697
1.3000000000 -73.1819704285
1.4000000000 -73.2360869218
1.5000000000 -73.2900092815
1.6000000000 -73.3437370021
1.7000000000 -73.3972695191
1.8000000000 -73.4506061797
1.9000000000 -73.5037462059
2.0000000000 -73.5566886474
2.1000000000 -73.6094323239
2.2000000000 -73.6619757560
2.3000000000 -73.7143170822
2.4000000000 -73.7664539616
2.5000000000 -73.8183834606
2.6000000000 -73.8701019229
2.7000000000 -73.9216048198
2.8000000000 -73.9728865793
2.9000000000 -74.0239403935
3.0000000000 -74.0747579981
3.1000000000 -74.1253294243
3.2000000000 -74.1756427163
3.3000000000 -74.2256836113
3.4000000000 -74.2754351752
3.5000000000 -74.3248773869
3.6000000000 -74.3739866632
3.7000000000 -74.4227353134
3.8000000000 -74.4710909119
3.9000000000 -74.5190155741
4.0000000000 -74.5664651192
4.1000000000 -74.6133880997
4.2000000000 -74.6597246746
4.3000000000 -74.7054052996
4.4000000000 -74.7503492015
4.5000000000 -74.7944626023
4.6000000000 -74.8376366478
4.7000000000 -74.8797449925
4.8000000000 -74.9206409822
4.9000000000 -74.9601543669
5.0000000000 -74.9980874647
5.1000000000 -75.0342106862
5.2000000000 -75.0682573112
5.3000000000 -75.0999173944
5.4000000000 -75.1288306538
5.5000000000 -75.1545781738
5.6000000000 -75.1766727251
5.7000000000 -75.1945474711
5.8000000000 -75.2075427938
5.9000000000 -75.2148909265
6.0000000000 -75.2156980289
6.1000000000 -75.2089232799
6.2000000000 -75.1933544961
6.3000000000 -75.1675796975
6.4000000000 -75.1299539524
6.5000000000 -75.0785607205
6.6000000000 -75.0111667870
6.7000000000 -74.9251697331
6.8000000000 -74.8175367151
6.9000000000 -74.6847331307
7.0000000000 -74.5226395168
7.1000000000 -74.3264547637
7.2000000000 -74.0905834229
7.3000000000 -73.8085045347
7.4000000000 -73.4726189940
7.5000000000 -73.0740720002
7.6000000000 -72.6025465818
7.7000000000 -72.0460235322
7.8000000000 -71.3905022875
7.9000000000 -70.6196762734
8.0000000000 -69.7145548994
8.1000000000 -68.6530224817
8.2000000000 -67.4093214694
8.3000000000 -65.9534426330
8.4000000000 -64.2503967538
8.5000000000 -62.2593278552
8.6000000000 -59.9324016383
8.7000000000 -57.2133547078
8.8000000000 -54.0355044066
8.9000000000 -50.3188738424
9.0000000000 -45.9658656159
9.1000000000 -40.8546478598
9.2000000000 -34.8292361986
9.3000000000 -27.6854845435
9.4000000000 -19.1542494231
9.5000000000 -8.8996466475
9.6000000000 3.3392247597
9.7000000000 16.9133508503
9.8000000000 28.5395865607
9.9000000000 34.5236110394
10.0000000000 36.0417763962
10.1000000000 36.2177795077
10.2000000000 36.3249577923
10.3000000000 36.4908745766
10.4000000000 36.6678133363
10.5000000000 36.8226065765
10.6000000000 36.9412103528
10.7000000000 37.0197627956
10.8000000000 37.0590530341
10.9000000000 37.0617258656
11.0000000000 37.0309494661
11.1000000000 36.9698175942
11.2000000000 36.8811125499
11.3000000000 36.7672405523
11.4000000000 36.6302451607
11.5000000000 36.4718519513
11.6000000000 36.2935218250
11.7000000000 36.0965025548
11.8000000000 35.8818743138
11.9000000000 35.6505879290
12.0000000000 35.4034960015
12.1000000000 35.1413776258
12.2000000000 34.8649576291
12.3000000000 34.5749212518
12.4000000000 34.2719251063
12.5000000000 33.9566051459
12.6000000000 33.6295822585
12.7000000000 33.2914660009
12.8000000000 32.9428568958
12.9000000000 32.5843476370
13.0000000000 32.2165234836
13.1000000000 31.8399620698
13.2000000000 31.4552328094
13.3000000000 31.0628960402
13.4000000000 30.6635020192
13.5000000000 30.2575898568
13.6000000000 29.8456864539
13.7000000000 29.4283054935
13.8000000000 29.0059465182
13.9000000000 28.5790941199
14.0000000000 28.1482172534
14.1000000000 27.7137686836
14.2000000000 27.2761845652
14.3000000000 26.8358841548
14.4000000000 26.3932696472
14.5000000000 25.9487261288
14.6000000000 25.5026216388
14.7000000000 25.0553073258
14.8000000000 24.6071176910
14.9000000000 24.1583709046
15.0000000000 23.7093691854
15.1000000000 23.2603992336
15.2000000000 22.8117327049
15.3000000000 22.3636267184
15.4000000000 21.9163243890
15.5000000000 21.4700553760
15.6000000000 21.0250364421
15.7000000000 20.5814720151
15.8000000000 20.1395547485
15.9000000000 19.6994660750
16.0000000000 19.2613767497
16.1000000000 18.8254473791
16.2000000000 18.3918289339
16.3000000000 17.9606632430
16.4000000000 17.5320834662
16.5000000000 17.1062145465
16.6000000000 16.6831736387
16.7000000000 16.2630705154
16.8000000000 15.8460079501
16.9000000000 15.4320820761
17.0000000000 15.0213827240
17.1000000000 14.6139937355
17.2000000000 14.2099932563
17.3000000000 13.8094540084
17.4000000000 13.4124435418
17.5000000000 13.0190244676
17.6000000000 12.6292546735
17.7000000000 12.2431875226
17.8000000000 11.8608720362
17.9000000000 11.4823530633
18.0000000000 11.1076714355
18.1000000000 10.7368641114
18.2000000000 10.3699643092
18.3000000000 10.0070016299
18.4000000000 9.6480021724
18.5000000000 9.2929886397
18.6000000000 8.9419804404
18.7000000000 8.5949937829
18.8000000000 8.2520417659
18.9000000000 7.9131344642
19.0000000000 7.5782790126
19.1000000000 7.2474796855
19.2000000000 6.9207379763
19.3000000000 6.5980526748
19.4000000000 6.2794199434
19.5000000000 5.9648333937
19.6000000000 5.6542841627
19.7000000000 5.3477609891
19.8000000000 5.0452502902
19.9000000000 4.7467362397
20.0000000000 4.4522008462
20.1000000000 4.1616240318
20.2000000000 3.8749837132
20.3000000000 3.5922558821
20.4000000000 3.3134146872
20.5000000000 3.0384325168
20.6000000000 2.7672800821
20.7000000000 2.4999265010
20.8000000000 2.2363393819
20.9000000000 1.9764849078
21.0000000000 1.7203279211
21.1000000000 1.4678320068
21.2000000000 1.2189595765
21.3000000000 0.9736719509
21.4000000000 0.7319294423
21.5000000000 0.4936914352
21.6000000000 0.2589164663
21.7000000000 0.0275623029
21.8000000000 -0.2004139803
21.9000000000 -0.4250559259
22.0000000000 -0.6464076211
22.1000000000 -0.8645136260
22.2000000000 -1.0794189046
22.3000000000 -1.2911687583
22.4000000000 -1.4998087609
22.5000000000 -1.7053846972
22.6000000000 -1.9079425028
22.7000000000 -2.1075282072
22.8000000000 -2.3041878794
22.9000000000 -2.4979675758
23.0000000000 -2.6889132911
23.1000000000 -2.8770709111
23.2000000000 -3.0624861690
23.3000000000 -3.2452046033
23.4000000000 -3.4252715188
23.5000000000 -3.6027319503
23.6000000000 -3.7776306279
23.7000000000 -3.9500119453
23.8000000000 -4.1199199302
23.9000000000 -4.2873982173
24.0000000000 -4.4524900227
24.1000000000 -4.6152381213
24.2000000000 -4.7756848257
24.3000000000 -4.9338719669
24.4000000000 -5.0898408775
24.5000000000 -5.2436323761
24.6000000000 -5.3952867538
24.7000000000 -5.5448437621
24.8000000000 -5.6923426022
24.9000000000 -5.8378219164
25.0000000000 -5.9813197802
25.1000000000 -6.1228736961
25.2000000000 -6.2625205885
25.3000000000 -6.4002967996
25.4000000000 -6.5362380872
25.5000000000 -6.6703796221
25.6000000000 -6.8027559880
25.7000000000 -6.9334011812
25.8000000000 -7.0623486114
25.9000000000 -7.1896311037
26.0000000000 -7.3152809009
26.1000000000 -7.4393296662
26.2000000000 -7.5618084874
26.3000000000 -7.6827478805
26.4000000000 -7.8021777950
26.5000000000 -7.9201276187
26.6000000000 -8.0366261832
26.7000000000 -8.1517017702
26.8000000000 -8.2653821177
26.9000000000 -8.3776944263
27.0000000000 -8.4886653666
27.1000000000 -8.5983210859
27.2000000000 -8.7066872156
27.3000000000 -8.8137888789
27.4000000000 -8.9196506982
27.5000000000 -9.0242968032
27.6000000000 -9.1277508383
27.7000000000 -9.2300359712
27.8000000000 -9.3311749004
27.9000000000 -9.4311898636
28.0000000000 -9.5301026457
28.1000000000 -9.6279345868
28.2000000000 -9.7247065908
28.3000000000 -9.8204391330
28.4000000000 -9.9151522685
28.5000000000 -10.0088656401
28.6000000000 -10.1015984864
28.7000000000 -10.1933696498
28.8000000000 -10.2841975842
28.9000000000 -10.3741003633
29.0000000000 -10.4630956875
29.1000000000 -10.5512008926
29.2000000000 -10.6384329564
29.3000000000 -10.7248085071
29.4000000000 -10.8103438297
29.5000000000 -10.8950548743
29.6000000000 -10.9789572625
29.7000000000 -11.0620662948
29.8000000000 -11.1443969574
29.9000000000 -11.2259639294
30.0000000000 -11.3067815891
30.1000000000 -11.3868640207
30.2000000000 -11.4662250212
30.3000000000 -11.5448781062
30.4000000000 -11.6228365165
30.5000000000 -11.7001132244
30.6000000000 -11.7767209392
30.7000000000 -11.8526721136
30.8000000000 -11.9279789493
30.9000000000 -12.0026534026
31.0000000000 -12.0767071903
31.1000000000 -12.1501517945
31.2000000000 -12.2229984687
31.3000000000 -12.2952582424
31.4000000000 -12.3669419264
31.5000000000 -12.4380601180
31.6000000000 -12.5086232056
31.7000000000 -12.5786413735
31.8000000000 -12.6481246067
31.9000000000 -12.7170826954
32.0000000000 -12.7855252393
32.1000000000 -12.8534616523
32.2000000000 -12.9209011664
32.3000000000 -12.9878528358
32.4000000000 -13.0543255414
32.5000000000 -13.1203279944
32.6000000000 -13.1858687400
32.7000000000 -13.2509561617
32.8000000000 -13.3155984846
32.9000000000 -13.3798037789
33.0000000000 -13.4435799637
33.1000000000 -13.5069348102
33.2000000000 -13.5698759451
33.3000000000 -13.6324108540
33.4000000000 -13.6945468842
33.5000000000 -13.7562912482
33.6000000000 -13.8176510264
33.7000000000 -13.8786331701
33.8000000000 -13.9392445047
33.9000000000 -13.9994917321
34.0000000000 -14.0593814334
34.1000000000 -14.1189200720
34.2000000000 -14.1781139958
34.3000000000 -14.2369694398
34.4000000000 -14.2954925288
34.5000000000 -14.3536892795
34.6000000000 -14.4115656031
34.7000000000 -14.4691273073
34.8000000000 -14.5263800989
34.9000000000 -14.5833295858
35.0000000000 -14.6399812791
35.1000000000 -14.6963405952
35.2000000000 -14.7524128579
35.3000000000 -14.8082033002
35.4000000000 -14.8637170667
35.5000000000 -14.9189592148
35.6000000000 -14.9739347171
35.7000000000 -15.0286484629
35.8000000000 -15.0831052602
35.9000000000 -15.1373098371
36.0000000000 -15.1912668437
36.1000000000 -15.2449808540
36.2000000000 -15.2984563667
36.3000000000 -15.3516978076
36.4000000000 -15.4047095308
36.5000000000 -15.4574958199
36.6000000000 -15.5100608902
36.7000000000 -15.5624088893
36.8000000000 -15.6145438990
36.9000000000 -15.6664699365
37.0000000000 -15.7181909560
37.1000000000 -15.7697108496
37.2000000000 -15.8210334488
37.3000000000 -15.8721625256
37.4000000000 -15.9231017941
37.5000000000 -15.9738549112
37.6000000000 -16.0244254782
37.7000000000 -16.0748170417
37.8000000000 -16.1250330946
37.9000000000 -16.1750770778
38.0000000000 -16.2249523804
38.1000000000 -16.2746623416
38.2000000000 -16.3242102510
38.3000000000 -16.3735993503
38.4000000000 -16.4228328336
38.5000000000 -16.4719138491
38.6000000000 -16.5208454994
38.7000000000 -16.5696308427
38.8000000000 -16.6182728938
38.9000000000 -16.6667746249
39.0000000000 -16.7151389665
39.1000000000 -16.7633688082
39.2000000000 -16.8114669994
39.3000000000 -16.8594363507
39.4000000000 -16.9072796339
39.5000000000 -16.9549995834
39.6000000000 -17.0025988967
39.7000000000 -17.0500802353
39.8000000000 -17.0974462253
39.9000000000 -17.1446994582
40.0000000000 -17.1918424917
40.1000000000 -17.2388778502
40.2000000000 -17.2858080255
40.3000000000 -17.3326354779
40.4000000000 -17.3793626363
40.5000000000 -17.4259918990
40.6000000000 -17.4725256346
40.7000000000 -17.5189661823
40.8000000000 -17.5653158527
40.9000000000 -17.6115769283
41.0000000000 -17.6577516640
41.1000000000 -17.7038422881
41.2000000000 -17.7498510022
41.3000000000 -17.7957799823
41.4000000000 -17.8416313790
41.5000000000 -17.8874073183
41.6000000000 -17.9331099018
41.7000000000 -17.9787412077
41.8000000000 -18.0243032905
41.9000000000 -18.0697981825
42.0000000000 -18.1152278933
42.1000000000 -18.1605944109
42.2000000000 -18.2058997020
42.3000000000 -18.2511457124
42.4000000000 -18.2963343673
42.5000000000 -18.3414675722
42.6000000000 -18.3865472127
42.7000000000 -18.4315751554
42.8000000000 -18.4765532481
42.9000000000 -18.5214833200
43.0000000000 -18.5663671827
43.1000000000 -18.6112066299
43.2000000000 -18.6560034382
43.3000000000 -18.7007593672
43.4000000000 -18.7454761602
43.5000000000 -18.7901555441
43.6000000000 -18.8347992302
43.7000000000 -18.8794089141
43.8000000000 -18.9239862763
43.9000000000 -18.9685329827
44.0000000000 -19.0130506844
44.1000000000 -19.0575410184
44.2000000000 -19.1020056078
44.3000000000 -19.1464460621
44.4000000000 -19.1908639775
44.5000000000 -19.2352609372
44.6000000000 -19.2796385114
44.7000000000 -19.3239982581
44.8000000000 -19.3683417231
44.9000000000 -19.4126704401
45.0000000000 -19.4569859311
45.1000000000 -19.5012897067
45.2000000000 -19.5455832664
45.3000000000 -19.5898680986
45.4000000000 -19.6341456810
45.5000000000 -19.6784174809
45.6000000000 -19.7226849553
45.7000000000 -19.7669495511
45.8000000000 -19.8112127054
45.9000000000 -19.8554758456
46.0000000000 -19.8997403900
46.1000000000 -19.9440077472
46.2000000000 -19.9882793172
46.3000000000 -20.0325564910
46.4000000000 -20.0768406511
46.5000000000 -20.1211331713
46.6000000000 -20.1654354175
46.7000000000 -20.2097487471
46.8000000000 -20.2540745101
46.9000000000 -20.2984140483
47.0000000000 -20.3427686963
47.1000000000 -20.3871397809
47.2000000000 -20.4315286219
47.3000000000 -20.4759365321
47.4000000000 -20.5203648171
47.5000000000 -20.5648147759
47.6000000000 -20.6092877008
47.7000000000 -20.6537848775
47.8000000000 -20.6983075855
47.9000000000 -20.7428570980
48.0000000000 -20.7874346820
48.1000000000 -20.8320415986
48.2000000000 -20.8766791032
48.3000000000 -20.9213484453
48.4000000000 -20.9660508687
48.5000000000 -21.0107876121
48.6000000000 -21.0555599085
48.7000000000 -21.1003689857
48.8000000000 -21.1452160664
48.9000000000 -21.1901023684
49.0000000000 -21.2350291042
49.1000000000 -21.2799974819
49.2000000000 -21.3250087044
49.3000000000 -21.3700639704
49.4000000000 -21.4151644737
49.5000000000 -21.4603114039
49.6000000000 -21.5055059461
49.7000000000 -21.5507492810
49.8000000000 -21.5960425854
49.9000000000 -21.6413870316
50.0000000000 -21.6867837883
50.1000000000 -21.7322340198
50.2000000000 -21.7777388867
50.3000000000 -21.8232995459
50.4000000000 -21.8689171503
50.5000000000 -21.9145928492
50.6000000000 -21.9603277885
50.7000000000 -22.0061231101
50.8000000000 -22.0519799528
50.9000000000 -22.0978994517
51.0000000000 -22.1438827387
51.1000000000 -22.1899309423
51.2000000000 -22.2360451876
51.3000000000 -22.2822265966
51.4000000000 -22.3284762882
51.5000000000 -22.3747953779
51.6000000000 -22.4211849783
51.7000000000 -22.4676461990
51.8000000000 -22.5141801463
51.9000000000 -22.5607879239
52.0000000000 -22.6074706322
52.1000000000 -22.6542293690
52.2000000000 -22.7010652291
52.3000000000 -22.7479793043
52.4000000000 -22.7949726837
52.5000000000 -22.8420464538
52.6000000000 -22.8892016981
52.7000000000 -22.9364394973
52.8000000000 -22.9837609295
52.9000000000 -23.0311670702
53.0000000000 -23.0786589919
53.1000000000 -23.1262377646
53.2000000000 -23.1739044557
53.3000000000 -23.2216601298
53.4000000000 -23.2695058490
53.5000000000 -23.3174426725
53.6000000000 -23.3654716571
53.7000000000 -23.4135938569
53.8000000000 -23.4618103233
53.9000000000 -23.5101221051
54.0000000000 -23.5585302485
54.1000000000 -23.6070357970
54.2000000000 -23.6556397915
54.3000000000 -23.7043432702
54.4000000000 -23.7531472687
54.5000000000 -23.8020528197
54.6000000000 -23.8510609534
54.7000000000 -23.9001726973
54.8000000000 -23.9493890762
54.9000000000 -23.9987111118
55.0000000000 -24.0481398236
55.1000000000 -24.0976762278
55.2000000000 -24.1473213380
55.3000000000 -24.1970761650
55.4000000000 -24.2469417166
55.5000000000 -24.2969189977
55.6000000000 -24.3470090105
55.7000000000 -24.3972127539
55.8000000000 -24.4475312239
55.9000000000 -24.4979654136
56.0000000000 -24.5485163129
56.1000000000 -24.5991849084
56.2000000000 -24.6499721839
56.3000000000 -24.7008791198
56.4000000000 -24.7519066930
56.5000000000 -24.8030558775
56.6000000000 -24.8543276438
56.7000000000 -24.9057229588
56.8000000000 -24.9572427861
56.9000000000 -25.0088880858
57.0000000000 -25.0606598143
57.1000000000 -25.1125589245
57.2000000000 -25.1645863656
57.3000000000 -25.2167430827
57.4000000000 -25.2690300176
57.5000000000 -25.3214481077
57.6000000000 -25.3739982868
57.7000000000 -25.4266814845
57.8000000000 -25.4794986264
57.9000000000 -25.5324506337
58.0000000000 -25.5855384236
58.1000000000 -25.6387629087
58.2000000000 -25.6921249975
58.3000000000 -25.7456255937
58.4000000000 -25.7992655967
58.5000000000 -25.8530459011
58.6000000000 -25.9069673966
58.7000000000 -25.9610309684
58.8000000000 -26.0152374965
58.9000000000 -26.0695878561
59.0000000000 -26.1240829170
59.1000000000 -26.1787235442
59.2000000000 -26.2335105970
59.3000000000 -26.2884449296
59.4000000000 -26.3435273906
59.5000000000 -26.3987588230
59.6000000000 -26.4541400641
59.7000000000 -26.5096719455
59.8000000000 -26.5653552927
59.9000000000 -26.6211909253
60.0000000000 -26.6771796569
60.1000000000 -26.7333222947
60.2000000000 -26.7896196396
60.3000000000 -26.8460724861
60.4000000000 -26.9026816220
60.5000000000 -26.9594478287
60.6000000000 -27.0163718805
60.7000000000 -27.0734545449
60.8000000000 -27.1306965824
60.9000000000 -27.1880987463
61.0000000000 -27.2456617826
61.1000000000 -27.3033864300
61.2000000000 -27.3612734195
61.3000000000 -27.4193234747
61.4000000000 -27.4775373111
61.5000000000 -27.5359156366
61.6000000000 -27.5944591509
61.7000000000 -27.6531685455
61.8000000000 -27.7120445036
61.9000000000 -27.7710877002
62.0000000000 -27.8302988015
62.1000000000 -27.8896784651
62.2000000000 -27.9492273396
62.3000000000 -28.0089460649
62.4000000000 -28.0688352717
62.5000000000 -28.1288955813
62.6000000000 -28.1891276058
62.7000000000 -28.2495319477
62.8000000000 -28.3101092000
62.9000000000 -28.3708599456
63.0000000000 -28.4317847577
63.1000000000 -28.4928841993
63.2000000000 -28.5541588233
63.3000000000 -28.6156091722
63.4000000000 -28.6772357779
63.5000000000 -28.7390391618
63.6000000000 -28.8010198342
63.7000000000 -28.8631782950
63.8000000000 -28.9255150325
63.9000000000 -28.9880305241
64.0000000000 -29.0507252358
64.1000000000 -29.1135996218
64.2000000000 -29.1766541252
64.3000000000 -29.2398891767
64.4000000000 -29.3033051956
64.5000000000 -29.3669025888
64.6000000000 -29.4306817510
64.7000000000 -29.4946430647
64.8000000000 -29.5587868998
64.9000000000 -29.6231136136
65.0000000000 -29.6876235506
65.1000000000 -29.7523170423
65.2000000000 -29.8171944073
65.3000000000 -29.8822559508
65.4000000000 -29.9475019649
65.5000000000 -30.0129327281
65.6000000000 -30.0785485054
65.7000000000 -30.1443495478
65.8000000000 -30.2103360927
65.9000000000 -30.2765083634
66.0000000000 -30.3428665691
66.1000000000 -30.4094109047
66.2000000000 -30.4761415507
66.3000000000 -30.5430586731
66.4000000000 -30.6101624233
66.5000000000 -30.6774529380
66.6000000000 -30.7449303387
66.7000000000 -30.8125947324
66.8000000000 -30.8804462105
66.9000000000 -30.9484848494
67.0000000000 -31.0167107102
67.1000000000 -31.0851238384
67.2000000000 -31.1537242640
67.3000000000 -31.2225120013
67.4000000000 -31.2914870489
67.5000000000 -31.3606493894
67.6000000000 -31.4299989895
67.7000000000 -31.4995357998
67.8000000000 -31.5692597546
67.9000000000 -31.6391707722
68.0000000000 -31.7092687542
68.1000000000 -31.7795535862
68.2000000000 -31.8500251369
68.3000000000 -31.9206832584
68.4000000000 -31.9915277864
68.5000000000 -32.0625585397
68.6000000000 -32.1337753201
68.7000000000 -32.2051779127
68.8000000000 -32.2767660857
68.9000000000 -32.3485395900
69.0000000000 -32.4204981597
69.1000000000 -32.4926415116
69.2000000000 -32.5649693455
69.3000000000 -32.6374813436
69.4000000000 -32.7101771712
69.5000000000 -32.7830564761
69.6000000000 -32.8561188889
69.7000000000 -32.9293640226
69.8000000000 -33.0027914730
69.9000000000 -33.0764008182
70.0000000000 -33.1501916192
70.1000000000 -33.2241634193
70.2000000000 -33.2983157444
70.3000000000 -33.3726481028
70.4000000000 -33.4471599854
70.5000000000 -33.5218508656
70.6000000000 -33.5967201994
70.7000000000 -33.6717674253
70.8000000000 -33.7469919641
70.9000000000 -33.8223932195
71.0000000000 -33.8979705775
71.1000000000 -33.9737234071
71.2000000000 -34.0496510594
71.3000000000 -34.1257528686
71.4000000000 -34.2020281516
71.5000000000 -34.2784762078
71.6000000000 -34.3550963198
71.7000000000 -34.4318877526
71.8000000000 -34.5088497547
71.9000000000 -34.5859815571
72.0000000000 -34.6632823742
72.1000000000 -34.7407514033
72.2000000000 -34.8183878253
72.3000000000 -34.8961908040
72.4000000000 -34.9741594868
72.5000000000 -35.0522930047
72.6000000000 -35.1305904720
72.7000000000 -35.2090509870
72.8000000000 -35.2876736317
72.9000000000 -35.3664574719
73.0000000000 -35.4454015575
73.1000000000 -35.5245049227
73.2000000000 -35.6037665859
73.3000000000 -35.6831855499
73.4000000000 -35.7627608019
73.5000000000 -35.8424913142
73.6000000000 -35.9223760435
73.7000000000 -36.0024139318
73.8000000000 -36.0826039061
73.9000000000 -36.1629448787
74.0000000000 -36.2434357475
74.1000000000 -36.3240753959
74.2000000000 -36.4048626932
74.3000000000 -36.4857964947
74.4000000000 -36.5668756417
74.5000000000 -36.6480989621
74.6000000000 -36.7294652702
74.7000000000 -36.8109733671
74.8000000000 -36.8926220407
74.9000000000 -36.9744100663
75.0000000000 -37.0563362062
75.1000000000 -37.1383992106
75.2000000000 -37.2205978172
75.3000000000 -37.3029307519
75.4000000000 -37.3853967286
75.5000000000 -37.4679944498
75.6000000000 -37.5507226065
75.7000000000 -37.6335798788
75.8000000000 -37.7165649357
75.9000000000 -37.7996764357
76.0000000000 -37.8829130269
76.1000000000 -37.9662733471
76.2000000000 -38.0497560244
76.3000000000 -38.1333596770
76.4000000000 -38.2170829140
76.5000000000 -38.3009243351
76.6000000000 -38.3848825311
76.7000000000 -38.4689560844
76.8000000000 -38.5531435689
76.9000000000 -38.6374435502
77.0000000000 -38.7218545864
77.1000000000 -38.8063752279
77.2000000000 -38.8910040176
77.3000000000 -38.9757394917
77.4000000000 -39.0605801795
77.5000000000 -39.1455246037
77.6000000000 -39.2305712810
77.7000000000 -39.3157187221
77.8000000000 -39.4009654321
77.9000000000 -39.4863099108
78.0000000000 -39.5717506526
78.1000000000 -39.6572861476
78.2000000000 -39.7429148810
78.3000000000 -39.8286353340
78.4000000000 -39.9144459837
78.5000000000 -40.0003453038
78.6000000000 -40.0863317644
78.7000000000 -40.1724038327
78.8000000000 -40.2585599729
78.9000000000 -40.3447986469
79.0000000000 -40.4311183143
79.1000000000 -40.5175174328
79.2000000000 -40.6039944585
79.3000000000 -40.6905478460
79.4000000000 -40.7771760491
79.5000000000 -40.8638775204
79.6000000000 -40.9506507125
79.7000000000 -41.0374940775
79.8000000000 -41.1244060675
79.9000000000 -41.2113851351
80.0000000000 -41.2984297335
80.1000000000 -41.3855383168
80.2000000000 -41.4727093403
80.3000000000 -41.5599412608
80.4000000000 -41.6472325367
80.5000000000 -41.7345816285
80.6000000000 -41.8219869990
80.7000000000 -41.9094471135
80.8000000000 -41.9969604401
80.9000000000 -42.0845254501
81.0000000000 -42.1721406180
81.1000000000 -42.2598044220
81.2000000000 -42.3475153442
81.3000000000 -42.4352718705
81.4000000000 -42.5230724916
81.5000000000 -42.6109157027
81.6000000000 -42.6988000036
81.7000000000 -42.7867238995
81.8000000000 -42.8746859008
81.9000000000 -42.9626845237
82.0000000000 -43.0507182900
82.1000000000 -43.1387857276
82.2000000000 -43.2268853708
82.3000000000 -43.3150157604
82.4000000000 -43.4031754437
82.5000000000 -43.4913629754
82.6000000000 -43.5795769169
82.7000000000 -43.6678158374
82.8000000000 -43.7560783134
82.9000000000 -43.8443629293
83.0000000000 -43.9326682775
83.1000000000 -44.0209929588
83.2000000000 -44.1093355820
83.3000000000 -44.1976947648
83.4000000000 -44.2860691336
83.5000000000 -44.3744573236
83.6000000000 -44.4628579794
83.7000000000 -44.5512697546
83.8000000000 -44.6396913126
83.9000000000 -44.7281213263
84.0000000000 -44.8165584782
84.1000000000 -44.9050014612
84.2000000000 -44.9934489778
84.3000000000 -45.0818997413
84.4000000000 -45.1703524750
84.5000000000 -45.2588059130
84.6000000000 -45.3472588000
84.7000000000 -45.4357098915
84.8000000000 -45.5241579539
84.9000000000 -45.6126017649
85.0000000000 -45.7010401132
85.1000000000 -45.7894717989
85.2000000000 -45.8778956334
85.3000000000 -45.9663104398
85.4000000000 -46.0547150527
85.5000000000 -46.1431083185
85.6000000000 -46.2314890954
85.7000000000 -46.3198562536
85.8000000000 -46.4082086752
85.9000000000 -46.4965452543
86.0000000000 -46.5848648973
86.1000000000 -46.6731665229
86.2000000000 -46.7614490619
86.3000000000 -46.8497114575
86.4000000000 -46.9379526654
86.5000000000 -47.0261716537
86.6000000000 -47.1143674031
86.7000000000 -47.2025389068
86.8000000000 -47.2906851707
86.9000000000 -47.3788052133
87.0000000000 -47.4668980657
87.1000000000 -47.5549627718
87.2000000000 -47.6429983884
87.3000000000 -47.7310039846
87.4000000000 -47.8189786429
87.5000000000 -47.9069214580
87.6000000000 -47.9948315379
87.7000000000 -48.0827080031
87.8000000000 -48.1705499869
87.9000000000 -48.2583566356
88.0000000000 -48.3461271082
88.1000000000 -48.4338605765
88.2000000000 -48.5215562251
88.3000000000 -48.6092132512
88.4000000000 -48.6968308650
88.5000000000 -48.7844082893
88.6000000000 -48.8719447595
88.7000000000 -48.9594395237
88.8000000000 -49.0468918428
88.9000000000 -49.1343009899
89.0000000000 -49.2216662511
89.1000000000 -49.3089869245
89.2000000000 -49.3962623211
89.3000000000 -49.4834917640
89.4000000000 -49.5706745886
89.5000000000 -49.6578101428
89.6000000000 -49.7448977866
89.7000000000 -49.8319368920
89.8000000000 -49.9189268432
89.9000000000 -50.0058670365
90.0000000000 -50.0927568799
90.1000000000 -50.1795957935
90.2000000000 -50.2663832089
90.3000000000 -50.3531185695
90.4000000000 -50.4398013304
90.5000000000 -50.5264309581
90.6000000000 -50.6130069304
90.7000000000 -50.6995287366
90.8000000000 -50.7859958772
90.9000000000 -50.8724078638
91.0000000000 -50.9587642188
91.1000000000 -51.0450644758
91.2000000000 -51.1313081792
91.3000000000 -51.2174948837
91.4000000000 -51.3036241551
91.5000000000 -51.3896955694
91.6000000000 -51.4757087128
91.7000000000 -51.5616631820
91.8000000000 -51.6475585836
91.9000000000 -51.7333945343
92.0000000000 -51.8191706607
92.1000000000 -51.9048865989
92.2000000000 -51.9905419948
92.3000000000 -52.0761365036
92.4000000000 -52.1616697899
92.5000000000 -52.2471415276
92.6000000000 -52.3325513994
92.7000000000 -52.4178990972
92.8000000000 -52.5031843214
92.9000000000 -52.5884067812
93.0000000000 -52.6735661942
93.1000000000 -52.7586622864
93.2000000000 -52.8436947919
93.3000000000 -52.9286634530
93.4000000000 -53.0135680195
93.5000000000 -53.0984082495
93.6000000000 -53.1831839081
93.7000000000 -53.2678947684
93.8000000000 -53.3525406102
93.9000000000 -53.4371212209
94.0000000000 -53.5216363944
94.1000000000 -53.6060859319
94.2000000000 -53.6904696407
94.3000000000 -53.7747873350
94.4000000000 -53.8590388351
94.5000000000 -53.9432239674
94.6000000000 -54.0273425644
94.7000000000 -54.1113944643
94.8000000000 -54.1953795111
94.9000000000 -54.2792975542
95.0000000000 -54.3631484482
95.1000000000 -54.4469320529
95.2000000000 -54.5306482332
95.3000000000 -54.6142968587
95.4000000000 -54.6978778037
95.5000000000 -54.7813909467
95.6000000000 -54.8648361708
95.7000000000 -54.9482133631
95.8000000000 -55.0315224146
95.9000000000 -55.1147632202
96.0000000000 -55.1979356782
96.1000000000 -55.2810396905
96.2000000000 -55.3640751622
96.3000000000 -55.4470420014
96.4000000000 -55.5299401192
96.5000000000 -55.6127694294
96.6000000000 -55.6955298484
96.7000000000 -55.7782212948
96.8000000000 -55.8608436897
96.9000000000 -55.9433969559
97.0000000000 -56.0258810183
97.1000000000 -56.1082958035
97.2000000000 -56.1906412394
97.3000000000 -56.2729172555
97.4000000000 -56.3551237822
97.5000000000 -56.4372607512
97.6000000000 -56.5193280947
97.7000000000 -56.6013257457
97.8000000000 -56.6832536379
97.9000000000 -56.7651117049
98.0000000000 -56.8468998807
98.1000000000 -56.9286180991
98.2000000000 -57.0102662940
98.3000000000 -57.0918443987
98.4000000000 -57.1733523459
98.5000000000 -57.2547900677
98.6000000000 -57.3361574955
98.7000000000 -57.4174545594
98.8000000000 -57.4986811884
98.9000000000 -57.5798373103
99.0000000000 -57.6609228510
99.1000000000 -57.7419377351
99.2000000000 -57.8228818853
99.3000000000 -57.9037552220
99.4000000000 -57.9845576639
99.5000000000 -58.0652891269
99.6000000000 -58.1459495249
99.7000000000 -58.2265387689
99.8000000000 -58.3070567671
99.9000000000 -58.3875034249
100.0000000000 -58.4678786446
100.1000000000 -58.5481823253
100.2000000000 -58.6284143626
100.3000000000 -58.7085746487
100.4000000000 -58.7886630721
100.5000000000 -58.8686795177
100.6000000000 -58.9486238661
100.7000000000 -59.0284959940
100.8000000000 -59.1082957739
100.9000000000 -59.1880230741
101.0000000000 -59.2676777580
101.1000000000 -59.3472596849
101.2000000000 -59.4267687090
101.3000000000 -59.5062046796
101.4000000000 -59.5855674414
101.5000000000 -59.6648568335
101.6000000000 -59.7440726902
101.7000000000 -59.8232148401
101.8000000000 -59.9022831064
101.9000000000 -59.9812773070
102.0000000000 -60.0601972537
102.1000000000 -60.1390427528
102.2000000000 -60.2178136044
102.3000000000 -60.2965096029
102.4000000000 -60.3751305364
102.5000000000 -60.4536761867
102.6000000000 -60.5321463295
102.7000000000 -60.6105407339
102.8000000000 -60.6888591627
102.9000000000 -60.7671013717
103.0000000000 -60.8452671106
103.1000000000 -60.9233561218
103.2000000000 -61.0013681411
103.3000000000 -61.0793028975
103.4000000000 -61.1571601127
103.5000000000 -61.2349395015
103.6000000000 -61.3126407715
103.7000000000 -61.3902636232
103.8000000000 -61.4678077497
103.9000000000 -61.5452728368
104.0000000000 -61.6226585628
104.1000000000 -61.6999645986
104.2000000000 -61.7771906079
104.3000000000 -61.8543362463
104.4000000000 -61.9314011621
104.5000000000 -62.0083849960
104.6000000000 -62.0852873810
104.7000000000 -62.1621079421
104.8000000000 -62.2388462968
104.9000000000 -62.3155020548
105.0000000000 -62.3920748180
105.1000000000 -62.4685641802
105.2000000000 -62.5449697276
105.3000000000 -62.6212910384
105.4000000000 -62.6975276830
105.5000000000 -62.7736792238
105.6000000000 -62.8497452152
105.7000000000 -62.9257252038
105.8000000000 -63.0016187282
105.9000000000 -63.0774253192
106.0000000000 -63.1531444995
106.1000000000 -63.2287757840
106.2000000000 -63.3043186797
106.3000000000 -63.3797726855
106.4000000000 -63.4551372926
106.5000000000 -63.5304119845
106.6000000000 -63.6055962366
106.7000000000 -63.6806895165
106.8000000000 -63.7556912842
106.9000000000 -63.8306009918
107.0000000000 -63.9054180839
107.1000000000 -63.9801419972
107.2000000000 -64.0547721609
107.3000000000 -64.1293079966
107.4000000000 -64.2037489184
107.5000000000 -64.2780943328
107.6000000000 -64.3523436391
107.7000000000 -64.4264962291
107.8000000000 -64.5005514874
107.9000000000 -64.5745087911
108.0000000000 -64.6483675105
108.1000000000 -64.7221270086
108.2000000000 -64.7957866415
108.3000000000 -64.8693457581
108.4000000000 -64.9428037008
108.5000000000 -65.0161598049
108.6000000000 -65.0894133993
108.7000000000 -65.1625638061
108.8000000000 -65.2356103409
108.9000000000 -65.3085523129
109.0000000000 -65.3813890252
109.1000000000 -65.4541197743
109.2000000000 -65.5267438508
109.3000000000 -65.5992605394
109.4000000000 -65.6716691186
109.5000000000 -65.7439688613
109.6000000000 -65.8161590348
109.7000000000 -65.8882389006
109.8000000000 -65.9602077149
109.9000000000 -66.0320647287
110.0000000000 -66.1038091875
110.1000000000 -66.1754403320
110.2000000000 -66.2469573978
110.3000000000 -66.3183596156
110.4000000000 -66.3896462116
110.5000000000 -66.4608164074
110.6000000000 -66.5318694202
110.7000000000 -66.6028044627
110.8000000000 -66.6736207437
110.9000000000 -66.7443174680
111.0000000000 -66.8148938364
111.1000000000 -66.8853490460
111.2000000000 -66.9556822905
111.3000000000 -67.0258927599
111.4000000000 -67.0959796413
111.5000000000 -67.1659421184
111.6000000000 -67.2357793719
111.7000000000 -67.3054905800
111.8000000000 -67.3750749180
111.9000000000 -67.4445315586
112.0000000000 -67.5138596725
112.1000000000 -67.5830584280
112.2000000000 -67.6521269913
112.3000000000 -67.7210645269
112.4000000000 -67.7898701976
112.5000000000 -67.8585431646
112.6000000000 -67.9270825878
112.7000000000 -67.9954876257
112.8000000000 -68.0637574359
112.9000000000 -68.1318911752
113.0000000000 -68.1998879996
113.1000000000 -68.2677470645
113.2000000000 -68.3354675250
113.3000000000 -68.4030485360
113.4000000000 -68.4704892522
113.5000000000 -68.5377888287
113.6000000000 -68.6049464206
113.7000000000 -68.6719611838
113.8000000000 -68.7388322744
113.9000000000 -68.8055588497
114.0000000000 -68.8721400676
114.1000000000 -68.9385750875
114.2000000000 -69.0048630699
114.3000000000 -69.0710031766
114.4000000000 -69.1369945715
114.5000000000 -69.2028364197
114.6000000000 -69.2685278889
114.7000000000 -69.3340681483
114.8000000000 -69.3994563699
114.9000000000 -69.4646917280
115.0000000000 -69.5297733993
115.1000000000 -69.5947005635
115.2000000000 -69.6594724033
115.3000000000 -69.7240881044
115.4000000000 -69.7885468557
115.5000000000 -69.8528478497
115.6000000000 -69.9169902823
115.7000000000 -69.9809733533
115.8000000000 -70.0447962662
115.9000000000 -70.1084582288
116.0000000000 -70.1719584528
116.1000000000 -70.2352961546
116.2000000000 -70.2984705547
116.3000000000 -70.3614808786
116.4000000000 -70.4243263564
116.5000000000 -70.4870062232
116.6000000000 -70.5495197192
116.7000000000 -70.6118660899
116.8000000000 -70.6740445859
116.9000000000 -70.7360544635
117.0000000000 -70.7978949848
117.1000000000 -70.8595654174
117.2000000000 -70.9210650348
117.3000000000 -70.9823931170
117.4000000000 -71.0435489495
117.5000000000 -71.1045318246
117.6000000000 -71.1653410410
117.7000000000 -71.2259759036
117.8000000000 -71.2864357244
117.9000000000 -71.3467198219
118.0000000000 -71.4068275216
118.1000000000 -71.4667581562
118.2000000000 -71.5265110652
118.3000000000 -71.5860855957
118.4000000000 -71.6454811020
118.5000000000 -71.7046969458
118.6000000000 -71.7637324965
118.7000000000 -71.8225871311
118.8000000000 -71.8812602345
118.9000000000 -71.9397511994
119.0000000000 -71.9980594264
119.1000000000 -72.0561843243
119.2000000000 -72.1141253100
119.3000000000 -72.1718818086
119.4000000000 -72.2294532536
119.5000000000 -72.2868390869
119.6000000000 -72.3440387590
119.7000000000 -72.4010517287
119.8000000000 -72.4578774637
119.9000000000 -72.5145154404
120.0000000000 -72.5709651440
120.1000000000 -72.6272260685
120.2000000000 -72.6832977169
120.3000000000 -72.7391796012
120.4000000000 -72.7948712424
120.5000000000 -72.8503721707
120.6000000000 -72.9056819254
120.7000000000 -72.9608000551
120.8000000000 -73.0157261172
120.9000000000 -73.0704596776
121.0000000000 -73.1250003103
121.1000000000 -73.1793475951
121.2000000000 -73.2335011147
121.3000000000 -73.2874604503
121.4000000000 -73.3412251732
121.5000000000 -73.3947948339
121.6000000000 -73.4481689457
121.7000000000 -73.5013469633
121.8000000000 -73.5543282530
121.9000000000 -73.6071120562
122.0000000000 -73.6596974420
122.1000000000 -73.7120832503
122.2000000000 -73.7642680218
122.3000000000 -73.8162499158
122.4000000000 -73.8680266126
122.5000000000 -73.9195952009
122.6000000000 -73.9709520469
122.7000000000 -74.0220926456
122.8000000000 -74.0730114498
122.9000000000 -74.1237016769
123.0000000000 -74.1741550896
123.1000000000 -74.2243617465
123.2000000000 -74.2743097204
123.3000000000 -74.3239847776
123.4000000000 -74.3733700136
123.5000000000 -74.4224454364
123.6000000000 -74.4711874910
123.7000000000 -74.5195685127
123.8000000000 -74.5675560986
123.9000000000 -74.6151123813
124.0000000000 -74.6621931897
124.1000000000 -74.7087470752
124.2000000000 -74.7547141813
124.3000000000 -74.8000249289
124.4000000000 -74.8445984852
124.5000000000 -74.8883409798
124.6000000000 -74.9311434253
124.7000000000 -74.9728792908
124.8000000000 -75.0134016711
124.9000000000 -75.0525399836
125.0000000000 -75.0900961127
125.1000000000 -75.1258399101
125.2000000000 -75.1595039431
125.3000000000 -75.1907773653
125.4000000000 -75.2192987634
125.5000000000 -75.2446478099
125.6000000000 -75.2663355224
125.7000000000 -75.2837928973
125.8000000000 -75.2963576490
125.9000000000 -75.3032587371
126.0000000000 -75.3035983171
126.1000000000 -75.2963306829
126.2000000000 -75.2802377060
126.3000000000 -75.2539001874
126.4000000000 -75.2156644460
126.5000000000 -75.1636033571
126.6000000000 -75.0954709220
126.7000000000 -75.0086493043
126.8000000000 -74.9000870930
126.9000000000 -74.7662273530
127.0000000000 -74.6029237917
127.1000000000 -74.4053431032
127.2000000000 -74.1678512437
127.3000000000 -73.8838810319
127.4000000000 -73.5457780605
127.5000000000 -73.1446214195
127.6000000000 -72.6700151754
127.7000000000 -72.1098458795
127.8000000000 -71.4500005665
127.9000000000 -70.6740386766
128.0000000000 -69.7628099639
128.1000000000 -68.6940085090
128.2000000000 -67.4416499799
128.3000000000 -65.9754544314
128.4000000000 -64.2601085686
128.5000000000 -62.2543664318
128.6000000000 -59.9099201615
128.7000000000 -57.1699226927
128.8000000000 -53.9669552369
128.9000000000 -50.2200816598
129.0000000000 -45.8304025719
129.1000000000 -40.6742431541
129.2000000000 -34.5929261128
129.3000000000 -27.3783300606
129.4000000000 -18.7556613681
129.5000000000 -8.3831058531
129.6000000000 3.9918730847
129.7000000000 17.6363896359
129.8000000000 29.1060246950
129.9000000000 34.8118564483
130.0000000000 36.1739969484
130.1000000000 36.3077369979
130.2000000000 36.4026038360
130.3000000000 36.5601733662
130.4000000000 36.7296417337
130.5000000000 36.8777785006
130.6000000000 36.9906007211
130.7000000000 37.0642186201
130.8000000000 37.0993421340
130.9000000000 37.0985197282
131.0000000000 37.0648238076
131.1000000000 37.0012606606
131.2000000000 36.9105360397
131.3000000000 36.7949907095
131.4000000000 36.6566129617
131.5000000000 36.4970820058
131.6000000000 36.3178199430
131.7000000000 36.1200420815
131.8000000000 35.9048013898
131.9000000000 35.6730258408
132.0000000000 35.4255487764
132.1000000000 35.1631330066
132.2000000000 34.8864895427
132.3000000000 34.5962918639
132.4000000000 34.2931865409
132.5000000000 33.9778009297
132.6000000000 33.6507485417
132.7000000000 33.3126325929
132.8000000000 32.9640481488
132.9000000000 32.6055832032
133.0000000000 32.2378189668
133.1000000000 31.8613295876
133.2000000000 31.4766814806
133.3000000000 31.0844324079
133.4000000000 30.6851304190
133.5000000000 30.2793127374
133.6000000000 29.8675046571
133.7000000000 29.4502184982
133.8000000000 29.0279526534
133.9000000000 28.6011907497
134.0000000000 28.1704009391
134.1000000000 27.7360353237
134.2000000000 27.2985295175
134.3000000000 26.8583023416
134.4000000000 26.4157556461
134.5000000000 25.9712742511
134.6000000000 25.5252259963
134.7000000000 25.0779618882
134.8000000000 24.6298163342
134.9000000000 24.1811074519
135.0000000000 23.7321374419
135.1000000000 23.2831930149
135.2000000000 22.8345458609
135.3000000000 22.3864531530
135.4000000000 21.9391580758
135.5000000000 21.4928903715
135.6000000000 21.0478668954
135.7000000000 20.6042921765
135.8000000000 20.1623589751
135.9000000000 19.7222488358
136.0000000000 19.2841326286
136.1000000000 18.8481710777
136.2000000000 18.4145152732
136.3000000000 17.9833071640
136.4000000000 17.5546800311
136.5000000000 17.1287589387
136.6000000000 16.7056611631
136.7000000000 16.2854965985
136.8000000000 15.8683681397
136.9000000000 15.4543720417
137.0000000000 15.0435982567
137.1000000000 14.6361307480
137.2000000000 14.2320477838
137.3000000000 13.8314222084
137.4000000000 13.4343216950
137.5000000000 13.0408089788
137.6000000000 12.6509420721
137.7000000000 12.2647744638
137.8000000000 11.8823553022
137.9000000000 11.5037295640
138.0000000000 11.1289382102
138.1000000000 10.7580183298
138.2000000000 10.3910032728
138.3000000000 10.0279227733
138.4000000000 9.6688030642
138.5000000000 9.3136669842
138.6000000000 8.9625340781
138.7000000000 8.6154206917
138.8000000000 8.2723400618
138.9000000000 7.9333024023
139.0000000000 7.5983149869
139.1000000000 7.2673822298
139.2000000000 6.9405057638
139.3000000000 6.6176845180
139.4000000000 6.2989147939
139.5000000000 5.9841903412
139.6000000000 5.6735024342
139.7000000000 5.3668399478
139.8000000000 5.0641894339
139.9000000000 4.7655351992
140.0000000000 4.4708593832
140.1000000000 4.1801420369
140.2000000000 3.8933612033
140.3000000000 3.6104929978
140.4000000000 3.3315116897
140.5000000000 3.0563897852
140.6000000000 2.7850981099
140.7000000000 2.5176058926
140.8000000000 2.2538808488
140.9000000000 1.9938892655
141.0000000000 1.7375960845
141.1000000000 1.4849649866
141.2000000000 1.2359584750
141.3000000000 0.9905379579
141.4000000000 0.7486638308
141.5000000000 0.5102955574
141.6000000000 0.2753917492
141.7000000000 0.0439102440
141.8000000000 -0.1841918172
141.9000000000 -0.4089579150
142.0000000000 -0.6304320785
142.1000000000 -0.8486588141
142.2000000000 -1.0636830361
142.3000000000 -1.2755500001
142.4000000000 -1.4843052382
142.5000000000 -1.6899944970
142.6000000000 -1.8926636778
142.7000000000 -2.0923587795
142.8000000000 -2.2891258437
142.9000000000 -2.4830109030
143.0000000000 -2.6740599315
143.1000000000 -2.8623187974
143.2000000000 -3.0478332194
143.3000000000 -3.2306487243
143.4000000000 -3.4108106081
143.5000000000 -3.5883638992
143.6000000000 -3.7633533237
143.7000000000 -3.9358232740
143.8000000000 -4.1058177784
143.9000000000 -4.2733804744
144.0000000000 -4.4385545830
144.1000000000 -4.6013828855
144.2000000000 -4.7619077028
144.3000000000 -4.9201708761
144.4000000000 -5.0762137492
144.5000000000 -5.2300771537
144.6000000000 -5.3818013947
144.7000000000 -5.5314262391
144.8000000000 -5.6789909046
144.9000000000 -5.8245340508
145.0000000000 -5.9680937716
145.1000000000 -6.1097075885
145.2000000000 -6.2494124459
145.3000000000 -6.3872447066
145.4000000000 -6.5232401496
145.5000000000 -6.6574339673
145.6000000000 -6.7898607656
145.7000000000 -6.9205545633
145.8000000000 -7.0495487931
145.9000000000 -7.1768763033
146.0000000000 -7.3025693600
146.1000000000 -7.4266596501
146.2000000000 -7.5491782850
146.3000000000 -7.6701558048
146.4000000000 -7.7896221826
146.5000000000 -7.9076068303
146.6000000000 -8.0241386034
146.7000000000 -8.1392458074
146.8000000000 -8.2529562041
146.9000000000 -8.3652970177
147.0000000000 -8.4762949425
147.1000000000 -8.5859761490
147.2000000000 -8.6943662919
147.3000000000 -8.8014905174
147.4000000000 -8.9073734708
147.5000000000 -9.0120393042
147.6000000000 -9.1155116846
147.7000000000 -9.2178138014
147.8000000000 -9.3189683751
147.9000000000 -9.4189976649
148.0000000000 -9.5179234768
148.1000000000 -9.6157671721
148.2000000000 -9.7125496751
148.3000000000 -9.8082914815
148.4000000000 -9.9030126663
148.5000000000 -9.9967328919
148.6000000000 -10.0894714165
148.7000000000 -10.1812471012
148.8000000000 -10.2720784188
148.9000000000 -10.3619834612
149.0000000000 -10.4509799469
149.1000000000 -10.5390852292
149.2000000000 -10.6263163035
149.3000000000 -10.7126898148
149.4000000000 -10.7982220649
149.5000000000 -10.8829290200
149.6000000000 -10.9668263180
149.7000000000 -11.0499292748
149.8000000000 -11.1322528921
149.9000000000 -11.2138118640
150.0000000000 -11.2946205835
150.1000000000 -11.3746931493
150.2000000000 -11.4540433722
150.3000000000 -11.5326847818
150.4000000000 -11.6106306324
150.5000000000 -11.6878939092
150.6000000000 -11.7644873346
150.7000000000 -11.8404233737
150.8000000000 -11.9157142406
150.9000000000 -11.9903719036
151.0000000000 -12.0644080909
151.1000000000 -12.1378342965
151.2000000000 -12.2106617847
151.3000000000 -12.2829015959
151.4000000000 -12.3545645518
151.5000000000 -12.4256612598
151.6000000000 -12.4962021184
151.7000000000 -12.5661973219
151.8000000000 -12.6356568649
151.9000000000 -12.7045905468
152.0000000000 -12.7730079766
152.1000000000 -12.8409185769
152.2000000000 -12.9083315885
152.3000000000 -12.9752560740
152.4000000000 -13.0417009225
152.5000000000 -13.1076748531
152.6000000000 -13.1731864190
152.7000000000 -13.2382440111
152.8000000000 -13.3028558619
152.9000000000 -13.3670300487
153.0000000000 -13.4307744976
153.1000000000 -13.4940969866
153.2000000000 -13.5570051490
153.3000000000 -13.6195064766
153.4000000000 -13.6816083232
153.5000000000 -13.7433179070
153.6000000000 -13.8046423145
153.7000000000 -13.8655885026
153.8000000000 -13.9261633021
153.9000000000 -13.9863734203
154.0000000000 -14.0462254436
154.1000000000 -14.1057258403
154.2000000000 -14.1648809631
154.3000000000 -14.2236970519
154.4000000000 -14.2821802358
154.5000000000 -14.3403365361
154.6000000000 -14.3981718681
154.7000000000 -14.4556920437
154.8000000000 -14.5129027738
154.9000000000 -14.5698096699
155.0000000000 -14.6264182470
155.1000000000 -14.6827339251
155.2000000000 -14.7387620313
155.3000000000 -14.7945078021
155.4000000000 -14.8499763851
155.5000000000 -14.9051728409
155.6000000000 -14.9601021451
155.7000000000 -15.0147691899
155.8000000000 -15.0691787858
155.9000000000 -15.1233356638
156.0000000000 -15.1772444765
156.1000000000 -15.2309098001
156.2000000000 -15.2843361358
156.3000000000 -15.3375279115
156.4000000000 -15.3904894834
156.5000000000 -15.4432251373
156.6000000000 -15.4957390902
156.7000000000 -15.5480354917
156.8000000000 -15.6001184252
156.9000000000 -15.6519919096
157.0000000000 -15.7036599007
157.1000000000 -15.7551262919
157.2000000000 -15.8063949162
157.3000000000 -15.8574695470
157.4000000000 -15.9083538995
157.5000000000 -15.9590516317
157.6000000000 -16.0095663461
157.7000000000 -16.0599015902
157.8000000000 -16.1100608579
157.9000000000 -16.1600475908
158.0000000000 -16.2098651789
158.1000000000 -16.2595169620
158.2000000000 -16.3090062304
158.3000000000 -16.3583362264
158.4000000000 -16.4075101445
158.5000000000 -16.4565311334
158.6000000000 -16.5054022960
158.7000000000 -16.5541266909
158.8000000000 -16.6027073331
158.9000000000 -16.6511471950
159.0000000000 -16.6994492072
159.1000000000 -16.7476162594
159.2000000000 -16.7956512011
159.3000000000 -16.8435568426
159.4000000000 -16.8913359559
159.5000000000 -16.9389912751
159.6000000000 -16.9865254976
159.7000000000 -17.0339412845
159.8000000000 -17.0812412617
159.9000000000 -17.1284280203
160.0000000000 -17.1755041176
160.1000000000 -17.2224720775
160.2000000000 -17.2693343916
160.3000000000 -17.3160935193
160.4000000000 -17.3627518890
160.5000000000 -17.4093118984
160.6000000000 -17.4557759155
160.7000000000 -17.5021462787
160.8000000000 -17.5484252978
160.9000000000 -17.5946152546
161.0000000000 -17.6407184032
161.1000000000 -17.6867369707
161.2000000000 -17.7326731582
161.3000000000 -17.7785291403
161.4000000000 -17.8243070670
161.5000000000 -17.8700090630
161.6000000000 -17.9156372290
161.7000000000 -17.9611936418
161.8000000000 -18.0066803551
161.9000000000 -18.0520993997
162.0000000000 -18.0974527841
162.1000000000 -18.1427424952
162.2000000000 -18.1879704982
162.3000000000 -18.2331387376
162.4000000000 -18.2782491374
162.5000000000 -18.3233036015
162.6000000000 -18.3683040141
162.7000000000 -18.4132522404
162.8000000000 -18.4581501267
162.9000000000 -18.5029995008
163.0000000000 -18.5478021726
163.1000000000 -18.5925599343
163.2000000000 -18.6372745608
163.3000000000 -18.6819478102
163.4000000000 -18.7265814239
163.5000000000 -18.7711771274
163.6000000000 -18.8157366300
163.7000000000 -18.8602616257
163.8000000000 -18.9047537933
163.9000000000 -18.9492147968
164.0000000000 -18.9936462854
164.1000000000 -19.0380498943
164.2000000000 -19.0824272448
164.3000000000 -19.1267799444
164.4000000000 -19.1711095873
164.5000000000 -19.2154177549
164.6000000000 -19.2597060154
164.7000000000 -19.3039759247
164.8000000000 -19.3482290266
164.9000000000 -19.3924668528
165.0000000000 -19.4366909232
165.1000000000 -19.4809027463
165.2000000000 -19.5251038195
165.3000000000 -19.5692956290
165.4000000000 -19.6134796505
165.5000000000 -19.6576573490
165.6000000000 -19.7018301793
165.7000000000 -19.7459995861
165.8000000000 -19.7901670042
165.9000000000 -19.8343338589
166.0000000000 -19.8785015660
166.1000000000 -19.9226715321
166.2000000000 -19.9668451546
166.3000000000 -20.0110238224
166.4000000000 -20.0552089155
166.5000000000 -20.0994018054
166.6000000000 -20.1436038556
166.7000000000 -20.1878164212
166.8000000000 -20.2320408496
166.9000000000 -20.2762784804
167.0000000000 -20.3205306455
167.1000000000 -20.3647986695
167.2000000000 -20.4090838696
167.3000000000 -20.4533875562
167.4000000000 -20.4977110323
167.5000000000 -20.5420555945
167.6000000000 -20.5864225325
167.7000000000 -20.6308131296
167.8000000000 -20.6752286627
167.9000000000 -20.7196704023
168.0000000000 -20.7641396130
168.1000000000 -20.8086375534
168.2000000000 -20.8531654762
168.3000000000 -20.8977246282
168.4000000000 -20.9423162510
168.5000000000 -20.9869415803
168.6000000000 -21.0316018466
168.7000000000 -21.0762982753
168.8000000000 -21.1210320862
168.9000000000 -21.1658044946
169.0000000000 -21.2106167104
169.1000000000 -21.2554699389
169.2000000000 -21.3003653807
169.3000000000 -21.3453042315
169.4000000000 -21.3902876827
169.5000000000 -21.4353169212
169.6000000000 -21.4803931293
169.7000000000 -21.5255174853
169.8000000000 -21.5706911631
169.9000000000 -21.6159153327
170.0000000000 -21.6611911597
170.1000000000 -21.7065198061
170.2000000000 -21.7519024299
170.3000000000 -21.7973401850
170.4000000000 -21.8428342220
170.5000000000 -21.8883856876
170.6000000000 -21.9339957247
170.7000000000 -21.9796654730
170.8000000000 -22.0253960685
170.9000000000 -22.0711886437
171.0000000000 -22.1170443280
171.1000000000 -22.1629642471
171.2000000000 -22.2089495238
171.3000000000 -22.2550012773
171.4000000000 -22.3011206241
171.5000000000 -22.3473086771
171.6000000000 -22.3935665465
171.7000000000 -22.4398953391
171.8000000000 -22.4862961590
171.9000000000 -22.5327701072
172.0000000000 -22.5793182818
172.1000000000 -22.6259417780
172.2000000000 -22.6726416882
172.3000000000 -22.7194191018
172.4000000000 -22.7662751057
172.5000000000 -22.8132107837
172.6000000000 -22.8602272170
172.7000000000 -22.9073254842
172.8000000000 -22.9545066610
172.9000000000 -23.0017718205
173.0000000000 -23.0491220330
173.1000000000 -23.0965583664
173.2000000000 -23.1440818857
173.3000000000 -23.1916936534
173.4000000000 -23.2393947294
173.5000000000 -23.2871861709
173.6000000000 -23.3350690326
173.7000000000 -23.3830443665
173.8000000000 -23.4311132220
173.9000000000 -23.4792766459
174.0000000000 -23.5275356825
174.1000000000 -23.5758913733
174.2000000000 -23.6243447575
174.3000000000 -23.6728968712
174.4000000000 -23.7215487483
174.5000000000 -23.7703014200
174.6000000000 -23.8191559145
174.7000000000 -23.8681132578
174.8000000000 -23.9171744728
174.9000000000 -23.9663405801
175.0000000000 -24.0156125972
175.1000000000 -24.0649915391
175.2000000000 -24.1144784180
175.3000000000 -24.1640742431
175.4000000000 -24.2137800211
175.5000000000 -24.2635967555
175.6000000000 -24.3135254473
175.7000000000 -24.3635670943
175.8000000000 -24.4137226913
175.9000000000 -24.4639932305
176.0000000000 -24.5143797006
176.1000000000 -24.5648830875
176.2000000000 -24.6155043741
176.3000000000 -24.6662445398
176.4000000000 -24.7171045611
176.5000000000 -24.7680854111
176.6000000000 -24.8191880598
176.7000000000 -24.8704134735
176.8000000000 -24.9217626155
176.9000000000 -24.9732364454
177.0000000000 -25.0248359193
177.1000000000 -25.0765619900
177.2000000000 -25.1284156063
177.3000000000 -25.1803977135
177.4000000000 -25.2325092532
177.5000000000 -25.2847511630
177.6000000000 -25.3371243769
177.7000000000 -25.3896298247
177.8000000000 -25.4422684323
177.9000000000 -25.4950411214
178.0000000000 -25.5479488096
178.1000000000 -25.6009924104
178.2000000000 -25.6541728327
178.3000000000 -25.7074909812
178.4000000000 -25.7609477559
178.5000000000 -25.8145440527
178.6000000000 -25.8682807622
178.7000000000 -25.9221587709
178.8000000000 -25.9761789600
178.9000000000 -26.0303422061
179.0000000000 -26.0846493806
179.1000000000 -26.1391013498
179.2000000000 -26.1936989751
179.3000000000 -26.2484431122
179.4000000000 -26.3033346118
179.5000000000 -26.3583743189
179.6000000000 -26.4135630728
179.7000000000 -26.4689017075
179.8000000000 -26.5243910508
179.9000000000 -26.5800319250
180.0000000000 -26.6358251460
180.1000000000 -26.6917715240
180.2000000000 -26.7478718625
180.3000000000 -26.8041269592
180.4000000000 -26.8605376050
180.5000000000 -26.9171045843
180.6000000000 -26.9738286749
180.7000000000 -27.0307106478
180.8000000000 -27.0877512671
180.9000000000 -27.1449512898
181.0000000000 -27.2023114658
181.1000000000 -27.2598325379
181.2000000000 -27.3175152411
181.3000000000 -27.3753603033
181.4000000000 -27.4333684446
181.5000000000 -27.4915403773
181.6000000000 -27.5498768057
181.7000000000 -27.6083784263
181.8000000000 -27.6670459274
181.9000000000 -27.7258799889
182.0000000000 -27.7848812823
182.1000000000 -27.8440504707
182.2000000000 -27.9033882083
182.3000000000 -27.9628951406
182.4000000000 -28.0225719041
182.5000000000 -28.0824191263
182.6000000000 -28.1424374255
182.7000000000 -28.2026274103
182.8000000000 -28.2629896803
182.9000000000 -28.3235248249
183.0000000000 -28.3842334243
183.1000000000 -28.4451160483
183.2000000000 -28.5061732568
183.3000000000 -28.5674055997
183.4000000000 -28.6288136162
183.5000000000 -28.6903978352
183.6000000000 -28.7521587749
183.7000000000 -28.8140969429
183.8000000000 -28.8762128357
183.9000000000 -28.9385069387
184.0000000000 -29.0009797264
184.1000000000 -29.0636316615
184.2000000000 -29.1264631956
184.3000000000 -29.1894747686
184.4000000000 -29.2526668084
184.5000000000 -29.3160397312
184.6000000000 -29.3795939412
184.7000000000 -29.4433298301
184.8000000000 -29.5072477777
184.9000000000 -29.5713481508
185.0000000000 -29.6356313040
185.1000000000 -29.7000975790
185.2000000000 -29.7647473046
185.3000000000 -29.8295807965
185.4000000000 -29.8945983573
185.5000000000 -29.9598002764
185.6000000000 -30.0251868295
185.7000000000 -30.0907582788
185.8000000000 -30.1565148730
185.9000000000 -30.2224568467
186.0000000000 -30.2885844207
186.1000000000 -30.3548978015
186.2000000000 -30.4213971815
186.3000000000 -30.4880827388
186.4000000000 -30.5549546368
186.5000000000 -30.6220130244
186.6000000000 -30.6892580360
186.7000000000 -30.7566897906
186.8000000000 -30.8243083928
186.9000000000 -30.8921139318
187.0000000000 -30.9601064816
187.1000000000 -31.0282861010
187.2000000000 -31.0966528333
187.3000000000 -31.1652067061
187.4000000000 -31.2339477318
187.5000000000 -31.3028759066
187.6000000000 -31.3719912111
187.7000000000 -31.4412936098
187.8000000000 -31.5107830513
187.9000000000 -31.5804594679
188.0000000000 -31.6503227758
188.1000000000 -31.7203728749
188.2000000000 -31.7906096486
188.3000000000 -31.8610329638
188.4000000000 -31.9316426709
188.5000000000 -32.0024386035
188.6000000000 -32.0734205788
188.7000000000 -32.1445883969
188.8000000000 -32.2159418412
188.9000000000 -32.2874806781
189.0000000000 -32.3592046571
189.1000000000 -32.4311135104
189.2000000000 -32.5032069536
189.3000000000 -32.5754846847
189.4000000000 -32.6479463847
189.5000000000 -32.7205917174
189.6000000000 -32.7934203292
189.7000000000 -32.8664318492
189.8000000000 -32.9396258894
189.9000000000 -33.0130020441
190.0000000000 -33.0865598905
190.1000000000 -33.1602989881
190.2000000000 -33.2342188793
190.3000000000 -33.3083190888
190.4000000000 -33.3825991239
190.5000000000 -33.4570584746
190.6000000000 -33.5316966134
190.7000000000 -33.6065129952
190.8000000000 -33.6815070577
190.9000000000 -33.7566782210
191.0000000000 -33.8320258880
191.1000000000 -33.9075494441
191.2000000000 -33.9832482573
191.3000000000 -34.0591216785
191.4000000000 -34.1351690411
191.5000000000 -34.2113896615
191.6000000000 -34.2877828387
191.7000000000 -34.3643478546
191.8000000000 -34.4410839743
191.9000000000 -34.5179904456
192.0000000000 -34.5950664993
192.1000000000 -34.6723113497
192.2000000000 -34.7497241938
192.3000000000 -34.8273042123
192.4000000000 -34.9050505690
192.5000000000 -34.9829624112
192.6000000000 -35.0610388700
192.7000000000 -35.1392790597
192.8000000000 -35.2176820787
192.9000000000 -35.2962470091
193.0000000000 -35.3749729170
193.1000000000 -35.4538588526
193.2000000000 -35.5329038502
193.3000000000 -35.6121069287
193.4000000000 -35.6914670912
193.5000000000 -35.7709833255
193.6000000000 -35.8506546041
193.7000000000 -35.9304798845
193.8000000000 -36.0104581092
193.9000000000 -36.0905882058
194.0000000000 -36.1708690874
194.1000000000 -36.2512996525
194.2000000000 -36.3318787853
194.3000000000 -36.4126053559
194.4000000000 -36.4934782204
194.5000000000 -36.5744962213
194.6000000000 -36.6556581871
194.7000000000 -36.7369629332
194.8000000000 -36.8184092618
194.9000000000 -36.8999959620
195.0000000000 -36.9817218099
195.1000000000 -37.0635855693
195.2000000000 -37.1455859915
195.3000000000 -37.2277218155
195.4000000000 -37.3099917683
195.5000000000 -37.3923945654
195.6000000000 -37.4749289106
195.7000000000 -37.5575934963
195.8000000000 -37.6403870040
195.9000000000 -37.7233081043
196.0000000000 -37.8063554572
196.1000000000 -37.8895277123
196.2000000000 -37.9728235092
196.3000000000 -38.0562414775
196.4000000000 -38.1397802373
196.5000000000 -38.2234383992
196.6000000000 -38.3072145647
196.7000000000 -38.3911073265
196.8000000000 -38.4751152687
196.9000000000 -38.5592369671
197.0000000000 -38.6434709894
197.1000000000 -38.7278158953
197.2000000000 -38.8122702373
197.3000000000 -38.8968325604
197.4000000000 -38.9815014026
197.5000000000 -39.0662752954
197.6000000000 -39.1511527636
197.7000000000 -39.2361323259
197.8000000000 -39.3212124952
197.9000000000 -39.4063917788
198.0000000000 -39.4916686784
198.1000000000 -39.5770416909
198.2000000000 -39.6625093085
198.3000000000 -39.7480700188
198.4000000000 -39.8337223050
198.5000000000 -39.9194646468
198.6000000000 -40.0052955200
198.7000000000 -40.0912133970
198.8000000000 -40.1772167475
198.9000000000 -40.2633040380
199.0000000000 -40.3494737327
199.1000000000 -40.4357242938
199.2000000000 -40.5220541813
199.3000000000 -40.6084618536
199.4000000000 -40.6949457680
199.5000000000 -40.7815043805
199.6000000000 -40.8681361465
199.7000000000 -40.9548395207
199.8000000000 -41.0416129578
199.9000000000 -41.1284549125
200.0000000000 -41.2153638399
200.1000000000 -41.3023381956
200.2000000000 -41.3893764364
200.3000000000 -41.4764770199
200.4000000000 -41.5636384055
200.5000000000 -41.6508590542
200.6000000000 -41.7381374290
200.7000000000 -41.8254719952
200.8000000000 -41.9128612207
200.9000000000 -42.0003035761
201.0000000000 -42.0877975353
201.1000000000 -42.1753415752
201.2000000000 -42.2629341767
201.3000000000 -42.3505738243
201.4000000000 -42.4382590065
201.5000000000 -42.5259882166
201.6000000000 -42.6137599521
201.7000000000 -42.7015727156
201.8000000000 -42.7894250146
201.9000000000 -42.8773153622
202.0000000000 -42.9652422768
202.1000000000 -43.0532042829
202.2000000000 -43.1411999109
202.3000000000 -43.2292276975
202.4000000000 -43.3172861859
202.5000000000 -43.4053739261
202.6000000000 -43.4934894748
202.7000000000 -43.5816313963
202.8000000000 -43.6697982618
202.9000000000 -43.7579886505
203.0000000000 -43.8462011491
203.1000000000 -43.9344343523
203.2000000000 -44.0226868633
203.3000000000 -44.1109572932
203.4000000000 -44.1992442621
203.5000000000 -44.2875463986
203.6000000000 -44.3758623402
203.7000000000 -44.4641907339
203.8000000000 -44.5525302355
203.9000000000 -44.6408795105
204.0000000000 -44.7292372341
204.1000000000 -44.8176020910
204.2000000000 -44.9059727763
204.3000000000 -44.9943479947
204.4000000000 -45.0827264614
204.5000000000 -45.1711069021
204.6000000000 -45.2594880527
204.7000000000 -45.3478686602
204.8000000000 -45.4362474820
204.9000000000 -45.5246232866
205.0000000000 -45.6129948537
205.1000000000 -45.7013609739
205.2000000000 -45.7897204493
205.3000000000 -45.8780720932
205.4000000000 -45.9664147306
205.5000000000 -46.0547471981
205.6000000000 -46.1430683438
205.7000000000 -46.2313770279
205.8000000000 -46.3196721221
205.9000000000 -46.4079525105
206.0000000000 -46.4962170890
206.1000000000 -46.5844647656
206.2000000000 -46.6726944608
206.3000000000 -46.7609051069
206.4000000000 -46.8490956489
206.5000000000 -46.9372650442
206.6000000000 -47.0254122624
206.7000000000 -47.1135362858
206.8000000000 -47.2016361091
206.9000000000 -47.2897107397
207.0000000000 -47.3777591977
207.1000000000 -47.4657805156
207.2000000000 -47.5537737388
207.3000000000 -47.6417379255
207.4000000000 -47.7296721462
207.5000000000 -47.8175754847
207.6000000000 -47.9054470372
207.7000000000 -47.9932859129
207.8000000000 -48.0810912336
207.9000000000 -48.1688621339
208.0000000000 -48.2565977614
208.1000000000 -48.3442972762
208.2000000000 -48.4319598514
208.3000000000 -48.5195846727
208.4000000000 -48.6071709385
208.5000000000 -48.6947178602
208.6000000000 -48.7822246615
208.7000000000 -48.8696905790
208.8000000000 -48.9571148619
208.9000000000 -49.0444967721
209.0000000000 -49.1318355837
209.1000000000 -49.2191305837
209.2000000000 -49.3063810714
209.3000000000 -49.3935863585
209.4000000000 -49.4807457691
209.5000000000 -49.5678586396
209.6000000000 -49.6549243187
209.7000000000 -49.7419421672
209.8000000000 -49.8289115581
209.9000000000 -49.9158318764
210.0000000000 -50.0027025191
210.1000000000 -50.0895228950
210.2000000000 -50.1762924250
210.3000000000 -50.2630105415
210.4000000000 -50.3496766887
210.5000000000 -50.4362903222
210.6000000000 -50.5228509093
210.7000000000 -50.6093579286
210.8000000000 -50.6958108700
210.9000000000 -50.7822092345
211.0000000000 -50.8685525345
211.1000000000 -50.9548402930
211.2000000000 -51.0410720442
211.3000000000 -51.1272473331
211.4000000000 -51.2133657150
211.5000000000 -51.2994267563
211.6000000000 -51.3854300334
211.7000000000 -51.4713751333
211.8000000000 -51.5572616531
211.9000000000 -51.6430891999
212.0000000000 -51.7288573911
212.1000000000 -51.8145658535
212.2000000000 -51.9002142240
212.3000000000 -51.9858021488
212.4000000000 -52.0713292837
212.5000000000 -52.1567952938
212.6000000000 -52.2421998533
212.7000000000 -52.3275426457
212.8000000000 -52.4128233630
212.9000000000 -52.4980417062
213.0000000000 -52.5831973850
213.1000000000 -52.6682901175
213.2000000000 -52.7533196300
213.3000000000 -52.8382856571
213.4000000000 -52.9231879414
213.5000000000 -53.0080262336
213.6000000000 -53.0928002917
213.7000000000 -53.1775098816
213.8000000000 -53.2621547767
213.9000000000 -53.3467347572
214.0000000000 -53.4312496110
214.1000000000 -53.5156991326
214.2000000000 -53.6000831233
214.3000000000 -53.6844013912
214.4000000000 -53.7686537507
214.5000000000 -53.8528400227
214.6000000000 -53.9369600340
214.7000000000 -54.0210136176
214.8000000000 -54.1050006123
214.9000000000 -54.1889208623
215.0000000000 -54.2727742176
215.1000000000 -54.3565605334
215.2000000000 -54.4402796700
215.3000000000 -54.5239314927
215.4000000000 -54.6075158716
215.5000000000 -54.6910326816
215.6000000000 -54.7744818018
215.7000000000 -54.8578631158
215.8000000000 -54.9411765113
215.9000000000 -55.0244218798
216.0000000000 -55.1075991168
216.1000000000 -55.1907081213
216.2000000000 -55.2737487957
216.3000000000 -55.3567210457
216.4000000000 -55.4396247802
216.5000000000 -55.5224599108
216.6000000000 -55.6052263520
216.7000000000 -55.6879240210
216.8000000000 -55.7705528370
216.9000000000 -55.8531127218
217.0000000000 -55.9356035990
217.1000000000 -56.0180253944
217.2000000000 -56.1003780350
217.3000000000 -56.1826614499
217.4000000000 -56.2648755691
217.5000000000 -56.3470203240
217.6000000000 -56.4290956470
217.7000000000 -56.5111014713
217.8000000000 -56.5930377309
217.9000000000 -56.6749043601
218.0000000000 -56.7567012937
218.1000000000 -56.8384284665
218.2000000000 -56.9200858135
218.3000000000 -57.0016732692
218.4000000000 -57.0831907682
218.5000000000 -57.1646382443
218.6000000000 -57.2460156305
218.7000000000 -57.3273228593
218.8000000000 -57.4085598620
218.9000000000 -57.4897265688
219.0000000000 -57.5708229084
219.1000000000 -57.6518488081
219.2000000000 -57.7328041938
219.3000000000 -57.8136889891
219.4000000000 -57.8945031160
219.5000000000 -57.9752464943
219.6000000000 -58.0559190413
219.7000000000 -58.1365206722
219.8000000000 -58.2170512992
219.9000000000 -58.2975108323
220.0000000000 -58.3778991779
220.1000000000 -58.4582162401
220.2000000000 -58.5384619191
220.3000000000 -58.6186361123
220.4000000000 -58.6987387133
220.5000000000 -58.7787696123
220.6000000000 -58.8587286954
220.7000000000 -58.9386158451
220.8000000000 -59.0184309398
220.9000000000 -59.0981738536
221.0000000000 -59.1778444562
221.1000000000 -59.2574426131
221.2000000000 -59.3369681851
221.3000000000 -59.4164210282
221.4000000000 -59.4958009937
221.5000000000 -59.5751079278
221.6000000000 -59.6543416717
221.7000000000 -59.7335020614
221.8000000000 -59.8125889275
221.9000000000 -59.8916020952
222.0000000000 -59.9705413841
222.1000000000 -60.0494066082
222.2000000000 -60.1281975757
222.3000000000 -60.2069140889
222.4000000000 -60.2855559440
222.5000000000 -60.3641229314
222.6000000000 -60.4426148348
222.7000000000 -60.5210314322
222.8000000000 -60.5993724948
222.9000000000 -60.6776377874
223.0000000000 -60.7558270684
223.1000000000 -60.8339400893
223.2000000000 -60.9119765951
223.3000000000 -60.9899363237
223.4000000000 -61.0678190063
223.5000000000 -61.1456243671
223.6000000000 -61.2233521231
223.7000000000 -61.3010019844
223.8000000000 -61.3785736538
223.9000000000 -61.4560668267
224.0000000000 -61.5334811914
224.1000000000 -61.6108164287
224.2000000000 -61.6880722120
224.3000000000 -61.7652482073
224.4000000000 -61.8423440727
224.5000000000 -61.9193594593
224.6000000000 -61.9962940100
224.7000000000 -62.0731473603
224.8000000000 -62.1499191381
224.9000000000 -62.2266089633
225.0000000000 -62.3032164481
225.1000000000 -62.3797411970
225.2000000000 -62.4561828066
225.3000000000 -62.5325408657
225.4000000000 -62.6088149550
225.5000000000 -62.6850046475
225.6000000000 -62.7611095084
225.7000000000 -62.8371290948
225.8000000000 -62.9130629559
225.9000000000 -62.9889106331
226.0000000000 -63.0646716597
226.1000000000 -63.1403455613
226.2000000000 -63.2159318553
226.3000000000 -63.2914300516
226.4000000000 -63.3668396517
226.5000000000 -63.4421601497
226.6000000000 -63.5173910315
226.7000000000 -63.5925317755
226.8000000000 -63.6675818520
226.9000000000 -63.7425407237
227.0000000000 -63.8174078454
227.1000000000 -63.8921826644
227.2000000000 -63.9668646202
227.3000000000 -64.0414531446
227.4000000000 -64.1159476621
227.5000000000 -64.1903475894
227.6000000000 -64.2646523358
227.7000000000 -64.3388613032
227.8000000000 -64.4129738862
227.9000000000 -64.4869894719
228.0000000000 -64.5609074403
228.1000000000 -64.6347271643
228.2000000000 -64.7084480096
228.3000000000 -64.7820693347
228.4000000000 -64.8555904915
228.5000000000 -64.9290108248
228.6000000000 -65.0023296727
228.7000000000 -65.0755463664
228.8000000000 -65.1486602308
228.9000000000 -65.2216705841
229.0000000000 -65.2945767379
229.1000000000 -65.3673779979
229.2000000000 -65.4400736631
229.3000000000 -65.5126630266
229.4000000000 -65.5851453754
229.5000000000 -65.6575199908
229.6000000000 -65.7297861479
229.7000000000 -65.8019431164
229.8000000000 -65.8739901602
229.9000000000 -65.9459265379
230.0000000000 -66.0177515027
230.1000000000 -66.0894643026
230.2000000000 -66.1610641803
230.3000000000 -66.2325503738
230.4000000000 -66.3039221161
230.5000000000 -66.3751786355
230.6000000000 -66.4463191557
230.7000000000 -66.5173428960
230.8000000000 -66.5882490713
230.9000000000 -66.6590368924
231.0000000000 -66.7297055661
231.1000000000 -66.8002542952
231.2000000000 -66.8706822788
231.3000000000 -66.9409887124
231.4000000000 -67.0111727880
231.5000000000 -67.0812336945
231.6000000000 -67.1511706173
231.7000000000 -67.2209827390
231.8000000000 -67.2906692395
231.9000000000 -67.3602292957
232.0000000000 -67.4296620820
232.1000000000 -67.4989667707
232.2000000000 -67.5681425316
232.3000000000 -67.6371885326
232.4000000000 -67.7061039395
232.5000000000 -67.7748879166
232.6000000000 -67.8435396263
232.7000000000 -67.9120582300
232.8000000000 -67.9804428876
232.9000000000 -68.0486927578
233.0000000000 -68.1168069986
233.1000000000 -68.1847847671
233.2000000000 -68.2526252200
233.3000000000 -68.3203275133
233.4000000000 -68.3878908029
233.5000000000 -68.4553142446
233.6000000000 -68.5225969942
233.7000000000 -68.5897382080
233.8000000000 -68.6567370423
233.9000000000 -68.7235926543
234.0000000000 -68.7903042017
234.1000000000 -68.8568708435
234.2000000000 -68.9232917393
234.3000000000 -68.9895660502
234.4000000000 -69.0556929389
234.5000000000 -69.1216715692
234.6000000000 -69.1875011071
234.7000000000 -69.2531807202
234.8000000000 -69.3187095785
234.9000000000 -69.3840868539
235.0000000000 -69.4493117208
235.1000000000 -69.5143833564
235.2000000000 -69.5793009403
235.3000000000 -69.6440636553
235.4000000000 -69.7086706869
235.5000000000 -69.7731212242
235.6000000000 -69.8374144594
235.7000000000 -69.9015495883
235.8000000000 -69.9655258105
235.9000000000 -70.0293423291
236.0000000000 -70.0929983517
236.1000000000 -70.1564930896
236.2000000000 -70.2198257586
236.3000000000 -70.2829955789
236.4000000000 -70.3460017755
236.5000000000 -70.4088435777
236.6000000000 -70.4715202201
236.7000000000 -70.5340309422
236.8000000000 -70.5963749886
236.9000000000 -70.6585516094
237.0000000000 -70.7205600598
237.1000000000 -70.7823996010
237.2000000000 -70.8440694998
237.3000000000 -70.9055690287
237.4000000000 -70.9668974663
237.5000000000 -71.0280540975
237.6000000000 -71.0890382132
237.7000000000 -71.1498491108
237.8000000000 -71.2104860941
237.9000000000 -71.2709484738
238.0000000000 -71.3312355670
238.1000000000 -71.3913466979
238.2000000000 -71.4512811975
238.3000000000 -71.5110384042
238.4000000000 -71.5706176633
238.5000000000 -71.6300183275
238.6000000000 -71.6892397570
238.7000000000 -71.7482813195
238.8000000000 -71.8071423904
238.9000000000 -71.8658223526
239.0000000000 -71.9243205971
239.1000000000 -71.9826365228
239.2000000000 -72.0407695364
239.3000000000 -72.0987190529
239.4000000000 -72.1564844955
239.5000000000 -72.2140652958
239.6000000000 -72.2714608934
239.7000000000 -72.3286707368
239.8000000000 -72.3856942828
239.9000000000 -72.4425309969
