0.0000000000 -70.7302371769
0.1000000000 -70.7949928238
0.2000000000 -70.8595579171
0.3000000000 -70.9239316620
0.4000000000 -70.9881132718
0.5000000000 -71.0521019681
0.6000000000 -71.1158969807
0.7000000000 -71.1794975480
0.8000000000 -71.2429029168
0.9000000000 -71.3061123429
1.0000000000 -71.3691250907
1.1000000000 -71.4319404338
1.2000000000 -71.4945576547
1.3000000000 -71.5569760454
1.4000000000 -71.6191949069
1.5000000000 -71.6812135500
1.6000000000 -71.7430312948
1.7000000000 -71.8046474714
1.8000000000 -71.8660614194
1.9000000000 -71.9272724884
2.0000000000 -71.9882800380
2.1000000000 -72.0490834380
2.2000000000 -72.1096820682
2.3000000000 -72.1700753187
2.4000000000 -72.2302625900
2.5000000000 -72.2902432930
2.6000000000 -72.3500168489
2.7000000000 -72.4095826895
2.8000000000 -72.4689402573
2.9000000000 -72.5280890050
3.0000000000 -72.5870283958
3.1000000000 -72.6457579035
3.2000000000 -72.7042770119
3.3000000000 -72.7625852150
3.4000000000 -72.8206820167
3.5000000000 -72.8785669301
3.6000000000 -72.9362394776
3.7000000000 -72.9936991898
3.8000000000 -73.0509456054
3.9000000000 -73.1079782696
4.0000000000 -73.1647967336
4.1000000000 -73.2214005531
4.2000000000 -73.2777892865
4.3000000000 -73.3339624934
4.4000000000 -73.3899197323
4.5000000000 -73.4456605578
4.6000000000 -73.5011845175
4.7000000000 -73.5564911486
4.8000000000 -73.6115799735
4.9000000000 -73.6664504947
5.0000000000 -73.7211021894
5.1000000000 -73.7755345024
5.2000000000 -73.8297468386
5.3000000000 -73.8837385536
5.4000000000 -73.9375089438
5.5000000000 -73.9910572336
5.6000000000 -74.0443825616
5.7000000000 -74.0974839646
5.8000000000 -74.1503603579
5.9000000000 -74.2030105140
6.0000000000 -74.2554330371
6.1000000000 -74.3076263331
6.2000000000 -74.3595885759
6.3000000000 -74.4113176671
6.4000000000 -74.4628111904
6.5000000000 -74.5140663571
6.6000000000 -74.5650799446
6.7000000000 -74.6158482228
6.8000000000 -74.6663668706
6.9000000000 -74.7166308771
7.0000000000 -74.7666344274
7.1000000000 -74.8163707695
7.2000000000 -74.8658320591
7.3000000000 -74.9150091794
7.4000000000 -74.9638915305
7.5000000000 -75.0124667842
7.6000000000 -75.0607205986
7.7000000000 -75.1086362853
7.8000000000 -75.1561944211
7.9000000000 -75.2033723957
8.0000000000 -75.2501438847
8.1000000000 -75.2964782339
8.2000000000 -75.3423397428
8.3000000000 -75.3876868283
8.4000000000 -75.4324710488
8.5000000000 -75.4766359673
8.6000000000 -75.5201158239
8.7000000000 -75.5628339885
8.8000000000 -75.6047011546
8.9000000000 -75.6456132333
9.0000000000 -75.6854488955
9.1000000000 -75.7240667049
9.2000000000 -75.7613017728
9.3000000000 -75.7969618546
9.4000000000 -75.8308227956
9.5000000000 -75.8626232171
9.6000000000 -75.8920583144
9.7000000000 -75.9187726214
9.8000000000 -75.9423515665
9.9000000000 -75.9623116181
10.0000000000 -75.9780887868
10.1000000000 -75.9890252061
10.2000000000 -75.9943534742
10.3000000000 -75.9931783819
10.4000000000 -75.9844555900
10.5000000000 -75.9669667506
10.6000000000 -75.9392904777
10.7000000000 -75.8997684782
10.8000000000 -75.8464660389
10.9000000000 -75.7771259348
11.0000000000 -75.6891146672
11.1000000000 -75.5793597667
11.2000000000 -75.4442766860
11.3000000000 -75.2796835723
11.4000000000 -75.0807019297
11.5000000000 -74.8416408676
11.6000000000 -74.5558622558
11.7000000000 -74.2156236860
11.8000000000 -73.8118956350
11.9000000000 -73.3341486466
12.0000000000 -72.7701056485
12.1000000000 -72.1054536759
12.2000000000 -71.3235081989
12.3000000000 -70.4048218206
12.4000000000 -69.3267270778
12.5000000000 -68.0627999624
12.6000000000 -66.5822256872
12.7000000000 -64.8490393911
12.8000000000 -62.8211985776
12.9000000000 -60.4494148148
13.0000000000 -57.6756181671
13.1000000000 -54.4308297423
13.2000000000 -50.6320480031
13.3000000000 -46.1774883577
13.4000000000 -40.9391745508
13.5000000000 -34.7516174190
13.6000000000 -27.3954992743
13.7000000000 -18.5775008364
13.8000000000 -7.9267736236
13.9000000000 4.8375281929
14.0000000000 18.9043827177
14.1000000000 30.4816674555
14.2000000000 35.8758381150
14.3000000000 36.8998785175
14.4000000000 36.8495972957
14.5000000000 36.8468486298
14.6000000000 36.9415871289
14.7000000000 37.0660069193
14.8000000000 37.1802087703
14.9000000000 37.2667968379
15.0000000000 37.3198597245
15.1000000000 37.3387976398
15.2000000000 37.3252512372
15.3000000000 37.2816292457
15.4000000000 37.2104324054
15.5000000000 37.1139692516
15.6000000000 36.9942610886
15.7000000000 36.8530346685
15.8000000000 36.6917520689
15.9000000000 36.5116530851
16.0000000000 36.3137985336
16.1000000000 36.0991094511
16.2000000000 35.8684004265
16.3000000000 35.6224068592
16.4000000000 35.3618066231
16.5000000000 35.0872368680
16.6000000000 34.7993067392
16.7000000000 34.4986067462
16.8000000000 34.1857154261
16.9000000000 33.8612038567
17.0000000000 33.5256384836
17.1000000000 33.1795826468
17.2000000000 32.8235971235
17.3000000000 32.4582399471
17.4000000000 32.0840657085
17.5000000000 31.7016245119
17.6000000000 31.3114607149
17.7000000000 30.9141115612
17.8000000000 30.5101057842
17.9000000000 30.0999622466
18.0000000000 29.6841886579
18.1000000000 29.2632804043
18.2000000000 28.8377195118
18.3000000000 28.4079737543
18.4000000000 27.9744959135
18.5000000000 27.5377231895
18.6000000000 27.0980767597
18.7000000000 26.6559614778
18.8000000000 26.2117657039
18.9000000000 25.7658612557
19.0000000000 25.3186034678
19.1000000000 24.8703313482
19.2000000000 24.4213678190
19.3000000000 23.9720200305
19.4000000000 23.5225797356
19.5000000000 23.0733237150
19.6000000000 22.6245142431
19.7000000000 22.1763995839
19.8000000000 21.7292145101
19.9000000000 21.2831808370
20.0000000000 20.8385079644
20.1000000000 20.3953934199
20.2000000000 19.9540234007
20.3000000000 19.5145733065
20.4000000000 19.0772082616
20.5000000000 18.6420836231
20.6000000000 18.2093454715
20.7000000000 17.7791310831
20.8000000000 17.3515693813
20.9000000000 16.9267813674
21.0000000000 16.5048805283
21.1000000000 16.0859732221
21.2000000000 15.6701590414
21.3000000000 15.2575311535
21.4000000000 14.8481766190
21.5000000000 14.4421766892
21.6000000000 14.0396070817
21.7000000000 13.6405382376
21.8000000000 13.2450355586
21.9000000000 12.8531596271
22.0000000000 12.4649664084
22.1000000000 12.0805074387
22.2000000000 11.6998299974
22.3000000000 11.3229772669
22.4000000000 10.9499884795
22.5000000000 10.5808990543
22.6000000000 10.2157407231
22.7000000000 9.8545416482
22.8000000000 9.4973265326
22.9000000000 9.1441167226
23.0000000000 8.7949303048
23.1000000000 8.4497821985
23.2000000000 8.1086842428
23.3000000000 7.7716452809
23.4000000000 7.4386712406
23.5000000000 7.1097652137
23.6000000000 6.7849275319
23.7000000000 6.4641558431
23.8000000000 6.1474451863
23.9000000000 5.8347880657
24.0000000000 5.5261745260
24.1000000000 5.2215922276
24.2000000000 4.9210265224
24.3000000000 4.6244605306
24.4000000000 4.3318752192
24.5000000000 4.0432494808
24.6000000000 3.7585602141
24.7000000000 3.4777824053
24.8000000000 3.2008892112
24.9000000000 2.9278520420
25.0000000000 2.6586406463
25.1000000000 2.3932231959
25.2000000000 2.1315663708
25.3000000000 1.8736354453
25.4000000000 1.6193943731
25.5000000000 1.3688058726
25.6000000000 1.1218315116
25.7000000000 0.8784317912
25.8000000000 0.6385662285
25.9000000000 0.4021934389
26.0000000000 0.1692712157
26.1000000000 -0.0602433906
26.2000000000 -0.2863939956
26.3000000000 -0.5092248061
26.4000000000 -0.7287805469
26.5000000000 -0.9451063899
26.6000000000 -1.1582478862
26.7000000000 -1.3682508994
26.8000000000 -1.5751615426
26.9000000000 -1.7790261167
27.0000000000 -1.9798910524
27.1000000000 -2.1778028542
27.2000000000 -2.3728080470
27.3000000000 -2.5649531255
27.4000000000 -2.7542845060
27.5000000000 -2.9408484811
27.6000000000 -3.1246911769
27.7000000000 -3.3058585121
27.8000000000 -3.4843961603
27.9000000000 -3.6603495147
28.0000000000 -3.8337636544
28.1000000000 -4.0046833138
28.2000000000 -4.1731528539
28.3000000000 -4.3392162354
28.4000000000 -4.5029169945
28.5000000000 -4.6642982203
28.6000000000 -4.8234025340
28.7000000000 -4.9802720705
28.8000000000 -5.1349484610
28.9000000000 -5.2874728177
29.0000000000 -5.4378857202
29.1000000000 -5.5862272032
29.2000000000 -5.7325367456
29.3000000000 -5.8768532612
29.4000000000 -6.0192150905
29.5000000000 -6.1596599941
29.6000000000 -6.2982251467
29.7000000000 -6.4349471325
29.8000000000 -6.5698619418
29.9000000000 -6.7030049685
30.0000000000 -6.8344110082
30.1000000000 -6.9641142577
30.2000000000 -7.0921483149
30.3000000000 -7.2185461795
30.4000000000 -7.3433402548
30.5000000000 -7.4665623497
30.6000000000 -7.5882436817
30.7000000000 -7.7084148801
30.8000000000 -7.8271059901
30.9000000000 -7.9443464773
31.0000000000 -8.0601652323
31.1000000000 -8.1745905765
31.2000000000 -8.2876502676
31.3000000000 -8.3993715057
31.4000000000 -8.5097809398
31.5000000000 -8.6189046747
31.6000000000 -8.7267682776
31.7000000000 -8.8333967857
31.8000000000 -8.9388147139
31.9000000000 -9.0430460618
32.0000000000 -9.1461143224
32.1000000000 -9.2480424893
32.2000000000 -9.3488530656
32.3000000000 -9.4485680716
32.4000000000 -9.5472090534
32.5000000000 -9.6447970914
32.6000000000 -9.7413528085
32.7000000000 -9.8368963791
32.8000000000 -9.9314475372
32.9000000000 -10.0250255850
33.0000000000 -10.1176494018
33.1000000000 -10.2093374523
33.2000000000 -10.3001077953
33.3000000000 -10.3899780920
33.4000000000 -10.4789656143
33.5000000000 -10.5670872539
33.6000000000 -10.6543595296
33.7000000000 -10.7407985966
33.8000000000 -10.8264202537
33.9000000000 -10.9112399521
34.0000000000 -10.9952728032
34.1000000000 -11.0785335860
34.2000000000 -11.1610367556
34.3000000000 -11.2427964504
34.4000000000 -11.3238264999
34.5000000000 -11.4041404319
34.6000000000 -11.4837514798
34.7000000000 -11.5626725902
34.8000000000 -11.6409164292
34.9000000000 -11.7184953902
35.0000000000 -11.7954215999
35.1000000000 -11.8717069255
35.2000000000 -11.9473629809
35.3000000000 -12.0224011331
35.4000000000 -12.0968325088
35.5000000000 -12.1706680000
35.6000000000 -12.2439182702
35.7000000000 -12.3165937604
35.8000000000 -12.3887046945
35.9000000000 -12.4602610852
36.0000000000 -12.5312727388
36.1000000000 -12.6017492615
36.2000000000 -12.6717000636
36.3000000000 -12.7411343649
36.4000000000 -12.8100612000
36.5000000000 -12.8784894224
36.6000000000 -12.9464277095
36.7000000000 -13.0138845673
36.8000000000 -13.0808683345
36.9000000000 -13.1473871867
37.0000000000 -13.2134491413
37.1000000000 -13.2790620605
37.2000000000 -13.3442336562
37.3000000000 -13.4089714933
37.4000000000 -13.4732829936
37.5000000000 -13.5371754394
37.6000000000 -13.6006559770
37.7000000000 -13.6637316203
37.8000000000 -13.7264092539
37.9000000000 -13.7886956364
38.0000000000 -13.8505974037
38.1000000000 -13.9121210718
38.2000000000 -13.9732730400
38.3000000000 -14.0340595937
38.4000000000 -14.0944869070
38.5000000000 -14.1545610456
38.6000000000 -14.2142879698
38.7000000000 -14.2736735362
38.8000000000 -14.3327235009
38.9000000000 -14.3914435216
39.0000000000 -14.4498391603
39.1000000000 -14.5079158849
39.2000000000 -14.5656790721
39.3000000000 -14.6231340092
39.4000000000 -14.6802858964
39.5000000000 -14.7371398483
39.6000000000 -14.7937008967
39.7000000000 -14.8499739918
39.8000000000 -14.9059640044
39.9000000000 -14.9616757278
40.0000000000 -15.0171138791
40.1000000000 -15.0722831015
40.2000000000 -15.1271879654
40.3000000000 -15.1818329705
40.4000000000 -15.2362225471
40.5000000000 -15.2903610575
40.6000000000 -15.3442527980
40.7000000000 -15.3979019998
40.8000000000 -15.4513128305
40.9000000000 -15.5044893959
41.0000000000 -15.5574357408
41.1000000000 -15.6101558506
41.2000000000 -15.6626536524
41.3000000000 -15.7149330164
41.4000000000 -15.7669977570
41.5000000000 -15.8188516339
41.6000000000 -15.8704983535
41.7000000000 -15.9219415696
41.8000000000 -15.9731848848
41.9000000000 -16.0242318515
42.0000000000 -16.0750859730
42.1000000000 -16.1257507040
42.2000000000 -16.1762294525
42.3000000000 -16.2265255798
42.4000000000 -16.2766424021
42.5000000000 -16.3265831910
42.6000000000 -16.3763511748
42.7000000000 -16.4259495388
42.8000000000 -16.4753814268
42.9000000000 -16.5246499414
43.0000000000 -16.5737581450
43.1000000000 -16.6227090607
43.2000000000 -16.6715056729
43.3000000000 -16.7201509282
43.4000000000 -16.7686477360
43.5000000000 -16.8169989693
43.6000000000 -16.8652074653
43.7000000000 -16.9132760264
43.8000000000 -16.9612074205
43.9000000000 -17.0090043818
44.0000000000 -17.0566696116
44.1000000000 -17.1042057786
44.2000000000 -17.1516155199
44.3000000000 -17.1989014414
44.4000000000 -17.2460661183
44.5000000000 -17.2931120959
44.6000000000 -17.3400418901
44.7000000000 -17.3868579878
44.8000000000 -17.4335628477
44.9000000000 -17.4801589007
45.0000000000 -17.5266485504
45.1000000000 -17.5730341738
45.2000000000 -17.6193181213
45.3000000000 -17.6655027179
45.4000000000 -17.7115902633
45.5000000000 -17.7575830323
45.6000000000 -17.8034832754
45.7000000000 -17.8492932192
45.8000000000 -17.8950150672
45.9000000000 -17.9406509995
46.0000000000 -17.9862031739
46.1000000000 -18.0316737261
46.2000000000 -18.0770647699
46.3000000000 -18.1223783982
46.4000000000 -18.1676166825
46.5000000000 -18.2127816743
46.6000000000 -18.2578754047
46.7000000000 -18.3028998851
46.8000000000 -18.3478571075
46.9000000000 -18.3927490452
47.0000000000 -18.4375776524
47.1000000000 -18.4823448654
47.2000000000 -18.5270526025
47.3000000000 -18.5717027642
47.4000000000 -18.6162972339
47.5000000000 -18.6608378780
47.6000000000 -18.7053265463
47.7000000000 -18.7497650724
47.8000000000 -18.7941552738
47.9000000000 -18.8384989522
48.0000000000 -18.8827978942
48.1000000000 -18.9270538710
48.2000000000 -18.9712686392
48.3000000000 -19.0154439409
48.4000000000 -19.0595815037
48.5000000000 -19.1036830416
48.6000000000 -19.1477502546
48.7000000000 -19.1917848293
48.8000000000 -19.2357884393
48.9000000000 -19.2797627450
49.0000000000 -19.3237093945
49.1000000000 -19.3676300232
49.2000000000 -19.4115262543
49.3000000000 -19.4553996992
49.4000000000 -19.4992519575
49.5000000000 -19.5430846173
49.6000000000 -19.5868992555
49.7000000000 -19.6306974379
49.8000000000 -19.6744807196
49.9000000000 -19.7182506449
50.0000000000 -19.7620087478
50.1000000000 -19.8057565521
50.2000000000 -19.8494955718
50.3000000000 -19.8932273107
50.4000000000 -19.9369532633
50.5000000000 -19.9806749147
50.6000000000 -20.0243937407
50.7000000000 -20.0681112080
50.8000000000 -20.1118287746
50.9000000000 -20.1555478897
51.0000000000 -20.1992699942
51.1000000000 -20.2429965205
51.2000000000 -20.2867288928
51.3000000000 -20.3304685275
51.4000000000 -20.3742168330
51.5000000000 -20.4179752103
51.6000000000 -20.4617450525
51.7000000000 -20.5055277457
51.8000000000 -20.5493246686
51.9000000000 -20.5931371929
52.0000000000 -20.6369666834
52.1000000000 -20.6808144982
52.2000000000 -20.7246819886
52.3000000000 -20.7685704996
52.4000000000 -20.8124813697
52.5000000000 -20.8564159313
52.6000000000 -20.9003755106
52.7000000000 -20.9443614279
52.8000000000 -20.9883749977
52.9000000000 -21.0324175288
53.0000000000 -21.0764903241
53.1000000000 -21.1205946815
53.2000000000 -21.1647318932
53.3000000000 -21.2089032462
53.4000000000 -21.2531100225
53.5000000000 -21.2973534988
53.6000000000 -21.3416349471
53.7000000000 -21.3859556345
53.8000000000 -21.4303168234
53.9000000000 -21.4747197715
54.0000000000 -21.5191657321
54.1000000000 -21.5636559538
54.2000000000 -21.6081916810
54.3000000000 -21.6527741541
54.4000000000 -21.6974046089
54.5000000000 -21.7420842773
54.6000000000 -21.7868143872
54.7000000000 -21.8315961627
54.8000000000 -21.8764308238
54.9000000000 -21.9213195868
55.0000000000 -21.9662636645
55.1000000000 -22.0112642659
55.2000000000 -22.0563225965
55.3000000000 -22.1014398583
55.4000000000 -22.1466172498
55.5000000000 -22.1918559664
55.6000000000 -22.2371572000
55.7000000000 -22.2825221392
55.8000000000 -22.3279519696
55.9000000000 -22.3734478737
56.0000000000 -22.4190110308
56.1000000000 -22.4646426173
56.2000000000 -22.5103438066
56.3000000000 -22.5561157690
56.4000000000 -22.6019596723
56.5000000000 -22.6478766812
56.6000000000 -22.6938679578
56.7000000000 -22.7399346613
56.8000000000 -22.7860779482
56.9000000000 -22.8322989725
57.0000000000 -22.8785988854
57.1000000000 -22.9249788356
57.2000000000 -22.9714399692
57.3000000000 -23.0179834297
57.4000000000 -23.0646103582
57.5000000000 -23.1113218933
57.6000000000 -23.1581191709
57.7000000000 -23.2050033248
57.8000000000 -23.2519754861
57.9000000000 -23.2990367837
58.0000000000 -23.3461883439
58.1000000000 -23.3934312909
58.2000000000 -23.4407667461
58.3000000000 -23.4881958289
58.4000000000 -23.5357196562
58.5000000000 -23.5833393427
58.6000000000 -23.6310560004
58.7000000000 -23.6788707394
58.8000000000 -23.7267846670
58.9000000000 -23.7747988886
59.0000000000 -23.8229145070
59.1000000000 -23.8711326225
59.2000000000 -23.9194543334
59.3000000000 -23.9678807353
59.4000000000 -24.0164129215
59.5000000000 -24.0650519830
59.6000000000 -24.1137990083
59.7000000000 -24.1626550834
59.8000000000 -24.2116212919
59.9000000000 -24.2606987149
60.0000000000 -24.3098884311
60.1000000000 -24.3591915164
60.2000000000 -24.4086090445
60.3000000000 -24.4581420861
60.4000000000 -24.5077917097
60.5000000000 -24.5575589807
60.6000000000 -24.6074449622
60.7000000000 -24.6574507144
60.8000000000 -24.7075772947
60.9000000000 -24.7578257577
61.0000000000 -24.8081971551
61.1000000000 -24.8586925358
61.2000000000 -24.9093129457
61.3000000000 -24.9600594277
61.4000000000 -25.0109330217
61.5000000000 -25.0619347643
61.6000000000 -25.1130656891
61.7000000000 -25.1643268264
61.8000000000 -25.2157192034
61.9000000000 -25.2672438437
62.0000000000 -25.3189017677
62.1000000000 -25.3706939920
62.2000000000 -25.4226215301
62.3000000000 -25.4746853916
62.4000000000 -25.5268865825
62.5000000000 -25.5792261050
62.6000000000 -25.6317049574
62.7000000000 -25.6843241343
62.8000000000 -25.7370846261
62.9000000000 -25.7899874193
63.0000000000 -25.8430334960
63.1000000000 -25.8962238343
63.2000000000 -25.9495594079
63.3000000000 -26.0030411859
63.4000000000 -26.0566701331
63.5000000000 -26.1104472096
63.6000000000 -26.1643733709
63.7000000000 -26.2184495675
63.8000000000 -26.2726767452
63.9000000000 -26.3270558447
64.0000000000 -26.3815878015
64.1000000000 -26.4362735461
64.2000000000 -26.4911140036
64.3000000000 -26.5461100936
64.4000000000 -26.6012627302
64.5000000000 -26.6565728220
64.6000000000 -26.7120412715
64.7000000000 -26.7676689758
64.8000000000 -26.8234568255
64.9000000000 -26.8794057054
65.0000000000 -26.9355164941
65.1000000000 -26.9917900636
65.2000000000 -27.0482272796
65.3000000000 -27.1048290012
65.4000000000 -27.1615960806
65.5000000000 -27.2185293633
65.6000000000 -27.2756296878
65.7000000000 -27.3328978853
65.8000000000 -27.3903347800
65.9000000000 -27.4479411884
66.0000000000 -27.5057179198
66.1000000000 -27.5636657755
66.2000000000 -27.6217855493
66.3000000000 -27.6800780268
66.4000000000 -27.7385439857
66.5000000000 -27.7971841952
66.6000000000 -27.8559994165
66.7000000000 -27.9149904019
66.8000000000 -27.9741578953
66.9000000000 -28.0335026315
67.0000000000 -28.0930253367
67.1000000000 -28.1527267276
67.2000000000 -28.2126075119
67.3000000000 -28.2726683877
67.4000000000 -28.3329100437
67.5000000000 -28.3933331587
67.6000000000 -28.4539384017
67.7000000000 -28.5147264317
67.8000000000 -28.5756978973
67.9000000000 -28.6368534369
68.0000000000 -28.6981936785
68.1000000000 -28.7597192392
68.2000000000 -28.8214307255
68.3000000000 -28.8833287327
68.4000000000 -28.9454138450
68.5000000000 -29.0076866354
68.6000000000 -29.0701476655
68.7000000000 -29.1327974849
68.8000000000 -29.1956366319
68.9000000000 -29.2586656325
69.0000000000 -29.3218850008
69.1000000000 -29.3852952385
69.2000000000 -29.4488968350
69.3000000000 -29.5126902670
69.4000000000 -29.5766759986
69.5000000000 -29.6408544808
69.6000000000 -29.7052261518
69.7000000000 -29.7697914363
69.8000000000 -29.8345507458
69.9000000000 -29.8995044783
70.0000000000 -29.9646530180
70.1000000000 -30.0299967354
70.2000000000 -30.0955359869
70.3000000000 -30.1612711147
70.4000000000 -30.2272024468
70.5000000000 -30.2933302967
70.6000000000 -30.3596549634
70.7000000000 -30.4261767311
70.8000000000 -30.4928958690
70.9000000000 -30.5598126314
71.0000000000 -30.6269272573
71.1000000000 -30.6942399705
71.2000000000 -30.7617509793
71.3000000000 -30.8294604762
71.4000000000 -30.8973686383
71.5000000000 -30.9654756266
71.6000000000 -31.0337815860
71.7000000000 -31.1022866456
71.8000000000 -31.1709909179
71.9000000000 -31.2398944992
72.0000000000 -31.3089974691
72.1000000000 -31.3782998908
72.2000000000 -31.4478018105
72.3000000000 -31.5175032577
72.4000000000 -31.5874042448
72.5000000000 -31.6575047672
72.6000000000 -31.7278048030
72.7000000000 -31.7983043131
72.8000000000 -31.8690032409
72.9000000000 -31.9399015122
73.0000000000 -32.0109990355
73.1000000000 -32.0822957013
73.2000000000 -32.1537913823
73.3000000000 -32.2254859337
73.4000000000 -32.2973791923
73.5000000000 -32.3694709772
73.6000000000 -32.4417610892
73.7000000000 -32.5142493109
73.8000000000 -32.5869354070
73.9000000000 -32.6598191234
74.0000000000 -32.7329001881
74.1000000000 -32.8061783103
74.2000000000 -32.8796531810
74.3000000000 -32.9533244726
74.4000000000 -33.0271918389
74.5000000000 -33.1012549153
74.6000000000 -33.1755133183
74.7000000000 -33.2499666459
74.8000000000 -33.3246144775
74.9000000000 -33.3994563737
75.0000000000 -33.4744918764
75.1000000000 -33.5497205088
75.2000000000 -33.6251417754
75.3000000000 -33.7007551620
75.4000000000 -33.7765601356
75.5000000000 -33.8525561445
75.6000000000 -33.9287426185
75.7000000000 -34.0051189684
75.8000000000 -34.0816845866
75.9000000000 -34.1584388469
76.0000000000 -34.2353811043
76.1000000000 -34.3125106955
76.2000000000 -34.3898269385
76.3000000000 -34.4673291330
76.4000000000 -34.5450165603
76.5000000000 -34.6228884832
76.6000000000 -34.7009441465
76.7000000000 -34.7791827766
76.8000000000 -34.8576035818
76.9000000000 -34.9362057526
77.0000000000 -35.0149884612
77.1000000000 -35.0939508623
77.2000000000 -35.1730920924
77.3000000000 -35.2524112709
77.4000000000 -35.3319074992
77.5000000000 -35.4115798615
77.6000000000 -35.4914274246
77.7000000000 -35.5714492382
77.8000000000 -35.6516443349
77.9000000000 -35.7320117302
78.0000000000 -35.8125504232
78.1000000000 -35.8932593960
78.2000000000 -35.9741376143
78.3000000000 -36.0551840277
78.4000000000 -36.1363975694
78.5000000000 -36.2177771566
78.6000000000 -36.2993216907
78.7000000000 -36.3810300575
78.8000000000 -36.4629011272
78.9000000000 -36.5449337547
79.0000000000 -36.6271267801
79.1000000000 -36.7094790281
79.2000000000 -36.7919893091
79.3000000000 -36.8746564188
79.4000000000 -36.9574791385
79.5000000000 -37.0404562357
79.6000000000 -37.1235864637
79.7000000000 -37.2068685624
79.8000000000 -37.2903012582
79.9000000000 -37.3738832643
80.0000000000 -37.4576132808
80.1000000000 -37.5414899953
80.2000000000 -37.6255120828
80.3000000000 -37.7096782061
80.4000000000 -37.7939870159
80.5000000000 -37.8784371513
80.6000000000 -37.9630272398
80.7000000000 -38.0477558978
80.8000000000 -38.1326217306
80.9000000000 -38.2176233330
81.0000000000 -38.3027592892
81.1000000000 -38.3880281733
81.2000000000 -38.4734285495
81.3000000000 -38.5589589724
81.4000000000 -38.6446179873
81.5000000000 -38.7304041305
81.6000000000 -38.8163159295
81.7000000000 -38.9023519033
81.8000000000 -38.9885105627
81.9000000000 -39.0747904107
82.0000000000 -39.1611899427
82.1000000000 -39.2477076468
82.2000000000 -39.3343420039
82.3000000000 -39.4210914885
82.4000000000 -39.5079545684
82.5000000000 -39.5949297056
82.6000000000 -39.6820153561
82.7000000000 -39.7692099705
82.8000000000 -39.8565119940
82.9000000000 -39.9439198671
83.0000000000 -40.0314320256
83.1000000000 -40.1190469013
83.2000000000 -40.2067629216
83.3000000000 -40.2945785106
83.4000000000 -40.3824920887
83.5000000000 -40.4705020736
83.6000000000 -40.5586068799
83.7000000000 -40.6468049201
83.8000000000 -40.7350946044
83.9000000000 -40.8234743410
84.0000000000 -40.9119425369
84.1000000000 -41.0004975977
84.2000000000 -41.0891379281
84.3000000000 -41.1778619321
84.4000000000 -41.2666680135
84.5000000000 -41.3555545761
84.6000000000 -41.4445200239
84.7000000000 -41.5335627615
84.8000000000 -41.6226811945
84.9000000000 -41.7118737294
85.0000000000 -41.8011387744
85.1000000000 -41.8904747393
85.2000000000 -41.9798800361
85.3000000000 -42.0693530789
85.4000000000 -42.1588922846
85.5000000000 -42.2484960729
85.6000000000 -42.3381628668
85.7000000000 -42.4278910924
85.8000000000 -42.5176791798
85.9000000000 -42.6075255632
86.0000000000 -42.6974286806
86.1000000000 -42.7873869750
86.2000000000 -42.8773988938
86.3000000000 -42.9674628897
86.4000000000 -43.0575774207
86.5000000000 -43.1477409500
86.6000000000 -43.2379519469
86.7000000000 -43.3282088868
86.8000000000 -43.4185102511
86.9000000000 -43.5088545279
87.0000000000 -43.5992402121
87.1000000000 -43.6896658053
87.2000000000 -43.7801298166
87.3000000000 -43.8706307624
87.4000000000 -43.9611671668
87.5000000000 -44.0517375617
87.6000000000 -44.1423404872
87.7000000000 -44.2329744914
87.8000000000 -44.3236381311
87.9000000000 -44.4143299718
88.0000000000 -44.5050485877
88.1000000000 -44.5957925623
88.2000000000 -44.6865604882
88.3000000000 -44.7773509673
88.4000000000 -44.8681626113
88.5000000000 -44.9589940416
88.6000000000 -45.0498438896
88.7000000000 -45.1407107966
88.8000000000 -45.2315934143
88.9000000000 -45.3224904050
89.0000000000 -45.4134004411
89.1000000000 -45.5043222061
89.2000000000 -45.5952543942
89.3000000000 -45.6861957105
89.4000000000 -45.7771448714
89.5000000000 -45.8681006042
89.6000000000 -45.9590616479
89.7000000000 -46.0500267527
89.8000000000 -46.1409946806
89.9000000000 -46.2319642050
90.0000000000 -46.3229341113
90.1000000000 -46.4139031967
90.2000000000 -46.5048702704
90.3000000000 -46.5958341535
90.4000000000 -46.6867936794
90.5000000000 -46.7777476936
90.6000000000 -46.8686950541
90.7000000000 -46.9596346308
90.8000000000 -47.0505653065
90.9000000000 -47.1414859761
91.0000000000 -47.2323955473
91.1000000000 -47.3232929401
91.2000000000 -47.4141770872
91.3000000000 -47.5050469341
91.4000000000 -47.5959014389
91.5000000000 -47.6867395722
91.6000000000 -47.7775603177
91.7000000000 -47.8683626716
91.8000000000 -47.9591456429
91.9000000000 -48.0499082535
92.0000000000 -48.1406495379
92.1000000000 -48.2313685437
92.2000000000 -48.3220643311
92.3000000000 -48.4127359729
92.4000000000 -48.5033825551
92.5000000000 -48.5940031761
92.6000000000 -48.6845969472
92.7000000000 -48.7751629925
92.8000000000 -48.8657004485
92.9000000000 -48.9562084647
93.0000000000 -49.0466862030
93.1000000000 -49.1371328380
93.2000000000 -49.2275475568
93.3000000000 -49.3179295589
93.4000000000 -49.4082780564
93.5000000000 -49.4985922737
93.6000000000 -49.5888714476
93.7000000000 -49.6791148270
93.8000000000 -49.7693216732
93.9000000000 -49.8594912595
94.0000000000 -49.9496228713
94.1000000000 -50.0397158058
94.2000000000 -50.1297693725
94.3000000000 -50.2197828923
94.4000000000 -50.3097556980
94.5000000000 -50.3996871340
94.6000000000 -50.4895765562
94.7000000000 -50.5794233321
94.8000000000 -50.6692268403
94.9000000000 -50.7589864708
95.0000000000 -50.8487016246
95.1000000000 -50.9383717139
95.2000000000 -51.0279961615
95.3000000000 -51.1175744012
95.4000000000 -51.2071058774
95.5000000000 -51.2965900452
95.6000000000 -51.3860263698
95.7000000000 -51.4754143269
95.8000000000 -51.5647534023
95.9000000000 -51.6540430918
96.0000000000 -51.7432829012
96.1000000000 -51.8324723459
96.2000000000 -51.9216109509
96.3000000000 -52.0106982508
96.4000000000 -52.0997337895
96.5000000000 -52.1887171198
96.6000000000 -52.2776478040
96.7000000000 -52.3665254128
96.8000000000 -52.4553495259
96.9000000000 -52.5441197315
97.0000000000 -52.6328356260
97.1000000000 -52.7214968143
97.2000000000 -52.8101029094
97.3000000000 -52.8986535318
97.4000000000 -52.9871483102
97.5000000000 -53.0755868807
97.6000000000 -53.1639688867
97.7000000000 -53.2522939790
97.8000000000 -53.3405618154
97.9000000000 -53.4287720606
98.0000000000 -53.5169243859
98.1000000000 -53.6050184693
98.2000000000 -53.6930539951
98.3000000000 -53.7810306536
98.4000000000 -53.8689481414
98.5000000000 -53.9568061607
98.6000000000 -54.0446044193
98.7000000000 -54.1323426307
98.8000000000 -54.2200205133
98.9000000000 -54.3076377909
99.0000000000 -54.3951941920
99.1000000000 -54.4826894498
99.2000000000 -54.5701233020
99.3000000000 -54.6574954907
99.4000000000 -54.7448057622
99.5000000000 -54.8320538664
99.6000000000 -54.9192395572
99.7000000000 -55.0063625921
99.8000000000 -55.0934227319
99.9000000000 -55.1804197404
100.0000000000 -55.2673533846
100.1000000000 -55.3542234341
100.2000000000 -55.4410296613
100.3000000000 -55.5277718408
100.4000000000 -55.6144497494
100.5000000000 -55.7010631661
100.6000000000 -55.7876118715
100.7000000000 -55.8740956478
100.8000000000 -55.9605142789
100.9000000000 -56.0468675496
101.0000000000 -56.1331552459
101.1000000000 -56.2193771548
101.2000000000 -56.3055330635
101.3000000000 -56.3916227602
101.4000000000 -56.4776460329
101.5000000000 -56.5636026700
101.6000000000 -56.6494924596
101.7000000000 -56.7353151896
101.8000000000 -56.8210706473
101.9000000000 -56.9067586195
102.0000000000 -56.9923788920
102.1000000000 -57.0779312496
102.2000000000 -57.1634154758
102.3000000000 -57.2488313526
102.4000000000 -57.3341786607
102.5000000000 -57.4194571787
102.6000000000 -57.5046666834
102.7000000000 -57.5898069494
102.8000000000 -57.6748777490
102.9000000000 -57.7598788519
103.0000000000 -57.8448100253
103.1000000000 -57.9296710334
103.2000000000 -58.0144616375
103.3000000000 -58.0991815955
103.4000000000 -58.1838306622
103.5000000000 -58.2684085887
103.6000000000 -58.3529151224
103.7000000000 -58.4373500071
103.8000000000 -58.5217129821
103.9000000000 -58.6060037831
104.0000000000 -58.6902221410
104.1000000000 -58.7743677824
104.2000000000 -58.8584404293
104.3000000000 -58.9424397988
104.4000000000 -59.0263656033
104.5000000000 -59.1102175497
104.6000000000 -59.1939953400
104.7000000000 -59.2776986707
104.8000000000 -59.3613272330
104.9000000000 -59.4448807121
105.0000000000 -59.5283587877
105.1000000000 -59.6117611335
105.2000000000 -59.6950874172
105.3000000000 -59.7783373002
105.4000000000 -59.8615104379
105.5000000000 -59.9446064791
105.6000000000 -60.0276250661
105.7000000000 -60.1105658345
105.8000000000 -60.1934284134
105.9000000000 -60.2762124248
106.0000000000 -60.3589174840
106.1000000000 -60.4415431990
106.2000000000 -60.5240891707
106.3000000000 -60.6065549930
106.4000000000 -60.6889402522
106.5000000000 -60.7712445273
106.6000000000 -60.8534673898
106.7000000000 -60.9356084034
106.8000000000 -61.0176671246
106.9000000000 -61.0996431017
107.0000000000 -61.1815358755
107.1000000000 -61.2633449787
107.2000000000 -61.3450699363
107.3000000000 -61.4267102652
107.4000000000 -61.5082654741
107.5000000000 -61.5897350640
107.6000000000 -61.6711185273
107.7000000000 -61.7524153485
107.8000000000 -61.8336250038
107.9000000000 -61.9147469611
108.0000000000 -61.9957806800
108.1000000000 -62.0767256119
108.2000000000 -62.1575811997
108.3000000000 -62.2383468779
108.4000000000 -62.3190220728
108.5000000000 -62.3996062022
108.6000000000 -62.4800986754
108.7000000000 -62.5604988934
108.8000000000 -62.6408062487
108.9000000000 -62.7210201256
109.0000000000 -62.8011398997
109.1000000000 -62.8811649384
109.2000000000 -62.9610946006
109.3000000000 -63.0409282370
109.4000000000 -63.1206651899
109.5000000000 -63.2003047931
109.6000000000 -63.2798463725
109.7000000000 -63.3592892454
109.8000000000 -63.4386327212
109.9000000000 -63.5178761008
110.0000000000 -63.5970186773
110.1000000000 -63.6760597357
110.2000000000 -63.7549985527
110.3000000000 -63.8338343975
110.4000000000 -63.9125665311
110.5000000000 -63.9911942068
110.6000000000 -64.0697166700
110.7000000000 -64.1481331588
110.8000000000 -64.2264429033
110.9000000000 -64.3046451263
111.0000000000 -64.3827390433
111.1000000000 -64.4607238620
111.2000000000 -64.5385987835
111.3000000000 -64.6163630012
111.4000000000 -64.6940157017
111.5000000000 -64.7715560648
111.6000000000 -64.8489832632
111.7000000000 -64.9262964631
111.8000000000 -65.0034948238
111.9000000000 -65.0805774985
112.0000000000 -65.1575436337
112.1000000000 -65.2343923698
112.2000000000 -65.3111228412
112.3000000000 -65.3877341762
112.4000000000 -65.4642254971
112.5000000000 -65.5405959207
112.6000000000 -65.6168445582
112.7000000000 -65.6929705154
112.8000000000 -65.7689728926
112.9000000000 -65.8448507852
113.0000000000 -65.9206032835
113.1000000000 -65.9962294731
113.2000000000 -66.0717284347
113.3000000000 -66.1470992447
113.4000000000 -66.2223409750
113.5000000000 -66.2974526934
113.6000000000 -66.3724334637
113.7000000000 -66.4472823457
113.8000000000 -66.5219983957
113.9000000000 -66.5965806663
114.0000000000 -66.6710282070
114.1000000000 -66.7453400639
114.2000000000 -66.8195152803
114.3000000000 -66.8935528965
114.4000000000 -66.9674519505
114.5000000000 -67.0412114775
114.6000000000 -67.1148305107
114.7000000000 -67.1883080811
114.8000000000 -67.2616432180
114.9000000000 -67.3348349488
115.0000000000 -67.4078822995
115.1000000000 -67.4807842948
115.2000000000 -67.5535399584
115.3000000000 -67.6261483128
115.4000000000 -67.6986083800
115.5000000000 -67.7709191815
115.6000000000 -67.8430797383
115.7000000000 -67.9150890714
115.8000000000 -67.9869462017
115.9000000000 -68.0586501506
116.0000000000 -68.1301999397
116.1000000000 -68.2015945916
116.2000000000 -68.2728331292
116.3000000000 -68.3439145771
116.4000000000 -68.4148379606
116.5000000000 -68.4856023069
116.6000000000 -68.5562066444
116.7000000000 -68.6266500038
116.8000000000 -68.6969314174
116.9000000000 -68.7670499200
117.0000000000 -68.8370045490
117.1000000000 -68.9067943439
117.2000000000 -68.9764183476
117.3000000000 -69.0458756056
117.4000000000 -69.1151651669
117.5000000000 -69.1842860838
117.6000000000 -69.2532374122
117.7000000000 -69.3220182117
117.8000000000 -69.3906275460
117.9000000000 -69.4590644830
118.0000000000 -69.5273280949
118.1000000000 -69.5954174585
118.2000000000 -69.6633316552
118.3000000000 -69.7310697715
118.4000000000 -69.7986308988
118.5000000000 -69.8660141340
118.6000000000 -69.9332185792
118.7000000000 -70.0002433424
118.8000000000 -70.0670875372
118.9000000000 -70.1337502834
119.0000000000 -70.2002307067
119.1000000000 -70.2665279392
119.2000000000 -70.3326411197
119.3000000000 -70.3985693934
119.4000000000 -70.4643119125
119.5000000000 -70.5298678361
119.6000000000 -70.5952363303
119.7000000000 -70.6604165689
119.8000000000 -70.7254077328
119.9000000000 -70.7902090105
120.0000000000 -70.8548195986
120.1000000000 -70.9192387012
120.2000000000 -70.9834655307
120.3000000000 -71.0474993077
120.4000000000 -71.1113392609
120.5000000000 -71.1749846278
120.6000000000 -71.2384346542
120.7000000000 -71.3016885949
120.8000000000 -71.3647457133
120.9000000000 -71.4276052820
121.0000000000 -71.4902665827
121.1000000000 -71.5527289062
121.2000000000 -71.6149915528
121.3000000000 -71.6770538323
121.4000000000 -71.7389150638
121.5000000000 -71.8005745765
121.6000000000 -71.8620317091
121.7000000000 -71.9232858103
121.8000000000 -71.9843362389
121.9000000000 -72.0451823637
122.0000000000 -72.1058235636
122.1000000000 -72.1662592280
122.2000000000 -72.2264887565
122.3000000000 -72.2865115593
122.4000000000 -72.3463270569
122.5000000000 -72.4059346806
122.6000000000 -72.4653338722
122.7000000000 -72.5245240842
122.8000000000 -72.5835047797
122.9000000000 -72.6422754324
123.0000000000 -72.7008355268
123.1000000000 -72.7591845579
123.2000000000 -72.8173220308
123.3000000000 -72.8752474611
123.4000000000 -72.9329603743
123.5000000000 -72.9904603053
123.6000000000 -73.0477467983
123.7000000000 -73.1048194061
123.8000000000 -73.1616776893
123.9000000000 -73.2183212153
124.0000000000 -73.2747495576
124.1000000000 -73.3309622943
124.2000000000 -73.3869590062
124.3000000000 -73.4427392757
124.4000000000 -73.4983026837
124.5000000000 -73.5536488075
124.6000000000 -73.6087772177
124.7000000000 -73.6636874743
124.8000000000 -73.7183791225
124.9000000000 -73.7728516880
125.0000000000 -73.8271046710
125.1000000000 -73.8811375395
125.2000000000 -73.9349497216
125.3000000000 -73.9885405963
125.4000000000 -74.0419094830
125.5000000000 -74.0950556298
125.6000000000 -74.1479781985
125.7000000000 -74.2006762493
125.8000000000 -74.2531487208
125.9000000000 -74.3053944088
126.0000000000 -74.3574119406
126.1000000000 -74.4091997451
126.2000000000 -74.4607560188
126.3000000000 -74.5120786857
126.4000000000 -74.5631653512
126.5000000000 -74.6140132480
126.6000000000 -74.6646191735
126.7000000000 -74.7149794171
126.8000000000 -74.7650896752
126.9000000000 -74.8149449530
127.0000000000 -74.8645394492
127.1000000000 -74.9138664226
127.2000000000 -74.9629180365
127.3000000000 -75.0116851769
127.4000000000 -75.0601572412
127.5000000000 -75.1083218923
127.6000000000 -75.1561647709
127.7000000000 -75.2036691612
127.8000000000 -75.2508156004
127.9000000000 -75.2975814237
128.0000000000 -75.3439402338
128.1000000000 -75.3898612822
128.2000000000 -75.4353087472
128.3000000000 -75.4802408919
128.4000000000 -75.5246090827
128.5000000000 -75.5683566432
128.6000000000 -75.6114175180
128.7000000000 -75.6537147132
128.8000000000 -75.6951584773
128.9000000000 -75.7356441781
129.0000000000 -75.7750498257
129.1000000000 -75.8132331823
129.2000000000 -75.8500283889
129.3000000000 -75.8852420288
129.4000000000 -75.9186485343
129.5000000000 -75.9499848246
129.6000000000 -75.9789440497
129.7000000000 -76.0051682869
129.8000000000 -76.0282400178
129.9000000000 -76.0476721809
130.0000000000 -76.0628965605
130.1000000000 -76.0732502358
130.2000000000 -76.0779597646
130.3000000000 -76.0761227241
130.4000000000 -76.0666861672
130.5000000000 -76.0484214802
130.6000000000 -76.0198950415
130.7000000000 -75.9794339835
130.8000000000 -75.9250862422
130.9000000000 -75.8545739466
131.0000000000 -75.7652390448
131.1000000000 -75.6539798808
131.2000000000 -75.5171772301
131.3000000000 -75.3506080587
131.4000000000 -75.1493449882
131.5000000000 -74.9076391300
131.6000000000 -74.6187835733
131.7000000000 -74.2749543772
131.8000000000 -73.8670254138
131.9000000000 -73.3843528118
132.0000000000 -72.8145240443
132.1000000000 -72.1430658365
132.2000000000 -71.3531039760
132.3000000000 -70.4249666348
132.4000000000 -69.3357207211
132.5000000000 -68.0586275545
132.6000000000 -66.5624988673
132.7000000000 -64.8109249318
132.8000000000 -62.7613299958
132.9000000000 -60.3637795543
133.0000000000 -57.5594072970
133.1000000000 -54.2782266607
133.2000000000 -50.4359140605
133.3000000000 -45.9288731630
133.4000000000 -40.6265376044
133.5000000000 -34.3596081482
133.6000000000 -26.9031419154
133.7000000000 -17.9559433768
133.8000000000 -7.1399230184
133.9000000000 5.8059517040
134.0000000000 19.9223704674
134.1000000000 31.1915395081
134.2000000000 36.1676149841
134.3000000000 37.0029057498
134.4000000000 36.9187716094
134.5000000000 36.9109474893
134.6000000000 37.0008963316
134.7000000000 37.1195030824
134.8000000000 37.2277760895
134.9000000000 37.3088492859
135.0000000000 37.3570133077
135.1000000000 37.3717030171
135.2000000000 37.3545190755
135.3000000000 37.3078021369
135.4000000000 37.2339789734
135.5000000000 37.1352881618
135.6000000000 37.0136888870
135.7000000000 36.8708545343
135.8000000000 36.7082021608
135.9000000000 36.5269339584
136.0000000000 36.3280794907
136.1000000000 36.1125338654
136.2000000000 35.8810901519
136.3000000000 35.6344658587
136.4000000000 35.3733239432
136.5000000000 35.0982890764
136.6000000000 34.8099599227
136.7000000000 34.5089181506
136.8000000000 34.1957348065
136.9000000000 33.8709745924
137.0000000000 33.5351985017
137.1000000000 33.1889651906
137.2000000000 32.8328313945
137.3000000000 32.4673516430
137.4000000000 32.0930774776
137.5000000000 31.7105563366
137.6000000000 31.3203302387
137.7000000000 30.9229343673
137.8000000000 30.5188956354
137.9000000000 30.1087312912
138.0000000000 29.6929476085
138.1000000000 29.2720386935
138.2000000000 28.8464854272
138.3000000000 28.4167545577
138.4000000000 27.9832979450
138.5000000000 27.5465519600
138.6000000000 27.1069370323
138.7000000000 26.6648573407
138.8000000000 26.2207006348
138.9000000000 25.7748381793
139.0000000000 25.3276248079
139.1000000000 24.8793990738
139.2000000000 24.4304834864
139.3000000000 23.9811848206
139.4000000000 23.5317944882
139.5000000000 23.0825889597
139.6000000000 22.6338302272
139.7000000000 22.1857662980
139.8000000000 21.7386317113
139.9000000000 21.2926480701
140.0000000000 20.8480245811
140.1000000000 20.4049585973
140.2000000000 19.9636361569
140.3000000000 19.5242325163
140.4000000000 19.0869126704
140.5000000000 18.6518318595
140.6000000000 18.2191360598
140.7000000000 17.7889624542
140.8000000000 17.3614398833
140.9000000000 16.9366892753
141.0000000000 16.5148240534
141.1000000000 16.0959505206
141.2000000000 15.6801682225
141.3000000000 15.2675702873
141.4000000000 14.8582437438
141.5000000000 14.4522698183
141.6000000000 14.0497242104
141.7000000000 13.6506773492
141.8000000000 13.2551946308
141.9000000000 12.8633366373
142.0000000000 12.4751593398
142.1000000000 12.0907142850
142.2000000000 11.7100487685
142.3000000000 11.3332059930
142.4000000000 10.9602252163
142.5000000000 10.5911418870
142.6000000000 10.2259877705
142.7000000000 9.8647910671
142.8000000000 9.5075765209
142.9000000000 9.1543655230
143.0000000000 8.8051762081
143.1000000000 8.4600235462
143.2000000000 8.1189194302
143.3000000000 7.7818727592
143.4000000000 7.4488895193
143.5000000000 7.1199728622
143.6000000000 6.7951231813
143.7000000000 6.4743381878
143.8000000000 6.1576129845
143.9000000000 5.8449401413
144.0000000000 5.5363097686
144.1000000000 5.2317095935
144.2000000000 4.9311250347
144.3000000000 4.6345392797
144.4000000000 4.3419333628
144.5000000000 4.0532862439
144.6000000000 3.7685748886
144.7000000000 3.4877743502
144.8000000000 3.2108578514
144.9000000000 2.9377968683
145.0000000000 2.6685612146
145.1000000000 2.4031191260
145.2000000000 2.1414373461
145.3000000000 1.8834812111
145.4000000000 1.6292147357
145.5000000000 1.3786006980
145.6000000000 1.1316007241
145.7000000000 0.8881753719
145.8000000000 0.6482842137
145.9000000000 0.4118859183
146.0000000000 0.1789383310
146.1000000000 -0.0506014478
146.2000000000 -0.2767769857
146.3000000000 -0.4996324432
146.4000000000 -0.7192125006
146.5000000000 -0.9355622877
146.6000000000 -1.1487273152
146.7000000000 -1.3587534085
146.8000000000 -1.5656866441
146.9000000000 -1.7695732888
147.0000000000 -1.9704597410
147.1000000000 -2.1683924745
147.2000000000 -2.3634179859
147.3000000000 -2.5555827432
147.4000000000 -2.7449331382
147.5000000000 -2.9315154404
147.6000000000 -3.1153757548
147.7000000000 -3.2965599805
147.8000000000 -3.4751137736
147.9000000000 -3.6510825109
148.0000000000 -3.8245112569
148.1000000000 -3.9954447328
148.2000000000 -4.1639272878
148.3000000000 -4.3300028722
148.4000000000 -4.4937150131
148.5000000000 -4.6551067916
148.6000000000 -4.8142208223
148.7000000000 -4.9710992342
148.8000000000 -5.1257836540
148.9000000000 -5.2783151903
149.0000000000 -5.4287344197
149.1000000000 -5.5770813752
149.2000000000 -5.7233955345
149.3000000000 -5.8677158111
149.4000000000 -6.0100805458
149.5000000000 -6.1505275001
149.6000000000 -6.2890938502
149.7000000000 -6.4258161826
149.8000000000 -6.5607304900
149.9000000000 -6.6938721694
150.0000000000 -6.8252760199
150.1000000000 -6.9549762421
150.2000000000 -7.0830064380
150.3000000000 -7.2093996121
150.4000000000 -7.3341881722
150.5000000000 -7.4574039325
150.6000000000 -7.5790781156
150.7000000000 -7.6992413564
150.8000000000 -7.8179237056
150.9000000000 -7.9351546347
151.0000000000 -8.0509630403
151.1000000000 -8.1653772498
151.2000000000 -8.2784250271
151.3000000000 -8.3901335785
151.4000000000 -8.5005295595
151.5000000000 -8.6096390810
151.6000000000 -8.7174877168
151.7000000000 -8.8241005108
151.8000000000 -8.9295019840
151.9000000000 -9.0337161427
152.0000000000 -9.1367664864
152.1000000000 -9.2386760153
152.2000000000 -9.3394672389
152.3000000000 -9.4391621840
152.4000000000 -9.5377824034
152.5000000000 -9.6353489837
152.6000000000 -9.7318825545
152.7000000000 -9.8274032964
152.8000000000 -9.9219309498
152.9000000000 -10.0154848233
153.0000000000 -10.1080838026
153.1000000000 -10.1997463585
153.2000000000 -10.2904905560
153.3000000000 -10.3803340625
153.4000000000 -10.4692941561
153.5000000000 -10.5573877343
153.6000000000 -10.6446313222
153.7000000000 -10.7310410807
153.8000000000 -10.8166328148
153.9000000000 -10.9014219812
154.0000000000 -10.9854236971
154.1000000000 -11.0686527474
154.2000000000 -11.1511235927
154.3000000000 -11.2328503770
154.4000000000 -11.3138469353
154.5000000000 -11.3941268008
154.6000000000 -11.4737032124
154.7000000000 -11.5525891217
154.8000000000 -11.6307972005
154.9000000000 -11.7083398470
155.0000000000 -11.7852291931
155.1000000000 -11.8614771110
155.2000000000 -11.9370952195
155.3000000000 -12.0120948906
155.4000000000 -12.0864872556
155.5000000000 -12.1602832114
155.6000000000 -12.2334934260
155.7000000000 -12.3061283451
155.8000000000 -12.3781981970
155.9000000000 -12.4497129986
156.0000000000 -12.5206825610
156.1000000000 -12.5911164941
156.2000000000 -12.6610242127
156.3000000000 -12.7304149408
156.4000000000 -12.7992977166
156.5000000000 -12.8676813977
156.6000000000 -12.9355746655
156.7000000000 -13.0029860296
156.8000000000 -13.0699238322
156.9000000000 -13.1363962529
157.0000000000 -13.2024113122
157.1000000000 -13.2679768761
157.2000000000 -13.3331006595
157.3000000000 -13.3977902308
157.4000000000 -13.4620530148
157.5000000000 -13.5258962970
157.6000000000 -13.5893272267
157.7000000000 -13.6523528207
157.8000000000 -13.7149799664
157.9000000000 -13.7772154253
158.0000000000 -13.8390658359
158.1000000000 -13.9005377168
158.2000000000 -13.9616374698
158.3000000000 -14.0223713827
158.4000000000 -14.0827456320
158.5000000000 -14.1427662858
158.6000000000 -14.2024393064
158.7000000000 -14.2617705527
158.8000000000 -14.3207657827
158.9000000000 -14.3794306562
159.0000000000 -14.4377707368
159.1000000000 -14.4957914946
159.2000000000 -14.5534983078
159.3000000000 -14.6108964654
159.4000000000 -14.6679911691
159.5000000000 -14.7247875352
159.6000000000 -14.7812905968
159.7000000000 -14.8375053055
159.8000000000 -14.8934365334
159.9000000000 -14.9490890750
160.0000000000 -15.0044676485
160.1000000000 -15.0595768983
160.2000000000 -15.1144213957
160.3000000000 -15.1690056415
160.4000000000 -15.2233340666
160.5000000000 -15.2774110344
160.6000000000 -15.3312408418
160.7000000000 -15.3848277207
160.8000000000 -15.4381758393
160.9000000000 -15.4912893040
161.0000000000 -15.5441721600
161.1000000000 -15.5968283932
161.2000000000 -15.6492619310
161.3000000000 -15.7014766440
161.4000000000 -15.7534763467
161.5000000000 -15.8052647992
161.6000000000 -15.8568457078
161.7000000000 -15.9082227264
161.8000000000 -15.9593994578
161.9000000000 -16.0103794543
162.0000000000 -16.0611662189
162.1000000000 -16.1117632065
162.2000000000 -16.1621738245
162.3000000000 -16.2124014341
162.4000000000 -16.2624493513
162.5000000000 -16.3123208473
162.6000000000 -16.3620191498
162.7000000000 -16.4115474439
162.8000000000 -16.4609088727
162.9000000000 -16.5101065383
163.0000000000 -16.5591435025
163.1000000000 -16.6080227878
163.2000000000 -16.6567473778
163.3000000000 -16.7053202183
163.4000000000 -16.7537442181
163.5000000000 -16.8020222491
163.6000000000 -16.8501571479
163.7000000000 -16.8981517158
163.8000000000 -16.9460087197
163.9000000000 -16.9937308928
164.0000000000 -17.0413209354
164.1000000000 -17.0887815152
164.2000000000 -17.1361152679
164.3000000000 -17.1833247984
164.4000000000 -17.2304126807
164.5000000000 -17.2773814587
164.6000000000 -17.3242336471
164.7000000000 -17.3709717314
164.8000000000 -17.4175981691
164.9000000000 -17.4641153895
165.0000000000 -17.5105257948
165.1000000000 -17.5568317604
165.2000000000 -17.6030356354
165.3000000000 -17.6491397432
165.4000000000 -17.6951463817
165.5000000000 -17.7410578243
165.6000000000 -17.7868763197
165.7000000000 -17.8326040930
165.8000000000 -17.8782433456
165.9000000000 -17.9237962562
166.0000000000 -17.9692649806
166.1000000000 -18.0146516528
166.2000000000 -18.0599583847
166.3000000000 -18.1051872672
166.4000000000 -18.1503403700
166.5000000000 -18.1954197426
166.6000000000 -18.2404274141
166.7000000000 -18.2853653939
166.8000000000 -18.3302356720
166.9000000000 -18.3750402195
167.0000000000 -18.4197809887
167.1000000000 -18.4644599137
167.2000000000 -18.5090789104
167.3000000000 -18.5536398774
167.4000000000 -18.5981446958
167.5000000000 -18.6425952298
167.6000000000 -18.6869933268
167.7000000000 -18.7313408182
167.8000000000 -18.7756395191
167.9000000000 -18.8198912290
168.0000000000 -18.8640977319
168.1000000000 -18.9082607968
168.2000000000 -18.9523821779
168.3000000000 -18.9964636146
168.4000000000 -19.0405068322
168.5000000000 -19.0845135422
168.6000000000 -19.1284854420
168.7000000000 -19.1724242158
168.8000000000 -19.2163315344
168.9000000000 -19.2602090559
169.0000000000 -19.3040584256
169.1000000000 -19.3478812762
169.2000000000 -19.3916792283
169.3000000000 -19.4354538907
169.4000000000 -19.4792068602
169.5000000000 -19.5229397222
169.6000000000 -19.5666540508
169.7000000000 -19.6103514092
169.8000000000 -19.6540333495
169.9000000000 -19.6977014133
170.0000000000 -19.7413571318
170.1000000000 -19.7850020259
170.2000000000 -19.8286376067
170.3000000000 -19.8722653753
170.4000000000 -19.9158868231
170.5000000000 -19.9595034323
170.6000000000 -20.0031166758
170.7000000000 -20.0467280174
170.8000000000 -20.0903389120
170.9000000000 -20.1339508060
171.0000000000 -20.1775651371
171.1000000000 -20.2211833347
171.2000000000 -20.2648068201
171.3000000000 -20.3084370065
171.4000000000 -20.3520752994
171.5000000000 -20.3957230964
171.6000000000 -20.4393817879
171.7000000000 -20.4830527566
171.8000000000 -20.5267373782
171.9000000000 -20.5704370212
172.0000000000 -20.6141530474
172.1000000000 -20.6578868115
172.2000000000 -20.7016396617
172.3000000000 -20.7454129400
172.4000000000 -20.7892079815
172.5000000000 -20.8330261154
172.6000000000 -20.8768686649
172.7000000000 -20.9207369468
172.8000000000 -20.9646322725
172.9000000000 -21.0085559475
173.0000000000 -21.0525092716
173.1000000000 -21.0964935392
173.2000000000 -21.1405100393
173.3000000000 -21.1845600557
173.4000000000 -21.2286448671
173.5000000000 -21.2727657469
173.6000000000 -21.3169239639
173.7000000000 -21.3611207818
173.8000000000 -21.4053574596
173.9000000000 -21.4496352519
174.0000000000 -21.4939554085
174.1000000000 -21.5383191748
174.2000000000 -21.5827277920
174.3000000000 -21.6271824969
174.4000000000 -21.6716845222
174.5000000000 -21.7162350964
174.6000000000 -21.7608354442
174.7000000000 -21.8054867862
174.8000000000 -21.8501903391
174.9000000000 -21.8949473162
175.0000000000 -21.9397589266
175.1000000000 -21.9846263763
175.2000000000 -22.0295508672
175.3000000000 -22.0745335982
175.4000000000 -22.1195757646
175.5000000000 -22.1646785583
175.6000000000 -22.2098431680
175.7000000000 -22.2550707792
175.8000000000 -22.3003625740
175.9000000000 -22.3457197318
176.0000000000 -22.3911434286
176.1000000000 -22.4366348376
176.2000000000 -22.4821951289
176.3000000000 -22.5278254698
176.4000000000 -22.5735270247
176.5000000000 -22.6193009553
176.6000000000 -22.6651484204
176.7000000000 -22.7110705761
176.8000000000 -22.7570685759
176.9000000000 -22.8031435705
177.0000000000 -22.8492967082
177.1000000000 -22.8955291345
177.2000000000 -22.9418419924
177.3000000000 -22.9882364226
177.4000000000 -23.0347135630
177.5000000000 -23.0812745492
177.6000000000 -23.1279205144
177.7000000000 -23.1746525893
177.8000000000 -23.2214719021
177.9000000000 -23.2683795788
178.0000000000 -23.3153767430
178.1000000000 -23.3624645158
178.2000000000 -23.4096440162
178.3000000000 -23.4569163606
178.4000000000 -23.5042826633
178.5000000000 -23.5517440362
178.6000000000 -23.5993015888
178.7000000000 -23.6469564285
178.8000000000 -23.6947096601
178.9000000000 -23.7425623864
179.0000000000 -23.7905157077
179.1000000000 -23.8385707221
179.2000000000 -23.8867285251
179.3000000000 -23.9349902102
179.4000000000 -23.9833568684
179.5000000000 -24.0318295884
179.6000000000 -24.0804094564
179.7000000000 -24.1290975563
179.8000000000 -24.1778949696
179.9000000000 -24.2268027754
180.0000000000 -24.2758220502
180.1000000000 -24.3249538682
180.2000000000 -24.3741993010
180.3000000000 -24.4235594177
180.4000000000 -24.4730352847
180.5000000000 -24.5226279660
180.6000000000 -24.5723385229
180.7000000000 -24.6221680139
180.8000000000 -24.6721174951
180.9000000000 -24.7221880195
181.0000000000 -24.7723806376
181.1000000000 -24.8226963968
181.2000000000 -24.8731363418
181.3000000000 -24.9237015144
181.4000000000 -24.9743929533
181.5000000000 -25.0252116942
181.6000000000 -25.0761587697
181.7000000000 -25.1272352093
181.8000000000 -25.1784420394
181.9000000000 -25.2297802828
182.0000000000 -25.2812509594
182.1000000000 -25.3328550853
182.2000000000 -25.3845936736
182.3000000000 -25.4364677334
182.4000000000 -25.4884782705
182.5000000000 -25.5406262870
182.6000000000 -25.5929127812
182.7000000000 -25.6453387477
182.8000000000 -25.6979051769
182.9000000000 -25.7506130557
183.0000000000 -25.8034633664
183.1000000000 -25.8564570877
183.2000000000 -25.9095951936
183.3000000000 -25.9628786542
183.4000000000 -26.0163084348
183.5000000000 -26.0698854965
183.6000000000 -26.1236107956
183.7000000000 -26.1774852839
183.8000000000 -26.2315099083
183.9000000000 -26.2856856109
184.0000000000 -26.3400133287
184.1000000000 -26.3944939937
184.2000000000 -26.4491285327
184.3000000000 -26.5039178671
184.4000000000 -26.5588629130
184.5000000000 -26.6139645810
184.6000000000 -26.6692237760
184.7000000000 -26.7246413972
184.8000000000 -26.7802183378
184.9000000000 -26.8359554852
185.0000000000 -26.8918537207
185.1000000000 -26.9479139193
185.2000000000 -27.0041369495
185.3000000000 -27.0605236738
185.4000000000 -27.1170749476
185.5000000000 -27.1737916198
185.6000000000 -27.2306745326
185.7000000000 -27.2877245209
185.8000000000 -27.3449424128
185.9000000000 -27.4023290289
186.0000000000 -27.4598851827
186.1000000000 -27.5176116798
186.2000000000 -27.5755093185
186.3000000000 -27.6335788891
186.4000000000 -27.6918211742
186.5000000000 -27.7502369479
186.6000000000 -27.8088269766
186.7000000000 -27.8675920178
186.8000000000 -27.9265328211
186.9000000000 -27.9856501268
187.0000000000 -28.0449446669
187.1000000000 -28.1044171641
187.2000000000 -28.1640683323
187.3000000000 -28.2238988759
187.4000000000 -28.2839094901
187.5000000000 -28.3441008603
187.6000000000 -28.4044736624
187.7000000000 -28.4650285623
187.8000000000 -28.5257662159
187.9000000000 -28.5866872691
188.0000000000 -28.6477923572
188.1000000000 -28.7090821052
188.2000000000 -28.7705571273
188.3000000000 -28.8322180270
188.4000000000 -28.8940653968
188.5000000000 -28.9560998182
188.6000000000 -29.0183218611
188.7000000000 -29.0807320844
188.8000000000 -29.1433310350
188.9000000000 -29.2061192482
189.0000000000 -29.2690972474
189.1000000000 -29.3322655440
189.2000000000 -29.3956246370
189.3000000000 -29.4591750130
189.4000000000 -29.5229171461
189.5000000000 -29.5868514978
189.6000000000 -29.6509785166
189.7000000000 -29.7152986379
189.8000000000 -29.7798122841
189.9000000000 -29.8445198641
190.0000000000 -29.9094217733
190.1000000000 -29.9745183935
190.2000000000 -30.0398100928
190.3000000000 -30.1052972251
190.4000000000 -30.1709801304
190.5000000000 -30.2368591342
190.6000000000 -30.3029345478
190.7000000000 -30.3692066678
190.8000000000 -30.4356757761
190.9000000000 -30.5023421398
191.0000000000 -30.5692060109
191.1000000000 -30.6362676264
191.2000000000 -30.7035272078
191.3000000000 -30.7709849614
191.4000000000 -30.8386410776
191.5000000000 -30.9064957315
191.6000000000 -30.9745490820
191.7000000000 -31.0428012723
191.8000000000 -31.1112524293
191.9000000000 -31.1799026636
192.0000000000 -31.2487520699
192.1000000000 -31.3178007258
192.2000000000 -31.3870486927
192.3000000000 -31.4564960152
192.4000000000 -31.5261427209
192.5000000000 -31.5959888208
192.6000000000 -31.6660343085
192.7000000000 -31.7362791605
192.8000000000 -31.8067233361
192.9000000000 -31.8773667774
193.0000000000 -31.9482094086
193.1000000000 -32.0192511367
193.2000000000 -32.0904918508
193.3000000000 -32.1619314226
193.4000000000 -32.2335697056
193.5000000000 -32.3054065355
193.6000000000 -32.3774417301
193.7000000000 -32.4496750891
193.8000000000 -32.5221063941
193.9000000000 -32.5947354084
194.0000000000 -32.6675618772
194.1000000000 -32.7405855271
194.2000000000 -32.8138060668
194.3000000000 -32.8872231860
194.4000000000 -32.9608365564
194.5000000000 -33.0346458311
194.6000000000 -33.1086506444
194.7000000000 -33.1828506124
194.8000000000 -33.2572453322
194.9000000000 -33.3318343827
195.0000000000 -33.4066173239
195.1000000000 -33.4815936970
195.2000000000 -33.5567630249
195.3000000000 -33.6321248115
195.4000000000 -33.7076785423
195.5000000000 -33.7834236838
195.6000000000 -33.8593596843
195.7000000000 -33.9354859730
195.8000000000 -34.0118019607
195.9000000000 -34.0883070395
196.0000000000 -34.1650005832
196.1000000000 -34.2418819467
196.2000000000 -34.3189504666
196.3000000000 -34.3962054610
196.4000000000 -34.4736462297
196.5000000000 -34.5512720540
196.6000000000 -34.6290821971
196.7000000000 -34.7070759038
196.8000000000 -34.7852524009
196.9000000000 -34.8636108970
197.0000000000 -34.9421505828
197.1000000000 -35.0208706311
197.2000000000 -35.0997701970
197.3000000000 -35.1788484175
197.4000000000 -35.2581044125
197.5000000000 -35.3375372842
197.6000000000 -35.4171461172
197.7000000000 -35.4969299791
197.8000000000 -35.5768879203
197.9000000000 -35.6570189742
198.0000000000 -35.7373221572
198.1000000000 -35.8177964692
198.2000000000 -35.8984408932
198.3000000000 -35.9792543960
198.4000000000 -36.0602359281
198.5000000000 -36.1413844236
198.6000000000 -36.2226988011
198.7000000000 -36.3041779630
198.8000000000 -36.3858207962
198.9000000000 -36.4676261723
199.0000000000 -36.5495929474
199.1000000000 -36.6317199628
199.2000000000 -36.7140060447
199.3000000000 -36.7964500047
199.4000000000 -36.8790506401
199.5000000000 -36.9618067337
199.6000000000 -37.0447170543
199.7000000000 -37.1277803570
199.8000000000 -37.2109953831
199.9000000000 -37.2943608606
200.0000000000 -37.3778755045
200.1000000000 -37.4615380165
200.2000000000 -37.5453470859
200.3000000000 -37.6293013896
200.4000000000 -37.7133995919
200.5000000000 -37.7976403457
200.6000000000 -37.8820222917
200.7000000000 -37.9665440594
200.8000000000 -38.0512042671
200.9000000000 -38.1360015220
201.0000000000 -38.2209344210
201.1000000000 -38.3060015501
201.2000000000 -38.3912014857
201.3000000000 -38.4765327938
201.4000000000 -38.5619940313
201.5000000000 -38.6475837456
201.6000000000 -38.7333004750
201.7000000000 -38.8191427492
201.8000000000 -38.9051090895
201.9000000000 -38.9911980088
202.0000000000 -39.0774080123
202.1000000000 -39.1637375978
202.2000000000 -39.2501852554
202.3000000000 -39.3367494687
202.4000000000 -39.4234287141
202.5000000000 -39.5102214620
202.6000000000 -39.5971261766
202.7000000000 -39.6841413162
202.8000000000 -39.7712653338
202.9000000000 -39.8584966771
203.0000000000 -39.9458337889
203.1000000000 -40.0332751075
203.2000000000 -40.1208190670
203.3000000000 -40.2084640972
203.4000000000 -40.2962086246
203.5000000000 -40.3840510723
203.6000000000 -40.4719898602
203.7000000000 -40.5600234055
203.8000000000 -40.6481501230
203.9000000000 -40.7363684254
204.0000000000 -40.8246767236
204.1000000000 -40.9130734267
204.2000000000 -41.0015569430
204.3000000000 -41.0901256796
204.4000000000 -41.1787780431
204.5000000000 -41.2675124396
204.6000000000 -41.3563272755
204.7000000000 -41.4452209571
204.8000000000 -41.5341918917
204.9000000000 -41.6232384871
205.0000000000 -41.7123591524
205.1000000000 -41.8015522983
205.2000000000 -41.8908163370
205.3000000000 -41.9801496828
205.4000000000 -42.0695507524
205.5000000000 -42.1590179650
205.6000000000 -42.2485497428
205.7000000000 -42.3381445110
205.8000000000 -42.4278006984
205.9000000000 -42.5175167374
206.0000000000 -42.6072910642
206.1000000000 -42.6971221196
206.2000000000 -42.7870083487
206.3000000000 -42.8769482014
206.4000000000 -42.9669401325
206.5000000000 -43.0569826022
206.6000000000 -43.1470740763
206.7000000000 -43.2372130262
206.8000000000 -43.3273979295
206.9000000000 -43.4176272699
207.0000000000 -43.5078995376
207.1000000000 -43.5982132296
207.2000000000 -43.6885668499
207.3000000000 -43.7789589097
207.4000000000 -43.8693879274
207.5000000000 -43.9598524292
207.6000000000 -44.0503509491
207.7000000000 -44.1408820292
207.8000000000 -44.2314442198
207.9000000000 -44.3220360796
208.0000000000 -44.4126561761
208.1000000000 -44.5033030855
208.2000000000 -44.5939753931
208.3000000000 -44.6846716935
208.4000000000 -44.7753905904
208.5000000000 -44.8661306975
208.6000000000 -44.9568906380
208.7000000000 -45.0476690450
208.8000000000 -45.1384645617
208.9000000000 -45.2292758416
209.0000000000 -45.3201015485
209.1000000000 -45.4109403567
209.2000000000 -45.5017909514
209.3000000000 -45.5926520282
209.4000000000 -45.6835222941
209.5000000000 -45.7744004669
209.6000000000 -45.8652852756
209.7000000000 -45.9561754606
209.8000000000 -46.0470697738
209.9000000000 -46.1379669785
210.0000000000 -46.2288658497
210.1000000000 -46.3197651741
210.2000000000 -46.4106637503
210.3000000000 -46.5015603890
210.4000000000 -46.5924539125
210.5000000000 -46.6833431557
210.6000000000 -46.7742269652
210.7000000000 -46.8651042003
210.8000000000 -46.9559737323
210.9000000000 -47.0468344449
211.0000000000 -47.1376852344
211.1000000000 -47.2285250096
211.2000000000 -47.3193526916
211.3000000000 -47.4101672143
211.4000000000 -47.5009675242
211.5000000000 -47.5917525803
211.6000000000 -47.6825213545
211.7000000000 -47.7732728312
211.8000000000 -47.8640060078
211.9000000000 -47.9547198942
212.0000000000 -48.0454135131
212.1000000000 -48.1360859001
212.2000000000 -48.2267361035
212.3000000000 -48.3173631843
212.4000000000 -48.4079662163
212.5000000000 -48.4985442861
212.6000000000 -48.5890964931
212.7000000000 -48.6796219492
212.8000000000 -48.7701197791
212.9000000000 -48.8605891204
213.0000000000 -48.9510291229
213.1000000000 -49.0414389494
213.2000000000 -49.1318177750
213.3000000000 -49.2221647875
213.4000000000 -49.3124791871
213.5000000000 -49.4027601863
213.6000000000 -49.4930070102
213.7000000000 -49.5832188960
213.8000000000 -49.6733950934
213.9000000000 -49.7635348639
214.0000000000 -49.8536374815
214.1000000000 -49.9437022320
214.2000000000 -50.0337284133
214.3000000000 -50.1237153350
214.4000000000 -50.2136623186
214.5000000000 -50.3035686973
214.6000000000 -50.3934338160
214.7000000000 -50.4832570310
214.8000000000 -50.5730377100
214.9000000000 -50.6627752321
215.0000000000 -50.7524689877
215.1000000000 -50.8421183782
215.2000000000 -50.9317228159
215.3000000000 -51.0212817242
215.4000000000 -51.1107945372
215.5000000000 -51.2002606995
215.6000000000 -51.2896796665
215.7000000000 -51.3790509038
215.8000000000 -51.4683738874
215.9000000000 -51.5576481034
216.0000000000 -51.6468730479
216.1000000000 -51.7360482269
216.2000000000 -51.8251731561
216.3000000000 -51.9142473609
216.4000000000 -52.0032703761
216.5000000000 -52.0922417458
216.6000000000 -52.1811610233
216.7000000000 -52.2700277709
216.8000000000 -52.3588415598
216.9000000000 -52.4476019700
217.0000000000 -52.5363085897
217.1000000000 -52.6249610160
217.2000000000 -52.7135588538
217.3000000000 -52.8021017163
217.4000000000 -52.8905892247
217.5000000000 -52.9790210077
217.6000000000 -53.0673967018
217.7000000000 -53.1557159508
217.8000000000 -53.2439784056
217.9000000000 -53.3321837246
218.0000000000 -53.4203315726
218.1000000000 -53.5084216214
218.2000000000 -53.5964535494
218.3000000000 -53.6844270411
218.4000000000 -53.7723417874
218.5000000000 -53.8601974852
218.6000000000 -53.9479938371
218.7000000000 -54.0357305514
218.8000000000 -54.1234073419
218.9000000000 -54.2110239276
219.0000000000 -54.2985800327
219.1000000000 -54.3860753861
219.2000000000 -54.4735097217
219.3000000000 -54.5608827776
219.4000000000 -54.6481942964
219.5000000000 -54.7354440250
219.6000000000 -54.8226317139
219.7000000000 -54.9097571177
219.8000000000 -54.9968199943
219.9000000000 -55.0838201052
220.0000000000 -55.1707572149
220.1000000000 -55.2576310911
220.2000000000 -55.3444415040
220.3000000000 -55.4311882269
220.4000000000 -55.5178710349
220.5000000000 -55.6044897058
220.6000000000 -55.6910440193
220.7000000000 -55.7775337568
220.8000000000 -55.8639587014
220.9000000000 -55.9503186378
221.0000000000 -56.0366133518
221.1000000000 -56.1228426302
221.2000000000 -56.2090062610
221.3000000000 -56.2951040325
221.4000000000 -56.3811357337
221.5000000000 -56.4671011537
221.6000000000 -56.5530000821
221.7000000000 -56.6388323079
221.8000000000 -56.7245976203
221.9000000000 -56.8102958077
222.0000000000 -56.8959266580
222.1000000000 -56.9814899582
222.2000000000 -57.0669854944
222.3000000000 -57.1524130514
222.4000000000 -57.2377724126
222.5000000000 -57.3230633597
222.6000000000 -57.4082856730
222.7000000000 -57.4934391306
222.8000000000 -57.5785235085
222.9000000000 -57.6635385804
223.0000000000 -57.7484841177
223.1000000000 -57.8333598889
223.2000000000 -57.9181656599
223.3000000000 -58.0029011935
223.4000000000 -58.0875662494
223.5000000000 -58.1721605838
223.6000000000 -58.2566839497
223.7000000000 -58.3411360963
223.8000000000 -58.4255167688
223.9000000000 -58.5098257087
224.0000000000 -58.5940626532
224.1000000000 -58.6782273352
224.2000000000 -58.7623194833
224.3000000000 -58.8463388212
224.4000000000 -58.9302850682
224.5000000000 -59.0141579384
224.6000000000 -59.0979571409
224.7000000000 -59.1816823798
224.8000000000 -59.2653333536
224.9000000000 -59.3489097556
225.0000000000 -59.4324112732
225.1000000000 -59.5158375883
225.2000000000 -59.5991883768
225.3000000000 -59.6824633086
225.4000000000 -59.7656620474
225.5000000000 -59.8487842509
225.6000000000 -59.9318295702
225.7000000000 -60.0147976500
225.8000000000 -60.0976881284
225.9000000000 -60.1805006367
226.0000000000 -60.2632347996
226.1000000000 -60.3458902347
226.2000000000 -60.4284665526
226.3000000000 -60.5109633567
226.4000000000 -60.5933802434
226.5000000000 -60.6757168017
226.6000000000 -60.7579726132
226.7000000000 -60.8401472519
226.8000000000 -60.9222402844
226.9000000000 -61.0042512697
227.0000000000 -61.0861797589
227.1000000000 -61.1680252954
227.2000000000 -61.2497874149
227.3000000000 -61.3314656450
227.4000000000 -61.4130595054
227.5000000000 -61.4945685078
227.6000000000 -61.5759921558
227.7000000000 -61.6573299447
227.8000000000 -61.7385813621
227.9000000000 -61.8197458868
228.0000000000 -61.9008229897
228.1000000000 -61.9818121335
228.2000000000 -62.0627127723
228.3000000000 -62.1435243521
228.4000000000 -62.2242463104
228.5000000000 -62.3048780763
228.6000000000 -62.3854190707
228.7000000000 -62.4658687059
228.8000000000 -62.5462263859
228.9000000000 -62.6264915063
229.0000000000 -62.7066634542
229.1000000000 -62.7867416085
229.2000000000 -62.8667253395
229.3000000000 -62.9466140093
229.4000000000 -63.0264069714
229.5000000000 -63.1061035712
229.6000000000 -63.1857031458
229.7000000000 -63.2652050239
229.8000000000 -63.3446085259
229.9000000000 -63.4239129643
230.0000000000 -63.5031176431
230.1000000000 -63.5822218584
230.2000000000 -63.6612248982
230.3000000000 -63.7401260423
230.4000000000 -63.8189245629
230.5000000000 -63.8976197240
230.6000000000 -63.9762107820
230.7000000000 -64.0546969853
230.8000000000 -64.1330775748
230.9000000000 -64.2113517839
231.0000000000 -64.2895188382
231.1000000000 -64.3675779561
231.2000000000 -64.4455283485
231.3000000000 -64.5233692190
231.4000000000 -64.6010997643
231.5000000000 -64.6787191738
231.6000000000 -64.7562266301
231.7000000000 -64.8336213088
231.8000000000 -64.9109023788
231.9000000000 -64.9880690024
232.0000000000 -65.0651203355
232.1000000000 -65.1420555274
232.2000000000 -65.2188737213
232.3000000000 -65.2955740541
232.4000000000 -65.3721556569
232.5000000000 -65.4486176547
232.6000000000 -65.5249591670
232.7000000000 -65.6011793073
232.8000000000 -65.6772771842
232.9000000000 -65.7532519005
233.0000000000 -65.8291025540
233.1000000000 -65.9048282376
233.2000000000 -65.9804280391
233.3000000000 -66.0559010418
233.4000000000 -66.1312463244
233.5000000000 -66.2064629610
233.6000000000 -66.2815500219
233.7000000000 -66.3565065729
233.8000000000 -66.4313316761
233.9000000000 -66.5060243899
234.0000000000 -66.5805837690
234.1000000000 -66.6550088650
234.2000000000 -66.7292987261
234.3000000000 -66.8034523973
234.4000000000 -66.8774689211
234.5000000000 -66.9513473372
234.6000000000 -67.0250866828
234.7000000000 -67.0986859926
234.8000000000 -67.1721442996
234.9000000000 -67.2454606346
235.0000000000 -67.3186340268
235.1000000000 -67.3916635036
235.2000000000 -67.4645480913
235.3000000000 -67.5372868149
235.4000000000 -67.6098786987
235.5000000000 -67.6823227657
235.6000000000 -67.7546180389
235.7000000000 -67.8267635404
235.8000000000 -67.8987582925
235.9000000000 -67.9706013173
236.0000000000 -68.0422916371
236.1000000000 -68.1138282747
236.2000000000 -68.1852102535
236.3000000000 -68.2564365975
236.4000000000 -68.3275063319
236.5000000000 -68.3984184831
236.6000000000 -68.4691720787
236.7000000000 -68.5397661480
236.8000000000 -68.6101997222
236.9000000000 -68.6804718342
237.0000000000 -68.7505815194
237.1000000000 -68.8205278153
237.2000000000 -68.8903097621
237.3000000000 -68.9599264028
237.4000000000 -69.0293767833
237.5000000000 -69.0986599526
237.6000000000 -69.1677749632
237.7000000000 -69.2367208711
237.8000000000 -69.3054967359
237.9000000000 -69.3741016212
238.0000000000 -69.4425345948
238.1000000000 -69.5107947287
238.2000000000 -69.5788810993
238.3000000000 -69.6467927879
238.4000000000 -69.7145288805
238.5000000000 -69.7820884682
238.6000000000 -69.8494706472
238.7000000000 -69.9166745192
238.8000000000 -69.9836991915
238.9000000000 -70.0505437771
239.0000000000 -70.1172073948
239.1000000000 -70.1836891698
239.2000000000 -70.2499882333
239.3000000000 -70.3161037230
239.4000000000 -70.3820347832
239.5000000000 -70.4477805651
239.6000000000 -70.5133402266
239.7000000000 -70.5787129327
239.8000000000 -70.6438978559
239.9000000000 -70.7088941759
