0 -77.62256412 0.05415944
1 -60.99900607 0.1154535691
2 -32.47385039 0.3422178305
3 41.17870403 0.9986087986
4 43.58717925 0.9999763307
5 47.1912681 0.9999877782
6 39.33319324 0.9999556732
7 33.97700497 0.9998762562
8 28.93901302 0.9996834595
9 24.00225054 0.9992166416
10 19.25069689 0.9981543778
11 14.78566609 0.9959466484
12 10.68340157 0.9918290476
13 6.993795672 0.9850107323
14 3.740497356 0.9750161021
15 0.9199034325 0.9619661708
16 -1.496266014 0.9465644084
17 -3.55334333 0.9298033863
18 -5.304033065 0.9126281238
19 -6.800404065 0.895742461
20 -8.089168506 0.8795750236
21 -9.209861201 0.8643322346
22 -10.19482064 0.850071843
23 -11.07001564 0.8367648118
24 -11.85612869 0.8243379469
25 -12.56960547 0.8127000199
26 -13.22355798 0.8017564238
27 -13.82849773 0.7914166828
28 -14.39291297 0.7815978052
29 -14.92371604 0.7722253569
30 -15.42658762 0.7632333582
31 -15.90624127 0.7545636283
32 -16.36662699 0.7461649189
33 -16.81108866 0.7379920112
34 -17.24248634 0.7300048618
35 -17.66329201 0.7221678348
36 -18.07566492 0.71444903
37 -18.48151151 0.7068197043
38 -18.88253319 0.6992537796
39 -19.28026493 0.6917274265
40 -19.67610642 0.6842187154
41 -20.07134764 0.6767073235
42 -20.46718965 0.6691742935
43 -20.86476189 0.6616018339
44 -21.26513628 0.6539731587
45 -21.66933893 0.6462723604
46 -22.07835968 0.638484314
47 -22.49315988 0.6305946099
48 -22.91467844 0.6225895127
49 -23.34383653 0.6144559473
50 -23.78154078 0.6061815088
51 -24.22868526 0.5977544977
52 -24.68615208 0.5891639806
53 -25.15481066 0.5803998739
54 -25.63551569 0.5714530524
55 -26.12910374 0.5623154815
56 -26.63638834 0.5529803708
57 -27.1581538 0.5434423476
58 -27.69514745 0.5336976475
59 -28.24807054 0.5237443171
60 -28.81756784 0.513582423
61 -29.40421606 0.5032142603
62 -30.00851126 0.492644551
63 -30.63085565 0.4818806229
64 -31.27154414 0.4709325566
65 -31.93075103 0.4598132896
66 -32.60851752 0.4485386641
67 -33.30474055 0.4371274082
68 -34.01916375 0.4256010403
69 -34.751371 0.4139836904
70 -35.50078341 0.4023018346
71 -36.26666009 0.3905839449
72 -37.04810306 0.3788600601
73 -37.84406674 0.3671612909
74 -38.65337159 0.3555192744
75 -39.47472201 0.3439655993
76 -40.30672764 0.3325312248
77 -41.14792762 0.3212459182
78 -41.9968166 0.3101377332
79 -42.85187174 0.2992325511
80 -43.71157947 0.2885537015
81 -44.57446099 0.2781216741
82 -45.4390957 0.267953928
83 -46.3041416 0.2580647983
84 -47.16835224 0.2484654967
85 -48.03058973 0.2391641953
86 -48.88983369 0.2301661831
87 -49.74518618 0.22147408
88 -50.59587261 0.2130880939
89 -51.44123927 0.2050063066
90 -52.28074741 0.197224975
91 -53.11396474 0.1897388348
92 -53.94055446 0.1825413991
93 -54.76026254 0.1756252412
94 -55.57290348 0.1689822582
95 -56.37834511 0.1626039089
96 -57.17649292 0.1564814253
97 -57.96727403 0.1506059948
98 -58.75062156 0.1449689132
99 -59.52645943 0.1395617085
100 -60.29468827 0.1343762366
101 -61.0551726 0.1294047494
102 -61.80772966 0.1246399388
103 -62.55212043 0.1200749557
104 -63.28804276 0.1157034101
105 -64.0151273 0.1115193515
106 -64.732936 0.1075172353
107 -65.4409635 0.1036918764
108 -66.13864133 0.1000383952
109 -66.82534476 0.09655215773
110 -67.50040196 0.09322871482
111 -68.16310537 0.09006374208
112 -68.81272452 0.08705298445
113 -69.44851999 0.08419220711
114 -70.06975795 0.08147715453
115 -70.67572458 0.07890351891
116 -71.26574005 0.07646691825
117 -71.83917143 0.0741628842
118 -72.39544414 0.07198685892
119 -72.93405176 0.06993419995
120 -73.45456383 0.06800019199
121 -73.95663161 0.06618006397
122 -74.43999182 0.06446901001
123 -74.90446828 0.06286221291
124 -75.34997176 0.06135486869
125 -75.77649812 0.05994221126
126 -76.184125 0.05861953608
127 -76.57300721 0.05738222219
128 -76.94337129 0.0562257521
129 -77.29550923 0.05514572913
130 -77.62977177 0.054137892
131 -61.00639042 0.1154122606
132 -32.48769317 0.3420651554
133 41.17843845 0.9986070008
134 43.58536318 0.9999763229
135 47.1882808 0.9999877715
136 39.33088536 0.9999556528
137 33.97581309 0.9998762261
138 28.93859651 0.9996834307
139 24.00234978 0.999216648
140 19.25115018 0.9981545126
141 14.78637368 0.9959471187
142 10.68429609 0.9918302213
143 6.994825651 0.9850131209
144 3.741621261 0.9750202446
145 0.9210892667 0.961972471
146 -1.495039918 0.9465730411
147 -3.552088856 0.9298143206
148 -5.302754362 0.912641215
149 -6.799100099 0.8957575372
150 -8.087835274 0.8795919366
151 -9.208493286 0.8643508777
152 -10.19341215 0.8500921504
153 -11.06856072 0.836786751
154 -11.85462174 0.8243615106
155 -12.56804122 0.8127252187
156 -13.2219315 0.8017832816
157 -13.82680436 0.7914452324
158 -14.39114826 0.7816280867
159 -14.92187567 0.7722574162
160 -15.42466737 0.7632672456
161 -15.90423693 0.7545993985
162 -16.36453434 0.7462026307
163 -16.80890339 0.7380317271
164 -17.24020402 0.7300466483
165 -17.66090806 0.7222117625
166 -18.07317457 0.7144951735
167 -18.47890976 0.7068681424
168 -18.87981482 0.6993045952
169 -19.2774244 0.6917807072
170 -19.67313794 0.6842745528
171 -20.06824505 0.6767658138
172 -20.46394649 0.669235537
173 -20.86137131 0.661665935
174 -21.26159107 0.6540402256
175 -21.66563148 0.6463425049
176 -22.074482 0.6385576508
177 -22.48910357 0.6306712561
178 -22.91043472 0.6226695869
179 -23.33939622 0.6145395686
180 -23.77689435 0.6062687955
181 -24.22382285 0.5978455662
182 -24.68106351 0.589258943
183 -25.14948551 0.5804988365
184 -25.62994339 0.5715561132
185 -26.1232736 0.5624227276
186 -26.6302897 0.5530918752
187 -27.15177612 0.5435581666
188 -27.68848047 0.5338178166
189 -28.24110443 0.5238688479
190 -28.8102934 0.5137112992
191 -29.39662487 0.5033474341
192 -30.00059594 0.4927819398
193 -30.62261008 0.4820221057
194 -31.26296365 0.4710779719
195 -31.92183264 0.4599624327
196 -32.59926016 0.4486912866
197 -33.29514524 0.4372832175
198 -34.00923374 0.4257597009
199 -34.74111193 0.4141448265
200 -35.49020332 0.4024650336
201 -36.25576945 0.3907487627
202 -37.03691472 0.3790260274
203 -37.83259577 0.3673279208
204 -38.6416351 0.3556860704
205 -39.46273889 0.3441320637
206 -40.29451824 0.3326968682
207 -41.13551339 0.3214102672
208 -41.98421971 0.3103003387
209 -42.83911468 0.2993929952
210 -43.69868463 0.2887116033
211 -44.56145031 0.2782766942
212 -45.42599029 0.2681057711
213 -46.29096148 0.2582132151
214 -47.15511603 0.2486102839
215 -48.01731452 0.2393051945
216 -48.87653486 0.2303032787
217 -49.73187733 0.221607196
218 -50.5825656 0.2132171904
219 -51.4279442 0.2051313755
220 -52.26747274 0.1973460357
221 -53.10071744 0.18985593
222 -53.92734018 0.18265459
223 -54.74708578 0.1757346037
224 -55.55976785 0.1690878787
225 -56.36525359 0.162705881
226 -57.16344808 0.1565798464
227 -57.95427832 0.1507009638
228 -58.73767754 0.1450605277
229 -59.51357007 0.1396500634
230 -60.28185712 0.1344614223
231 -61.04240404 0.1294868511
232 -61.79502909 0.1247190357
233 -62.53949437 0.120151121
234 -63.27549901 0.1157767109
235 -64.00267494 0.1115898494
236 -64.72058544 0.1075849869
237 -65.42872642 0.1037569342
238 -66.1265306 0.1001008085
239 -66.81337427 0.09661197389
240 -67.48858647 0.09328598008
241 -68.15146028 0.09011850268
242 -68.80126559 0.08710528751
243 -69.43726314 0.08424210144
244 -70.05871893 0.08152469128
245 -70.66491874 0.078948752
246 -71.25518206 0.0765099047
247 -71.82887503 0.07420368424
248 -72.38542197 0.07202553589
249 -72.92431515 0.06997082017
250 -73.44512265 0.06803482444
251 -73.9474942 0.06621277986
252 -74.4311649 0.06449988236
253 -74.89595691 0.06289131601
254 -75.34177937 0.06138227763
255 -75.76862654 0.05996800138
256 -76.17657448 0.05864378248
257 -76.56577657 0.05740499932
258 -76.93645797 0.05624713329
259 -77.28890941 0.05516578625
260 -77.62348051 0.05415669516
261 -60.99991896 0.1154484344
262 -32.47532589 0.3422009072
263 41.17871271 0.9986086565
264 43.58696899 0.9999763298
265 47.19093202 0.9999877775
266 39.33298665 0.9999556713
267 33.97699367 0.9998762555
268 28.93915606 0.9996834669
269 24.00251253 0.9992166769
270 19.25105147 0.9981544901
271 14.78609231 0.9959469387
272 10.68388099 0.9918296853
273 6.994311362 0.9850119392
274 3.741034529 0.9750180959
275 0.9204507811 0.9619690953
276 -1.495715501 0.9465683029
277 -3.552792588 0.929808206
278 -5.303481947 0.9126337852
279 -6.799850511 0.8957488792
280 -8.088609502 0.8795821316
281 -9.209293414 0.8643399877
282 -10.19424077 0.8500802166
283 -11.06942059 0.8367737961
284 -11.85551562 0.8243475432
285 -12.56897179 0.8127102365
286 -13.22290132 0.8017672743
287 -13.82781592 0.7914281839
288 -14.39220397 0.7816099764
289 -14.92297791 0.7722382195
290 -15.4258185 0.7632469348
291 -15.90543932 0.7545779432
292 -16.3657904 0.7461799978
293 -16.81021559 0.7380078808
294 -17.24157492 0.7300215505
295 -17.66234032 0.7221853724
296 -18.07467097 0.7144674477
297 -18.48047324 0.7068390351
298 -18.88144843 0.6992740578
299 -19.27913141 0.6917486885
300 -19.67492175 0.6842409989
301 -20.0701093 0.6767306683
302 -20.46589501 0.6691987408
303 -20.86340814 0.6616274267
304 -21.26372046 0.6539999415
305 -21.66785795 0.646300379
306 -22.07681028 0.6385136157
307 -22.49153862 0.6306252427
308 -22.91298175 0.6226215255
309 -23.34206065 0.614489389
310 -23.77968182 0.6062164282
311 -24.2267392 0.597790943
312 -24.68411475 0.5892019981
313 -25.1526778 0.5804395076
314 -25.63328297 0.5714943434
315 -26.12676677 0.5623584662
316 -26.63394276 0.5530250802
317 -27.15559527 0.543488806
318 -27.69247173 0.5337458709
319 -28.24527358 0.5237943119
320 -28.81464583 0.5136341844
321 -29.40116549 0.5032677709
322 -30.00532904 0.4926997792
323 -30.62753918 0.4819375218
324 -31.26809142 0.4709910629
325 -31.92716073 0.4598733226
326 -32.60478907 0.4486001252
327 -33.30087422 0.4371901809
328 -34.01516072 0.4256649908
329 -34.7472334 0.4140486684
330 -35.49651437 0.4023676747
331 -36.26226369 0.3906504687
332 -37.04358437 0.378927079
333 -37.83943171 0.3672286088
334 -38.64862703 0.3555866911
335 -39.46987543 0.3440329137
336 -40.30178718 0.3325982391
337 -41.14290184 0.3213124408
338 -41.99171439 0.3102035819
339 -42.84670211 0.2992975562
340 -43.70635141 0.2886177081
341 -44.56918333 0.2781845438
342 -45.43377692 0.2680155402
343 -46.29878976 0.2581250509
344 -47.16297484 0.2485243061
345 -48.02519365 0.2392214959
346 -48.88442515 0.2302219268
347 -49.73977065 0.2215282346
348 -50.59045488 0.2131406417
349 -51.4358234 0.2050572431
350 -52.27533682 0.1972743066
351 -53.10856224 0.1897865774
352 -53.93516234 0.1825875763
353 -54.7548826 0.1756698825
354 -55.56753717 0.1690253973
355 -56.37299365 0.1626455826
356 -57.17115733 0.1565216719
357 -57.96195532 0.1506448532
358 -58.74532077 0.1450064219
359 -59.52117778 0.1395979048
360 -60.28942724 0.1344111561
361 -61.04993399 0.1294384256
362 -61.80251572 0.1246724025
363 -62.54693385 0.1201062357
364 -63.2828868 0.1157335323
365 -64.01000574 0.1115483399
366 -64.72785316 0.1075451116
367 -65.43592427 0.1037186608
368 -66.13365109 0.1000641066
369 -66.8204093 0.09657681431
370 -67.49552747 0.09325233422
371 -68.15829829 0.09008634202
372 -68.80799147 0.08707458308
373 -69.44386766 0.0842128233
374 -70.06519296 0.08149680817
375 -70.67125341 0.07892223108
376 -71.26136891 0.07648471139
377 -71.83490614 0.0741797821
378 -72.39129008 0.07200288673
379 -72.93001377 0.06994938412
380 -73.45064615 0.06801456013
381 -73.95283785 0.06619364466
382 -74.43632492 0.06448183266
383 -74.90093049 0.06287430751
384 -75.34656467 0.06136626562
385 -75.77322263 0.05995294107
386 -76.18098137 0.05862962926
387 -76.56999509 0.05739170904
388 -76.94048977 0.05623466251
389 -77.29275685 0.05515409241
390 -77.62714662 0.0541457368
