0 -17.51899607 0.7238352437
1 -17.67333866 0.7209725815
2 -17.82931837 0.7180736678
3 -17.98705334 0.7151363866
4 -18.14666344 0.7121585884
5 -18.30827079 0.7091380822
6 -18.47200022 0.7060726275
7 -18.63797985 0.7029599266
8 -18.80634153 0.6997976169
9 -18.97722136 0.6965832633
10 -19.1507602 0.6933143509
11 -19.3271042 0.689988277
12 -19.50640527 0.6866023441
13 -19.68882169 0.683153752
14 -19.87451861 0.6796395906
15 -20.06366862 0.6760568324
16 -20.25645235 0.6724023254
17 -20.45305902 0.6686727853
18 -20.65368709 0.6648647891
19 -20.85854489 0.6609747682
20 -21.06785121 0.6569990019
21 -21.28183599 0.6529336114
22 -21.50074097 0.6487745548
23 -21.72482033 0.6445176223
24 -21.9543414 0.6401584331
25 -22.18958524 0.6356924328
26 -22.43084734 0.6311148934
27 -22.67843818 0.6264209137
28 -22.93268381 0.6216054237
29 -23.19392635 0.6166631906
30 -23.46252438 0.6115888285
31 -23.73885331 0.6063768117
32 -24.0233055 0.6010214933
33 -24.31629033 0.5955171275
34 -24.61823399 0.5898578999
35 -24.92957907 0.5840379628
36 -25.25078383 0.5780514791
37 -25.58232116 0.5718926748
38 -25.92467712 0.5655559006
39 -26.27834903 0.5590357039
40 -26.64384305 0.5523269118
41 -27.02167117 0.5454247249
42 -27.41234754 0.5383248243
43 -27.81638412 0.5310234885
44 -28.23428562 0.5235177227
45 -28.66654356 0.5158053978
46 -29.11362965 0.5078853974
47 -29.57598836 0.4997577719
48 -30.05402865 0.4914238935
49 -30.54811524 0.4828866111
50 -31.05855919 0.4741503978
51 -31.58560823 0.4652214856
52 -32.12943693 0.4561079817
53 -32.69013706 0.4468199573
54 -33.26770843 0.4373695041
55 -33.8620506 0.4277707497
56 -34.47295585 0.4180398266
57 -35.10010374 0.40819479
58 -35.74305774 0.3982554815
59 -36.40126419 0.3882433377
60 -37.07405388 0.3781811458
61 -37.76064642 0.3680927515
62 -38.46015739 0.3580027259
63 -39.17160834 0.3479360034
64 -39.89393925 0.3379175001
65 -40.62602324 0.3279717289
66 -41.36668306 0.3181224241
67 -42.11470874 0.3083921885
68 -42.86887589 0.298802177
69 -43.62796401 0.2893718254
70 -44.39077422 0.2801186325
71 -45.15614577 0.2710580005
72 -45.92297103 0.262203135
73 -46.6902084 0.2535650038
74 -47.45689295 0.2451523498
75 -48.22214472 0.2369717538
76 -48.98517437 0.2290277394
77 -49.7452865 0.2213229116
78 -50.50188051 0.2138581223
79 -51.2544493 0.2066326539
80 -52.00257595 0.199644413
81 -52.7459286 0.1928901299
82 -53.48425377 0.1863655559
83 -54.21736832 0.1800656548
84 -54.94515038 0.1739847854
85 -55.66752926 0.1681168719
86 -56.3844748 0.1624555592
87 -57.09598609 0.156994354
88 -57.80208003 0.1517267483
89 -58.50277972 0.1466463269
90 -59.19810302 0.1417468571
91 -59.88805142 0.1370223622
92 -60.57259958 0.1324671774
93 -61.25168562 0.1280759901
94 -61.92520258 0.123843864
95 -62.5929912 0.1197662485
96 -63.25483429 0.1158389738
97 -63.9104529 0.1120582341
98 -64.55950447 0.108420559
99 -65.20158309 0.104922776
100 -65.8362218 0.1015619661
101 -66.46289707 0.09833541411
102 -67.08103522 0.09524055606
103 -67.69002059 0.09227492703
104 -68.28920522 0.08943611026
105 -68.87791972 0.08672169022
106 -69.45548485 0.08412921122
107 -70.02122351 0.08165614263
108 -70.5744727 0.07929985179
109 -71.11459501 0.07705758471
110 -71.64098937 0.07492645486
111 -72.15310069 0.0729034394
112 -72.65042818 0.07098538242
113 -73.13253184 0.0691690049
114 -73.59903539 0.06745092564
115 -74.04961232 0.06582772952
116 -74.48385756 0.06429635524
117 -74.9003205 0.062856792
118 -75.28929513 0.06153167251
119 -75.5788718 0.06051064335
120 -75.22969133 0.06124434201
121 -70.19734707 0.07617197779
122 -31.74919181 0.3142990092
123 34.12139893 0.9978617803
124 37.07596132 0.999922572
125 35.45759458 0.9999004196
126 32.44035597 0.9998289093
127 28.60119778 0.999655948
128 24.37622782 0.9992581618
129 20.09690844 0.9983966589
130 15.9767443 0.996675549
131 12.14003062 0.9935520657
132 8.653353347 0.98844715
133 5.54500253 0.9809471663
134 2.81526004 0.970992093
135 0.4435999234 0.9589213724
136 -1.604144494 0.9453504146
137 -3.368747348 0.9309720584
138 -4.8918787 0.9163958954
139 -6.212394071 0.9020727686
140 -7.364495444 0.8882896556
141 -8.377218168 0.8752001241
142 -9.274676832 0.8628633262
143 -10.07665522 0.8512781072
144 -10.79929205 0.8404082815
145 -11.45573628 0.8301996269
146 -12.05671988 0.8205905483
147 -12.6110352 0.8115183792
148 -13.12592225 0.8029228576
149 -13.6073784 0.7947478565
150 -14.06040408 0.7869420737
151 -14.48919715 0.7794591299
152 -14.89730677 0.7722573467
153 -15.28775542 0.7652993696
154 -15.66313601 0.7585517299
155 -16.0256896 0.7519843989
156 -16.37736784 0.7455703629
157 -16.71988349 0.739285232
158 -17.05475147 0.7331068884
159 -17.38332253 0.7270151736
160 -17.70681088 0.7209916129
161 -18.02631719 0.7150191745
162 -18.34284777 0.7090820585
163 -18.65733059 0.7031655135
164 -18.97062895 0.6972556759
165 -19.28355299 0.6913394311
166 -19.59686966 0.6854042922
167 -19.91131123 0.6794382945
168 -20.22758267 0.6734299055
169 -20.54636809 0.6673679466
170 -20.86833634 0.6612415271
171 -21.19414592 0.6550399897
172 -21.52444923 0.6487528663
173 -21.8598963 0.6423698439
174 -22.20113793 0.635880742
175 -22.54882836 0.6292754995
176 -22.90362743 0.622544174
177 -23.2662022 0.6156769525
178 -23.63722804 0.608664175
179 -24.01738909 0.6014963718
180 -24.40737814 0.5941643163
181 -24.80789572 0.5866590931
182 -25.21964847 0.5789721837
183 -25.64334658 0.57109557
184 -26.07970029 0.5630218567
185 -26.52941542 0.5547444126
186 -26.99318765 0.5462575297
187 -27.47169576 0.5375566009
188 -27.9655936 0.528638312
189 -28.47550087 0.5195008453
190 -29.00199278 0.5101440914
191 -29.54558863 0.500569861
192 -30.10673962 0.4907820898
193 -30.68581597 0.4807870286
194 -31.28309388 0.4705934058
195 -31.89874266 0.4602125535
196 -32.53281249 0.4496584841
197 -33.18522348 0.4389479079
198 -33.85575659 0.4281001809
199 -34.54404695 0.4171371768
200 -35.24958016 0.4060830786
201 -35.97169211 0.3949640904
202 -36.70957256 0.3838080733
203 -37.46227277 0.3726441159
204 -38.22871697 0.3615020524
205 -39.00771773 0.3504119463
206 -39.79799449 0.3394035598
207 -40.59819483 0.3285058305
208 -41.4069176 0.317746377
209 -42.22273708 0.3071510528
210 -43.04422724 0.2967435639
211 -43.86998517 0.2865451637
212 -44.69865293 0.2765744322
213 -45.52893704 0.2668471405
214 -46.35962513 0.2573762017
215 -47.18959926 0.2481716981
216 -48.01784589 0.2392409797
217 -48.84346215 0.2305888195
218 -49.66565885 0.2222176157
219 -50.48376004 0.214127627
220 -51.29719975 0.2063172294
221 -52.10551587 0.1987831843
222 -52.9083419 0.1915209078
223 -53.70539655 0.1845247335
224 -54.4964719 0.1777881626
225 -55.28142022 0.1713040967
226 -56.06013993 0.1650650496
227 -56.83256103 0.1590633358
228 -57.59863029 0.1532912341
229 -58.35829661 0.1477411259
230 -59.11149689 0.1424056079
231 -59.85814268 0.137277579
232 -60.59810815 0.1323503038
233 -61.33121953 0.1276174519
234 -62.05724652 0.1230731156
235 -62.77589588 0.1187118085
236 -63.48680743 0.1145284458
237 -64.18955272 0.1105183108
238 -64.88363637 0.1066770093
239 -65.56850003 0.1030004156
240 -66.24352898 0.099484614
241 -66.90806089 0.09612583763
242 -67.56139658 0.09292040971
243 -68.20281232 0.08986468831
244 -68.83157308 0.08695501778
245 -69.44694634 0.08418768827
246 -70.04821592 0.08155890458
247 -70.63469517 0.07906476478
248 -71.2057394 0.0767012484
249 -71.76075692 0.07446421385
250 -72.2992184 0.07234940382
251 -72.82066466 0.0703524577
252 -73.32471235 0.06846892927
253 -73.81105785 0.06669430849
254 -74.27947935 0.06502404584
255 -74.72983704 0.06345357791
256 -75.16207191 0.0619783531
257 -75.57620308 0.06059385653
258 -75.97232397 0.0592956334
259 -76.35059759 0.05807931016
260 -76.71125106 0.05694061335
261 -77.05456967 0.05587538565
262 -77.38089062 0.05487959929
263 -77.69059663 0.05394936673
264 -77.9841095 0.05308094881
265 -78.26188391 0.05227076051
266 -78.52440137 0.05151537454
267 -78.77216453 0.05081152307
268 -79.00569185 0.05015609772
269 -79.22551266 0.04954614822
270 -79.43216273 0.04897887976
271 -79.62618017 0.04845164952
272 -79.80810193 0.04796196226
273 -79.97846056 0.04750746543
274 -80.13778155 0.04708594382
275 -80.28658095 0.04669531383
276 -80.42536346 0.04633361762
277 -80.55462075 0.04599901712
278 -80.67483019 0.04568978807
279 -80.78645381 0.04540431402
280 -80.88993757 0.04514108053
281 -80.98571075 0.04489866945
282 -81.07418567 0.04467575339
283 -81.15575747 0.04447109036
284 -81.23080413 0.0442835187
285 -81.29968653 0.04411195215
286 -81.36274871 0.04395537517
287 -81.42031813 0.04381283854
288 -81.47270605 0.04368345515
289 -81.520208 0.043566396
290 -81.56310423 0.04346088649
291 -81.60166021 0.04336620288
292 -81.6361272 0.04328166893
293 -81.66674281 0.04320665285
294 -81.69373152 0.04314056429
295 -81.71730531 0.04308285168
296 -81.7376642 0.04303299959
297 -81.75499681 0.04299052638
298 -81.76948091 0.04295498191
299 -81.78128398 0.04292594548
300 -81.79056374 0.04290302381
301 -81.79746862 0.04288584928
302 -81.8021383 0.04287407821
303 -81.80470391 0.04286738968
304 -81.80528689 0.04286548735
305 -81.80398416 0.04286812816
306 -81.80073311 0.04287538924
307 -81.79410113 0.04289006482
308 -81.77047005 0.04293910642
309 -81.60745752 0.04326618847
310 -80.21280079 0.04613264294
311 -67.94015128 0.07922762266
312 20.5853327 0.8460832496
313 38.48734264 0.9999087964
314 38.0380235 0.9999373409
315 36.1905185 0.9999132416
316 33.37707388 0.999855564
317 29.87691921 0.9997261083
318 26.03033541 0.9994466016
319 22.11624013 0.998873721
320 18.31716871 0.9977756944
321 14.7402903 0.9958293248
322 11.44541747 0.992660832
323 8.463069811 0.9879388175
324 5.80332455 0.9814899762
325 3.460265648 0.9733767794
326 1.415572276 0.9638902127
327 -0.3574951015 0.9534649689
328 -1.890000959 0.9425681983
329 -3.213851195 0.931611955
330 -4.35935609 0.9209095973
331 -5.353856641 0.9106697344
332 -6.221179419 0.9010114255
333 -6.981626406 0.8919865596
334 -7.652254776 0.8836012559
335 -8.247279608 0.8758330077
336 -8.778500781 0.8686430892
337 -9.255703191 0.8619849297
338 -9.687008705 0.8558094532
339 -10.07917451 0.8500682998
340 -10.43784058 0.8447156351
341 -10.76773222 0.8397090565
342 -11.07282478 0.8350099422
343 -11.35647705 0.830583468
344 -11.62153925 0.8263984389
345 -11.87044049 0.8224270247
346 -12.1052599 0.818644456
347 -12.32778441 0.8150287132
348 -12.53955609 0.8115602258
349 -12.74191094 0.808221593
350 -12.93601089 0.8049973292
351 -13.12287022 0.801873635
352 -13.30337757 0.7988381941
353 -13.47831429 0.7958799934
354 -13.64836977 0.7929891647
355 -13.81415441 0.7901568456
356 -13.97621055 0.7873750578
357 -14.13502169 0.7846366001
358 -14.29102044 0.7819349548
359 -14.4445952 0.7792642054
360 -14.596096 0.7766189644
361 -14.74583941 0.7739943099
362 -14.8941129 0.7713857297
363 -15.04117849 0.7687890721
364 -15.18727609 0.7662005018
365 -15.33262621 0.7636164618
366 -15.47743253 0.7610336388
367 -15.62188402 0.7584489324
368 -15.76615689 0.7558594284
369 -15.91041627 0.7532623735
370 -16.05481773 0.750655154
371 -16.19950862 0.7480352753
372 -16.34462929 0.7454003446
373 -16.49031419 0.7427480539
374 -16.63669283 0.7400761653
375 -16.78389071 0.7373824975
376 -16.93203011 0.7346649126
377 -17.08123089 0.7319213047
378 -17.23161117 0.7291495889
379 -17.38328798 0.7263476907
380 -17.53637792 0.7235135367
381 -17.6909977 0.7206450448
382 -17.84726474 0.7177401158
383 -18.00529771 0.7147966247
384 -18.16521701 0.7118124122
385 -18.32714534 0.7087852769
386 -18.49120819 0.7057129675
387 -18.65753434 0.7025931747
388 -18.82625634 0.6994235238
389 -18.99751106 0.696201567
390 -19.17144017 0.6929247755
391 -19.34819067 0.6895905328
392 -19.52791539 0.6861961263
393 -19.71077356 0.6827387403
394 -19.89693136 0.6792154483
395 -20.08656247 0.6756232056
396 -20.27984865 0.6719588424
397 -20.47698036 0.6682190558
398 -20.67815732 0.6644004037
399 -20.88358921 0.6604992974
400 -21.09349626 0.6565119955
401 -21.3081099 0.6524345981
402 -21.52767343 0.6482630417
403 -21.75244272 0.6439930944
404 -21.98268678 0.639620353
405 -22.21868851 0.6351402411
406 -22.46074525 0.630548008
407 -22.70916943 0.625838731
408 -22.9642891 0.6210073189
409 -23.22644842 0.616048519
410 -23.49600808 0.6109569268
411 -23.77334559 0.6057270004
412 -24.05885546 0.6003530789
413 -24.35294917 0.5948294063
414 -24.65605498 0.5891501619
415 -24.96861749 0.5833094966
416 -25.29109682 0.5773015784
417 -25.6239676 0.5711206452
418 -25.96771741 0.564761068
419 -26.3228448 0.5582174244
420 -26.68985684 0.5514845823
421 -27.06926599 0.5445577961
422 -27.46158641 0.5374328142
423 -27.86732946 0.5301059978
424 -28.28699858 0.5225744514
425 -28.72108324 0.5148361629
426 -29.17005225 0.5068901516
427 -29.63434617 0.4987366222
428 -30.11436907 0.4903771207
429 -30.61047961 0.481814688
430 -31.12298166 0.4730540066
431 -31.65211453 0.4641015333
432 -32.1980432 0.454965612
433 -32.76084871 0.4456565599
434 -33.34051907 0.4361867183
435 -33.93694111 0.4265704631
436 -34.54989362 0.4168241679
437 -35.17904214 0.4069661152
438 -35.82393589 0.397016353
439 -36.48400698 0.3869964974
440 -37.15857238 0.3769294814
441 -37.84683857 0.3668392578
442 -38.54790909 0.3567504623
443 -39.26079483 0.3466880472
444 -39.98442677 0.3366768998
445 -40.71767099 0.3267414576
446 -41.45934526 0.3169053344
447 -42.20823684 0.3071909722
448 -42.96312082 0.2976193289
449 -43.72277839 0.2882096137
450 -44.48601442 0.2789790762
451 -45.25167386 0.2699428538
452 -46.01865643 0.2611138791
453 -46.78592936 0.2525028456
454 -47.55253766 0.2441182268
455 -48.31761216 0.235966345
456 -49.08037484 0.2280514803
457 -49.84014185 0.2203760131
458 -50.59632413 0.2129405926
459 -51.34842579 0.2057443212
460 -52.09604062 0.1987849504
461 -52.83884669 0.1920590791
462 -53.57659958 0.1855623515
463 -54.30912414 0.1792896471
464 -55.03630528 0.173235262
465 -55.75807783 0.1673930777
466 -56.47441575 0.1617567145
467 -57.1853209 0.1563196709
468 -57.89081147 0.1510754444
469 -58.59091042 0.1460176378
470 -59.28563408 0.1411400461
471 -59.97498106 0.1364367281
472 -60.65892186 0.1319020607
473 -61.33738933 0.1275307766
474 -62.01027023 0.1233179869
475 -62.67739821 0.1192591883
476 -63.3385484 0.1153502572
477 -63.99343382 0.1115874309
478 -64.64170376 0.1079672778
479 -65.2829443 0.1044866594
480 -65.91668093 0.1011426844
481 -66.54238321 0.09793265885
482 -67.15947149 0.09485403369
483 -67.76732525 0.09190435228
484 -68.36529295 0.08908120001
485 -68.95270303 0.08638215801
486 -69.52887559 0.08380476244
487 -70.09313436 0.08134647067
488 -70.64481864 0.07900463512
489 -71.18329476 0.07677648502
490 -71.70796667 0.07465911607
491 -72.21828546 0.07264948768
492 -72.71375747 0.07074442693
493 -73.19395067 0.06894063924
494 -73.65849729 0.06723472978
495 -74.10707973 0.0656232721
496 -74.53930166 0.06410319606
497 -74.95371691 0.06267448885
498 -75.34057846 0.06135985106
499 -75.6274971 0.06034977719
500 -75.27058922 0.06110398162
501 -70.18507125 0.07617704322
502 -31.32791354 0.3181840159
503 34.22075455 0.9979582389
504 37.08950341 0.9999228319
505 35.46083221 0.9999004925
506 32.44084456 0.9998289314
507 28.60102341 0.9996559387
508 24.3763614 0.9992581711
509 20.09779978 0.9983968816
510 15.97853935 0.9966765095
511 12.1427069 0.9935548224
512 8.656805704 0.9884533651
513 5.549096817 0.9809588939
514 2.819866723 0.9710113302
515 0.4486130037 0.9589496256
516 -1.598800541 0.9453885157
517 -3.363119107 0.9310202489
518 -4.885989636 0.9164540413
519 -6.206251281 0.9021405676
520 -7.35809548 0.888366779
521 -8.370551347 0.8752862889
522 -9.26773013 0.8629583224
523 -10.06941407 0.8513817996
524 -10.79174136 0.8405206014
525 -11.447861 0.8303205606
526 -12.04850524 0.8207201268
527 -12.60246674 0.8116566694
528 -13.11698582 0.803069956
529 -13.59806006 0.7949038843
530 -14.05068996 0.787107174
531 -14.47907333 0.7796334652
532 -14.88675917 0.7724410981
533 -15.27676962 0.7654927357
534 -15.65169718 0.758754927
535 -16.01378236 0.7521976611
536 -16.36497615 0.7457939425
537 -16.70699053 0.7395194
538 -17.04133955 0.7333519355
539 -17.36937294 0.7272714104
540 -17.69230385 0.7212593716
541 -18.01123176 0.7152988092
542 -18.32716164 0.7093739465
543 -18.64102008 0.703470056
544 -18.95366884 0.6975732991
545 -19.26591647 0.6916705871
546 -19.57852818 0.6857494597
547 -19.89223438 0.6797979797
548 -20.20773812 0.6738046424
549 -20.52572143 0.6677582977
550 -20.84685102 0.6616480833
551 -21.17178311 0.6554633704
552 -21.50116778 0.6491937185
553 -21.83565259 0.6428288417
554 -22.17588585 0.6363585847
555 -22.52251924 0.6297729094
556 -22.87621001 0.6230618937
557 -23.23762264 0.6162157408
558 -23.60742992 0.6092248018
559 -23.98631355 0.6020796122
560 -24.37496394 0.5947709429
561 -24.77407947 0.5872898669
562 -25.18436489 0.5796278435
563 -25.60652883 0.5717768197
564 -26.04128042 0.563729351
565 -26.48932488 0.5554787405
566 -26.95135799 0.5470191965
567 -27.42805936 0.538346008
568 -27.92008458 0.5294557352
569 -28.4280561 0.5203464123
570 -28.95255302 0.5110177582
