0 
32 
586 318 
2698 660 516 554 
17145 2764 872 761 
918 2805 17028 1324 
1134 16916 2599 1389 997 2856 
2923 1485 9048 1582 
9174 16738 1638 4328 3122 2434 
3359 16260 9202 1894 8964 3207 4488 1756 
1985 2106 1857 3495 3314 1842 16537 4599 16321 9292 9525 5491 3288 3549 
9554 9413 3606 4656 4774 2357 8883 4221 2165 15953 5568 9353 
8788 16103 4754 4736 3744 4857 15984 3706 5606 2256 9780 9663 2266 5414 
3858 5690 8076 9860 4017 13918 4892 5332 
5065 4144 8539 9989 5793 5877 8211 4036 14037 9936 5011 15703 
5971 15630 5295 15734 15835 8658 6390 10212 8311 10179 14086 8369 5221 8562 
8479 6484 8385 14214 6123 14871 10416 7982 10505 6061 
14312 6513 13839 14919 6234 6327 14497 15403 7654 10527 
14999 14396 15545 14566 7827 7725 11448 6881 15433 10646 14413 6642 15031 14515 
14658 7333 6933 15150 10793 12510 15049 10764 14768 6764 6746 11461 
12375 15323 11630 7423 7031 15213 7350 10883 7150 13735 12529 10979 
12701 7481 7199 11393 12732 11058 12053 11752 7532 7315 
12322 11865 13614 11958 11212 11305 12229 12779 
12882 12903 
12987 13532 
13045 13413 
13142 13156 
13290 13175 
