0 -17.41721938 0.7260881585
1 -17.66449051 0.7214898143
2 -17.91026607 0.7169054816
3 -18.15508889 0.7123262555
4 -18.39946916 0.7077436973
5 -18.64389 0.70314976
6 -18.88881234 0.6985367224
7 -19.13467918 0.6938971306
8 -19.38191942 0.6892237451
9 -19.63095129 0.6845094946
10 -19.88218543 0.6797474339
11 -20.13602769 0.674930706
12 -20.39288164 0.6700525093
13 -20.65315099 0.6651060678
14 -20.91724166 0.660084605
15 -21.18556384 0.6549813219
16 -21.45853375 0.649789378
17 -21.73657539 0.6445018762
18 -22.02012203 0.6391118522
19 -22.30961762 0.6336122674
20 -22.60551803 0.627996007
21 -22.90829206 0.6222558832
22 -23.21842232 0.6163846445
23 -23.53640588 0.6103749912
24 -23.86275459 0.6042195987
25 -24.19799516 0.5979111487
26 -24.54266886 0.5914423706
27 -24.89733083 0.5848060923
28 -25.26254889 0.5779953025
29 -25.63890181 0.5710032263
30 -26.02697701 0.5638234127
31 -26.4273675 0.5564498372
32 -26.8406681 0.5488770181
33 -27.26747084 0.5411001475
34 -27.70835943 0.5331152361
35 -28.16390283 0.5249192709
36 -28.63464783 0.5165103837
37 -29.12111073 0.5078880273
38 -29.62376806 0.4990531559
39 -30.14304658 0.490008404
40 -30.67931259 0.4807582581
41 -31.23286078 0.4713092137
42 -31.80390302 0.4616699092
43 -32.39255726 0.4518512286
44 -32.99883711 0.4418663629
45 -33.62264235 0.4317308234
46 -34.26375111 0.4214623976
47 -34.92181396 0.411081044
48 -35.59635044 0.4006087209
49 -36.28674851 0.3900691497
50 -36.99226711 0.3794875163
51 -37.712042 0.3688901167
52 -38.44509496 0.3583039576
53 -39.19034622 0.3477563254
54 -39.94662975 0.337274339
55 -40.7127109 0.326884504
56 -41.48730598 0.3166122844
57 -42.26910292 0.3064817093
58 -43.05678229 0.2965150281
59 -43.84903803 0.2867324246
60 -44.64459712 0.277151799
61 -45.44223751 0.2677886205
62 -46.24080389 0.2586558509
63 -47.03922093 0.2497639363
64 -47.83650359 0.2411208597
65 -48.63176451 0.2327322479
66 -49.42421853 0.2246015219
67 -50.21318418 0.2167300818
68 -50.99808267 0.2091175158
69 -51.7784343 0.2017618237
70 -52.55385279 0.1946596482
71 -53.32403761 0.1878065043
72 -54.08876476 0.1811970031
73 -54.84787628 0.1748250639
74 -55.60126858 0.1686841121
75 -56.34888008 0.1627672588
76 -57.09067836 0.1570674626
77 -57.82664699 0.15157767
78 -58.55677244 0.1462909355
79 -59.28103126 0.1412005208
80 -59.99937787 0.136299973
81 -60.71173327 0.1315831831
82 -61.41797487 0.1270444238
83 -62.11792792 0.1226783699
84 -62.81135864 0.1184801009
85 -63.4979694 0.1144450879
86 -64.1773962 0.1105691673
87 -64.84920842 0.1068485028
88 -65.51291103 0.1032795383
89 -66.16794925 0.09985894542
90 -66.8137153 0.09658356673
91 -67.44955733 0.093450359
92 -68.07478992 0.09045633819
93 -68.68870592 0.08759852883
94 -69.29058918 0.08487391955
95 -69.87972759 0.08227942629
96 -70.45542614 0.07981186402
97 -71.01701936 0.07746792747
98 -71.56388293 0.0752441806
99 -72.09544399 0.07313705444
100 -72.61118997 0.07114285231
101 -73.11067577 0.06925776138
102 -73.59352911 0.06747786928
103 -74.05945413 0.06579918445
104 -74.50823334 0.06421765896
105 -74.93972775 0.06272921266
106 -75.35387576 0.06132975753
107 -75.75069058 0.06001522148
108 -76.13025661 0.05878157079
109 -76.49272503 0.05762483076
110 -76.83830856 0.05654110416
111 -77.16727582 0.05552658729
112 -77.47994538 0.05457758362
113 -77.77667943 0.05369051553
114 -78.05787565 0.05286193779
115 -78.32394474 0.05208858282
116 -78.57516735 0.05136768311
117 -78.810548 0.050699585
118 -79.01832113 0.05010925672
119 -79.09690155 0.04982449944
120 -78.19618539 0.05180473903
121 -69.27020878 0.07663660311
122 -1.368030967 0.6371705934
123 37.48566042 0.9997894477
124 37.67006919 0.9999326424
125 35.70980874 0.9999053877
126 32.63679826 0.9998351397
127 28.81725324 0.9996691658
128 24.63943248 0.9992919986
129 20.41437989 0.9984828962
130 16.34490354 0.9968777096
131 12.54990041 0.993975593
132 9.093954184 0.989234291
133 6.005754235 0.9822501812
134 3.287608878 0.9729355321
135 0.9218060258 0.9615756782
136 -1.123015578 0.9487300343
137 -2.885359291 0.9350524289
138 -4.40534144 0.92113503
139 -5.720916264 0.9074274942
140 -6.865868459 0.8942241228
141 -7.869127293 0.8816884762
142 -8.754877534 0.8698892054
143 -9.543058416 0.8588329441
144 -10.2499939 0.8484894184
145 -10.88901701 0.8388087101
146 -11.47102698 0.8297323022
147 -12.00495999 0.8211997328
148 -12.49817477 0.8131523541
149 -12.95676317 0.8055352713
150 -13.38579775 0.7982981811
151 -13.78952859 0.7913955725
152 -14.1715394 0.7847865743
153 -14.53487163 0.7784346253
154 -14.88212345 0.7723070673
155 -15.21552896 0.7663747199
156 -15.53702188 0.76061147
157 -15.84828705 0.7549938893
158 -16.15080233 0.7495008889
159 -16.4458728 0.7441134108
160 -16.7346589 0.7388141554
161 -17.01819975 0.7335873421
162 -17.29743245 0.7284185001
163 -17.57320839 0.7232942846
164 -17.84630683 0.7182023172
165 -18.11744654 0.7131310452
166 -18.38729564 0.7080696188
167 -18.65648012 0.7030077835
168 -18.92559114 0.6979357849
169 -19.19519144 0.6928442851
170 -19.46582089 0.6877242891
171 -19.73800146 0.6825670796
172 -20.01224156 0.6773641595
173 -20.28903994 0.6721072014
174 -20.56888922 0.6667880036
175 -20.85227896 0.6613984515
176 -21.13969859 0.6559304853
177 -21.43163989 0.6503760727
178 -21.72859934 0.6447271876
179 -22.03108016 0.6389757944
180 -22.3395941 0.6331138379
181 -22.654663 0.6271332409
182 -22.97682012 0.6210259075
183 -23.30661108 0.6147837351
184 -23.64459454 0.6083986351
185 -23.99134253 0.6018625623
186 -24.34744035 0.5951675559
187 -24.71348592 0.5883057917
188 -25.09008873 0.5812696469
189 -25.47786804 0.5740517792
190 -25.87745052 0.5666452201
191 -26.28946698 0.5590434842
192 -26.71454835 0.5512406938
193 -27.15332073 0.5432317196
194 -27.60639943 0.5350123366
195 -28.07438198 0.5265793935
196 -28.55784016 0.5179309933
197 -29.05731094 0.5090666819
198 -29.57328652 0.4999876403
199 -30.10620356 0.4906968733
200 -30.65643173 0.4811993889
201 -31.2242619 0.4715023596
202 -31.80989427 0.4616152561
203 -32.41342686 0.451549944
204 -33.03484477 0.4413207341
205 -33.67401076 0.4309443773
206 -34.33065762 0.4204399953
207 -35.00438291 0.4098289445
208 -35.69464642 0.3991346077
209 -36.40077091 0.388382117
210 -37.12194618 0.377598012
211 -37.85723679 0.3668098422
212 -38.60559325 0.3560457274
213 -39.36586645 0.3453338906
214 -40.13682501 0.3347021813
215 -40.91717491 0.3241776095
216 -41.7055806 0.3137859061
217 -42.50068714 0.3035511284
218 -43.30114213 0.2934953239
219 -44.10561707 0.2836382615
220 -44.91282711 0.2739972375
221 -45.72154875 0.2645869589
222 -46.530635 0.2554194995
223 -47.33902761 0.2465043261
224 -48.1457662 0.2378483867
225 -48.94999425 0.2294562487
226 -49.75096203 0.2213302799
227 -50.54802656 0.213470859
228 -51.34064893 0.205876606
229 -52.12838913 0.1985446239
230 -52.91089878 0.1914707418
231 -53.68791211 0.1846497541
232 -54.4592353 0.1780756491
233 -55.22473478 0.1717418233
234 -55.98432449 0.1656412776
235 -56.7379526 0.1597667939
236 -57.48558791 0.1541110904
237 -58.22720618 0.1486669542
238 -58.96277674 0.1434273525
239 -59.69224971 0.1383855205
240 -60.41554408 0.1335350278
241 -61.13253698 0.1288698238
242 -61.84305457 0.1243842632
243 -62.54686466 0.1200731124
244 -63.24367146 0.1159315399
245 -63.93311269 0.1119550911
246 -64.61475902 0.1081396515
247 -65.28811608 0.1044813997
248 -65.95262898 0.1009767541
249 -66.607689 0.09762231522
250 -67.25264256 0.0944148083
251 -67.88680173 0.09135102639
252 -68.50945628 0.08842777876
253 -69.11988646 0.08564184526
254 -69.71737631 0.08298993859
255 -70.30122684 0.08046867539
256 -70.87076867 0.07807455646
257 -71.42537382 0.07580395608
258 -71.96446612 0.07365311989
259 -72.48753022 0.0716181703
260 -72.9941188 0.06969511841
261 -73.48385801 0.06787988096
262 -73.95645116 0.06616830123
263 -74.41168055 0.06455617221
264 -74.84940776 0.0630392612
265 -75.26957237 0.06161333452
266 -75.67218943 0.06027418151
267 -76.05734577 0.05901763722
268 -76.42519552 0.05783960308
269 -76.77595483 0.05673606538
270 -77.10989619 0.05570311125
271 -77.42734242 0.05473694209
272 -77.72866055 0.05383388447
273 -78.01425562 0.05299039865
274 -78.28456474 0.05220308479
275 -78.54005126 0.05146868715
276 -78.78119928 0.0507840964
277 -79.00850846 0.05014635037
278 -79.22248911 0.0495526339
279 -79.42365595 0.04900028105
280 -79.6125085 0.04848680694
281 -79.78939323 0.04801019737
282 -79.95335388 0.04757138779
283 -80.09233725 0.04719532175
284 -80.09954608 0.04711051408
285 -79.05939391 0.04933560239
286 -69.20688792 0.07612822148
287 5.836630436 0.7078888526
288 37.88380786 0.9998465162
289 37.79507142 0.9999343368
290 35.83940914 0.9999076184
291 32.80849388 0.9998401867
292 29.03733443 0.9996820168
293 24.90445468 0.9993246876
294 20.71733602 0.9985615577
295 16.67744471 0.9970513859
296 12.90323134 0.9943217124
297 9.459532807 0.9898529542
298 6.37608499 0.9832437884
299 3.656959786 0.9743820138
300 1.286576173 0.9635109915
301 -0.7643832682 0.9511487538
302 -2.53279946 0.9379218248
303 -4.057705088 0.9244119343
304 -5.376456676 0.9110705882
305 -6.522599586 0.8982000198
306 -7.525051524 0.8859732144
307 -8.408111438 0.8744673314
308 -9.191889955 0.8636957464
309 -9.892898295 0.8536331388
310 -10.52465001 0.8442330585
311 -11.09820724 0.8354393407
312 -11.62264731 0.8271930882
313 -12.10544797 0.8194366865
314 -12.55279925 0.8121159296
315 -12.96985323 0.80518099
316 -13.36092311 0.7985867083
317 -13.7296415 0.7922925011
318 -14.07908654 0.7862620702
319 -14.41188256 0.7804630215
320 -14.73028068 0.7748664566
321 -15.03622372 0.7694465722
322 -15.33139868 0.7641802846
323 -15.61727938 0.7590468881
324 -15.89516132 0.7540277489
325 -16.16619034 0.7491060345
326 -16.43138623 0.7442664748
327 -16.69166247 0.7394951536
328 -16.94784259 0.7347793257
329 -17.20067406 0.7301072568
330 -17.45083991 0.7254680841
331 -17.69896867 0.7208516932
332 -17.9456429 0.7162486109
333 -18.1914065 0.71164991
334 -18.43677098 0.7070471262
335 -18.6822211 0.7024321832
336 -18.92821961 0.6977973279
337 -19.17521161 0.693135071
338 -19.42362833 0.6884381352
339 -19.67389057 0.6836994084
340 -19.92641176 0.6789119019
341 -20.18160076 0.6740687131
342 -20.43986441 0.6691629924
343 -20.7016099 0.664187914
344 -20.96724688 0.6591366497
345 -21.23718946 0.6540023476
346 -21.51185803 0.6487781135
347 -21.79168096 0.6434569963
348 -22.07709608 0.638031978
349 -22.36855211 0.6324959674
350 -22.66650982 0.6268417994
351 -22.97144305 0.6210622391
352 -23.28383957 0.6151499923
353 -23.60420161 0.6090977229
354 -23.93304621 0.6028980779
355 -24.27090516 0.5965437208
356 -24.61832466 0.5900273751
357 -24.97586449 0.5833418776
358 -25.34409672 0.5764802447
359 -25.72360384 0.5694357496
360 -26.1149763 0.5622020148
361 -26.51880923 0.5547731171
362 -26.93569855 0.5471437087
363 -27.36623604 0.5393091509
364 -27.81100366 0.5312656634
365 -28.27056684 0.5230104845
366 -28.7454668 0.5145420426
367 -29.23621202 0.5058601337
368 -29.74326874 0.4969661029
369 -30.26705069 0.4878630224
370 -30.80790835 0.4785558606
371 -31.36611764 0.4690516342
372 -31.94186876 0.4593595363
373 -32.53525512 0.4494910291
374 -33.14626312 0.4394598944
375 -33.77476308 0.4292822337
376 -34.42050171 0.4189764088
377 -35.08309685 0.40856292
378 -35.76203469 0.398064218
379 -36.45666994 0.3875044509
380 -37.16622923 0.3769091498
381 -37.88981782 0.3663048615
382 -38.62642966 0.3557187385
383 -39.37496058 0.3451781016
384 -40.13422427 0.3347099906
385 -40.90297053 0.3243407199
386 -41.67990517 0.3140954574
387 -42.46371093 0.3039978409
388 -43.2530685 0.2940696465
389 -44.04667712 0.2843305197
390 -44.84327382 0.2747977739
391 -45.64165096 0.2654862613
392 -46.44067137 0.2564083145
393 -47.23928085 0.247573754
394 -48.03651781 0.2389899561
395 -48.8315199 0.2306619719
396 -49.62352773 0.222592688
397 -50.41188572 0.2147830186
398 -51.19604038 0.20723212
399 -51.97553616 0.1999376171
400 -52.75000919 0.1928958351
401 -53.51917924 0.1861020286
402 -54.28284003 0.1795506033
403 -55.04084847 0.1732353248
404 -55.79311269 0.1671495129
405 -56.5395796 0.1612862163
406 -57.28022181 0.1556383696
407 -58.01502451 0.1501989285
408 -58.74397236 0.144960985
409 -59.46703683 0.1399178608
410 -60.18416414 0.1350631804
411 -60.89526426 0.1303909243
412 -61.60020113 0.1258954621
413 -62.29878446 0.1215715681
414 -62.99076347 0.1174144195
415 -63.67582258 0.1134195795
416 -64.35357953 0.1095829676
417 -65.02358578 0.1059008193
418 -65.6853294 0.1023696366
419 -66.33824032 0.09898613445
420 -66.98169768 0.09574718348
421 -67.61503924 0.09264975365
422 -68.23757232 0.08969085999
423 -68.84858588 0.08686751353
424 -69.44736341 0.08417667873
425 -70.03319606 0.08161523899
426 -70.60539552 0.0791799707
427 -71.16330635 0.07686752645
428 -71.70631718 0.07467442683
429 -72.23387074 0.07259706039
430 -72.74547218 0.07063169073
431 -73.24069579 0.06877446957
432 -73.71918986 0.06702145454
433 -74.18067988 0.06536863033
434 -74.62496986 0.06381193205
435 -75.05194223 0.06234726946
436 -75.46155621 0.06097055135
437 -75.853845 0.05967770898
438 -76.22891188 0.05846471811
439 -76.58692553 0.05732761906
440 -76.9281147 0.05626253451
441 -77.25276247 0.05526568492
442 -77.56120022 0.05433340149
443 -77.85380125 0.05346213716
444 -78.13097277 0.05264847955
445 -78.39313319 0.0518891958
446 -78.64056785 0.05118155662
447 -78.8722697 0.05052597216
448 -79.07632065 0.04994772111
449 -79.14968698 0.04967729606
450 -78.22898248 0.05170073642
451 -69.14946631 0.0769941105
452 -0.2146391899 0.6496206622
453 37.52460735 0.9997997147
454 37.67019374 0.9999326683
455 35.70270931 0.9999052717
456 32.62652633 0.9998348309
457 28.80626571 0.9996684937
458 24.62950941 0.9992906952
459 20.40654941 0.9984806947
460 16.33959821 0.9968746341
461 12.5471746 0.9939724455
462 9.093648408 0.9892331188
463 6.007601583 0.9822543394
464 3.291305596 0.9729491265
465 0.9270595822 0.9616026471
466 -1.116457499 0.9487733939
467 -2.877696872 0.935114001
468 -4.396723394 0.9212155918
469 -5.711447333 0.9075271118
470 -6.855619043 0.8943424749
471 -7.858142494 0.8818250871
472 -8.743184501 0.8700435844
473 -9.530671859 0.8590046547
474 -10.23692001 0.848678106
475 -10.87525615 0.8390141066
476 -11.45657552 0.829954221
477 -11.98981147 0.8214380596
478 -12.4823207 0.8134070375
479 -12.94019349 0.8058063143
480 -13.36850111 0.7985856348
481 -13.77149253 0.7916995303
482 -14.15275039 0.7851071681
483 -14.5153151 0.7787720227
484 -14.86178377 0.7726614695
485 -15.19438937 0.7667463607
486 -15.51506442 0.7610006152
487 -15.8254925 0.7554008363
488 -16.12715009 0.7499259673
489 -16.42134079 0.7445569826
490 -16.70922347 0.739276616
491 -16.99183552 0.7340691213
492 -17.27011226 0.7289200631
493 -17.54490311 0.7238161337
494 -17.81698525 0.7187449926
495 -18.08707522 0.7136951272
