0.0000000000 -72.2013830767
0.1000000000 -72.2610736963
0.2000000000 -72.3205489433
0.3000000000 -72.3798082962
0.4000000000 -72.4388512451
0.5000000000 -72.4976772914
0.6000000000 -72.5562859481
0.7000000000 -72.6146767398
0.8000000000 -72.6728492028
0.9000000000 -72.7308028849
1.0000000000 -72.7885373460
1.1000000000 -72.8460521574
1.2000000000 -72.9033469027
1.3000000000 -72.9604211771
1.4000000000 -73.0172745880
1.5000000000 -73.0739067545
1.6000000000 -73.1303173079
1.7000000000 -73.1865058916
1.8000000000 -73.2424721611
1.9000000000 -73.2982157838
2.0000000000 -73.3537364395
2.1000000000 -73.4090338200
2.2000000000 -73.4641076292
2.3000000000 -73.5189575835
2.4000000000 -73.5735834112
2.5000000000 -73.6279848529
2.6000000000 -73.6821616613
2.7000000000 -73.7361136015
2.8000000000 -73.7898404506
2.9000000000 -73.8433419982
3.0000000000 -73.8966180457
3.1000000000 -73.9496684069
3.2000000000 -74.0024929079
3.3000000000 -74.0550913865
3.4000000000 -74.1074636932
3.5000000000 -74.1596096901
3.6000000000 -74.2115292518
3.7000000000 -74.2632222647
3.8000000000 -74.3146886272
3.9000000000 -74.3659282499
4.0000000000 -74.4169410552
4.1000000000 -74.4677269775
4.2000000000 -74.5182859630
4.3000000000 -74.5686179699
4.4000000000 -74.6187229681
4.5000000000 -74.6686009391
4.6000000000 -74.7182518764
4.7000000000 -74.7676757850
4.8000000000 -74.8168726814
4.9000000000 -74.8658425937
5.0000000000 -74.9145855618
5.1000000000 -74.9631016364
5.2000000000 -75.0113908802
5.3000000000 -75.0594533668
5.4000000000 -75.1072891812
5.5000000000 -75.1548984194
5.6000000000 -75.2022811888
5.7000000000 -75.2494376075
5.8000000000 -75.2963678048
5.9000000000 -75.3430719208
6.0000000000 -75.3895501064
6.1000000000 -75.4358025231
6.2000000000 -75.4818293433
6.3000000000 -75.5276307499
6.4000000000 -75.5732069361
6.5000000000 -75.6185581057
6.6000000000 -75.6636844729
6.7000000000 -75.7085862618
6.8000000000 -75.7532637069
6.9000000000 -75.7977170527
7.0000000000 -75.8419465538
7.1000000000 -75.8859524745
7.2000000000 -75.9297350888
7.3000000000 -75.9732946808
7.4000000000 -76.0166315437
7.5000000000 -76.0597459806
7.6000000000 -76.1026383038
7.7000000000 -76.1453088350
7.8000000000 -76.1877579050
7.9000000000 -76.2299858539
8.0000000000 -76.2719930307
8.1000000000 -76.3137797933
8.2000000000 -76.3553465084
8.3000000000 -76.3966935516
8.4000000000 -76.4378213069
8.5000000000 -76.4787301668
8.6000000000 -76.5194205325
8.7000000000 -76.5598928130
8.8000000000 -76.6001474260
8.9000000000 -76.6401847969
9.0000000000 -76.6800053594
9.1000000000 -76.7196095548
9.2000000000 -76.7589978324
9.3000000000 -76.7981706489
9.4000000000 -76.8371284687
9.5000000000 -76.8758717637
9.6000000000 -76.9144010130
9.7000000000 -76.9527167029
9.8000000000 -76.9908193269
9.9000000000 -77.0287093854
10.0000000000 -77.0663873857
10.1000000000 -77.1038538419
10.2000000000 -77.1411092745
10.3000000000 -77.1781542109
10.4000000000 -77.2149891845
10.5000000000 -77.2516147351
10.6000000000 -77.2880314087
10.7000000000 -77.3242397571
10.8000000000 -77.3602403381
10.9000000000 -77.3960337152
11.0000000000 -77.4316204574
11.1000000000 -77.4670011390
11.2000000000 -77.5021763397
11.3000000000 -77.5371466442
11.4000000000 -77.5719126418
11.5000000000 -77.6064749270
11.6000000000 -77.6408340981
11.7000000000 -77.6749907580
11.8000000000 -77.7089455134
11.9000000000 -77.7426989747
12.0000000000 -77.7762517555
12.1000000000 -77.8096044725
12.2000000000 -77.8427577448
12.3000000000 -77.8757121936
12.4000000000 -77.9084684420
12.5000000000 -77.9410271137
12.6000000000 -77.9733888331
12.7000000000 -78.0055542239
12.8000000000 -78.0375239088
12.9000000000 -78.0692985079
13.0000000000 -78.1008786381
13.1000000000 -78.1322649114
13.2000000000 -78.1634579336
13.3000000000 -78.1944583023
13.4000000000 -78.2252666048
13.5000000000 -78.2558834158
13.6000000000 -78.2863092946
13.7000000000 -78.3165447814
13.8000000000 -78.3465903940
13.9000000000 -78.3764466229
14.0000000000 -78.4061139262
14.1000000000 -78.4355927235
14.2000000000 -78.4648833882
14.3000000000 -78.4939862399
14.4000000000 -78.5229015339
14.5000000000 -78.5516294498
14.6000000000 -78.5801700781
14.7000000000 -78.6085234042
14.8000000000 -78.6366892901
14.9000000000 -78.6646674524
15.0000000000 -78.6924574368
15.1000000000 -78.7200585887
15.2000000000 -78.7474700175
15.3000000000 -78.7746905563
15.4000000000 -78.8017187134
15.5000000000 -78.8285526160
15.6000000000 -78.8551899442
15.7000000000 -78.8816278534
15.8000000000 -78.9078628835
15.9000000000 -78.9338908523
16.0000000000 -78.9597067306
16.1000000000 -78.9853044955
16.2000000000 -79.0106769583
16.3000000000 -79.0358155633
16.4000000000 -79.0607101508
16.5000000000 -79.0853486794
16.6000000000 -79.1097169012
16.7000000000 -79.1337979788
16.8000000000 -79.1575720378
16.9000000000 -79.1810156406
17.0000000000 -79.2041011697
17.1000000000 -79.2267961030
17.2000000000 -79.2490621647
17.3000000000 -79.2708543278
17.4000000000 -79.2921196438
17.5000000000 -79.3127958694
17.6000000000 -79.3328098539
17.7000000000 -79.3520756470
17.8000000000 -79.3704922775
17.9000000000 -79.3879411450
18.0000000000 -79.4042829591
18.1000000000 -79.4193541442
18.2000000000 -79.4329626194
18.3000000000 -79.4448828430
18.4000000000 -79.4548499923
18.5000000000 -79.4625531303
18.6000000000 -79.4676271783
18.7000000000 -79.4696434881
18.8000000000 -79.4680987682
18.9000000000 -79.4624020728
19.0000000000 -79.4518595171
19.1000000000 -79.4356563164
19.2000000000 -79.4128356798
19.3000000000 -79.3822740031
19.4000000000 -79.3426517089
19.5000000000 -79.2924189627
19.6000000000 -79.2297553582
19.7000000000 -79.1525224985
19.8000000000 -79.0582082078
19.9000000000 -78.9438608727
20.0000000000 -78.8060121370
20.1000000000 -78.6405858385
20.2000000000 -78.4427906711
20.3000000000 -78.2069935620
20.4000000000 -77.9265701420
20.5000000000 -77.5937279209
20.6000000000 -77.1992967993
20.7000000000 -76.7324802642
20.8000000000 -76.1805588843
20.9000000000 -75.5285353077
21.0000000000 -74.7587064802
21.1000000000 -73.8501435711
21.2000000000 -72.7780519380
21.3000000000 -71.5129703016
21.4000000000 -70.0197463123
21.5000000000 -68.2561878682
21.6000000000 -66.1712226854
21.7000000000 -63.7022776381
21.8000000000 -60.7713662276
21.9000000000 -57.2789560343
22.0000000000 -53.0939124699
22.1000000000 -48.0364177476
22.2000000000 -41.8485056486
22.3000000000 -34.1443835291
22.4000000000 -24.3355447498
22.5000000000 -11.5632519316
22.6000000000 5.0825676129
22.7000000000 24.4789874230
22.8000000000 37.8059135251
22.9000000000 39.6202617355
23.0000000000 39.5089051633
23.1000000000 39.4719347228
23.2000000000 39.4146373998
23.3000000000 39.3509828473
23.4000000000 39.2806092958
23.5000000000 39.2030174150
23.6000000000 39.1176079532
23.7000000000 39.0237460722
23.8000000000 38.9207769649
23.9000000000 38.8080338945
24.0000000000 38.6848456363
24.1000000000 38.5505444264
24.2000000000 38.4044744748
24.3000000000 38.2460008866
24.4000000000 38.0745187694
24.5000000000 37.8894622859
24.6000000000 37.6903134025
24.7000000000 37.4766100910
24.8000000000 37.2479537600
24.9000000000 37.0040157191
25.0000000000 36.7445425125
25.1000000000 36.4693600021
25.2000000000 36.1783761209
25.3000000000 35.8715822644
25.4000000000 35.5490533306
25.5000000000 35.2109464560
25.6000000000 34.8574985365
25.7000000000 34.4890226437
25.8000000000 34.1059034756
25.9000000000 33.7085919950
26.0000000000 33.2975994146
26.1000000000 32.8734906962
26.2000000000 32.4368777246
26.3000000000 31.9884123098
26.4000000000 31.5287791613
26.5000000000 31.0586889618
26.6000000000 30.5788716538
26.7000000000 30.0900700311
26.8000000000 29.5930337147
26.9000000000 29.0885135704
27.0000000000 28.5772566112
27.1000000000 28.0600014122
27.2000000000 27.5374740494
27.3000000000 27.0103845653
27.4000000000 26.4794239511
27.5000000000 25.9452616261
27.6000000000 25.4085433915
27.7000000000 24.8698898265
27.8000000000 24.3298950931
27.9000000000 23.7891261138
28.0000000000 23.2481220836
28.1000000000 22.7073942785
28.2000000000 22.1674261230
28.3000000000 21.6286734815
28.4000000000 21.0915651367
28.5000000000 20.5565034253
28.6000000000 20.0238649998
28.7000000000 19.4940016884
28.8000000000 18.9672414300
28.9000000000 18.4438892606
29.0000000000 17.9242283325
29.1000000000 17.4085209495
29.2000000000 16.8970096025
29.3000000000 16.3899179949
29.4000000000 15.8874520459
29.5000000000 15.3898008647
29.6000000000 14.8971376882
29.7000000000 14.4096207778
29.8000000000 13.9273942715
29.9000000000 13.4505889896
30.0000000000 12.9793231913
30.1000000000 12.5137032837
30.2000000000 12.0538244824
30.3000000000 11.5997714261
30.4000000000 11.1516187454
30.5000000000 10.7094315894
30.6000000000 10.2732661123
30.7000000000 9.8431699218
30.8000000000 9.4191824945
30.9000000000 9.0013355585
31.0000000000 8.5896534492
31.1000000000 8.1841534392
31.2000000000 7.7848460468
31.3000000000 7.3917353251
31.4000000000 7.0048191350
31.5000000000 6.6240894047
31.6000000000 6.2495323781
31.7000000000 5.8811288535
31.8000000000 5.5188544158
31.9000000000 5.1626796635
32.0000000000 4.8125704307
32.1000000000 4.4684880074
32.2000000000 4.1303893577
32.3000000000 3.7982273363
32.4000000000 3.4719509053
32.5000000000 3.1515053503
32.6000000000 2.8368324964
32.7000000000 2.5278709239
32.8000000000 2.2245561840
32.9000000000 1.9268210136
33.0000000000 1.6345955490
33.1000000000 1.3478075384
33.2000000000 1.0663825517
33.3000000000 0.7902441886
33.4000000000 0.5193142823
33.5000000000 0.2535131007
33.6000000000 -0.0072404583
33.7000000000 -0.2630286750
33.8000000000 -0.5139348231
33.9000000000 -0.7600429896
34.0000000000 -1.0014379019
34.1000000000 -1.2382047619
34.2000000000 -1.4704290867
34.3000000000 -1.6981965573
34.4000000000 -1.9215928745
34.5000000000 -2.1407036231
34.6000000000 -2.3556141437
34.7000000000 -2.5664094124
34.8000000000 -2.7731739292
34.9000000000 -2.9759916131
35.0000000000 -3.1749457057
35.1000000000 -3.3701186829
35.2000000000 -3.5615921728
35.3000000000 -3.7494468824
35.4000000000 -3.9337625297
35.5000000000 -4.1146177841
35.6000000000 -4.2920902124
35.7000000000 -4.4662562313
35.8000000000 -4.6371910654
35.9000000000 -4.8049687119
36.0000000000 -4.9696619092
36.1000000000 -5.1313421117
36.2000000000 -5.2900794684
36.3000000000 -5.4459428067
36.4000000000 -5.5989996194
36.5000000000 -5.7493160564
36.6000000000 -5.8969569195
36.7000000000 -6.0419856599
36.8000000000 -6.1844643802
36.9000000000 -6.3244538372
37.0000000000 -6.4620134489
37.1000000000 -6.5972013027
37.2000000000 -6.7300741660
37.3000000000 -6.8606874988
37.4000000000 -6.9890954678
37.5000000000 -7.1153509616
37.6000000000 -7.2395056083
37.7000000000 -7.3616097927
37.8000000000 -7.4817126758
37.9000000000 -7.5998622146
38.0000000000 -7.7161051826
38.1000000000 -7.8304871912
38.2000000000 -7.9430527110
38.3000000000 -8.0538450946
38.4000000000 -8.1629065982
38.5000000000 -8.2702784052
38.6000000000 -8.3760006480
38.7000000000 -8.4801124319
38.8000000000 -8.5826518573
38.9000000000 -8.6836560429
39.0000000000 -8.7831611484
39.1000000000 -8.8812023973
39.2000000000 -8.9778140991
39.3000000000 -9.0730296720
39.4000000000 -9.1668816645
39.5000000000 -9.2594017774
39.6000000000 -9.3506208855
39.7000000000 -9.4405690579
39.8000000000 -9.5292755799
39.9000000000 -9.6167689726
40.0000000000 -9.7030770134
40.1000000000 -9.7882267555
40.2000000000 -9.8722445476
40.3000000000 -9.9551560520
40.4000000000 -10.0369862643
40.5000000000 -10.1177595302
40.6000000000 -10.1974995645
40.7000000000 -10.2762294673
40.8000000000 -10.3539717416
40.9000000000 -10.4307483096
41.0000000000 -10.5065805286
41.1000000000 -10.5814892071
41.2000000000 -10.6554946195
41.3000000000 -10.7286165217
41.4000000000 -10.8008741650
41.5000000000 -10.8722863105
41.6000000000 -10.9428712430
41.7000000000 -11.0126467841
41.8000000000 -11.0816303053
41.9000000000 -11.1498387409
42.0000000000 -11.2172886000
42.1000000000 -11.2839959784
42.2000000000 -11.3499765708
42.3000000000 -11.4152456816
42.4000000000 -11.4798182358
42.5000000000 -11.5437087902
42.6000000000 -11.6069315433
42.7000000000 -11.6695003456
42.8000000000 -11.7314287093
42.9000000000 -11.7927298178
43.0000000000 -11.8534165349
43.1000000000 -11.9135014139
43.2000000000 -11.9729967059
43.3000000000 -12.0319143687
43.4000000000 -12.0902660747
43.5000000000 -12.1480632190
43.6000000000 -12.2053169269
43.7000000000 -12.2620380616
43.8000000000 -12.3182372313
43.9000000000 -12.3739247964
44.0000000000 -12.4291108761
44.1000000000 -12.4838053552
44.2000000000 -12.5380178907
44.3000000000 -12.5917579176
44.4000000000 -12.6450346554
44.5000000000 -12.6978571137
44.6000000000 -12.7502340979
44.7000000000 -12.8021742152
44.8000000000 -12.8536858791
44.9000000000 -12.9047773155
45.0000000000 -12.9554565672
45.1000000000 -13.0057314990
45.2000000000 -13.0556098026
45.3000000000 -13.1050990008
45.4000000000 -13.1542064524
45.5000000000 -13.2029393566
45.6000000000 -13.2513047567
45.7000000000 -13.2993095447
45.8000000000 -13.3469604652
45.9000000000 -13.3942641190
46.0000000000 -13.4412269673
46.1000000000 -13.4878553349
46.2000000000 -13.5341554140
46.3000000000 -13.5801332674
46.4000000000 -13.6257948323
46.5000000000 -13.6711459230
46.6000000000 -13.7161922344
46.7000000000 -13.7609393449
46.8000000000 -13.8053927194
46.9000000000 -13.8495577122
47.0000000000 -13.8934395698
47.1000000000 -13.9370434336
47.2000000000 -13.9803743426
47.3000000000 -14.0234372358
47.4000000000 -14.0662369551
47.5000000000 -14.1087782471
47.6000000000 -14.1510657660
47.7000000000 -14.1931040757
47.8000000000 -14.2348976519
47.9000000000 -14.2764508846
48.0000000000 -14.3177680799
48.1000000000 -14.3588534619
48.2000000000 -14.3997111754
48.3000000000 -14.4403452870
48.4000000000 -14.4807597875
48.5000000000 -14.5209585934
48.6000000000 -14.5609455493
48.7000000000 -14.6007244286
48.8000000000 -14.6402989364
48.9000000000 -14.6796727099
49.0000000000 -14.7188493211
49.1000000000 -14.7578322777
49.2000000000 -14.7966250247
49.3000000000 -14.8352309461
49.4000000000 -14.8736533660
49.5000000000 -14.9118955504
49.6000000000 -14.9499607082
49.7000000000 -14.9878519927
49.8000000000 -15.0255725028
49.9000000000 -15.0631252842
50.0000000000 -15.1005133311
50.1000000000 -15.1377395865
50.2000000000 -15.1748069443
50.3000000000 -15.2117182496
50.4000000000 -15.2484763006
50.5000000000 -15.2850838490
50.6000000000 -15.3215436014
50.7000000000 -15.3578582201
50.8000000000 -15.3940303244
50.9000000000 -15.4300624913
51.0000000000 -15.4659572564
51.1000000000 -15.5017171153
51.2000000000 -15.5373445238
51.3000000000 -15.5728418992
51.4000000000 -15.6082116211
51.5000000000 -15.6434560323
51.6000000000 -15.6785774393
51.7000000000 -15.7135781135
51.8000000000 -15.7484602916
51.9000000000 -15.7832261767
52.0000000000 -15.8178779387
52.1000000000 -15.8524177153
52.2000000000 -15.8868476124
52.3000000000 -15.9211697052
52.4000000000 -15.9553860385
52.5000000000 -15.9894986275
52.6000000000 -16.0235094584
52.7000000000 -16.0574204889
52.8000000000 -16.0912336492
52.9000000000 -16.1249508422
53.0000000000 -16.1585739442
53.1000000000 -16.1921048055
53.2000000000 -16.2255452509
53.3000000000 -16.2588970802
53.4000000000 -16.2921620690
53.5000000000 -16.3253419689
53.6000000000 -16.3584385079
53.7000000000 -16.3914533915
53.8000000000 -16.4243883024
53.9000000000 -16.4572449017
54.0000000000 -16.4900248287
54.1000000000 -16.5227297018
54.2000000000 -16.5553611188
54.3000000000 -16.5879206575
54.4000000000 -16.6204098755
54.5000000000 -16.6528303116
54.6000000000 -16.6851834852
54.7000000000 -16.7174708974
54.8000000000 -16.7496940311
54.9000000000 -16.7818543514
55.0000000000 -16.8139533060
55.1000000000 -16.8459923256
55.2000000000 -16.8779728240
55.3000000000 -16.9098961989
55.4000000000 -16.9417638318
55.5000000000 -16.9735770886
55.6000000000 -17.0053373198
55.7000000000 -17.0370458609
55.8000000000 -17.0687040326
55.9000000000 -17.1003131411
56.0000000000 -17.1318744788
56.1000000000 -17.1633893238
56.2000000000 -17.1948589411
56.3000000000 -17.2262845820
56.4000000000 -17.2576674851
56.5000000000 -17.2890088762
56.6000000000 -17.3203099686
56.7000000000 -17.3515719634
56.8000000000 -17.3827960497
56.9000000000 -17.4139834051
57.0000000000 -17.4451351955
57.1000000000 -17.4762525757
57.2000000000 -17.5073366895
57.3000000000 -17.5383886699
57.4000000000 -17.5694096395
57.5000000000 -17.6004007104
57.6000000000 -17.6313629848
57.7000000000 -17.6622975548
57.8000000000 -17.6932055031
57.9000000000 -17.7240879028
58.0000000000 -17.7549458176
58.1000000000 -17.7857803023
58.2000000000 -17.8165924029
58.3000000000 -17.8473831566
58.4000000000 -17.8781535920
58.5000000000 -17.9089047296
58.6000000000 -17.9396375817
58.7000000000 -17.9703531526
58.8000000000 -18.0010524388
58.9000000000 -18.0317364294
59.0000000000 -18.0624061057
59.1000000000 -18.0930624420
59.2000000000 -18.1237064054
59.3000000000 -18.1543389561
59.4000000000 -18.1849610474
59.5000000000 -18.2155736260
59.6000000000 -18.2461776322
59.7000000000 -18.2767739998
59.8000000000 -18.3073636564
59.9000000000 -18.3379475238
60.0000000000 -18.3685265175
60.1000000000 -18.3991015475
60.2000000000 -18.4296735181
60.3000000000 -18.4602433281
60.4000000000 -18.4908118708
60.5000000000 -18.5213800344
60.6000000000 -18.5519487020
60.7000000000 -18.5825187516
60.8000000000 -18.6130910564
60.9000000000 -18.6436664848
61.0000000000 -18.6742459006
61.1000000000 -18.7048301633
61.2000000000 -18.7354201276
61.3000000000 -18.7660166442
61.4000000000 -18.7966205596
61.5000000000 -18.8272327163
61.6000000000 -18.8578539526
61.7000000000 -18.8884851034
61.8000000000 -18.9191269994
61.9000000000 -18.9497804680
62.0000000000 -18.9804463330
62.1000000000 -19.0111254146
62.2000000000 -19.0418185300
62.3000000000 -19.0725264929
62.4000000000 -19.1032501140
62.5000000000 -19.1339902010
62.6000000000 -19.1647475586
62.7000000000 -19.1955229886
62.8000000000 -19.2263172901
62.9000000000 -19.2571312597
63.0000000000 -19.2879656912
63.1000000000 -19.3188213759
63.2000000000 -19.3496991030
63.3000000000 -19.3805996590
63.4000000000 -19.4115238284
63.5000000000 -19.4424723936
63.6000000000 -19.4734461347
63.7000000000 -19.5044458300
63.8000000000 -19.5354722559
63.9000000000 -19.5665261869
64.0000000000 -19.5976083959
64.1000000000 -19.6287196537
64.2000000000 -19.6598607301
64.3000000000 -19.6910323930
64.4000000000 -19.7222354089
64.5000000000 -19.7534705430
64.6000000000 -19.7847385592
64.7000000000 -19.8160402200
64.8000000000 -19.8473762870
64.9000000000 -19.8787475205
65.0000000000 -19.9101546799
65.1000000000 -19.9415985235
65.2000000000 -19.9730798089
65.3000000000 -20.0045992926
65.4000000000 -20.0361577307
65.5000000000 -20.0677558782
65.6000000000 -20.0993944898
65.7000000000 -20.1310743195
65.8000000000 -20.1627961206
65.9000000000 -20.1945606464
66.0000000000 -20.2263686493
66.1000000000 -20.2582208818
66.2000000000 -20.2901180958
66.3000000000 -20.3220610431
66.4000000000 -20.3540504754
66.5000000000 -20.3860871443
66.6000000000 -20.4181718012
66.7000000000 -20.4503051977
66.8000000000 -20.4824880854
66.9000000000 -20.5147212159
67.0000000000 -20.5470053410
67.1000000000 -20.5793412130
67.2000000000 -20.6117295840
67.3000000000 -20.6441712069
67.4000000000 -20.6766668346
67.5000000000 -20.7092172206
67.6000000000 -20.7418231189
67.7000000000 -20.7744852838
67.8000000000 -20.8072044706
67.9000000000 -20.8399814347
68.0000000000 -20.8728169326
68.1000000000 -20.9057117212
68.2000000000 -20.9386665583
68.3000000000 -20.9716822024
68.4000000000 -21.0047594130
68.5000000000 -21.0378989504
68.6000000000 -21.0711015758
68.7000000000 -21.1043680514
68.8000000000 -21.1376991403
68.9000000000 -21.1710956069
69.0000000000 -21.2045582165
69.1000000000 -21.2380877355
69.2000000000 -21.2716849317
69.3000000000 -21.3053505739
69.4000000000 -21.3390854322
69.5000000000 -21.3728902780
69.6000000000 -21.4067658841
69.7000000000 -21.4407130245
69.8000000000 -21.4747324747
69.9000000000 -21.5088250117
70.0000000000 -21.5429914137
70.1000000000 -21.5772324608
70.2000000000 -21.6115489342
70.3000000000 -21.6459416170
70.4000000000 -21.6804112937
70.5000000000 -21.7149587506
70.6000000000 -21.7495847755
70.7000000000 -21.7842901579
70.8000000000 -21.8190756892
70.9000000000 -21.8539421623
71.0000000000 -21.8888903720
71.1000000000 -21.9239211149
71.2000000000 -21.9590351895
71.3000000000 -21.9942333961
71.4000000000 -22.0295165367
71.5000000000 -22.0648854155
71.6000000000 -22.1003408385
71.7000000000 -22.1358836137
71.8000000000 -22.1715145510
71.9000000000 -22.2072344623
72.0000000000 -22.2430441617
72.1000000000 -22.2789444651
72.2000000000 -22.3149361906
72.3000000000 -22.3510201584
72.4000000000 -22.3871971908
72.5000000000 -22.4234681121
72.6000000000 -22.4598337489
72.7000000000 -22.4962949298
72.8000000000 -22.5328524858
72.9000000000 -22.5695072498
73.0000000000 -22.6062600571
73.1000000000 -22.6431117451
73.2000000000 -22.6800631536
73.3000000000 -22.7171151245
73.4000000000 -22.7542685019
73.5000000000 -22.7915241322
73.6000000000 -22.8288828642
73.7000000000 -22.8663455488
73.8000000000 -22.9039130393
73.9000000000 -22.9415861914
74.0000000000 -22.9793658627
74.1000000000 -23.0172529135
74.2000000000 -23.0552482062
74.3000000000 -23.0933526057
74.4000000000 -23.1315669790
74.5000000000 -23.1698921956
74.6000000000 -23.2083291270
74.7000000000 -23.2468786475
74.8000000000 -23.2855416333
74.9000000000 -23.3243189632
75.0000000000 -23.3632115180
75.1000000000 -23.4022201810
75.2000000000 -23.4413458378
75.3000000000 -23.4805893764
75.4000000000 -23.5199516867
75.5000000000 -23.5594336612
75.6000000000 -23.5990361946
75.7000000000 -23.6387601837
75.8000000000 -23.6786065279
75.9000000000 -23.7185761284
76.0000000000 -23.7586698889
76.1000000000 -23.7988887151
76.2000000000 -23.8392335150
76.3000000000 -23.8797051988
76.4000000000 -23.9203046787
76.5000000000 -23.9610328691
76.6000000000 -24.0018906866
76.7000000000 -24.0428790495
76.8000000000 -24.0839988786
76.9000000000 -24.1252510966
77.0000000000 -24.1666366279
77.1000000000 -24.2081563992
77.2000000000 -24.2498113391
77.3000000000 -24.2916023780
77.4000000000 -24.3335304481
77.5000000000 -24.3755964836
77.6000000000 -24.4178014205
77.7000000000 -24.4601461964
77.8000000000 -24.5026317508
77.9000000000 -24.5452590248
78.0000000000 -24.5880289612
78.1000000000 -24.6309425042
78.2000000000 -24.6740005998
78.3000000000 -24.7172041954
78.4000000000 -24.7605542399
78.5000000000 -24.8040516835
78.6000000000 -24.8476974778
78.7000000000 -24.8914925759
78.8000000000 -24.9354379318
78.9000000000 -24.9795345009
79.0000000000 -25.0237832398
79.1000000000 -25.0681851059
79.2000000000 -25.1127410579
79.3000000000 -25.1574520553
79.4000000000 -25.2023190585
79.5000000000 -25.2473430286
79.6000000000 -25.2925249277
79.7000000000 -25.3378657183
79.8000000000 -25.3833663637
79.9000000000 -25.4290278275
80.0000000000 -25.4748510741
80.1000000000 -25.5208370678
80.2000000000 -25.5669867736
80.3000000000 -25.6133011565
80.4000000000 -25.6597811816
80.5000000000 -25.7064278141
80.6000000000 -25.7532420191
80.7000000000 -25.8002247616
80.8000000000 -25.8473770062
80.9000000000 -25.8946997174
81.0000000000 -25.9421938591
81.1000000000 -25.9898603946
81.2000000000 -26.0377002868
81.3000000000 -26.0857144976
81.4000000000 -26.1339039882
81.5000000000 -26.1822697189
81.6000000000 -26.2308126487
81.7000000000 -26.2795337356
81.8000000000 -26.3284339362
81.9000000000 -26.3775142059
82.0000000000 -26.4267754984
82.1000000000 -26.4762187656
82.2000000000 -26.5258449579
82.3000000000 -26.5756550236
82.4000000000 -26.6256499092
82.5000000000 -26.6758305587
82.6000000000 -26.7261979141
82.7000000000 -26.7767529149
82.8000000000 -26.8274964979
82.9000000000 -26.8784295973
83.0000000000 -26.9295531444
83.1000000000 -26.9808680676
83.2000000000 -27.0323752922
83.3000000000 -27.0840757399
83.4000000000 -27.1359703293
83.5000000000 -27.1880599752
83.6000000000 -27.2403455888
83.7000000000 -27.2928280773
83.8000000000 -27.3455083439
83.9000000000 -27.3983872874
84.0000000000 -27.4514658023
84.1000000000 -27.5047447788
84.2000000000 -27.5582251019
84.3000000000 -27.6119076520
84.4000000000 -27.6657933043
84.5000000000 -27.7198829289
84.6000000000 -27.7741773903
84.7000000000 -27.8286775475
84.8000000000 -27.8833842536
84.9000000000 -27.9382983558
85.0000000000 -27.9934206952
85.1000000000 -28.0487521063
85.2000000000 -28.1042934174
85.3000000000 -28.1600454497
85.4000000000 -28.2160090179
85.5000000000 -28.2721849290
85.6000000000 -28.3285739833
85.7000000000 -28.3851769731
85.8000000000 -28.4419946832
85.9000000000 -28.4990278904
86.0000000000 -28.5562773633
86.1000000000 -28.6137438623
86.2000000000 -28.6714281392
86.3000000000 -28.7293309369
86.4000000000 -28.7874529895
86.5000000000 -28.8457950218
86.6000000000 -28.9043577491
86.7000000000 -28.9631418774
86.8000000000 -29.0221481025
86.9000000000 -29.0813771102
87.0000000000 -29.1408295763
87.1000000000 -29.2005061657
87.2000000000 -29.2604075328
87.3000000000 -29.3205343211
87.4000000000 -29.3808871626
87.5000000000 -29.4414666783
87.6000000000 -29.5022734772
87.7000000000 -29.5633081567
87.8000000000 -29.6245713020
87.9000000000 -29.6860634860
88.0000000000 -29.7477852689
88.1000000000 -29.8097371984
88.2000000000 -29.8719198089
88.3000000000 -29.9343336218
88.4000000000 -29.9969791449
88.5000000000 -30.0598568722
88.6000000000 -30.1229672839
88.7000000000 -30.1863108459
88.8000000000 -30.2498880099
88.9000000000 -30.3136992128
89.0000000000 -30.3777448766
89.1000000000 -30.4420254083
89.2000000000 -30.5065411996
89.3000000000 -30.5712926265
89.4000000000 -30.6362800493
89.5000000000 -30.7015038123
89.6000000000 -30.7669642435
89.7000000000 -30.8326616544
89.8000000000 -30.8985963400
89.9000000000 -30.9647685781
90.0000000000 -31.0311786297
90.1000000000 -31.0978267380
90.2000000000 -31.1647131290
90.3000000000 -31.2318380107
90.4000000000 -31.2992015732
90.5000000000 -31.3668039884
90.6000000000 -31.4346454095
90.7000000000 -31.5027259714
90.8000000000 -31.5710457899
90.9000000000 -31.6396049618
91.0000000000 -31.7084035648
91.1000000000 -31.7774416568
91.2000000000 -31.8467192765
91.3000000000 -31.9162364423
91.4000000000 -31.9859931530
91.5000000000 -32.0559893867
91.6000000000 -32.1262251014
91.7000000000 -32.1967002346
91.8000000000 -32.2674147028
91.9000000000 -32.3383684017
92.0000000000 -32.4095612058
92.1000000000 -32.4809929685
92.2000000000 -32.5526635215
92.3000000000 -32.6245726753
92.4000000000 -32.6967202183
92.5000000000 -32.7691059173
92.6000000000 -32.8417295168
92.7000000000 -32.9145907395
92.8000000000 -32.9876892856
92.9000000000 -33.0610248327
93.0000000000 -33.1345970364
93.1000000000 -33.2084055290
93.2000000000 -33.2824499206
93.3000000000 -33.3567297980
93.4000000000 -33.4312447254
93.5000000000 -33.5059942436
93.6000000000 -33.5809778705
93.7000000000 -33.6561951007
93.8000000000 -33.7316454055
93.9000000000 -33.8073282328
94.0000000000 -33.8832430070
94.1000000000 -33.9593891291
94.2000000000 -34.0357659766
94.3000000000 -34.1123729034
94.4000000000 -34.1892092397
94.5000000000 -34.2662742920
94.6000000000 -34.3435673433
94.7000000000 -34.4210876529
94.8000000000 -34.4988344562
94.9000000000 -34.5768069652
95.0000000000 -34.6550043680
95.1000000000 -34.7334258290
95.2000000000 -34.8120704892
95.3000000000 -34.8909374658
95.4000000000 -34.9700258523
95.5000000000 -35.0493347188
95.6000000000 -35.1288631121
95.7000000000 -35.2086100552
95.8000000000 -35.2885745480
95.9000000000 -35.3687555669
96.0000000000 -35.4491520654
96.1000000000 -35.5297629737
96.2000000000 -35.6105871988
96.3000000000 -35.6916236252
96.4000000000 -35.7728711144
96.5000000000 -35.8543285051
96.6000000000 -35.9359946138
96.7000000000 -36.0178682342
96.8000000000 -36.0999481380
96.9000000000 -36.1822330749
97.0000000000 -36.2647217724
97.1000000000 -36.3474129363
97.2000000000 -36.4303052510
97.3000000000 -36.5133973794
97.4000000000 -36.5966879631
97.5000000000 -36.6801756228
97.6000000000 -36.7638589583
97.7000000000 -36.8477365490
97.8000000000 -36.9318069539
97.9000000000 -37.0160687117
98.0000000000 -37.1005203414
98.1000000000 -37.1851603424
98.2000000000 -37.2699871946
98.3000000000 -37.3549993588
98.4000000000 -37.4401952771
98.5000000000 -37.5255733728
98.6000000000 -37.6111320511
98.7000000000 -37.6968696992
98.8000000000 -37.7827846865
98.9000000000 -37.8688753651
99.0000000000 -37.9551400699
99.1000000000 -38.0415771191
99.2000000000 -38.1281848146
99.3000000000 -38.2149614418
99.4000000000 -38.3019052707
99.5000000000 -38.3890145557
99.6000000000 -38.4762875362
99.7000000000 -38.5637224366
99.8000000000 -38.6513174672
99.9000000000 -38.7390708241
100.0000000000 -38.8269806899
100.1000000000 -38.9150452338
100.2000000000 -39.0032626120
100.3000000000 -39.0916309683
100.4000000000 -39.1801484345
100.5000000000 -39.2688131304
100.6000000000 -39.3576231645
100.7000000000 -39.4465766344
100.8000000000 -39.5356716271
100.9000000000 -39.6249062196
101.0000000000 -39.7142784788
101.1000000000 -39.8037864627
101.2000000000 -39.8934282201
101.3000000000 -39.9832017914
101.4000000000 -40.0731052088
101.5000000000 -40.1631364970
101.6000000000 -40.2532936733
101.7000000000 -40.3435747484
101.8000000000 -40.4339777264
101.9000000000 -40.5245006056
102.0000000000 -40.6151413786
102.1000000000 -40.7058980331
102.2000000000 -40.7967685520
102.3000000000 -40.8877509140
102.4000000000 -40.9788430939
102.5000000000 -41.0700430633
102.6000000000 -41.1613487908
102.7000000000 -41.2527582425
102.8000000000 -41.3442693822
102.9000000000 -41.4358801725
103.0000000000 -41.5275885743
103.1000000000 -41.6193925481
103.2000000000 -41.7112900538
103.3000000000 -41.8032790514
103.4000000000 -41.8953575016
103.5000000000 -41.9875233656
103.6000000000 -42.0797746063
103.7000000000 -42.1721091882
103.8000000000 -42.2645250780
103.9000000000 -42.3570202448
104.0000000000 -42.4495926610
104.1000000000 -42.5422403022
104.2000000000 -42.6349611477
104.3000000000 -42.7277531812
104.4000000000 -42.8206143908
104.5000000000 -42.9135427698
104.6000000000 -43.0065363166
104.7000000000 -43.0995930356
104.8000000000 -43.1927109372
104.9000000000 -43.2858880383
105.0000000000 -43.3791223628
105.1000000000 -43.4724119417
105.2000000000 -43.5657548136
105.3000000000 -43.6591490252
105.4000000000 -43.7525926315
105.5000000000 -43.8460836961
105.6000000000 -43.9396202915
105.7000000000 -44.0332004996
105.8000000000 -44.1268224122
105.9000000000 -44.2204841308
106.0000000000 -44.3141837673
106.1000000000 -44.4079194442
106.2000000000 -44.5016892949
106.3000000000 -44.5954914641
106.4000000000 -44.6893241080
106.5000000000 -44.7831853946
106.6000000000 -44.8770735039
106.7000000000 -44.9709866282
106.8000000000 -45.0649229727
106.9000000000 -45.1588807553
107.0000000000 -45.2528582069
107.1000000000 -45.3468535720
107.2000000000 -45.4408651087
107.3000000000 -45.5348910888
107.4000000000 -45.6289297983
107.5000000000 -45.7229795375
107.6000000000 -45.8170386212
107.7000000000 -45.9111053788
107.8000000000 -46.0051781548
107.9000000000 -46.0992553085
108.0000000000 -46.1933352149
108.1000000000 -46.2874162642
108.2000000000 -46.3814968621
108.3000000000 -46.4755754304
108.4000000000 -46.5696504067
108.5000000000 -46.6637202445
108.6000000000 -46.7577834139
108.7000000000 -46.8518384010
108.8000000000 -46.9458837087
108.9000000000 -47.0399178562
109.0000000000 -47.1339393796
109.1000000000 -47.2279468318
109.2000000000 -47.3219387826
109.3000000000 -47.4159138187
109.4000000000 -47.5098705439
109.5000000000 -47.6038075794
109.6000000000 -47.6977235633
109.7000000000 -47.7916171511
109.8000000000 -47.8854870158
109.9000000000 -47.9793318474
110.0000000000 -48.0731503538
110.1000000000 -48.1669412599
110.2000000000 -48.2607033085
110.3000000000 -48.3544352596
110.4000000000 -48.4481358907
110.5000000000 -48.5418039971
110.6000000000 -48.6354383914
110.7000000000 -48.7290379037
110.8000000000 -48.8226013818
110.9000000000 -48.9161276907
111.0000000000 -49.0096157131
111.1000000000 -49.1030643489
111.2000000000 -49.1964725156
111.3000000000 -49.2898391479
111.4000000000 -49.3831631978
111.5000000000 -49.4764436347
111.6000000000 -49.5696794449
111.7000000000 -49.6628696319
111.8000000000 -49.7560132164
111.9000000000 -49.8491092357
112.0000000000 -49.9421567444
112.1000000000 -50.0351548136
112.2000000000 -50.1281025311
112.3000000000 -50.2209990012
112.4000000000 -50.3138433450
112.5000000000 -50.4066346996
112.6000000000 -50.4993722185
112.7000000000 -50.5920550714
112.8000000000 -50.6846824439
112.9000000000 -50.7772535374
113.0000000000 -50.8697675692
113.1000000000 -50.9622237722
113.2000000000 -51.0546213945
113.3000000000 -51.1469596999
113.4000000000 -51.2392379669
113.5000000000 -51.3314554895
113.6000000000 -51.4236115760
113.7000000000 -51.5157055498
113.8000000000 -51.6077367486
113.9000000000 -51.6997045245
114.0000000000 -51.7916082437
114.1000000000 -51.8834472865
114.2000000000 -51.9752210467
114.3000000000 -52.0669289320
114.4000000000 -52.1585703635
114.5000000000 -52.2501447753
114.6000000000 -52.3416516148
114.7000000000 -52.4330903421
114.8000000000 -52.5244604298
114.9000000000 -52.6157613631
115.0000000000 -52.7069926394
115.1000000000 -52.7981537681
115.2000000000 -52.8892442702
115.3000000000 -52.9802636786
115.4000000000 -53.0712115373
115.5000000000 -53.1620874016
115.6000000000 -53.2528908375
115.7000000000 -53.3436214220
115.8000000000 -53.4342787422
115.9000000000 -53.5248623959
116.0000000000 -53.6153719904
116.1000000000 -53.7058071431
116.2000000000 -53.7961674809
116.3000000000 -53.8864526399
116.4000000000 -53.9766622653
116.5000000000 -54.0667960112
116.6000000000 -54.1568535403
116.7000000000 -54.2468345234
116.8000000000 -54.3367386398
116.9000000000 -54.4265655763
117.0000000000 -54.5163150275
117.1000000000 -54.6059866955
117.2000000000 -54.6955802892
117.3000000000 -54.7850955246
117.4000000000 -54.8745321244
117.5000000000 -54.9638898174
117.6000000000 -55.0531683389
117.7000000000 -55.1423674297
117.8000000000 -55.2314868366
117.9000000000 -55.3205263116
118.0000000000 -55.4094856118
118.1000000000 -55.4983644992
118.2000000000 -55.5871627407
118.3000000000 -55.6758801072
118.4000000000 -55.7645163740
118.5000000000 -55.8530713201
118.6000000000 -55.9415447285
118.7000000000 -56.0299363851
118.8000000000 -56.1182460792
118.9000000000 -56.2064736032
119.0000000000 -56.2946187517
119.1000000000 -56.3826813221
119.2000000000 -56.4706611137
119.3000000000 -56.5585579278
119.4000000000 -56.6463715675
119.5000000000 -56.7341018370
119.6000000000 -56.8217485420
119.7000000000 -56.9093114890
119.8000000000 -56.9967904852
119.9000000000 -57.0841853383
120.0000000000 -57.1714958563
120.1000000000 -57.2587218469
120.2000000000 -57.3458631180
120.3000000000 -57.4329194766
120.4000000000 -57.5198907293
120.5000000000 -57.6067766817
120.6000000000 -57.6935771380
120.7000000000 -57.7802919014
120.8000000000 -57.8669207732
120.9000000000 -57.9534635530
121.0000000000 -58.0399200383
121.1000000000 -58.1262900244
121.2000000000 -58.2125733041
121.3000000000 -58.2987696673
121.4000000000 -58.3848789014
121.5000000000 -58.4709007903
121.6000000000 -58.5568351149
121.7000000000 -58.6426816524
121.8000000000 -58.7284401763
121.9000000000 -58.8141104562
122.0000000000 -58.8996922576
122.1000000000 -58.9851853418
122.2000000000 -59.0705894655
122.3000000000 -59.1559043807
122.4000000000 -59.2411298346
122.5000000000 -59.3262655694
122.6000000000 -59.4113113222
122.7000000000 -59.4962668244
122.8000000000 -59.5811318021
122.9000000000 -59.6659059757
123.0000000000 -59.7505890595
123.1000000000 -59.8351807621
123.2000000000 -59.9196807857
123.3000000000 -60.0040888261
123.4000000000 -60.0884045728
123.5000000000 -60.1726277085
123.6000000000 -60.2567579092
123.7000000000 -60.3407948441
123.8000000000 -60.4247381752
123.9000000000 -60.5085875574
124.0000000000 -60.5923426382
124.1000000000 -60.6760030579
124.2000000000 -60.7595684491
124.3000000000 -60.8430384368
124.4000000000 -60.9264126384
124.5000000000 -61.0096906631
124.6000000000 -61.0928721125
124.7000000000 -61.1759565800
124.8000000000 -61.2589436509
124.9000000000 -61.3418329021
125.0000000000 -61.4246239026
125.1000000000 -61.5073162126
125.2000000000 -61.5899093840
125.3000000000 -61.6724029603
125.4000000000 -61.7547964763
125.5000000000 -61.8370894580
125.6000000000 -61.9192814231
125.7000000000 -62.0013718802
125.8000000000 -62.0833603292
125.9000000000 -62.1652462612
126.0000000000 -62.2470291584
126.1000000000 -62.3287084942
126.2000000000 -62.4102837329
126.3000000000 -62.4917543300
126.4000000000 -62.5731197320
126.5000000000 -62.6543793764
126.6000000000 -62.7355326916
126.7000000000 -62.8165790973
126.8000000000 -62.8975180040
126.9000000000 -62.9783488132
127.0000000000 -63.0590709175
127.1000000000 -63.1396837008
127.2000000000 -63.2201865376
127.3000000000 -63.3005787938
127.4000000000 -63.3808598265
127.5000000000 -63.4610289837
127.6000000000 -63.5410856049
127.7000000000 -63.6210290206
127.8000000000 -63.7008585528
127.9000000000 -63.7805735147
128.0000000000 -63.8601732110
128.1000000000 -63.9396569380
128.2000000000 -64.0190239834
128.3000000000 -64.0982736265
128.4000000000 -64.1774051384
128.5000000000 -64.2564177819
128.6000000000 -64.3353108119
128.7000000000 -64.4140834749
128.8000000000 -64.4927350097
128.9000000000 -64.5712646472
129.0000000000 -64.6496716106
129.1000000000 -64.7279551155
129.2000000000 -64.8061143697
129.3000000000 -64.8841485741
129.4000000000 -64.9620569218
129.5000000000 -65.0398385991
129.6000000000 -65.1174927851
129.7000000000 -65.1950186521
129.8000000000 -65.2724153656
129.9000000000 -65.3496820844
130.0000000000 -65.4268179610
130.1000000000 -65.5038221415
130.2000000000 -65.5806937656
130.3000000000 -65.6574319673
130.4000000000 -65.7340358747
130.5000000000 -65.8105046099
130.6000000000 -65.8868372897
130.7000000000 -65.9630330255
130.8000000000 -66.0390909235
130.9000000000 -66.1150100848
131.0000000000 -66.1907896057
131.1000000000 -66.2664285778
131.2000000000 -66.3419260882
131.3000000000 -66.4172812196
131.4000000000 -66.4924930508
131.5000000000 -66.5675606564
131.6000000000 -66.6424831075
131.7000000000 -66.7172594715
131.8000000000 -66.7918888124
131.9000000000 -66.8663701912
132.0000000000 -66.9407026658
132.1000000000 -67.0148852914
132.2000000000 -67.0889171207
132.3000000000 -67.1627972040
132.4000000000 -67.2365245894
132.5000000000 -67.3100983232
132.6000000000 -67.3835174497
132.7000000000 -67.4567810122
132.8000000000 -67.5298880521
132.9000000000 -67.6028376102
133.0000000000 -67.6756287261
133.1000000000 -67.7482604389
133.2000000000 -67.8207317872
133.3000000000 -67.8930418095
133.4000000000 -67.9651895441
133.5000000000 -68.0371740295
133.6000000000 -68.1089943049
133.7000000000 -68.1806494098
133.8000000000 -68.2521383848
133.9000000000 -68.3234602715
134.0000000000 -68.3946141128
134.1000000000 -68.4655989531
134.2000000000 -68.5364138385
134.3000000000 -68.6070578172
134.4000000000 -68.6775299393
134.5000000000 -68.7478292576
134.6000000000 -68.8179548272
134.7000000000 -68.8879057063
134.8000000000 -68.9576809559
134.9000000000 -69.0272796404
135.0000000000 -69.0967008275
135.1000000000 -69.1659435887
135.2000000000 -69.2350069993
135.3000000000 -69.3038901388
135.4000000000 -69.3725920908
135.5000000000 -69.4411119435
135.6000000000 -69.5094487899
135.7000000000 -69.5776017277
135.8000000000 -69.6455698600
135.9000000000 -69.7133522948
136.0000000000 -69.7809481460
136.1000000000 -69.8483565330
136.2000000000 -69.9155765811
136.3000000000 -69.9826074217
136.4000000000 -70.0494481926
136.5000000000 -70.1160980379
136.6000000000 -70.1825561083
136.7000000000 -70.2488215616
136.8000000000 -70.3148935624
136.9000000000 -70.3807712825
137.0000000000 -70.4464539011
137.1000000000 -70.5119406050
137.2000000000 -70.5772305887
137.3000000000 -70.6423230544
137.4000000000 -70.7072172126
137.5000000000 -70.7719122818
137.6000000000 -70.8364074890
137.7000000000 -70.9007020697
137.8000000000 -70.9647952679
137.9000000000 -71.0286863367
138.0000000000 -71.0923745380
138.1000000000 -71.1558591429
138.2000000000 -71.2191394316
138.3000000000 -71.2822146938
138.4000000000 -71.3450842289
138.5000000000 -71.4077473457
138.6000000000 -71.4702033629
138.7000000000 -71.5324516092
138.8000000000 -71.5944914231
138.9000000000 -71.6563221535
139.0000000000 -71.7179431595
139.1000000000 -71.7793538106
139.2000000000 -71.8405534868
139.3000000000 -71.9015415786
139.4000000000 -71.9623174873
139.5000000000 -72.0228806250
139.6000000000 -72.0832304147
139.7000000000 -72.1433662904
139.8000000000 -72.2032876971
139.9000000000 -72.2629940911
140.0000000000 -72.3224849399
140.1000000000 -72.3817597222
140.2000000000 -72.4408179284
140.3000000000 -72.4996590599
140.4000000000 -72.5582826302
140.5000000000 -72.6166881640
140.6000000000 -72.6748751978
140.7000000000 -72.7328432799
140.8000000000 -72.7905919702
140.9000000000 -72.8481208407
141.0000000000 -72.9054294750
141.1000000000 -72.9625174689
141.2000000000 -73.0193844299
141.3000000000 -73.0760299777
141.4000000000 -73.1324537440
141.5000000000 -73.1886553724
141.6000000000 -73.2446345190
141.7000000000 -73.3003908516
141.8000000000 -73.3559240504
141.9000000000 -73.4112338077
142.0000000000 -73.4663198281
142.1000000000 -73.5211818280
142.2000000000 -73.5758195366
142.3000000000 -73.6302326949
142.4000000000 -73.6844210561
142.5000000000 -73.7383843860
142.6000000000 -73.7921224621
142.7000000000 -73.8456350746
142.8000000000 -73.8989220255
142.9000000000 -73.9519831293
143.0000000000 -74.0048182124
143.1000000000 -74.0574271137
143.2000000000 -74.1098096839
143.3000000000 -74.1619657860
143.4000000000 -74.2138952951
143.5000000000 -74.2655980983
143.6000000000 -74.3170740949
143.7000000000 -74.3683231959
143.8000000000 -74.4193453245
143.9000000000 -74.4701404159
144.0000000000 -74.5207084170
144.1000000000 -74.5710492865
144.2000000000 -74.6211629953
144.3000000000 -74.6710495256
144.4000000000 -74.7207088716
144.5000000000 -74.7701410391
144.6000000000 -74.8193460453
144.7000000000 -74.8683239194
144.8000000000 -74.9170747016
144.9000000000 -74.9655984439
145.0000000000 -75.0138952094
145.1000000000 -75.0619650727
145.2000000000 -75.1098081197
145.3000000000 -75.1574244472
145.4000000000 -75.2048141633
145.5000000000 -75.2519773871
145.6000000000 -75.2989142487
145.7000000000 -75.3456248891
145.8000000000 -75.3921094600
145.9000000000 -75.4383681239
146.0000000000 -75.4844010540
146.1000000000 -75.5302084340
146.2000000000 -75.5757904582
146.3000000000 -75.6211473312
146.4000000000 -75.6662792679
146.5000000000 -75.7111864936
146.6000000000 -75.7558692437
146.7000000000 -75.8003277636
146.8000000000 -75.8445623086
146.9000000000 -75.8885731441
147.0000000000 -75.9323605452
147.1000000000 -75.9759247966
147.2000000000 -76.0192661927
147.3000000000 -76.0623850374
147.4000000000 -76.1052816440
147.5000000000 -76.1479563352
147.6000000000 -76.1904094427
147.7000000000 -76.2326413076
147.8000000000 -76.2746522798
147.9000000000 -76.3164427182
148.0000000000 -76.3580129905
148.1000000000 -76.3993634732
148.2000000000 -76.4404945513
148.3000000000 -76.4814066184
148.4000000000 -76.5221000765
148.5000000000 -76.5625753358
148.6000000000 -76.6028328148
148.7000000000 -76.6428729400
148.8000000000 -76.6826961461
148.9000000000 -76.7223028753
149.0000000000 -76.7616935780
149.1000000000 -76.8008687119
149.2000000000 -76.8398287425
149.3000000000 -76.8785741427
149.4000000000 -76.9171053925
149.5000000000 -76.9554229795
149.6000000000 -76.9935273981
149.7000000000 -77.0314191499
149.8000000000 -77.0690987432
149.9000000000 -77.1065666932
150.0000000000 -77.1438235217
150.1000000000 -77.1808697571
150.2000000000 -77.2177059341
150.3000000000 -77.2543325938
150.4000000000 -77.2907502834
150.5000000000 -77.3269595561
150.6000000000 -77.3629609710
150.7000000000 -77.3987550932
150.8000000000 -77.4343424932
150.9000000000 -77.4697237469
151.0000000000 -77.5048994359
151.1000000000 -77.5398701466
151.2000000000 -77.5746364707
151.3000000000 -77.6091990044
151.4000000000 -77.6435583490
151.5000000000 -77.6777151098
151.6000000000 -77.7116698967
151.7000000000 -77.7454233232
151.8000000000 -77.7789760067
151.9000000000 -77.8123285682
152.0000000000 -77.8454816316
152.1000000000 -77.8784358236
152.2000000000 -77.9111917732
152.3000000000 -77.9437501114
152.4000000000 -77.9761114705
152.5000000000 -78.0082764838
152.6000000000 -78.0402457846
152.7000000000 -78.0720200054
152.8000000000 -78.1035997777
152.9000000000 -78.1349857301
153.0000000000 -78.1661784877
153.1000000000 -78.1971786708
153.2000000000 -78.2279868928
153.3000000000 -78.2586037590
153.4000000000 -78.2890298644
153.5000000000 -78.3192657909
153.6000000000 -78.3493121048
153.7000000000 -78.3791693533
153.8000000000 -78.4088380610
153.9000000000 -78.4383187246
154.0000000000 -78.4676118087
154.1000000000 -78.4967177386
154.2000000000 -78.5256368937
154.3000000000 -78.5543695991
154.4000000000 -78.5829161151
154.5000000000 -78.6112766264
154.6000000000 -78.6394512280
154.7000000000 -78.6674399096
154.8000000000 -78.6952425368
154.9000000000 -78.7228588296
155.0000000000 -78.7502883364
155.1000000000 -78.7775304047
155.2000000000 -78.8045841453
155.3000000000 -78.8314483918
155.4000000000 -78.8581216519
155.5000000000 -78.8846020511
155.6000000000 -78.9108872662
155.7000000000 -78.9369744479
155.8000000000 -78.9628601291
155.9000000000 -78.9885401182
156.0000000000 -79.0140093738
156.1000000000 -79.0392618572
156.2000000000 -79.0642903598
156.3000000000 -79.0890863008
156.4000000000 -79.1136394896
156.5000000000 -79.1379378469
156.6000000000 -79.1619670777
156.7000000000 -79.1857102876
156.8000000000 -79.2091475326
156.9000000000 -79.2322552907
157.0000000000 -79.2550058422
157.1000000000 -79.2773665414
157.2000000000 -79.2992989635
157.3000000000 -79.3207579019
157.4000000000 -79.3416901918
157.5000000000 -79.3620333301
157.6000000000 -79.3817138539
157.7000000000 -79.4006454386
157.8000000000 -79.4187266636
157.9000000000 -79.4358383907
158.0000000000 -79.4518406850
158.1000000000 -79.4665691999
158.2000000000 -79.4798309322
158.3000000000 -79.4913992375
158.4000000000 -79.5010079757
158.5000000000 -79.5083446362
158.6000000000 -79.5130422613
158.7000000000 -79.5146699611
158.8000000000 -79.5127217688
158.9000000000 -79.5066035490
159.0000000000 -79.4956176139
159.1000000000 -79.4789446465
159.2000000000 -79.4556224558
159.3000000000 -79.4245210056
159.4000000000 -79.3843130588
159.5000000000 -79.3334396621
159.6000000000 -79.2700695547
159.7000000000 -79.1920514227
159.8000000000 -79.0968577204
159.9000000000 -78.9815185488
160.0000000000 -78.8425437996
160.1000000000 -78.6758314356
160.2000000000 -78.4765593718
160.3000000000 -78.2390579204
160.4000000000 -77.9566591466
160.5000000000 -77.6215187097
160.6000000000 -77.2244047697
160.7000000000 -76.7544472433
160.8000000000 -76.1988389393
160.9000000000 -75.5424776559
161.0000000000 -74.7675347880
161.1000000000 -73.8529306701
161.2000000000 -72.7736885871
161.3000000000 -71.5001259622
161.4000000000 -69.9968187918
161.5000000000 -68.2212367391
161.6000000000 -66.1218778773
161.7000000000 -63.6356081070
161.8000000000 -60.6836813750
161.9000000000 -57.1654892344
162.0000000000 -52.9482919415
162.1000000000 -47.8497502217
162.2000000000 -41.6077736461
162.3000000000 -33.8297527039
162.4000000000 -23.9165505046
162.5000000000 -10.9972412868
162.6000000000 5.8240848429
162.7000000000 25.2348232625
162.8000000000 38.0778594142
162.9000000000 39.6071526663
163.0000000000 39.5112504517
163.1000000000 39.4715150212
163.2000000000 39.4142142101
163.3000000000 39.3505075248
163.4000000000 39.2800861788
163.5000000000 39.2024446895
163.6000000000 39.1169827497
163.7000000000 39.0230654733
163.8000000000 38.9200382531
163.9000000000 38.8072346680
164.0000000000 38.6839839032
164.1000000000 38.5496186964
164.2000000000 38.4034838492
164.3000000000 38.2449451445
164.4000000000 38.0733984482
164.5000000000 37.8882787526
164.6000000000 37.6890689132
164.7000000000 37.4753078377
164.8000000000 37.2465979017
164.9000000000 37.0026113966
165.0000000000 36.7430958465
165.1000000000 36.4678780739
165.2000000000 36.1768669368
165.3000000000 35.8700547049
165.4000000000 35.5475170844
165.5000000000 35.2094119431
165.6000000000 34.8559768193
165.7000000000 34.4875253311
165.8000000000 34.1044426209
165.9000000000 33.7071799896
166.0000000000 33.2962488809
166.1000000000 32.8722143809
166.2000000000 32.4356883942
166.3000000000 31.9873226507
166.4000000000 31.5278016852
166.5000000000 31.0578359179
166.6000000000 30.5781549483
166.7000000000 30.0895011554
166.8000000000 29.5926236817
166.9000000000 29.0882728598
167.0000000000 28.5771951237
167.1000000000 28.0601284317
167.2000000000 27.5377982141
167.3000000000 27.0109138463
167.4000000000 26.4801656376
167.5000000000 25.9462223187
167.6000000000 25.4097289999
167.7000000000 24.8713055739
167.8000000000 24.3315455245
167.9000000000 23.7910151088
168.0000000000 23.2502528726
168.1000000000 22.7097694616
168.2000000000 22.1700476919
168.3000000000 21.6315428421
168.4000000000 21.0946831347
168.5000000000 20.5598703715
168.6000000000 20.0274806967
168.7000000000 19.4978654572
168.8000000000 18.9713521372
168.9000000000 18.4482453453
169.0000000000 17.9288278327
169.1000000000 17.4133615283
169.2000000000 16.9020885740
169.3000000000 16.3952323489
169.4000000000 15.8929984723
169.5000000000 15.3955757771
169.6000000000 14.9031372465
169.7000000000 14.4158409107
169.8000000000 13.9338306977
169.9000000000 13.4572372382
170.0000000000 12.9861786219
170.1000000000 12.5207611056
170.2000000000 12.0610797730
170.3000000000 11.6072191490
170.4000000000 11.1592537674
170.5000000000 10.7172486975
170.6000000000 10.2812600295
170.7000000000 9.8513353230
170.8000000000 9.4275140211
170.9000000000 9.0098278334
171.0000000000 8.5983010903
171.1000000000 8.1929510731
171.2000000000 7.7937883216
171.3000000000 7.4008169226
171.4000000000 7.0140347828
171.5000000000 6.6334338873
171.6000000000 6.2590005473
171.7000000000 5.8907156388
171.8000000000 5.5285548337
171.9000000000 5.1724888262
172.0000000000 4.8224835545
172.1000000000 4.4785004200
172.2000000000 4.1404965051
172.3000000000 3.8084247890
172.4000000000 3.4822343639
172.5000000000 3.1618706502
172.6000000000 2.8472756118
172.7000000000 2.5383879716
172.8000000000 2.2351434261
172.9000000000 1.9374748597
173.0000000000 1.6453125577
173.1000000000 1.3585844184
173.2000000000 1.0772161622
173.3000000000 0.8011315388
173.4000000000 0.5302525315
173.5000000000 0.2644995562
173.6000000000 0.0037916581
173.7000000000 -0.2519532985
173.8000000000 -0.5028184445
173.9000000000 -0.7488877273
174.0000000000 -0.9902457376
174.1000000000 -1.2269775438
174.2000000000 -1.4591685332
174.3000000000 -1.6869042604
174.4000000000 -1.9102703042
174.5000000000 -2.1293521310
174.6000000000 -2.3442349675
174.7000000000 -2.5550036802
174.8000000000 -2.7617426632
174.9000000000 -2.9645357345
175.0000000000 -3.1634660390
175.1000000000 -3.3586159598
175.2000000000 -3.5500670369
175.3000000000 -3.7378998932
175.4000000000 -3.9221941670
175.5000000000 -4.1030284518
175.6000000000 -4.2804802427
175.7000000000 -4.4546258885
175.8000000000 -4.6255405499
175.9000000000 -4.7932981636
176.0000000000 -4.9579714115
176.1000000000 -5.1196316945
176.2000000000 -5.2783491117
176.3000000000 -5.4341924437
176.4000000000 -5.5872291398
176.5000000000 -5.7375253091
176.6000000000 -5.8851457153
176.7000000000 -6.0301537748
176.8000000000 -6.1726115573
176.9000000000 -6.3125797895
177.0000000000 -6.4501178616
177.1000000000 -6.5852838353
177.2000000000 -6.7181344546
177.3000000000 -6.8487251579
177.4000000000 -6.9771100922
177.5000000000 -7.1033421284
177.6000000000 -7.2274728782
177.7000000000 -7.3495527118
177.8000000000 -7.4696307771
177.9000000000 -7.5877550195
178.0000000000 -7.7039722018
178.1000000000 -7.8183279263
178.2000000000 -7.9308666556
178.3000000000 -8.0416317351
178.4000000000 -8.1506654154
178.5000000000 -8.2580088744
178.6000000000 -8.3637022407
178.7000000000 -8.4677846160
178.8000000000 -8.5702940981
178.9000000000 -8.6712678039
179.0000000000 -8.7707418917
179.1000000000 -8.8687515845
179.2000000000 -8.9653311915
179.3000000000 -9.0605141315
179.4000000000 -9.1543329536
179.5000000000 -9.2468193602
179.6000000000 -9.3380042275
179.7000000000 -9.4279176268
179.8000000000 -9.5165888457
179.9000000000 -9.6040464080
180.0000000000 -9.6903180941
180.1000000000 -9.7754309603
180.2000000000 -9.8594113585
180.3000000000 -9.9422849550
180.4000000000 -10.0240767488
180.5000000000 -10.1048110898
180.6000000000 -10.1845116966
180.7000000000 -10.2632016736
180.8000000000 -10.3409035281
180.9000000000 -10.4176391866
181.0000000000 -10.4934300108
181.1000000000 -10.5682968136
181.2000000000 -10.6422598741
181.3000000000 -10.7153389526
181.4000000000 -10.7875533051
181.5000000000 -10.8589216972
181.6000000000 -10.9294624184
181.7000000000 -10.9991932948
181.8000000000 -11.0681317026
181.9000000000 -11.1362945805
182.0000000000 -11.2036984421
182.1000000000 -11.2703593881
182.2000000000 -11.3362931173
182.3000000000 -11.4015149385
182.4000000000 -11.4660397814
182.5000000000 -11.5298822070
182.6000000000 -11.5930564180
182.7000000000 -11.6555762692
182.8000000000 -11.7174552770
182.9000000000 -11.7787066289
183.0000000000 -11.8393431927
183.1000000000 -11.8993775256
183.2000000000 -11.9588218828
183.3000000000 -12.0176882259
183.4000000000 -12.0759882310
183.5000000000 -12.1337332969
183.6000000000 -12.1909345526
183.7000000000 -12.2476028648
183.8000000000 -12.3037488451
183.9000000000 -12.3593828574
184.0000000000 -12.4145150242
184.1000000000 -12.4691552336
184.2000000000 -12.5233131456
184.3000000000 -12.5769981985
184.4000000000 -12.6302196147
184.5000000000 -12.6829864067
184.6000000000 -12.7353073829
184.7000000000 -12.7871911531
184.8000000000 -12.8386461337
184.9000000000 -12.8896805531
185.0000000000 -12.9403024567
185.1000000000 -12.9905197119
185.2000000000 -13.0403400126
185.3000000000 -13.0897708841
185.4000000000 -13.1388196874
185.5000000000 -13.1874936239
185.6000000000 -13.2357997389
185.7000000000 -13.2837449267
185.8000000000 -13.3313359337
185.9000000000 -13.3785793628
186.0000000000 -13.4254816768
186.1000000000 -13.4720492023
186.2000000000 -13.5182881333
186.3000000000 -13.5642045343
186.4000000000 -13.6098043439
186.5000000000 -13.6550933781
186.6000000000 -13.7000773331
186.7000000000 -13.7447617887
186.8000000000 -13.7891522112
186.9000000000 -13.8332539561
187.0000000000 -13.8770722711
187.1000000000 -13.9206122988
187.2000000000 -13.9638790791
187.3000000000 -14.0068775523
187.4000000000 -14.0496125610
187.5000000000 -14.0920888529
187.6000000000 -14.1343110830
187.7000000000 -14.1762838159
187.8000000000 -14.2180115281
187.9000000000 -14.2594986104
188.0000000000 -14.3007493692
188.1000000000 -14.3417680297
188.2000000000 -14.3825587367
188.3000000000 -14.4231255576
188.4000000000 -14.4634724835
188.5000000000 -14.5036034315
188.6000000000 -14.5435222462
188.7000000000 -14.5832327016
188.8000000000 -14.6227385027
188.9000000000 -14.6620432872
189.0000000000 -14.7011506270
189.1000000000 -14.7400640301
189.2000000000 -14.7787869414
189.3000000000 -14.8173227450
189.4000000000 -14.8556747650
189.5000000000 -14.8938462672
189.6000000000 -14.9318404604
189.7000000000 -14.9696604978
189.8000000000 -15.0073094780
189.9000000000 -15.0447904467
190.0000000000 -15.0821063974
190.1000000000 -15.1192602732
190.2000000000 -15.1562549673
190.3000000000 -15.1930933247
190.4000000000 -15.2297781428
190.5000000000 -15.2663121731
190.6000000000 -15.3026981215
190.7000000000 -15.3389386499
190.8000000000 -15.3750363769
190.9000000000 -15.4109938789
191.0000000000 -15.4468136909
191.1000000000 -15.4824983077
191.2000000000 -15.5180501843
191.3000000000 -15.5534717374
191.4000000000 -15.5887653457
191.5000000000 -15.6239333512
191.6000000000 -15.6589780595
191.7000000000 -15.6939017410
191.8000000000 -15.7287066316
191.9000000000 -15.7633949333
192.0000000000 -15.7979688151
192.1000000000 -15.8324304136
192.2000000000 -15.8667818337
192.3000000000 -15.9010251495
192.4000000000 -15.9351624045
192.5000000000 -15.9691956128
192.6000000000 -16.0031267594
192.7000000000 -16.0369578010
192.8000000000 -16.0706906662
192.9000000000 -16.1043272568
193.0000000000 -16.1378694477
193.1000000000 -16.1713190879
193.2000000000 -16.2046780008
193.3000000000 -16.2379479849
193.4000000000 -16.2711308141
193.5000000000 -16.3042282388
193.6000000000 -16.3372419854
193.7000000000 -16.3701737578
193.8000000000 -16.4030252373
193.9000000000 -16.4357980833
194.0000000000 -16.4684939335
194.1000000000 -16.5011144048
194.2000000000 -16.5336610932
194.3000000000 -16.5661355747
194.4000000000 -16.5985394054
194.5000000000 -16.6308741222
194.6000000000 -16.6631412429
194.7000000000 -16.6953422666
194.8000000000 -16.7274786745
194.9000000000 -16.7595519298
195.0000000000 -16.7915634783
195.1000000000 -16.8235147487
195.2000000000 -16.8554071531
195.3000000000 -16.8872420870
195.4000000000 -16.9190209300
195.5000000000 -16.9507450460
195.6000000000 -16.9824157835
195.7000000000 -17.0140344758
195.8000000000 -17.0456024415
195.9000000000 -17.0771209849
196.0000000000 -17.1085913959
196.1000000000 -17.1400149508
196.2000000000 -17.1713929121
196.3000000000 -17.2027265290
196.4000000000 -17.2340170379
196.5000000000 -17.2652656622
196.6000000000 -17.2964736130
196.7000000000 -17.3276420889
196.8000000000 -17.3587722769
196.9000000000 -17.3898653520
197.0000000000 -17.4209224777
197.1000000000 -17.4519448065
197.2000000000 -17.4829334796
197.3000000000 -17.5138896277
197.4000000000 -17.5448143706
197.5000000000 -17.5757088181
197.6000000000 -17.6065740697
197.7000000000 -17.6374112150
197.8000000000 -17.6682213340
197.9000000000 -17.6990054972
198.0000000000 -17.7297647656
198.1000000000 -17.7605001915
198.2000000000 -17.7912128178
198.3000000000 -17.8219036793
198.4000000000 -17.8525738017
198.5000000000 -17.8832242026
198.6000000000 -17.9138558917
198.7000000000 -17.9444698702
198.8000000000 -17.9750671319
198.9000000000 -18.0056486629
199.0000000000 -18.0362154417
199.1000000000 -18.0667684395
199.2000000000 -18.0973086205
199.3000000000 -18.1278369419
199.4000000000 -18.1583543539
199.5000000000 -18.1888618002
199.6000000000 -18.2193602179
199.7000000000 -18.2498505379
199.8000000000 -18.2803336845
199.9000000000 -18.3108105763
200.0000000000 -18.3412821258
200.1000000000 -18.3717492396
200.2000000000 -18.4022128189
200.3000000000 -18.4326737590
200.4000000000 -18.4631329502
200.5000000000 -18.4935912772
200.6000000000 -18.5240496197
200.7000000000 -18.5545088525
200.8000000000 -18.5849698452
200.9000000000 -18.6154334630
201.0000000000 -18.6459005661
201.1000000000 -18.6763720104
201.2000000000 -18.7068486472
201.3000000000 -18.7373313238
201.4000000000 -18.7678208829
201.5000000000 -18.7983181636
201.6000000000 -18.8288240005
201.7000000000 -18.8593392247
201.8000000000 -18.8898646635
201.9000000000 -18.9204011404
202.0000000000 -18.9509494754
202.1000000000 -18.9815104853
202.2000000000 -19.0120849832
202.3000000000 -19.0426737791
202.4000000000 -19.0732776798
202.5000000000 -19.1038974891
202.6000000000 -19.1345340079
202.7000000000 -19.1651880341
202.8000000000 -19.1958603629
202.9000000000 -19.2265517866
203.0000000000 -19.2572630953
203.1000000000 -19.2879950762
203.2000000000 -19.3187485143
203.3000000000 -19.3495241922
203.4000000000 -19.3803228902
203.5000000000 -19.4111453864
203.6000000000 -19.4419924570
203.7000000000 -19.4728648760
203.8000000000 -19.5037634156
203.9000000000 -19.5346888458
204.0000000000 -19.5656419354
204.1000000000 -19.5966234510
204.2000000000 -19.6276341578
204.3000000000 -19.6586748195
204.4000000000 -19.6897461981
204.5000000000 -19.7208490545
204.6000000000 -19.7519841479
204.7000000000 -19.7831522366
204.8000000000 -19.8143540776
204.9000000000 -19.8455904265
205.0000000000 -19.8768620382
205.1000000000 -19.9081696665
205.2000000000 -19.9395140643
205.3000000000 -19.9708959834
205.4000000000 -20.0023161753
205.5000000000 -20.0337753903
205.6000000000 -20.0652743782
205.7000000000 -20.0968138884
205.8000000000 -20.1283946694
205.9000000000 -20.1600174694
206.0000000000 -20.1916830363
206.1000000000 -20.2233921175
206.2000000000 -20.2551454601
206.3000000000 -20.2869438109
206.4000000000 -20.3187879166
206.5000000000 -20.3506785239
206.6000000000 -20.3826163791
206.7000000000 -20.4146022288
206.8000000000 -20.4466368194
206.9000000000 -20.4787208975
207.0000000000 -20.5108552098
207.1000000000 -20.5430405033
207.2000000000 -20.5752775252
207.3000000000 -20.6075670227
207.4000000000 -20.6399097439
207.5000000000 -20.6723064368
207.6000000000 -20.7047578502
207.7000000000 -20.7372647331
207.8000000000 -20.7698278353
207.9000000000 -20.8024479069
208.0000000000 -20.8351256990
208.1000000000 -20.8678619631
208.2000000000 -20.9006574515
208.3000000000 -20.9335129173
208.4000000000 -20.9664291144
208.5000000000 -20.9994067975
208.6000000000 -21.0324467224
208.7000000000 -21.0655496455
208.8000000000 -21.0987163247
208.9000000000 -21.1319475183
209.0000000000 -21.1652439862
209.1000000000 -21.1986064892
209.2000000000 -21.2320357891
209.3000000000 -21.2655326492
209.4000000000 -21.2990978338
209.5000000000 -21.3327321085
209.6000000000 -21.3664362403
209.7000000000 -21.4002109974
209.8000000000 -21.4340571494
209.9000000000 -21.4679754675
210.0000000000 -21.5019667241
210.1000000000 -21.5360316932
210.2000000000 -21.5701711502
210.3000000000 -21.6043858723
210.4000000000 -21.6386766379
210.5000000000 -21.6730442274
210.6000000000 -21.7074894225
210.7000000000 -21.7420130069
210.8000000000 -21.7766157657
210.9000000000 -21.8112984858
211.0000000000 -21.8460619561
211.1000000000 -21.8809069670
211.2000000000 -21.9158343109
211.3000000000 -21.9508447818
211.4000000000 -21.9859391759
211.5000000000 -22.0211182910
211.6000000000 -22.0563829271
211.7000000000 -22.0917338858
211.8000000000 -22.1271719710
211.9000000000 -22.1626979884
212.0000000000 -22.1983127457
212.1000000000 -22.2340170528
212.2000000000 -22.2698117214
212.3000000000 -22.3056975656
212.4000000000 -22.3416754013
212.5000000000 -22.3777460467
212.6000000000 -22.4139103220
212.7000000000 -22.4501690497
212.8000000000 -22.4865230542
212.9000000000 -22.5229731625
213.0000000000 -22.5595202033
213.1000000000 -22.5961650080
213.2000000000 -22.6329084098
213.3000000000 -22.6697512445
213.4000000000 -22.7066943499
213.5000000000 -22.7437385661
213.6000000000 -22.7808847356
213.7000000000 -22.8181337030
213.8000000000 -22.8554863154
213.9000000000 -22.8929434220
214.0000000000 -22.9305058744
214.1000000000 -22.9681745265
214.2000000000 -23.0059502345
214.3000000000 -23.0438338569
214.4000000000 -23.0818262547
214.5000000000 -23.1199282909
214.6000000000 -23.1581408312
214.7000000000 -23.1964647433
214.8000000000 -23.2349008974
214.9000000000 -23.2734501660
215.0000000000 -23.3121134240
215.1000000000 -23.3508915485
215.2000000000 -23.3897854189
215.3000000000 -23.4287959170
215.4000000000 -23.4679239269
215.5000000000 -23.5071703350
215.6000000000 -23.5465360299
215.7000000000 -23.5860219025
215.8000000000 -23.6256288462
215.9000000000 -23.6653577564
216.0000000000 -23.7052095307
216.1000000000 -23.7451850691
216.2000000000 -23.7852852739
216.3000000000 -23.8255110492
216.4000000000 -23.8658633018
216.5000000000 -23.9063429402
216.6000000000 -23.9469508753
216.7000000000 -23.9876880201
216.8000000000 -24.0285552895
216.9000000000 -24.0695536009
217.0000000000 -24.1106838732
217.1000000000 -24.1519470277
217.2000000000 -24.1933439876
217.3000000000 -24.2348756780
217.4000000000 -24.2765430260
217.5000000000 -24.3183469605
217.6000000000 -24.3602884124
217.7000000000 -24.4023683144
217.8000000000 -24.4445876009
217.9000000000 -24.4869472080
218.0000000000 -24.5294480738
218.1000000000 -24.5720911378
218.2000000000 -24.6148773412
218.3000000000 -24.6578076269
218.4000000000 -24.7008829392
218.5000000000 -24.7441042240
218.6000000000 -24.7874724284
218.7000000000 -24.8309885012
218.8000000000 -24.8746533925
218.9000000000 -24.9184680534
219.0000000000 -24.9624334365
219.1000000000 -25.0065504956
219.2000000000 -25.0508201854
219.3000000000 -25.0952434617
219.4000000000 -25.1398212815
219.5000000000 -25.1845546024
219.6000000000 -25.2294443831
219.7000000000 -25.2744915831
219.8000000000 -25.3196971623
219.9000000000 -25.3650620817
220.0000000000 -25.4105873025
220.1000000000 -25.4562737865
220.2000000000 -25.5021224961
220.3000000000 -25.5481343937
220.4000000000 -25.5943104422
220.5000000000 -25.6406516047
220.6000000000 -25.6871588442
220.7000000000 -25.7338331237
220.8000000000 -25.7806754064
220.9000000000 -25.8276866549
221.0000000000 -25.8748678318
221.1000000000 -25.9222198993
221.2000000000 -25.9697438190
221.3000000000 -26.0174405521
221.4000000000 -26.0653110588
221.5000000000 -26.1133562990
221.6000000000 -26.1615772312
221.7000000000 -26.2099748133
221.8000000000 -26.2585500019
221.9000000000 -26.3073037523
222.0000000000 -26.3562370188
222.1000000000 -26.4053507538
222.2000000000 -26.4546459084
222.3000000000 -26.5041234319
222.4000000000 -26.5537842720
222.5000000000 -26.6036293740
222.6000000000 -26.6536596815
222.7000000000 -26.7038761357
222.8000000000 -26.7542796756
222.9000000000 -26.8048712376
223.0000000000 -26.8556517554
223.1000000000 -26.9066221603
223.2000000000 -26.9577833803
223.3000000000 -27.0091363404
223.4000000000 -27.0606819627
223.5000000000 -27.1124211657
223.6000000000 -27.1643548643
223.7000000000 -27.2164839702
223.8000000000 -27.2688093907
223.9000000000 -27.3213320296
224.0000000000 -27.3740527864
224.1000000000 -27.4269725563
224.2000000000 -27.4800922300
224.3000000000 -27.5334126937
224.4000000000 -27.5869348286
224.5000000000 -27.6406595112
224.6000000000 -27.6945876127
224.7000000000 -27.7487199990
224.8000000000 -27.8030575304
224.9000000000 -27.8576010618
225.0000000000 -27.9123514420
225.1000000000 -27.9673095137
225.2000000000 -28.0224761137
225.3000000000 -28.0778520720
225.4000000000 -28.1334382122
225.5000000000 -28.1892353511
225.6000000000 -28.2452442983
225.7000000000 -28.3014658565
225.8000000000 -28.3579008208
225.9000000000 -28.4145499787
226.0000000000 -28.4714141099
226.1000000000 -28.5284939862
226.2000000000 -28.5857903711
226.3000000000 -28.6433040197
226.4000000000 -28.7010356785
226.5000000000 -28.7589860851
226.6000000000 -28.8171559680
226.7000000000 -28.8755460466
226.8000000000 -28.9341570306
226.9000000000 -28.9929896202
227.0000000000 -29.0520445055
227.1000000000 -29.1113223666
227.2000000000 -29.1708238733
227.3000000000 -29.2305496844
227.4000000000 -29.2905004485
227.5000000000 -29.3506768026
227.6000000000 -29.4110793729
227.7000000000 -29.4717087737
227.8000000000 -29.5325656079
227.9000000000 -29.5936504664
228.0000000000 -29.6549639278
228.1000000000 -29.7165065584
228.2000000000 -29.7782789118
228.3000000000 -29.8402815289
228.4000000000 -29.9025149373
228.5000000000 -29.9649796515
228.6000000000 -30.0276761721
228.7000000000 -30.0906049864
228.8000000000 -30.1537665672
228.9000000000 -30.2171613733
229.0000000000 -30.2807898492
229.1000000000 -30.3446524242
229.2000000000 -30.4087495131
229.3000000000 -30.4730815152
229.4000000000 -30.5376488148
229.5000000000 -30.6024517802
229.6000000000 -30.6674907640
229.7000000000 -30.7327661027
229.8000000000 -30.7982781164
229.9000000000 -30.8640271088
230.0000000000 -30.9300133668
230.1000000000 -30.9962371603
230.2000000000 -31.0626987419
230.3000000000 -31.1293983469
230.4000000000 -31.1963361929
230.5000000000 -31.2635124798
230.6000000000 -31.3309273891
230.7000000000 -31.3985810843
230.8000000000 -31.4664737103
230.9000000000 -31.5346053933
231.0000000000 -31.6029762406
231.1000000000 -31.6715863404
231.2000000000 -31.7404357615
231.3000000000 -31.8095245533
231.4000000000 -31.8788527455
231.5000000000 -31.9484203478
231.6000000000 -32.0182273499
231.7000000000 -32.0882737213
231.8000000000 -32.1585594110
231.9000000000 -32.2290843471
232.0000000000 -32.2998484374
232.1000000000 -32.3708515684
232.2000000000 -32.4420936055
232.3000000000 -32.5135743929
232.4000000000 -32.5852937532
232.5000000000 -32.6572514876
232.6000000000 -32.7294473754
232.7000000000 -32.8018811740
232.8000000000 -32.8745526188
232.9000000000 -32.9474614229
233.0000000000 -33.0206072774
233.1000000000 -33.0939898506
233.2000000000 -33.1676087885
233.3000000000 -33.2414637144
233.4000000000 -33.3155542287
233.5000000000 -33.3898799092
233.6000000000 -33.4644403104
233.7000000000 -33.5392349639
233.8000000000 -33.6142633782
233.9000000000 -33.6895250386
234.0000000000 -33.7650194069
234.1000000000 -33.8407459218
234.2000000000 -33.9167039983
234.3000000000 -33.9928930282
234.4000000000 -34.0693123796
234.5000000000 -34.1459613972
234.6000000000 -34.2228394018
234.7000000000 -34.2999456910
234.8000000000 -34.3772795383
234.9000000000 -34.4548401940
235.0000000000 -34.5326268845
235.1000000000 -34.6106388125
235.2000000000 -34.6888751571
235.3000000000 -34.7673350740
235.4000000000 -34.8460176949
235.5000000000 -34.9249221282
235.6000000000 -35.0040474588
235.7000000000 -35.0833927478
235.8000000000 -35.1629570334
235.9000000000 -35.2427393298
236.0000000000 -35.3227386285
236.1000000000 -35.4029538974
236.2000000000 -35.4833840814
236.3000000000 -35.5640281023
236.4000000000 -35.6448848590
236.5000000000 -35.7259532277
236.6000000000 -35.8072320618
236.7000000000 -35.8887201920
236.8000000000 -35.9704164266
236.9000000000 -36.0523195519
237.0000000000 -36.1344283315
237.1000000000 -36.2167415075
237.2000000000 -36.2992577999
237.3000000000 -36.3819759072
237.4000000000 -36.4648945061
237.5000000000 -36.5480122525
237.6000000000 -36.6313277808
237.7000000000 -36.7148397047
237.8000000000 -36.7985466171
237.9000000000 -36.8824470907
238.0000000000 -36.9665396777
238.1000000000 -37.0508229105
238.2000000000 -37.1352953015
238.3000000000 -37.2199553439
238.4000000000 -37.3048015115
238.5000000000 -37.3898322590
238.6000000000 -37.4750460228
238.7000000000 -37.5604412203
238.8000000000 -37.6460162513
238.9000000000 -37.7317694974
239.0000000000 -37.8176993228
239.1000000000 -37.9038040743
239.2000000000 -37.9900820820
239.3000000000 -38.0765316592
239.4000000000 -38.1631511029
239.5000000000 -38.2499386943
239.6000000000 -38.3368926988
239.7000000000 -38.4240113666
239.8000000000 -38.5112929330
239.9000000000 -38.5987356186
240.0000000000 -38.6863376299
240.1000000000 -38.7740971594
240.2000000000 -38.8620123862
240.3000000000 -38.9500814763
240.4000000000 -39.0383025830
240.5000000000 -39.1266738470
240.6000000000 -39.2151933973
240.7000000000 -39.3038593511
240.8000000000 -39.3926698147
240.9000000000 -39.4816228833
241.0000000000 -39.5707166419
241.1000000000 -39.6599491654
241.2000000000 -39.7493185193
241.3000000000 -39.8388227598
241.4000000000 -39.9284599343
241.5000000000 -40.0182280821
241.6000000000 -40.1081252344
241.7000000000 -40.1981494148
241.8000000000 -40.2882986402
241.9000000000 -40.3785709206
242.0000000000 -40.4689642598
242.1000000000 -40.5594766559
242.2000000000 -40.6501061015
242.3000000000 -40.7408505844
242.4000000000 -40.8317080879
242.5000000000 -40.9226765911
242.6000000000 -41.0137540697
242.7000000000 -41.1049384960
242.8000000000 -41.1962278395
242.9000000000 -41.2876200676
243.0000000000 -41.3791131455
243.1000000000 -41.4707050371
243.2000000000 -41.5623937051
243.3000000000 -41.6541771118
243.4000000000 -41.7460532190
243.5000000000 -41.8380199890
243.6000000000 -41.9300753846
243.7000000000 -42.0222173697
243.8000000000 -42.1144439097
243.9000000000 -42.2067529717
244.0000000000 -42.2991425255
244.1000000000 -42.3916105433
244.2000000000 -42.4841550005
244.3000000000 -42.5767738762
244.4000000000 -42.6694651531
244.5000000000 -42.7622268186
244.6000000000 -42.8550568647
244.7000000000 -42.9479532883
244.8000000000 -43.0409140922
244.9000000000 -43.1339372847
245.0000000000 -43.2270208806
245.1000000000 -43.3201629012
245.2000000000 -43.4133613750
245.3000000000 -43.5066143377
245.4000000000 -43.5999198328
245.5000000000 -43.6932759117
245.6000000000 -43.7866806346
245.7000000000 -43.8801320701
245.8000000000 -43.9736282960
245.9000000000 -44.0671673998
246.0000000000 -44.1607474785
246.1000000000 -44.2543666392
246.2000000000 -44.3480229996
246.3000000000 -44.4417146878
246.4000000000 -44.5354398433
246.5000000000 -44.6291966165
246.6000000000 -44.7229831698
246.7000000000 -44.8167976772
246.8000000000 -44.9106383250
246.9000000000 -45.0045033120
247.0000000000 -45.0983908494
247.1000000000 -45.1922991616
247.2000000000 -45.2862264862
247.3000000000 -45.3801710742
247.4000000000 -45.4741311903
247.5000000000 -45.5681051131
247.6000000000 -45.6620911353
247.7000000000 -45.7560875640
247.8000000000 -45.8500927209
247.9000000000 -45.9441049424
248.0000000000 -46.0381225798
248.1000000000 -46.1321439998
248.2000000000 -46.2261675841
248.3000000000 -46.3201917301
248.4000000000 -46.4142148508
248.5000000000 -46.5082353750
248.6000000000 -46.6022517475
248.7000000000 -46.6962624293
248.8000000000 -46.7902658975
248.9000000000 -46.8842606457
249.0000000000 -46.9782451839
249.1000000000 -47.0722180388
249.2000000000 -47.1661777537
249.3000000000 -47.2601228890
249.4000000000 -47.3540520218
249.5000000000 -47.4479637462
249.6000000000 -47.5418566735
249.7000000000 -47.6357294320
249.8000000000 -47.7295806674
249.9000000000 -47.8234090427
250.0000000000 -47.9172132379
250.1000000000 -48.0109919508
250.2000000000 -48.1047438964
250.3000000000 -48.1984678071
250.4000000000 -48.2921624328
250.5000000000 -48.3858265411
250.6000000000 -48.4794589168
250.7000000000 -48.5730583623
250.8000000000 -48.6666236976
250.9000000000 -48.7601537601
251.0000000000 -48.8536474046
251.1000000000 -48.9471035034
251.2000000000 -49.0405209464
251.3000000000 -49.1338986407
251.4000000000 -49.2272355107
251.5000000000 -49.3205304983
251.6000000000 -49.4137825625
251.7000000000 -49.5069906796
251.8000000000 -49.6001538428
251.9000000000 -49.6932710627
252.0000000000 -49.7863413667
252.1000000000 -49.8793637991
252.2000000000 -49.9723374209
252.3000000000 -50.0652613102
252.4000000000 -50.1581345613
252.5000000000 -50.2509562853
252.6000000000 -50.3437256097
252.7000000000 -50.4364416781
252.8000000000 -50.5291036505
252.9000000000 -50.6217107030
253.0000000000 -50.7142620274
253.1000000000 -50.8067568316
253.2000000000 -50.8991943390
253.3000000000 -50.9915737885
253.4000000000 -51.0838944345
253.5000000000 -51.1761555467
253.6000000000 -51.2683564097
253.7000000000 -51.3604963231
253.8000000000 -51.4525746014
253.9000000000 -51.5445905735
254.0000000000 -51.6365435829
254.1000000000 -51.7284329872
254.2000000000 -51.8202581584
254.3000000000 -51.9120184819
254.4000000000 -52.0037133573
254.5000000000 -52.0953421975
254.6000000000 -52.1869044288
254.7000000000 -52.2783994907
254.8000000000 -52.3698268354
254.9000000000 -52.4611859282
255.0000000000 -52.5524762468
255.1000000000 -52.6436972812
255.2000000000 -52.7348485336
255.3000000000 -52.8259295181
255.4000000000 -52.9169397607
255.5000000000 -53.0078787985
255.6000000000 -53.0987461802
255.7000000000 -53.1895414656
255.8000000000 -53.2802642250
255.9000000000 -53.3709140397
256.0000000000 -53.4614905012
256.1000000000 -53.5519932111
256.2000000000 -53.6424217811
256.3000000000 -53.7327758324
256.4000000000 -53.8230549959
256.5000000000 -53.9132589115
256.6000000000 -54.0033872283
256.7000000000 -54.0934396039
256.8000000000 -54.1834157047
256.9000000000 -54.2733152051
257.0000000000 -54.3631377877
257.1000000000 -54.4528831429
257.2000000000 -54.5425509686
257.3000000000 -54.6321409699
257.4000000000 -54.7216528590
257.5000000000 -54.8110863551
257.6000000000 -54.9004411838
257.7000000000 -54.9897170769
257.8000000000 -55.0789137725
257.9000000000 -55.1680310143
258.0000000000 -55.2570685517
258.1000000000 -55.3460261394
258.2000000000 -55.4349035372
258.3000000000 -55.5237005096
258.4000000000 -55.6124168257
258.5000000000 -55.7010522591
258.6000000000 -55.7896065871
258.7000000000 -55.8780795913
258.8000000000 -55.9664710565
258.9000000000 -56.0547807709
259.0000000000 -56.1430085260
259.1000000000 -56.2311541157
259.2000000000 -56.3192173370
259.3000000000 -56.4071979888
259.4000000000 -56.4950958723
259.5000000000 -56.5829107906
259.6000000000 -56.6706425482
259.7000000000 -56.7582909513
259.8000000000 -56.8458558067
259.9000000000 -56.9333369227
260.0000000000 -57.0207341077
260.1000000000 -57.1080471709
260.2000000000 -57.1952759215
260.3000000000 -57.2824201685
260.4000000000 -57.3694797209
260.5000000000 -57.4564543869
260.6000000000 -57.5433439742
260.7000000000 -57.6301482893
260.8000000000 -57.7168671376
260.9000000000 -57.8035003230
261.0000000000 -57.8900476477
261.1000000000 -57.9765089122
261.2000000000 -58.0628839147
261.3000000000 -58.1491724513
261.4000000000 -58.2353743153
261.5000000000 -58.3214892975
261.6000000000 -58.4075171857
261.7000000000 -58.4934577645
261.8000000000 -58.5793108151
261.9000000000 -58.6650761152
262.0000000000 -58.7507534388
262.1000000000 -58.8363425559
262.2000000000 -58.9218432324
262.3000000000 -59.0072552296
262.4000000000 -59.0925783048
262.5000000000 -59.1778122100
262.6000000000 -59.2629566928
262.7000000000 -59.3480114955
262.8000000000 -59.4329763551
262.9000000000 -59.5178510034
263.0000000000 -59.6026351665
263.1000000000 -59.6873285647
263.2000000000 -59.7719309126
263.3000000000 -59.8564419185
263.4000000000 -59.9408612846
263.5000000000 -60.0251887067
263.6000000000 -60.1094238743
263.7000000000 -60.1935664699
263.8000000000 -60.2776161694
263.9000000000 -60.3615726417
264.0000000000 -60.4454355488
264.1000000000 -60.5292045453
264.2000000000 -60.6128792787
264.3000000000 -60.6964593888
264.4000000000 -60.7799445081
264.5000000000 -60.8633342614
264.6000000000 -60.9466282657
264.7000000000 -61.0298261301
264.8000000000 -61.1129274557
264.9000000000 -61.1959318357
265.0000000000 -61.2788388551
265.1000000000 -61.3616480906
265.2000000000 -61.4443591106
265.3000000000 -61.5269714751
265.4000000000 -61.6094847359
265.5000000000 -61.6918984358
265.6000000000 -61.7742121094
265.7000000000 -61.8564252825
265.8000000000 -61.9385374723
265.9000000000 -62.0205481870
266.0000000000 -62.1024569263
266.1000000000 -62.1842631810
266.2000000000 -62.2659664328
266.3000000000 -62.3475661549
266.4000000000 -62.4290618112
266.5000000000 -62.5104528569
266.6000000000 -62.5917387381
266.7000000000 -62.6729188921
266.8000000000 -62.7539927471
266.9000000000 -62.8349597223
267.0000000000 -62.9158192280
267.1000000000 -62.9965706655
267.2000000000 -63.0772134271
267.3000000000 -63.1577468964
267.4000000000 -63.2381704478
267.5000000000 -63.3184834469
267.6000000000 -63.3986852505
267.7000000000 -63.4787752066
267.8000000000 -63.5587526544
267.9000000000 -63.6386169243
268.0000000000 -63.7183673382
268.1000000000 -63.7980032092
268.2000000000 -63.8775238419
268.3000000000 -63.9569285324
268.4000000000 -64.0362165684
268.5000000000 -64.1153872292
268.6000000000 -64.1944397860
268.7000000000 -64.2733735015
268.8000000000 -64.3521876305
268.9000000000 -64.4308814198
269.0000000000 -64.5094541082
269.1000000000 -64.5879049267
269.2000000000 -64.6662330987
269.3000000000 -64.7444378397
269.4000000000 -64.8225183580
269.5000000000 -64.9004738544
269.6000000000 -64.9783035226
269.7000000000 -65.0560065489
269.8000000000 -65.1335821128
269.9000000000 -65.2110293869
270.0000000000 -65.2883475370
270.1000000000 -65.3655357223
270.2000000000 -65.4425930958
270.3000000000 -65.5195188038
270.4000000000 -65.5963119868
270.5000000000 -65.6729717791
270.6000000000 -65.7494973092
270.7000000000 -65.8258876999
270.8000000000 -65.9021420687
270.9000000000 -65.9782595275
271.0000000000 -66.0542391831
271.1000000000 -66.1300801373
271.2000000000 -66.2057814871
271.3000000000 -66.2813423249
271.4000000000 -66.3567617385
271.5000000000 -66.4320388114
271.6000000000 -66.5071726233
271.7000000000 -66.5821622496
271.8000000000 -66.6570067623
271.9000000000 -66.7317052297
272.0000000000 -66.8062567169
272.1000000000 -66.8806602856
272.2000000000 -66.9549149950
272.3000000000 -67.0290199012
272.4000000000 -67.1029740580
272.5000000000 -67.1767765167
272.6000000000 -67.2504263267
272.7000000000 -67.3239225353
272.8000000000 -67.3972641883
272.9000000000 -67.4704503298
273.0000000000 -67.5434800028
273.1000000000 -67.6163522491
273.2000000000 -67.6890661098
273.3000000000 -67.7616206252
273.4000000000 -67.8340148354
273.5000000000 -67.9062477802
273.6000000000 -67.9783184993
273.7000000000 -68.0502260328
273.8000000000 -68.1219694211
273.9000000000 -68.1935477054
274.0000000000 -68.2649599278
274.1000000000 -68.3362051313
274.2000000000 -68.4072823605
274.3000000000 -68.4781906614
274.4000000000 -68.5489290817
274.5000000000 -68.6194966711
274.6000000000 -68.6898924815
274.7000000000 -68.7601155674
274.8000000000 -68.8301649856
274.9000000000 -68.9000397959
275.0000000000 -68.9697390611
275.1000000000 -69.0392618474
275.2000000000 -69.1086072243
275.3000000000 -69.1777742651
275.4000000000 -69.2467620469
275.5000000000 -69.3155696510
275.6000000000 -69.3841961628
275.7000000000 -69.4526406726
275.8000000000 -69.5209022750
275.9000000000 -69.5889800699
276.0000000000 -69.6568731620
276.1000000000 -69.7245806615
276.2000000000 -69.7921016841
276.3000000000 -69.8594353511
276.4000000000 -69.9265807899
276.5000000000 -69.9935371338
276.6000000000 -70.0603035226
276.7000000000 -70.1268791024
276.8000000000 -70.1932630260
276.9000000000 -70.2594544530
277.0000000000 -70.3254525501
277.1000000000 -70.3912564913
277.2000000000 -70.4568654577
277.3000000000 -70.5222786382
277.4000000000 -70.5874952292
277.5000000000 -70.6525144351
277.6000000000 -70.7173354684
277.7000000000 -70.7819575497
277.8000000000 -70.8463799080
277.9000000000 -70.9106017809
278.0000000000 -70.9746224145
278.1000000000 -71.0384410639
278.2000000000 -71.1020569930
278.3000000000 -71.1654694751
278.4000000000 -71.2286777924
278.5000000000 -71.2916812368
278.6000000000 -71.3544791095
278.7000000000 -71.4170707215
278.8000000000 -71.4794553936
278.9000000000 -71.5416324564
279.0000000000 -71.6036012505
279.1000000000 -71.6653611270
279.2000000000 -71.7269114468
279.3000000000 -71.7882515815
279.4000000000 -71.8493809131
279.5000000000 -71.9102988341
279.6000000000 -71.9710047479
279.7000000000 -72.0314980685
279.8000000000 -72.0917782209
279.9000000000 -72.1518446411
