0 -81.70824706 0.043093955
1 -64.96890895 0.09482734618
2 -38.88537093 0.2743568944
3 41.1077523 0.9976291423
4 42.87237138 0.9999730392
5 46.06982539 0.999984949
6 39.0317106 0.9999520089
7 34.7870474 0.9998913626
8 30.69555753 0.9997669764
9 26.55274871 0.999499733
10 22.46252992 0.9989453874
11 18.53547421 0.9978653481
12 14.8489607 0.9959162198
13 11.45314465 0.9926866091
14 8.378734636 0.987798726
15 5.64003339 0.9810484243
16 3.235620835 0.9725089461
17 1.149735973 0.9625291407
18 -0.6444111378 0.9516272149
19 -2.18006254 0.9403477985
20 -3.492462253 0.9291528961
21 -4.615529257 0.9183737874
22 -5.579911403 0.9082120008
23 -6.41217963 0.8987649748
24 -7.134767108 0.8900573231
25 -7.766307124 0.8820679985
26 -8.322134382 0.8747504233
27 -8.814814041 0.8680460027
28 -9.254631477 0.8618925402
29 -9.650016481 0.8562291183
30 -10.00789713 0.8509986846
31 -10.3339886 0.8461492249
32 -10.63302599 0.8416341047
33 -10.9089507 0.837411949
34 -11.16505932 0.8334462848
35 -11.4041225 0.8297050808
36 -11.62847999 0.8261602603
37 -11.84011696 0.8227872278
38 -12.0407254 0.8195644314
39 -12.23175374 0.8164729686
40 -12.41444724 0.8134962369
41 -12.58988082 0.8106196283
42 -12.75898612 0.8078302638
43 -12.92257365 0.8051167633
44 -13.08135124 0.802469047
45 -13.23593931 0.7998781643
46 -13.38688361 0.7973361459
47 -13.53466597 0.7948358765
48 -13.67971328 0.7923709849
49 -13.82240514 0.7899357485
50 -13.96308031 0.787525011
51 -14.10204221 0.7851341112
52 -14.23956366 0.7827588202
53 -14.37589091 0.7803952877
54 -14.51124713 0.7780399947
55 -14.64583538 0.7756897115
56 -14.77984128 0.7733414621
57 -14.91343523 0.7709924916
58 -15.04677441 0.7686402382
59 -15.18000451 0.7662823084
60 -15.31326127 0.7639164546
61 -15.44667181 0.7615405551
62 -15.5803558 0.759152597
63 -15.71442659 0.7567506602
64 -15.84899208 0.7543329027
65 -15.98415561 0.7518975483
66 -16.12001674 0.7494428747
67 -16.25667189 0.7469672025
68 -16.39421503 0.7444688857
69 -16.53273823 0.7419463027
70 -16.67233222 0.7393978476
71 -16.81308685 0.7368219226
72 -16.95509158 0.7342169304
73 -17.09843592 0.7315812675
74 -17.24320986 0.7289133172
75 -17.38950422 0.7262114436
76 -17.5374111 0.7234739851
77 -17.68702419 0.7206992489
78 -17.83843919 0.7178855044
79 -17.99175414 0.7150309785
80 -18.14706981 0.7121338489
81 -18.30449 0.7091922393
82 -18.46412198 0.7062042135
83 -18.62607679 0.7031677696
84 -18.79046965 0.7000808349
85 -18.95742032 0.6969412599
86 -19.12705351 0.6937468128
87 -19.29949925 0.6904951736
88 -19.47489332 0.687183929
89 -19.65337766 0.6838105659
90 -19.83510083 0.6803724664
91 -20.02021843 0.6768669017
92 -20.20889359 0.6732910266
93 -20.40129743 0.669641874
94 -20.59760955 0.6659163495
95 -20.79801858 0.6621112266
96 -21.00272261 0.6582231413
97 -21.21192981 0.6542485886
98 -21.4258589 0.6501839179
99 -21.6447397 0.6460253304
100 -21.86881367 0.6417688769
101 -22.09833442 0.6374104563
102 -22.33356823 0.6329458162
103 -22.57479453 0.6283705547
104 -22.82230635 0.6236801236
105 -23.0764107 0.6188698351
106 -23.33742891 0.61393487
107 -23.60569691 0.6088702896
108 -23.88156534 0.603671051
109 -24.16539957 0.598332027
110 -24.45757959 0.5928480299
111 -24.75849964 0.5872138416
112 -25.06856772 0.5814242493
113 -25.38820474 0.5754740874
114 -25.71784339 0.5693582881
115 -26.05792675 0.5630719384
116 -26.40890635 0.5566103469
117 -26.77123993 0.5499691188
118 -27.14538862 0.5431442406
119 -27.53181361 0.536132174
120 -27.93097225 0.5289299589
121 -28.3433135 0.5215353253
122 -28.76927281 0.5139468121
123 -29.20926629 0.5061638923
124 -29.66368428 0.4981871026
125 -30.13288436 0.490018173
126 -30.61718378 0.4816601551
127 -31.11685153 0.473117544
128 -31.63210011 0.4643963883
129 -32.16307716 0.4555043853
130 -32.7098573 0.4464509537
131 -33.27243425 0.4372472788
132 -33.85071365 0.4279063259
133 -34.44450686 0.4184428155
134 -35.05352602 0.4088731575
135 -35.67738067 0.3992153411
136 -36.31557632 0.3894887801
137 -36.96751498 0.379714114
138 -37.63249811 0.3699129689
139 -38.30973186 0.3601076827
140 -38.9983346 0.3503210025
141 -39.6973468 0.3405757634
142 -40.40574284 0.3308945586
143 -41.12244454 0.3212994132
144 -41.84633599 0.3118114709
145 -42.57627922 0.3024507057
146 -43.31113024 0.2932356676
147 -44.04975485 0.2841832694
148 -44.79104388 0.2753086194
149 -45.53392731 0.266624904
150 -46.2773869 0.2581433206
151 -47.02046717 0.2498730579
152 -47.7622843 0.2418213213
153 -48.50203305 0.233993399
154 -49.23899158 0.2263927603
155 -49.97252411 0.2190211827
156 -50.70208169 0.2118788989
157 -51.42720116 0.2049647576
158 -52.14750236 0.1982763933
159 -52.86268395 0.1918103986
160 -53.57251795 0.1855624943
161 -54.27684313 0.1795276953
162 -54.97555764 0.1737004678
163 -55.66861072 0.1680748756
164 -56.35599406 0.1626447158
165 -57.03773254 0.1574036412
166 -57.71387484 0.1523452685
167 -58.38448382 0.1474632749
168 -59.04962697 0.142751479
169 -59.70936693 0.1382039102
170 -60.36375236 0.1338148636
171 -61.01280922 0.1295789431
172 -61.65653269 0.1254910917
173 -62.2948799 0.1215466104
174 -62.92776362 0.1177411656
175 -63.55504706 0.1140707861
176 -64.1765401 0.1105318505
177 -64.79199687 0.107121066
178 -65.40111495 0.1038354397
179 -66.00353624 0.1006722438
180 -66.59884944 0.09762897576
181 -67.18659421 0.09470331588
182 -67.76626681 0.09189308298
183 -68.3373272 0.08919619033
184 -68.8992072 0.08661060323
185 -69.45131968 0.08413429965
186 -69.99306828 0.08176523509
187 -70.52385749 0.0795013126
188 -71.04310272 0.07734035867
189 -71.55024008 0.0752801052
190 -72.04473553 0.07331817777
191 -72.52609326 0.07145208984
192 -72.99386301 0.06967924256
193 -73.44764617 0.06799692943
194 -73.88710071 0.06640234525
195 -74.31194473 0.06489259835
196 -57.47638578 0.1364829262
197 -24.90313234 0.4291489511
198 41.39095623 0.9993255812
199 44.57138039 0.9999801713
200 48.81303131 0.9999909428
201 40.83989915 0.999966891
202 35.16944331 0.9999015512
203 29.95273636 0.999738287
204 24.93466419 0.9993395122
205 20.15031883 0.9984276107
206 15.66878721 0.9965200764
207 11.54868791 0.992925718
208 7.832339789 0.9868872697
209 4.542603181 0.9778784576
210 1.679288475 0.965892275
211 -0.7808319127 0.9514920663
212 -2.878543741 0.9355834921
213 -4.6636006 0.9190942016
214 -6.186771462 0.9027566043
215 -7.494653805 0.8870435227
216 -8.627325828 0.8722023505
217 -9.6179397 0.8583217583
218 -10.49332014 0.8453934744
219 -11.27493583 0.8333571905
220 -11.97990592 0.8221291821
221 -12.621896 0.8116189538
222 -13.21186036 0.8017381323
223 -13.75863394 0.792404717
224 -14.26939526 0.7835447072
225 -14.7500247 0.7750923293
226 -15.20538099 0.7669895731
227 -15.63951459 0.7591854301
228 -16.05583283 0.7516350442
229 -16.45722846 0.7442988836
230 -16.84618017 0.7371419789
231 -17.22483176 0.7301332488
232 -17.59505498 0.7232449131
233 -17.95849969 0.7164519892
234 -18.31663419 0.7097318617
235 -18.67077802 0.7030639174
236 -19.02212858 0.6964292351
237 -19.37178313 0.6898103243
238 -19.72075695 0.6831909034
239 -20.06999844 0.6765557132
240 -20.42040178 0.6698903609
241 -20.77281752 0.6631811899
242 -21.12806155 0.6564151719
243 -21.48692261 0.6495798216
244 -21.85016864 0.6426631277
245 -22.21855203 0.6356535039
246 -22.59281393 0.6285397544
247 -22.97368775 0.6213110576
248 -23.36190175 0.6139569637
249 -23.75818091 0.6064674101
250 -24.16324796 0.5988327519
251 -24.57782359 0.5910438096
252 -25.00262588 0.5830919332
253 -25.4383688 0.5749690838
254 -25.88575977 0.5666679323
255 -26.34549629 0.5581819751
256 -26.81826153 0.5495056658
257 -27.30471883 0.5406345625
258 -27.80550523 0.5315654878
259 -28.32122376 0.5222966984
260 -28.85243491 0.5128280618
261 -29.39964696 0.5031612332
262 -29.96330568 0.4932998276
263 -30.54378327 0.4832495796
264 -31.14136707 0.4730184819
265 -31.75624817 0.4626168946
266 -32.38851048 0.4520576149
267 -33.03812053 0.4413558992
268 -33.7049187 0.4305294284
269 -34.38861218 0.41959821
270 -35.08877033 0.4085844131
271 -35.80482283 0.3975121343
272 -36.53606093 0.3864070967
273 -37.28164224 0.3752962876
274 -38.04059896 0.3642075455
275 -38.81184967 0.3531691085
276 -39.59421436 0.34220914
277 -40.38643227 0.3313552513
278 -41.18718203 0.3206340376
279 -41.9951033 0.3100706464
280 -42.80881927 0.2996883947
281 -43.62695899 0.2895084479
282 -44.44817894 0.2795495693
283 -45.27118297 0.2698279475
284 -46.09474004 0.2603571005
285 -46.91769924 0.2511478555
286 -47.73900184 0.2422083973
287 -48.55769008 0.2335443779
288 -49.37291274 0.2251590751
289 -50.18392755 0.2170535903
290 -50.99010069 0.2092270747
291 -51.7909035 0.2016769714
292 -52.58590689 0.1943992654
293 -53.37477367 0.1873887332
294 -54.15724916 0.180639184
295 -54.93315042 0.1741436888
296 -55.70235445 0.1678947916
297 -56.46478566 0.1618847021
298 -57.22040282 0.1561054663
299 -57.96918592 0.1505491146
300 -58.711123 0.1452077882
301 -59.44619752 0.1400738423
302 -60.17437617 0.135139928
303 -60.89559771 0.1303990531
304 -61.60976293 0.1258446233
305 -62.31672607 0.1214704645
306 -63.01628785 0.1172708287
307 -63.7081905 0.1132403844
308 -64.39211478 0.1093741938
309 -65.06767925 0.1056676796
310 -65.7344418 0.1021165817
311 -66.39190336 0.09871690951
312 -67.03951384 0.09546488937
313 -67.67667988 0.0923569112
314 -68.30277439 0.08938947643
315 -68.91714733 0.08655914916
316 -69.51913745 0.08386251249
317 -70.10808455 0.08129613128
318 -70.68334175 0.07885652242
319 -71.24428753 0.07654013301
320 -71.79033688 0.0743433265
321 -72.32095156 0.0722623765
322 -72.83564885 0.07029346762
323 -73.33400891 0.06843270229
324 -73.81568043 0.06667611267
325 -74.28038459 0.06501967642
326 -74.72791739 0.06345933515
327 -75.15815029 0.06199101459
328 -75.57102955 0.06061064537
329 -75.96657409 0.0593141837
330 -76.34487236 0.05809763108
331 -76.70607824 0.05695705274
332 -77.05040619 0.05588859425
333 -77.37812593 0.05488849607
334 -77.68955669 0.05395310603
335 -77.98506137 0.05307888956
336 -78.26504056 0.0522624378
337 -78.52992669 0.05150047371
338 -78.78017839 0.05078985627
339 -79.01627502 0.05012758298
340 -79.23871166 0.04951079084
341 -79.44799434 0.04893675604
342 -79.64463574 0.04840289248
343 -79.8291513 0.04790674941
344 -80.00205573 0.04744600816
345 -80.16385996 0.04701847845
346 -80.31506842 0.04662209402
347 -80.45617679 0.04625490805
348 -80.58767008 0.04591508822
349 -80.71002095 0.04560091172
350 -80.82368849 0.04531076009
351 -80.92911718 0.04504311407
352 -81.02673607 0.04479654855
353 -81.11695829 0.04456972749
354 -81.20018064 0.04436139904
355 -81.27678346 0.04417039079
356 -81.3471305 0.04399560516
357 -81.41156913 0.04383601499
358 -81.4704304 0.04369065929
359 -81.52402944 0.04355863923
360 -81.57266573 0.04343911427
361 -81.61662355 0.04333129852
362 -81.65617244 0.04323445728
363 -81.69156769 0.04314790381
364 -81.72305085 0.04307099619
365 -81.75085028 0.04300313447
366 -81.77518171 0.04294375795
367 -81.79624875 0.04289234255
368 -81.81424349 0.04284839847
369 -81.82934701 0.04281146793
370 -81.84172993 0.04278112302
371 -81.85155296 0.04275696375
372 -81.85896736 0.04273861621
373 -81.86411546 0.04272573082
374 -81.86713118 0.04271798072
375 -81.8681404 0.04271506026
376 -81.86726151 0.04271668362
377 -81.86460574 0.04272258345
378 -81.86027764 0.04273250966
379 -81.8543754 0.04274622829
380 -81.84699126 0.04276352044
381 -81.83821188 0.04278418124
382 -81.82811859 0.04280801897
383 -81.81678779 0.04283485416
384 -81.80429118 0.04286451881
385 -81.79069612 0.0428968556
386 -81.77606578 0.04293171724
387 -81.76045951 0.04296896576
388 -81.74393299 0.04300847195
389 -81.7265385 0.04305011475
390 -81.7083251 0.04309378076
391 -64.96908436 0.0948265909
392 -38.88629551 0.2743493677
393 41.10766672 0.9976286438
394 42.87225346 0.9999730386
395 46.06957533 0.9999849484
396 39.0312776 0.9999520052
397 34.78637604 0.9998913495
398 30.69460989 0.9997669368
399 26.55151582 0.9994996232
400 22.46102585 0.9989451079
401 18.53372906 0.9978647023
402 14.84701532 0.9959148723
403 11.45104645 0.9926840766
404 8.376533024 0.9877944349
405 5.637774689 0.9810418362
406 3.233343447 0.9724996949
407 1.147467329 0.9625171046
408 -0.6466550924 0.9516124948
409 -2.182275711 0.9403306345
410 -3.494645705 0.9291335766
411 -4.617688498 0.9183525857
412 -5.582054184 0.9081891442
413 -6.414314438 0.8987406376
414 -7.136902227 0.890031632
415 -7.768450141 0.8820410428
416 -8.324291966 0.8747222646
417 -8.816991889 0.8680166833
418 -9.256834363 0.8618620898
419 -9.652248338 0.8561975583
420 -10.01016115 0.8509660311
421 -10.33628736 0.8461154908
422 -10.63536152 0.8415993011
423 -10.91132461 0.8373760859
424 -11.16747283 0.8334093717
425 -11.40657655 0.8296671268
426 -11.63097528 0.826121274
427 -11.842654 0.8227472176
428 -12.04330454 0.8195234055
429 -12.23437523 0.8164309347
430 -12.41711123 0.8134532022
431 -12.59258741 0.8105755996
432 -12.76173535 0.8077852472
433 -12.92536556 0.8050707641
434 -13.08418583 0.8024220699
435 -13.23881659 0.799830213
436 -13.38980361 0.7972872233
437 -13.53762873 0.7947859848
438 -13.68271887 0.7923201249
439 -13.82545365 0.7898839203
440 -13.96617188 0.7874722136
441 -14.10517701 0.7850803425
442 -14.24274192 0.782704077
443 -14.37911289 0.7803395658
444 -14.51451315 0.7779832886
445 -14.64914582 0.7756320146
446 -14.78319657 0.7732827667
447 -14.91683586 0.7709327886
448 -15.05022093 0.7685795175
449 -15.18349755 0.7662205585
450 -15.3168015 0.7638536626
451 -15.45025997 0.761476707
452 -15.58399272 0.7590876775
453 -15.71811316 0.7566846522
454 -15.85272926 0.7542657882
455 -15.98794446 0.7518293075
456 -16.12385836 0.7493734863
457 -16.2605675 0.7468966438
458 -16.39816593 0.7443971324
459 -16.53674581 0.7418733287
460 -16.67639795 0.7393236251
461 -16.8172123 0.736746422
462 -16.95927843 0.7341401204
463 -17.10268596 0.7315031148
464 -17.24752498 0.7288337864
465 -17.39388644 0.7261304973
466 -17.54186254 0.7233915838
467 -17.69154712 0.7206153505
468 -17.843036 0.7178000649
469 -17.99642738 0.714943951
470 -18.15182215 0.7120451841
471 -18.30932428 0.7091018853
472 -18.46904121 0.7061121153
473 -18.63108415 0.7030738694
474 -18.7955685 0.6999850718
475 -18.96261423 0.6968435696
476 -19.13234622 0.6936471277
477 -19.30489473 0.6903934227
478 -19.48039577 0.6870800373
479 -19.65899152 0.6837044548
480 -19.84083079 0.6802640531
481 -20.02606945 0.6767560993
482 -20.21487089 0.6731777437
483 -20.40740654 0.6695260148
484 -20.60385633 0.6657978134
485 -20.80440917 0.6619899082
486 -21.00926355 0.6580989303
487 -21.21862795 0.6541213693
488 -21.4327215 0.6500535697
489 -21.6517744 0.6458917272
490 -21.87602853 0.6416318871
491 -22.10573794 0.6372699432
492 -22.34116934 0.6328016375
493 -22.58260264 0.6282225627
494 -22.83033133 0.6235281657
495 -23.08466293 0.6187137536
496 -23.34591926 0.6137745026
497 -23.61443677 0.6087054698
498 -23.8905666 0.6035016088
499 -24.17467465 0.5981577893
500 -24.46714139 0.5926688217
501 -24.76836159 0.5870294867
502 -25.07874371 0.5812345719
503 -25.39870909 0.5752789135
504 -25.72869085 0.5691574472
505 -26.0691324 0.5628652655
506 -26.42048557 0.5563976849
507 -26.7832083 0.5497503212
508 -27.15776182 0.5429191742
509 -27.54460731 0.5359007226
510 -27.94420196 0.5286920265
511 -28.35699443 0.52129084
512 -28.78341968 0.5136957304
513 -29.22389311 0.5059062032
514 -29.67880416 0.4979228319
515 -30.14850924 0.489747388
516 -30.63332419 0.4813829686
517 -31.13351631 0.4728341183
518 -31.64929613 0.464106939
519 -32.18080904 0.455209184
520 -32.72812715 0.4461503301
521 -33.29124137 0.4369416223
522 -33.87005437 0.4275960852
523 -34.46437428 0.4181284975
524 -35.0739099 0.4085553246
525 -35.69826733 0.3988946069
526 -36.33694858 0.3891658036
527 -36.98935226 0.3793895928
528 -37.65477654 0.3695876304
529 -38.33242445 0.3597822748
530 -39.02141157 0.3499962831
531 -39.7207759 0.3402524897
532 -40.42948977 0.330573476
533 -41.14647343 0.3209812446
534 -41.8706099 0.3114969064
535 -42.60076068 0.3021403939
536 -43.33578177 0.2929302072
537 -44.07453947 0.2838832027
538 -44.81592564 0.2750144274
539 -45.55887169 0.2663370035
540 -46.30236128 0.257862062
541 -47.04544111 0.2495987254
542 -47.78722983 0.2415541344
543 -48.52692489 0.2337335148
544 -49.26380725 0.2261402774
545 -49.997244 0.2187761456
546 -50.72668909 0.2116413028
547 -51.45168216 0.2047345542
548 -52.17184576 0.1980534963
549 -52.88688111 0.1915946892
550 -53.59656256 0.1853538272
551 -54.30073103 0.1793259038
552 -54.99928649 0.1735053689
553 -55.69217979 0.167886275
554 -56.37940385 0.1624624119
555 -57.06098452 0.1572274291
556 -57.73697108 0.1521749438
557 -58.40742671 0.1472986362
558 -59.07241884 0.142592331
559 -59.73200975 0.1380500654
560 -60.38624742 0.1336661444
561 -61.03515682 0.1294351827
562 -61.67873191 0.1253521354
563 -62.3169283 0.1214123157
564 -62.94965705 0.1176114024
565 -63.57677951 0.1139454366
566 -64.19810357 0.1104108085
567 -64.81338129 0.1070042362
568 -65.4223082 0.1037227364
569 -66.02452419 0.1005635895
570 -66.61961603 0.09752430016
571 -67.20712167 0.09460255392
572 -67.78653584 0.09179617346
573 -68.35731724 0.08910307432
574 -68.91889677 0.08652122262
575 -69.47068668 0.0840485958
576 -70.01209034 0.08168314762
577 -70.54251237 0.07942277844
578 -71.06136864 0.07726531126
579 -71.56809607 0.07520847394
580 -72.06216176 0.07324988768
581 -72.54307133 0.07138706144
582 -73.01037619 0.06961739189
583 -73.46367961 0.06793816833
584 -73.90264163 0.06634658169
585 -74.32698249 0.06483973693
