0 -79.03495342 0.0500669817
1 -79.22909737 0.0495289318
2 -79.4119842 0.04902687599
3 -79.5840707 0.04855868171
4 -79.74580916 0.04812233424
5 -79.89764541 0.04771593214
6 -80.04001719 0.04733768259
7 -80.1733527 0.04698589654
8 -80.29806946 0.04665898386
9 -80.41457333 0.04635544852
10 -80.52325783 0.04607388377
11 -80.62450351 0.04581296749
12 -80.71867756 0.04557145759
13 -80.80613358 0.04534818761
14 -80.8872114 0.04514206242
15 -80.96223708 0.04495205416
16 -81.03152293 0.04477719827
17 -81.0953677 0.04461658979
18 -81.15405678 0.04446937976
19 -81.20786244 0.04433477185
20 -81.25704413 0.04421201916
21 -81.30184889 0.04410042117
22 -81.34251164 0.04399932089
23 -81.37925566 0.04390810215
24 -81.41229292 0.04382618705
25 -81.44182459 0.04375303357
26 -81.46804136 0.04368813333
27 -81.49112392 0.04363100956
28 -81.51124298 0.04358121582
29 -81.5285564 0.04353834079
30 -81.54318004 0.0435020657
31 -81.55492388 0.04347269217
32 -81.5609273 0.0434558765
33 -81.53451333 0.04350500972
34 -81.23627527 0.0441037365
35 -78.53147976 0.04989867321
36 -54.78065832 0.1346926762
37 33.35458201 0.9862791413
38 38.5676639 0.9999396991
39 37.55170931 0.9999318701
40 35.36577554 0.9998993509
41 32.28284179 0.9998236732
42 28.61833257 0.9996552611
43 24.7050385 0.9992958107
44 20.79282673 0.9985713986
45 17.03820457 0.9972123777
46 13.53137465 0.994862533
47 10.32179524 0.991139792
48 7.432892326 0.9857460392
49 4.869022211 0.9785812237
50 2.619443387 0.9697966492
51 0.6621068229 0.959755362
52 -1.032129256 0.9489275334
53 -2.495439736 0.9377794112
54 -3.759818138 0.9266986301
55 -4.854993499 0.9159651901
56 -5.807373399 0.9057555123
57 -6.639727089 0.8961624186
58 -7.37131521 0.8872185842
59 -8.018242361 0.87891715
60 -8.593889117 0.8712274682
61 -9.109343285 0.8641061288
62 -9.573791829 0.8575042084
63 -9.994859271 0.8513717789
64 -10.37889126 0.8456605463
65 -10.73118798 0.8403252719
66 -11.05619434 0.835324426
67 -11.3576541 0.8306203771
68 -11.6387344 0.8261793117
69 -11.9021266 0.8219710097
70 -12.15012782 0.8179685487
71 -12.38470724 0.8141479856
72 -12.60756002 0.8104880407
73 -12.82015153 0.8069697979
74 -13.02375353 0.8035764302
75 -13.2194741 0.8002929501
76 -13.40828237 0.7971059885
77 -13.59102913 0.7940035973
78 -13.76846403 0.790975076
79 -13.94125 0.78801082
80 -14.1099754 0.7851021864
81 -14.2751643 0.7822413772
82 -14.43728521 0.7794213367
83 -14.59675855 0.7766356617
84 -14.75396294 0.7738785225
85 -14.90924074 0.7711445936
86 -15.06290273 0.7684289929
87 -15.21523219 0.7657272279
88 -15.36648842 0.763035148
89 -15.51690986 0.7603489028
90 -15.66671676 0.7576649045
91 -15.81611356 0.7549797948
92 -15.96529095 0.7522904154
93 -16.11442775 0.7495937812
94 -16.26369254 0.7468870565
95 -16.4132451 0.7441675336
96 -16.56323777 0.7414326131
97 -16.71381656 0.7386797866
98 -16.8651223 0.7359066198
99 -17.01729156 0.7331107383
100 -17.17045756 0.7302898136
101 -17.324751 0.7274415503
102 -17.48030083 0.7245636744
103 -17.63723496 0.7216539219
104 -17.79568091 0.7187100284
105 -17.95576649 0.7157297193
106 -18.11762041 0.7127106996
107 -18.28137284 0.7096506454
108 -18.447156 0.7065471945
109 -18.61510475 0.7033979381
110 -18.78535707 0.7002004119
111 -18.95805471 0.6969520883
112 -19.13334366 0.6936503679
113 -19.31137472 0.6902925715
114 -19.49230408 0.6868759323
115 -19.67629386 0.6833975877
116 -19.86351268 0.6798545719
117 -20.05413625 0.676243808
118 -20.24834798 0.6725621006
119 -20.44633956 0.6688061282
120 -20.64831157 0.6649724362
121 -20.85447417 0.6610574302
122 -21.06504769 0.6570573692
123 -21.2802633 0.6529683601
124 -21.50036367 0.6487863519
125 -21.72560363 0.644507132
126 -21.95625086 0.6401263217
127 -22.1925865 0.6356393751
128 -22.43490579 0.6310415776
129 -22.6835187 0.6263280476
130 -22.93875048 0.6214937402
131 -23.20094215 0.6165334527
132 -23.47045098 0.6114418345
133 -23.74765075 0.6062134003
134 -24.032932 0.600842547
135 -24.3267021 0.5953235768
136 -24.62938504 0.5896507253
137 -24.94142114 0.583818196
138 -25.26326638 0.5778202031
139 -25.5953914 0.5716510213
140 -25.93828022 0.5653050459
141 -26.29242841 0.5587768614
142 -26.65834087 0.5520613219
143 -27.03652898 0.5451536416
144 -27.42750718 0.5380494971
145 -27.83178883 0.5307451408
146 -28.24988143 0.5232375252
147 -28.68228101 0.5155244379
148 -29.12946578 0.5076046439
149 -29.59188898 0.4994780353
150 -30.06997103 0.4911457837
151 -30.56409096 0.4826104921
152 -31.0745773 0.4738763418
153 -31.60169853 0.4649492282
154 -32.14565341 0.4558368794
155 -32.70656121 0.4465489515
156 -33.28445246 0.4370970924
157 -33.87926031 0.4274949684
158 -34.49081298 0.4177582461
159 -35.1188277 0.4079045264
160 -35.76290655 0.3979532241
161 -36.4225344 0.3879253945
162 -37.09707953 0.3778435059
163 -37.78579679 0.3677311634
164 -38.4878338 0.3576127889
165 -39.20223977 0.3475132681
166 -39.92797716 0.3374575745
167 -40.66393567 0.327470385
168 -41.40894815 0.3175756995
169 -42.16180812 0.3077964796
170 -42.92128807 0.2981543182
171 -43.68615805 0.2886691526
172 -44.45520394 0.2793590282
173 -45.22724473 0.2702399195
174 -46.0011483 0.261325612
175 -46.77584537 0.2526276429
176 -47.5503411 0.2441552994
177 -48.32372429 0.235915669
178 -49.09517402 0.2279137347
179 -49.86396364 0.2201525083
180 -50.62946234 0.2126331919
181 -51.39113427 0.2053553611
182 -52.14853562 0.1983171613
183 -52.90130959 0.19151551
184 -53.64917975 0.1849462992
185 -54.39194194 0.178604593
186 -55.12945489 0.1724848162
187 -55.86162985 0.1665809309
188 -56.58841947 0.1608865982
189 -57.30980613 0.1553953247
190 -58.02578992 0.1501005912
191 -58.73637649 0.1449959646
192 -59.44156511 0.1400751912
193 -60.14133698 0.1353322728
194 -60.83564427 0.1307615247
195 -61.52440001 0.126357617
196 -62.20746914 0.1221155989
197 -62.8846611 0.1180309078
198 -63.55572398 0.1140993635
199 -64.22034077 0.1103171497
200 -64.87812761 0.1066807832
201 -65.52863433 0.1031870748
202 -66.17134735 0.09983308172
203 -66.80569469 0.09661605571
204 -67.43105321 0.09353338875
205 -68.04675773 0.09058255835
206 -68.65211168 0.08776107538
207 -69.24639902 0.0850664362
208 -69.82889693 0.0824960808
209 -70.39888881 0.08004735835
210 -70.9556772 0.07771750085
211 -71.49859615 0.07550360529
212 -72.02702259 0.07340262428
213 -72.54038657 0.07141136452
214 -73.03817984 0.06952649238
215 -73.5199629 0.06774454557
216 -73.98537017 0.06606194962
217 -74.43411344 0.06447503805
218 -74.86598354 0.06298007495
219 -75.28085042 0.06157327887
220 -75.67866174 0.060250847
221 -76.05944017 0.05900897887
222 -76.4232796 0.05784389877
223 -76.77034033 0.05675187682
224 -77.1008429 0.05572924984
225 -77.41505526 0.05477245469
226 -77.71323273 0.0538781731
227 -77.99518681 0.05304435728
228 -78.25690874 0.05227818074
229 -78.46358436 0.05165893727
230 -78.33178593 0.05184652181
231 -75.56174987 0.05861112895
232 -51.82167571 0.1550249201
233 31.63148748 0.9854574363
234 37.94160118 0.9999313972
235 36.80973582 0.9999220316
236 34.25874429 0.9998771214
237 30.76477201 0.9997680895
238 26.72372869 0.9995152883
239 22.49632119 0.9989563776
240 18.33775321 0.9978028744
241 14.40387918 0.9956193588
242 10.7825742 0.9918711969
243 7.518177492 0.9860669112
244 4.624748256 0.9779491602
245 2.093449665 0.9676206636
246 -0.1012258608 0.9555191805
247 -1.994936646 0.9422666411
248 -3.627404977 0.9284936525
249 -5.037793747 0.9147209409
250 -6.26190578 0.9013161793
251 -7.330931818 0.8885032692
252 -8.271231689 0.8763943006
253 -9.104678376 0.8650243341
254 -9.849239985 0.8543801896
255 -10.51961159 0.8444212551
256 -11.12780424 0.8350933031
257 -11.68365464 0.8263370987
258 -12.19524871 0.8180934541
259 -12.66926534 0.8103059897
260 -13.111252 0.8029224777
261 -13.52584403 0.7958953411
262 -13.91693893 0.7891816721
263 -14.28783487 0.7827429914
264 -14.64134089 0.7765448844
265 -14.97986517 0.7705565903
266 -15.30548567 0.7647505901
267 -15.62000734 0.7591022144
268 -15.92500835 0.7535892845
269 -16.2218779 0.748191788
270 -16.51184717 0.7428915918
271 -16.79601494 0.7376721881
272 -17.07536878 0.7325184716
273 -17.35080277 0.727416544
274 -17.62313243 0.7223535433
275 -17.89310732 0.7173174938
276 -18.16142172 0.7122971747
277 -18.42872388 0.7072820045
278 -18.69562392 0.702261939
279 -18.96270071 0.6972273819
280 -19.23050791 0.6921691049
281 -19.49957927 0.6870781775
282 -19.77043332 0.6819459046
283 -20.04357757 0.6767637712
284 -20.31951229 0.6715233939
285 -20.59873385 0.6662164784
286 -20.88173784 0.6608347821
287 -21.1690218 0.6553700835
288 -21.46108776 0.6498141561
289 -21.75844445 0.6441587486
290 -22.06160932 0.6383955713
291 -22.37111026 0.6325162886
292 -22.68748709 0.6265125195
293 -23.01129267 0.6203758453
294 -23.34309378 0.6140978267
295 -23.68347151 0.6076700306
296 -24.03302131 0.6010840687
297 -24.39235245 0.5943316475
298 -24.76208699 0.5874046331
299 -25.142858 0.5802951302
300 -25.53530715 0.572995578
301 -25.94008134 0.5654988624
302 -26.35782853 0.5577984466
303 -26.78919248 0.5498885191
304 -27.23480649 0.5417641592
305 -27.69528602 0.5334215184
306 -28.17122014 0.5248580144
307 -28.66316201 0.5160725352
308 -29.17161827 0.5070656474
309 -29.69703758 0.4978398021
310 -30.23979866 0.4883995308
311 -30.80019781 0.4787516214
312 -31.37843664 0.4689052648
313 -31.97461021 0.4588721607
314 -32.58869613 0.448666573
315 -33.22054523 0.4383053238
316 -33.86987429 0.4278077198
317 -34.53626125 0.4171954048
318 -35.21914356 0.4064921367
319 -35.9178198 0.3957234917
320 -36.63145492 0.3849165016
321 -37.35908909 0.3740992351
322 -38.09965001 0.3633003373
323 -38.85196835 0.3525485443
324 -39.61479599 0.3418721929
325 -40.38682614 0.3312987434
326 -41.16671488 0.3208543344
327 -41.95310323 0.3105633871
328 -42.74463897 0.3004482703
329 -43.53999741 0.2905290371
330 -44.33790061 0.2808232371
331 -45.13713429 0.271345806
332 -45.93656223 0.2621090291
333 -46.73513774 0.2531225735
334 -47.53191209 0.2443935792
335 -48.32603999 0.2359268018
336 -49.11678205 0.2277247933
337 -49.90350457 0.2197881125
338 -50.68567668 0.212115554
339 -51.46286534 0.2047043874
340 -52.23472829 0.1975505974
341 -53.00100536 0.1906491204
342 -53.76150837 0.1839940695
343 -54.51610991 0.1775789467
344 -55.26473136 0.1713968369
345 -56.00733031 0.165440583
346 -56.74388765 0.1597029403
347 -57.47439481 0.1541767092
348 -58.19884103 0.1488548462
349 -58.91720144 0.1437305534
350 -59.62942578 0.1387973469
351 -60.33542832 0.1340491039
352 -61.03507925 0.1294800918
353 -61.72819758 0.1250849778
354 -62.41454611 0.1208588236
355 -63.09382826 0.1167970645
356 -63.76568722 0.1128954776
357 -64.42970726 0.1091501399
358 -65.08541711 0.1055573798
359 -65.73229549 0.1021137244
360 -66.36977838 0.09881584618
361 -66.99726787 0.09566050995
362 -67.61414213 0.092644524
363 -68.21976631 0.08976469623
364 -68.81350375 0.08701779711
365 -69.39472731 0.08440053031
366 -69.96283026 0.08190951146
367 -70.5172366 0.079541255
368 -71.05741029 0.07729216875
369 -71.58286339 0.0751585555
370 -72.09316283 0.07313662065
371 -72.58793569 0.07122248477
372 -73.06687308 0.06941220005
373 -73.52973257 0.06770176936
374 -73.97633919 0.06608716693
375 -74.4065852 0.06456435966
376 -74.82042878 0.06312932828
377 -75.21789161 0.0617780876
378 -75.59905579 0.06050670544
379 -75.96405996 0.05931131975
380 -76.313095 0.05818815381
381 -76.64639939 0.05713352926
382 -76.96425429 0.05614387696
383 -77.26697858 0.05521574581
384 -77.55492389 0.05434580947
385 -77.82846974 0.05353087125
386 -78.08801881 0.05276786732
387 -78.33399253 0.05205386831
388 -78.56682678 0.0513860797
389 -78.78696807 0.05076184092
390 -78.99486991 0.0501786236
391 -79.19098957 0.04963402889
392 -79.37578512 0.04912578424
393 -79.54971282 0.04865173959
394 -79.71322487 0.04820986319
395 -79.86676736 0.04779823712
396 -80.01077859 0.04741505261
397 -80.14568762 0.04705860529
398 -80.27191302 0.04672729031
399 -80.38986196 0.04641959756
400 -80.49992939 0.04613410683
401 -80.60249744 0.04586948316
402 -80.697935 0.04562447228
403 -80.78659744 0.04539789611
404 -80.86882643 0.04518864853
405 -80.94494991 0.04499569123
406 -81.01528211 0.04481804979
407 -81.0801237 0.04465480989
408 -81.13976197 0.04450511375
409 -81.19447112 0.0443681567
410 -81.24451248 0.04424318397
411 -81.29013493 0.0441294876
412 -81.33157523 0.04402640361
413 -81.36905843 0.04393330922
414 -81.40279823 0.04384962031
415 -81.43299746 0.043774789
416 -81.45984847 0.04370830139
417 -81.48353351 0.0436496755
418 -81.50422481 0.04359846001
419 -81.52208168 0.04355423901
420 -81.53722142 0.04351668935
421 -81.54945548 0.04348610848
422 -81.55592595 0.04346814753
423 -81.52997106 0.04351617786
424 -81.23232352 0.04411365727
425 -78.52960701 0.04990486233
426 -54.79495398 0.1346237365
427 33.34663647 0.9862423482
428 38.56689662 0.9999396832
429 37.55099302 0.9999318612
430 35.36453219 0.9998993287
431 32.28078168 0.9998236088
432 28.61529016 0.9996550752
433 24.70096757 0.9992953052
434 20.7877746 0.99857014
435 17.03228128 0.997209547
436 13.52472798 0.9948568103
437 10.31459028 0.9911293916
438 7.425292789 0.9857289698
439 4.86117369 0.9785557105
440 2.61146133 0.9697615133
441 0.6540715115 0.9597101744
442 -1.040170925 0.9488725161
443 -2.503468057 0.9377151982
444 -3.767832902 0.9266260236
445 -4.863006856 0.9158849857
446 -5.815404261 0.9056684056
447 -6.647797205 0.8960689734
448 -7.379446655 0.8871192354
449 -8.026456074 0.8788122231
450 -8.602204146 0.8711172018
451 -9.117776484 0.8639906964
452 -9.582357825 0.8573837364
453 -10.00357058 0.8512463594
454 -10.38775848 0.8455302481
455 -10.74022001 0.8401901472
456 -11.06539861 0.8351845157
457 -11.36703676 0.830475714
458 -11.64830056 0.8260299232
459 -11.91188048 0.8218169188
460 -12.16007291 0.817809775
461 -12.39484641 0.8139845459
462 -12.61789571 0.8103199492
463 -12.83068579 0.8067970662
464 -13.03448812 0.8033990671
465 -13.23041059 0.8001109618
466 -13.41942219 0.7969193779
467 -13.60237365 0.7938123641
468 -13.78001458 0.7907792167
469 -13.95300793 0.7878103272
470 -14.12194211 0.7848970488
471 -14.28734131 0.7820315793
472 -14.44967415 0.7792068587
473 -14.60936119 0.7764164792
474 -14.76678125 0.7736546063
475 -14.92227688 0.7709159096
476 -15.07615907 0.7681955018
477 -15.22871134 0.765488885
478 -15.38019326 0.762791903
479 -15.53084354 0.7601006996
480 -15.68088272 0.757411681
481 -15.83051553 0.7547214828
482 -15.97993302 0.7520269401
483 -16.12931433 0.7493250613
484 -16.2788284 0.7466130036
485 -16.42863539 0.7438880522
486 -16.57888803 0.7411476004
487 -16.72973275 0.7383891317
488 -16.88131081 0.7356102042
489 -17.03375923 0.7328084349
490 -17.18721171 0.7299814866
491 -17.34179945 0.7271270548
492 -17.49765193 0.7242428561
493 -17.65489759 0.7213266167
494 -17.81366455 0.7183760618
495 -17.97408123 0.7153889059
496 -18.13627697 0.7123628431
497 -18.30038261 0.7092955374
498 -18.46653109 0.7061846145
499 -18.634858 0.7030276527
500 -18.80550214 0.6998221742
501 -18.97860607 0.6965656374
502 -19.15431667 0.6932554281
503 -19.33278566 0.6898888517
504 -19.51417022 0.6864631254
505 -19.6986335 0.6829753699
506 -19.88634521 0.6794226018
507 -20.07748222 0.6758017261
508 -20.27222914 0.6721095284
509 -20.47077895 0.6683426674
510 -20.6733336 0.6644976683
511 -20.88010465 0.6605709156
512 -21.09131394 0.6565586467
513 -21.3071942 0.6524569461
514 -21.52798978 0.6482617403
515 -21.75395722 0.6439687933
516 -21.98536601 0.6395737032
517 -22.22249917 0.6350719006
518 -22.46565391 0.6304586478
519 -22.71514223 0.6257290402
520 -22.97129147 0.6208780107
521 -23.23444482 0.6159003355
522 -23.50496172 0.6107906446
523 -23.78321819 0.6055434351
524 -24.06960703 0.6001530892
525 -24.36453782 0.5946138974
526 -24.66843678 0.588920088
527 -24.98174636 0.5830658623
528 -25.30492456 0.577045438
529 -25.63844392 0.5708531007
530 -25.98279015 0.5644832648
531 -26.33846025 0.5579305437
532 -26.70596022 0.5511898312
533 -27.08580214 0.544256394
534 -27.47850067 0.5371259748
535 -27.88456884 0.5297949076
536 -28.30451313 0.5222602433
537 -28.73882778 0.5145198855
538 -29.18798838 0.5065727344
539 -29.65244458 0.4984188364
540 -30.13261214 0.4900595373
541 -30.62886431 0.4814976333
542 -31.14152267 0.4727375174
543 -31.6708475 0.4637853128
544 -32.2170281 0.4546489895
545 -32.7801731 0.4453384554
546 -33.36030122 0.4358656163
547 -33.95733274 0.4262443968
548 -34.57108217 0.4164907171
549 -35.20125235 0.4066224189
550 -35.84743056 0.3966591396
551 -36.50908678 0.3866221312
552 -37.18557461 0.3765340266
553 -37.87613483 0.3664185571
554 -38.57990189 0.356300228
555 -39.29591319 0.3462039613
556 -40.02312095 0.3361547186
557 -40.76040653 0.3261771156
558 -41.50659661 0.3162950436
559 -42.26048076 0.3065313113
560 -43.02082988 0.2969073193
561 -43.78641479 0.2874427788
562 -44.5560244 0.2781554827
563 -45.32848283 0.2690611342
564 -46.10266499 0.2601732356
565 -46.87751026 0.2515030371
566 -47.6520338 0.243059542
567 -48.4253354 0.234849563
568 -49.19660584 0.2268778231
569 -49.96513051 0.2191470923
570 -50.73029069 0.2116583531
571 -51.49156242 0.2044109859
572 -52.2485132 0.1974029659
573 -53.00079683 0.1906310666
574 -53.74814654 0.1840910613
575 -54.49036667 0.1777779202
576 -55.22732319 0.1716859978
577 -55.95893316 0.1658092072
578 -56.68515359 0.1601411808
579 -57.40596963 0.1546754136
580 -58.12138254 0.1494053911
581 -58.83139759 0.1443246975
582 -59.53601204 0.1394271078
583 -60.23520361 0.1347066607
584 -60.92891957 0.1301577154
585 -61.61706676 0.1257749895
