0 -75.42772395 0.0611153405
1 -58.84590812 0.1281633229
2 -29.55450322 0.3788796199
3 40.95086703 0.9987326505
4 44.10210657 0.9999783862
5 48.00898622 0.9999895033
6 39.82969827 0.9999600355
7 33.97479074 0.9998773729
8 28.52988259 0.9996613357
9 23.27211409 0.9991118013
10 18.26676145 0.9978161247
11 13.60391626 0.9950610912
12 9.354890979 0.9898730072
13 5.566009695 0.981311493
14 2.2544143 0.9689410476
15 -0.5941915962 0.9531287919
16 -3.020854942 0.9348935973
17 -5.082477081 0.9154563171
18 -6.840105987 0.8958497037
19 -8.350712521 0.876761919
20 -9.663280246 0.8585605252
21 -10.81797704 0.8413848205
22 -11.84691216 0.825236357
23 -12.77545821 0.8100443872
24 -13.62361216 0.7957065068
25 -14.40718385 0.7821114594
26 -15.13875885 0.769150801
27 -15.82844971 0.7567241655
28 -16.48447102 0.744741079
29 -17.11357618 0.7331210298
30 -17.72138825 0.7217927387
31 -18.31265126 0.7106931291
32 -18.89142174 0.6997662504
33 -19.4612155 0.6889622763
34 -20.02512075 0.6782366263
35 -20.58588557 0.6675492263
36 -21.14598586 0.6568639053
37 -21.70767803 0.6461479207
38 -22.27303972 0.6353715988
39 -22.84400081 0.624508081
40 -23.42236654 0.613533165
41 -24.00983393 0.6024252321
42 -24.60800241 0.5911652504
43 -25.21837938 0.579736849
44 -25.84238119 0.5681264512
45 -26.48132999 0.5563234593
46 -27.13644672 0.5443204782
47 -27.80884088 0.5321135656
48 -28.49949728 0.5197024921
49 -29.20926051 0.5070909921
50 -29.93881771 0.4942869854
51 -30.6886806 0.4813027451
52 -31.45916764 0.4681549899
53 -32.25038758 0.4548648755
54 -33.06222547 0.4414578667
55 -33.89433251 0.4279634734
56 -34.74612095 0.4144148429
57 -35.61676489 0.4008482076
58 -36.50520799 0.3873022006
59 -37.41017827 0.3738170584
60 -38.33021018 0.3604337429
61 -39.26367312 0.3471930204
62 -40.20880569 0.334134543
63 -41.16375407 0.3212959754
64 -42.12661284 0.3087122109
65 -43.09546629 0.2964147109
66 -44.06842837 0.2844309966
67 -45.04367941 0.2727843049
68 -46.01949818 0.2614934152
69 -46.99428796 0.2505726384
70 -47.96659618 0.240031951
71 -48.93512694 0.2298772535
72 -49.8987468 0.2201107235
73 -50.85648394 0.2107312374
74 -51.80752161 0.2017348325
75 -52.75118633 0.193115185
76 -53.68693199 0.1848640821
77 -54.61432068 0.176971873
78 -55.53300115 0.1694278838
79 -56.44268587 0.1622207891
80 -57.34312757 0.1553389339
81 -58.23409597 0.1487706033
82 -59.11535567 0.142504239
83 -59.98664581 0.1365286056
84 -60.84766222 0.130832907
85 -61.69804271 0.1254068596
86 -62.53735597 0.1202407246
87 -63.36509458 0.1153253073
88 -64.18067227 0.1106519277
89 -64.98342557 0.1062123697
90 -65.77261982 0.1019988159
91 -66.54745905 0.09800377309
92 -67.3070994 0.09421999627
93 -68.05066535 0.09064041451
94 -68.77726793 0.08725806489
95 -69.48602406 0.08406603672
96 -70.17607622 0.08105742865
97 -70.84661141 0.07822531968
98 -71.49687879 0.07556275387
99 -72.12620527 0.07306273804
100 -72.73400859 0.0707182506
101 -73.31980753 0.06852225963
102 -73.88322917 0.06646774772
103 -74.4240131 0.06454774144
104 -74.94201272 0.06275534307
105 -75.43719401 0.06108376276
106 -58.8556596 0.1281037358
107 -29.5712812 0.3786760702
108 40.95146652 0.998731089
109 44.09947322 0.9999783761
110 48.00463435 0.9999894948
111 39.82596265 0.9999600062
112 33.97233884 0.9998773138
113 28.52833835 0.9996612338
114 23.27117246 0.99911164
115 18.26623817 0.9978159049
116 13.60370602 0.9950608807
117 9.354929346 0.9898730127
118 5.56625039 0.9813120988
119 2.254819279 0.9689427543
120 -0.5936543355 0.9531320699
121 -3.020210619 0.9348987637
122 -5.081743664 0.9154635111
123 -6.839294919 0.8958589371
124 -8.349830161 0.8767731432
125 -9.662329358 0.8585736779
126 -10.816958 0.8413998502
127 -11.8458238 0.8252532314
128 -12.77429835 0.810063094
129 -13.62237796 0.7957270517
130 -14.40587199 0.7821338629
131 -15.13736566 0.769175096
132 -15.82697119 0.7567503952
133 -16.48290289 0.7447692954
134 -17.11191387 0.7331512926
135 -17.71962689 0.7218251141
136 -18.31078567 0.7107276891
137 -18.88944644 0.6998030726
138 -19.45912467 0.6890014428
139 -20.02290821 0.6782782233
140 -20.5835448 0.6675933432
141 -21.14351 0.6569106342
142 -21.70505987 0.646197355
143 -22.2702717 0.635423832
144 -22.84107507 0.6245632055
145 -23.41927494 0.6135912704
146 -24.00656811 0.6024864026
147 -24.60455383 0.5912295633
148 -25.21473944 0.5798043713
149 -25.83854128 0.5681972372
150 -26.47728164 0.556397547
151 -27.13218175 0.5443978861
152 -27.80435154 0.5321942893
153 -28.49477642 0.5197865005
154 -29.2043018 0.507178224
155 -29.93361582 0.4943773467
156 -30.68323144 0.481396106
157 -31.45346853 0.4682511833
158 -32.24443746 0.4549636961
159 -33.05602506 0.441559071
160 -33.88788447 0.4280667818
161 -34.73942993 0.4145199421
162 -35.60983757 0.4009547554
163 -36.49805306 0.3874098312
164 -37.40280634 0.3739253892
165 -38.32263358 0.3605423819
166 -39.2559057 0.3473015746
167 -40.20086253 0.3342426262
168 -41.15565118 0.321403216
169 -42.11836676 0.3088182591
170 -43.08709379 0.2965192449
171 -44.05994607 0.2845337269
172 -45.03510349 0.2728849782
173 -46.01084406 0.261591816
174 -46.98557012 0.2506685897
175 -47.95782793 0.2401253134
176 -48.92632034 0.2299679233
177 -49.88991259 0.22019863
178 -50.84763158 0.2108163395
179 -51.79865929 0.201817115
180 -52.7423211 0.1931946544
181 -53.67806992 0.1849407629
182 -54.60546702 0.1770458037
183 -55.52416055 0.1694991132
184 -56.43386258 0.1622893733
185 -57.33432566 0.1554049336
186 -58.2253196 0.1488340809
187 -59.10660924 0.1425652573
188 -59.97793421 0.1365872261
189 -60.83899097 0.1308891888
190 -61.68941809 0.1254608588
191 -62.52878516 0.1202924945
192 -63.35658569 0.1153748979
193 -64.17223433 0.1106993863
194 -64.97506853 0.1062577417
195 -65.76435445 0.102042145
196 -66.5392968 0.09804510247
197 -67.29905227 0.09425936908
198 -68.04274565 0.09067787469
199 -68.76948808 0.08729365775
200 -69.47839641 0.08409980941
201 -70.16861276 0.08108943052
202 -70.83932359 0.07825560244
203 -71.48977731 0.07559137165
204 -72.11929989 0.07308974724
205 -72.727308 0.07074370969
206 -73.31331923 0.06854622883
207 -73.8769594 0.06649028859
208 -74.41796674 0.06456891647
209 -74.93619335 0.0627752152
210 -75.43160388 0.06110239493
211 -58.84987282 0.128139057
212 -29.5610377 0.3787993836
213 40.95119643 0.9987321025
214 44.10105939 0.9999783822
215 48.00726319 0.9999894999
216 39.828279 0.9999600243
217 33.97395953 0.9998773525
218 28.52948685 0.9996613083
219 23.27202494 0.9991117817
220 18.26689577 0.9978161662
221 13.60422059 0.9950613282
222 9.355326967 0.9898736954
223 5.566546259 0.981312997
224 2.255025472 0.9689437495
225 -0.5935259699 0.9531329714
226 -3.020148385 0.9348993742
227 -5.081736905 0.91546368
228 -6.839334709 0.8958585762
229 -8.349909501 0.8767722149
230 -9.662443008 0.8585721761
231 -10.81710216 0.8413977843
232 -11.84599581 0.8252506162
233 -12.77449639 0.8100599441
234 -13.62260086 0.7957233791
235 -14.40611907 0.782129676
236 -15.1376366 0.7691703994
237 -15.82726597 0.7567451901
238 -16.48322173 0.7447635795
239 -17.11225718 0.7331450609
240 -17.71999526 0.7218183591
241 -18.31117985 0.7107204012
242 -18.88986728 0.69979524
243 -19.45957316 0.6889930523
244 -20.02338547 0.6782692601
245 -20.58405205 0.6675837914
246 -21.14404855 0.656900477
247 -21.70563114 0.6461865749
248 -22.2708772 0.6354124114
249 -22.84171639 0.6245511269
250 -23.41995374 0.6135785166
251 -24.00728609 0.6024729577
252 -24.60531275 0.5912154127
253 -25.21554106 0.5797895027
254 -25.83938739 0.5681816411
255 -26.47817396 0.5563812175
256 -27.13312196 0.5443808216
257 -27.80534122 0.5321764933
258 -28.495817 0.5197679822
259 -29.20539453 0.5071589996
260 -29.93476174 0.4943574392
261 -30.68443128 0.4813755466
262 -31.45472274 0.4682300111
263 -32.2457461 0.4549419586
264 -33.05738782 0.4415368241
265 -33.88930059 0.4280440891
266 -34.74089822 0.4144968743
267 -35.61135641 0.4009313895
268 -36.49962037 0.3873862491
269 -37.40441964 0.3739016762
270 -38.32429 0.3605186251
271 -39.25760206 0.3472778609
272 -40.20259538 0.3342190409
273 -41.15741688 0.3213798408
274 -42.12016157 0.3087951705
275 -43.08891392 0.2964965132
276 -44.06178778 0.284511415
277 -45.03696314 0.2728631409
278 -46.01271819 0.2615704997
279 -46.98745549 0.250647832
280 -47.95972156 0.2401051439
281 -48.92821952 0.2299483634
282 -49.89181492 0.220179694
283 -50.84953493 0.2107980353
284 -51.80056182 0.2017994447
285 -52.74422123 0.1931776153
286 -53.67996627 0.1849243484
287 -54.60735841 0.1770300042
288 -55.52604592 0.1694839169
289 -56.43574097 0.1622747669
290 -57.33619617 0.1553909025
291 -58.2271813 0.1488206104
292 -59.10846117 0.1425523326
293 -59.97977531 0.1365748325
294 -60.84082006 0.1308773122
295 -61.69123384 0.1254494858
296 -62.53058608 0.1202816122
297 -63.35837008 0.1153644942
298 -64.17400034 0.1106894496
299 -64.97681413 0.1062482608
300 -65.76607744 0.1020331091
301 -66.54099487 0.09803650099
302 -67.300723 0.09425119137
303 -68.04438659 0.09067011002
304 -68.77109678 0.08728629514
305 -69.47997043 0.08409283755
306 -70.17014976 0.0810828377
307 -70.84082136 0.07824937653
308 -71.4912338 0.07558550008
309 -72.12071327 0.07308421705
310 -72.72867666 0.07073850757
311 -73.31464182 0.06854134119
312 -73.87823482 0.06648570165
313 -74.41919419 0.06456461632
314 -74.9373723 0.06277118795
315 -75.43273405 0.06109862676
