0 -12.95223161 0.8068180271
1 -13.71477037 0.7938907571
2 -14.42745228 0.7815248992
3 -15.09920646 0.7696443351
4 -15.73741352 0.758177318
5 -16.34823481 0.7470576315
6 -16.93686896 0.7362248311
7 -17.50775173 0.7256240067
8 -18.06471243 0.7152053219
9 -18.61109654 0.7049234728
10 -19.14986253 0.6947371476
11 -19.6836585 0.6846085263
12 -20.21488311 0.6745028421
13 -20.74573412 0.6643880122
14 -21.27824691 0.6542343408
15 -21.81432498 0.6440142928
16 -22.35576364 0.6337023385
17 -22.90426803 0.6232748652
18 -23.46146599 0.6127101541
19 -24.02891657 0.6019884215
20 -24.60811416 0.5910919198
21 -25.20048888 0.5800050976
22 -25.80740305 0.5687148107
23 -26.4301442 0.557210582
24 -27.06991461 0.5454848965
25 -27.72781772 0.5335335235
26 -28.40484184 0.5213558476
27 -29.10184155 0.5089551898
28 -29.81951759 0.4963390975
29 -30.55839611 0.4835195757
30 -31.31880832 0.4705132351
31 -32.10087181 0.457341329
32 -32.90447489 0.4440296571
33 -33.72926524 0.4306083177
34 -34.57464426 0.4171112982
35 -35.43976809 0.4035759057
36 -36.32355611 0.3900420486
37 -37.22470724 0.3765513945
38 -38.14172376 0.363146439
39 -39.07294212 0.3498695301
40 -40.0165693 0.3367618954
41 -40.97072321 0.3238627232
42 -41.9334753 0.3112083409
43 -42.90289305 0.2988315293
44 -43.87708064 0.286761
45 -44.85421581 0.2750210484
46 -45.83258145 0.263631387
47 -46.81059085 0.2526071459
48 -47.78680597 0.2419590257
49 -48.75994846 0.2316935741
50 -49.72890356 0.2218135605
51 -50.69271733 0.2123184168
52 -51.65058797 0.2032047175
53 -52.6018519 0.1944666739
54 -53.54596565 0.1860966198
55 -54.48248453 0.1780854721
56 -55.41103899 0.1704231537
57 -56.3313098 0.1630989684
58 -57.24300286 0.1561019222
59 -58.14582471 0.1494209894
60 -59.03945967 0.1430453203
61 -59.92354942 0.1369643951
62 -60.79767584 0.1311681244
63 -61.66134784 0.1256469034
64 -62.5139927 0.1203916241
65 -63.35495232 0.1153936531
66 -64.1834845 0.1106447826
67 -64.99876909 0.1061371622
68 -65.79991877 0.1018632207
69 -66.58599384 0.09781558264
70 -67.35602014 0.09398699022
71 -68.10900924 0.09037023209
72 -68.84397989 0.08695808594
73 -69.55997962 0.08374327623
74 -70.25610521 0.08071844935
75 -70.93151983 0.07787617065
76 -71.58545632 0.0752089732
77 -72.2171418 0.07270965513
78 -72.8252178 0.07037310719
79 -73.40382988 0.06820797907
80 -73.91656454 0.06631231219
81 -74.12258979 0.06537205238
82 -72.41765882 0.07019680717
83 -58.28544641 0.1267579075
84 14.92642001 0.8698945346
85 35.38778982 0.9998374033
86 35.43993833 0.9998981508
87 32.82134647 0.9998398556
88 29.01898233 0.999681827
89 24.63332029 0.9992953229
90 20.09321641 0.9984060152
91 15.68066856 0.9965253319
92 11.56217776 0.9929456359
93 7.826709939 0.9868873498
94 4.511080182 0.9777955889
95 1.614530509 0.9656163576
96 -0.8903479097 0.9508423143
97 -3.046965592 0.9343046836
98 -4.905053103 0.9168831577
99 -6.513553123 0.8993026863
100 -7.916577526 0.8820620163
101 -9.151825474 0.8654517408
102 -10.25051824 0.8496069608
103 -11.2380703 0.8345608202
104 -12.13500825 0.8202861207
105 -12.95788569 0.8067236136
106 -13.72008833 0.7937996694
107 -14.43250072 0.7814366048
108 -15.10404051 0.7695583214
109 -15.74207931 0.7580931044
110 -16.35277141 0.7469747732
111 -16.94130986 0.7361429192
112 -17.51212608 0.7255426654
113 -18.06904589 0.7151242052
114 -18.61541205 0.7048422608
115 -19.15418089 0.6946555431
116 -19.68799882 0.6845262518
117 -20.21926319 0.6744196372
118 -20.75017071 0.6643036317
119 -21.28275598 0.6541485529
120 -21.81892186 0.6439268785
121 -22.3604632 0.6336130913
122 -22.90908471 0.6231835909
123 -23.46641395 0.6126166718
124 -24.0340096 0.6018925649
125 -24.61336577 0.590993539
126 -25.20591219 0.5799040613
127 -25.81301075 0.5686110095
128 -26.43594842 0.5571039311
129 -27.07592679 0.5453753398
130 -27.73404843 0.5334210373
131 -28.41130058 0.521240444
132 -29.10853655 0.5088369213
133 -29.82645556 0.4962180594
134 -30.56558202 0.4833959092
135 -31.32624516 0.4703871287
136 -32.10856042 0.4572130191
137 -32.91241374 0.4438994267
138 -33.73745035 0.4304764938
139 -34.58306912 0.4169782473
140 -35.4484237 0.4034420278
141 -36.33243106 0.3899077694
142 -37.23378788 0.3764171565
143 -38.15099451 0.3630126919
144 -39.08238572 0.3497367204
145 -40.02616724 0.336630457
146 -40.98045617 0.3237330677
147 -41.94332353 0.3110808493
148 -42.91283685 0.2987065457
149 -43.88710075 0.2866388262
150 -44.86429378 0.274901941
151 -45.84269994 0.2635155558
152 -46.82073388 0.2524947546
153 -47.79695909 0.2418501931
154 -48.77009883 0.2315883776
155 -49.73903997 0.22171204
156 -50.70283016 0.2122205789
157 -51.66066909 0.203110541
158 -52.61189446 0.1943761144
159 -53.55596394 0.1860096144
160 -54.49243369 0.1780019445
161 -55.42093479 0.170343018
162 -56.34114834 0.1630221328
163 -57.2527803 0.1560282926
164 -58.15553705 0.1493504712
165 -59.04910247 0.142977821
166 -59.93311759 0.1368998252
167 -60.80716349 0.1311063987
168 -61.67074812 0.125587941
169 -62.52329778 0.1203353485
170 -63.36415333 0.1153399917
171 -64.19257157 0.1105936662
172 -65.00773148 0.1060885241
173 -65.80874499 0.1018169957
174 -66.59467183 0.09777170636
175 -67.36453751 0.09394539799
176 -68.11735352 0.09033085836
177 -68.85213876 0.08692086371
178 -69.56794116 0.08370813666
179 -70.26385815 0.08068532158
180 -70.93905375 0.07784498189
181 -71.59276166 0.07517964928
182 -72.2242091 0.07268212377
183 -72.83203132 0.07034731742
184 -73.41032405 0.06818402766
185 -73.92232825 0.06629128027
186 -74.12486072 0.06536167549
187 -72.39777341 0.07025483858
188 -58.12108891 0.127581224
189 15.33709161 0.8741487404
190 35.40712619 0.9998399682
191 35.43231772 0.9998980365
192 32.80542519 0.9998394008
193 28.99871531 0.9996806563
194 24.61129343 0.9992925113
195 20.07120256 0.9983997425
196 15.65975135 0.9965126289
197 11.542963 0.9929226781
198 7.80949264 0.9868506146
199 4.495939912 0.9777434494
200 1.601390373 0.9655499891
201 -0.9016687092 0.95076521
202 -3.056700624 0.9342212627
203 -4.913446863 0.9167974691
204 -6.520834084 0.8992177501
205 -7.922945206 0.8819797418
206 -9.157447173 0.8653731367
207 -10.25553101 0.8495324119
208 -11.2425851 0.8344903244
209 -12.13911452 0.8202194587
210 -12.96165554 0.806660459
211 -13.72358018 0.7937396546
212 -14.43576217 0.781379359
213 -15.10711065 0.7695034901
214 -15.74499051 0.7580403582
215 -16.35555075 0.7469238115
216 -16.9439802 0.7360934696
217 -17.51470694 0.7254944821
218 -18.0715541 0.7150770663
219 -18.61786229 0.7047959661
220 -19.15658609 0.6946099112
221 -19.69037051 0.6844811179
222 -20.22161174 0.6743748513
223 -20.75250554 0.6642590565
224 -21.28508575 0.654104063
225 -21.82125458 0.643882359
226 -22.36280634 0.6335684372
227 -22.91144528 0.6231387066
228 -23.46879852 0.6125714711
229 -24.0364244 0.6018469709
230 -24.61581665 0.5909474845
231 -25.20840466 0.5798574895
232 -25.81554995 0.5685638744
233 -26.4385391 0.5570561986
234 -27.07857327 0.5453269886
235 -27.73675456 0.5333720601
236 -28.41406968 0.5211908484
237 -29.11137132 0.5087867306
238 -29.82935804 0.4961673137
239 -30.56855351 0.4833446654
240 -31.32928619 0.4703354608
241 -32.11167063 0.4571610179
242 -32.91559191 0.4438471988
243 -33.74069433 0.4304241601
244 -34.58637589 0.416925941
245 -35.45178933 0.4033898916
246 -36.33585083 0.3898559529
247 -37.23725634 0.3763658122
248 -38.15450557 0.3629619722
249 -39.08593282 0.3496867738
250 -40.02974347 0.3365814246
251 -40.98405442 0.3236850801
252 -41.94693667 0.3110340243
253 -42.91645787 0.2986609859
254 -43.8907229 0.2865946179
255 -44.86791067 0.2748591535
256 -45.84630568 0.2634742411
257 -46.8243231 0.252454948
258 -47.80052704 0.2418119145
259 -48.77364135 0.2315516326
260 -49.74255352 0.2216768212
261 -50.70631179 0.2121868684
262 -51.66411637 0.2030783116
263 -52.61530547 0.1943453317
264 -53.55933712 0.1859802386
265 -54.49576784 0.177973932
266 -55.42422893 0.1703163228
267 -56.34440165 0.1629967075
268 -57.25599203 0.1560040897
269 -58.15870642 0.1493274439
270 -59.05222862 0.1429559236
271 -59.93619951 0.1368790139
272 -60.81019995 0.1310866315
273 -61.67373768 0.1255691781
274 -62.52623871 0.1203175519
275 -63.36704367 0.1153231255
276 -64.1954091 0.1105776961
277 -65.01051375 0.1060734173
278 -65.81146938 0.1018027205
279 -66.5973356 0.097758232
280 -67.36713784 0.0939326944
281 -68.1198876 0.09031889591
282 -68.85460384 0.08690961303
283 -69.57033464 0.08369756858
284 -70.26617761 0.08067540702
285 -70.94129704 0.07783569184
286 -71.59492697 0.07517095475
287 -72.22629514 0.07267399524
288 -72.83403849 0.07033972138
289 -73.41226138 0.06817690475
290 -73.92425692 0.06628441028
291 -74.12716636 0.06535383299
292 -72.40285017 0.07023786974
293 -58.14318722 0.1274667482
294 15.29397991 0.8736726277
295 35.40667367 0.9998397374
296 35.43448357 0.9998980748
297 32.80861152 0.9998394935
298 29.0025275 0.9996808778
299 24.61537948 0.9992930341
300 20.07529274 0.9984009091
301 15.66366984 0.9965150087
302 11.54660478 0.9929270264
303 7.812801708 0.9868576654
304 4.498896821 0.9777536113
305 1.604004181 0.9655631536
306 -0.899368758 0.9507808171
307 -3.054674113 0.9342385486
308 -4.911650035 0.9168157108
309 -6.519225134 0.8992363978
310 -7.921486996 0.8819984437
311 -9.156108089 0.8653917061
312 -10.25428478 0.8495507794
313 -11.2414101 0.834508495
314 -12.13799304 0.820237481
315 -12.960573 0.8066784041
