0.0000000000 -48.9307412746
0.1000000000 -49.0302137705
0.2000000000 -49.1296474450
0.3000000000 -49.2290410860
0.4000000000 -49.3283935006
0.5000000000 -49.4277035156
0.6000000000 -49.5269699770
0.7000000000 -49.6261917506
0.8000000000 -49.7253677208
0.9000000000 -49.8244967917
1.0000000000 -49.9235778861
1.1000000000 -50.0226099458
1.2000000000 -50.1215919314
1.3000000000 -50.2205228220
1.4000000000 -50.3194016153
1.5000000000 -50.4182273273
1.6000000000 -50.5169989924
1.7000000000 -50.6157156625
1.8000000000 -50.7143764080
1.9000000000 -50.8129803165
2.0000000000 -50.9115264933
2.1000000000 -51.0100140610
2.2000000000 -51.1084421593
2.3000000000 -51.2068099449
2.4000000000 -51.3051165911
2.5000000000 -51.4033612877
2.6000000000 -51.5015432410
2.7000000000 -51.5996616732
2.8000000000 -51.6977158225
2.9000000000 -51.7957049425
3.0000000000 -51.8936283025
3.1000000000 -51.9914851867
3.2000000000 -52.0892748944
3.3000000000 -52.1869967393
3.4000000000 -52.2846500500
3.5000000000 -52.3822341687
3.6000000000 -52.4797484519
3.7000000000 -52.5771922697
3.8000000000 -52.6745650053
3.9000000000 -52.7718660553
4.0000000000 -52.8690948291
4.1000000000 -52.9662507484
4.2000000000 -53.0633332476
4.3000000000 -53.1603417727
4.4000000000 -53.2572757816
4.5000000000 -53.3541347436
4.6000000000 -53.4509181392
4.7000000000 -53.5476254595
4.8000000000 -53.6442562064
4.9000000000 -53.7408098919
5.0000000000 -53.8372860381
5.1000000000 -53.9336841764
5.2000000000 -54.0300038480
5.3000000000 -54.1262446028
5.4000000000 -54.2224059994
5.5000000000 -54.3184876052
5.6000000000 -54.4144889953
5.7000000000 -54.5104097527
5.8000000000 -54.6062494681
5.9000000000 -54.7020077390
6.0000000000 -54.7976841702
6.1000000000 -54.8932783727
6.2000000000 -54.9887899638
6.3000000000 -55.0842185668
6.4000000000 -55.1795638106
6.5000000000 -55.2748253293
6.6000000000 -55.3700027621
6.7000000000 -55.4650957527
6.8000000000 -55.5601039492
6.9000000000 -55.6550270038
7.0000000000 -55.7498645723
7.1000000000 -55.8446163140
7.2000000000 -55.9392818911
7.3000000000 -56.0338609689
7.4000000000 -56.1283532147
7.5000000000 -56.2227582984
7.6000000000 -56.3170758914
7.7000000000 -56.4113056669
7.8000000000 -56.5054472992
7.9000000000 -56.5995004634
8.0000000000 -56.6934648353
8.1000000000 -56.7873400912
8.2000000000 -56.8811259073
8.3000000000 -56.9748219593
8.4000000000 -57.0684279225
8.5000000000 -57.1619434715
8.6000000000 -57.2553682795
8.7000000000 -57.3487020184
8.8000000000 -57.4419443581
8.9000000000 -57.5350949668
9.0000000000 -57.6281535102
9.1000000000 -57.7211196516
9.2000000000 -57.8139930513
9.3000000000 -57.9067733665
9.4000000000 -57.9994602510
9.5000000000 -58.0920533550
9.6000000000 -58.1845523248
9.7000000000 -58.2769568025
9.8000000000 -58.3692664258
9.9000000000 -58.4614808276
10.0000000000 -58.5535996360
10.1000000000 -58.6456224739
10.2000000000 -58.7375489588
10.3000000000 -58.8293787027
10.4000000000 -58.9211113114
10.5000000000 -59.0127463849
10.6000000000 -59.1042835169
10.7000000000 -59.1957222943
10.8000000000 -59.2870622976
10.9000000000 -59.3783031001
11.0000000000 -59.4694442681
11.1000000000 -59.5604853605
11.2000000000 -59.6514259286
11.3000000000 -59.7422655162
11.4000000000 -59.8330036590
11.5000000000 -59.9236398846
11.6000000000 -60.0141737125
11.7000000000 -60.1046046537
11.8000000000 -60.1949322107
11.9000000000 -60.2851558771
12.0000000000 -60.3752751379
12.1000000000 -60.4652894688
12.2000000000 -60.5551983366
12.3000000000 -60.6450011985
12.4000000000 -60.7346975026
12.5000000000 -60.8242866874
12.6000000000 -60.9137681817
12.7000000000 -61.0031414044
12.8000000000 -61.0924057649
12.9000000000 -61.1815606624
13.0000000000 -61.2706054861
13.1000000000 -61.3595396152
13.2000000000 -61.4483624187
13.3000000000 -61.5370732552
13.4000000000 -61.6256714730
13.5000000000 -61.7141564102
13.6000000000 -61.8025273943
13.7000000000 -61.8907837425
13.8000000000 -61.9789247613
13.9000000000 -62.0669497468
14.0000000000 -62.1548579845
14.1000000000 -62.2426487493
14.2000000000 -62.3303213056
14.3000000000 -62.4178749071
14.4000000000 -62.5053087970
14.5000000000 -62.5926222079
14.6000000000 -62.6798143617
14.7000000000 -62.7668844701
14.8000000000 -62.8538317340
14.9000000000 -62.9406553439
15.0000000000 -63.0273544798
15.1000000000 -63.1139283116
15.2000000000 -63.2003759985
15.3000000000 -63.2866966897
15.4000000000 -63.3728895241
15.5000000000 -63.4589536305
15.6000000000 -63.5448881277
15.7000000000 -63.6306921244
15.8000000000 -63.7163647196
15.9000000000 -63.8019050026
16.0000000000 -63.8873120527
16.1000000000 -63.9725849401
16.2000000000 -64.0577227253
16.3000000000 -64.1427244596
16.4000000000 -64.2275891851
16.5000000000 -64.3123159349
16.6000000000 -64.3969037331
16.7000000000 -64.4813515953
16.8000000000 -64.5656585282
16.9000000000 -64.6498235303
17.0000000000 -64.7338455917
17.1000000000 -64.8177236945
17.2000000000 -64.9014568129
17.3000000000 -64.9850439132
17.4000000000 -65.0684839543
17.5000000000 -65.1517758876
17.6000000000 -65.2349186575
17.7000000000 -65.3179112012
17.8000000000 -65.4007524493
17.9000000000 -65.4834413258
18.0000000000 -65.5659767483
18.1000000000 -65.6483576283
18.2000000000 -65.7305828715
18.3000000000 -65.8126513776
18.4000000000 -65.8945620413
18.5000000000 -65.9763137516
18.6000000000 -66.0579053929
18.7000000000 -66.1393358447
18.8000000000 -66.2206039818
18.9000000000 -66.3017086752
19.0000000000 -66.3826487914
19.1000000000 -66.4634231935
19.2000000000 -66.5440307410
19.3000000000 -66.6244702901
19.4000000000 -66.7047406941
19.5000000000 -66.7848408035
19.6000000000 -66.8647694663
19.7000000000 -66.9445255287
19.8000000000 -67.0241078345
19.9000000000 -67.1035152261
20.0000000000 -67.1827465445
20.1000000000 -67.2618006297
20.2000000000 -67.3406763207
20.3000000000 -67.4193724562
20.4000000000 -67.4978878743
20.5000000000 -67.5762214135
20.6000000000 -67.6543719123
20.7000000000 -67.7323382100
20.8000000000 -67.8101191466
20.9000000000 -67.8877135633
21.0000000000 -67.9651203029
21.1000000000 -68.0423382096
21.2000000000 -68.1193661297
21.3000000000 -68.1962029120
21.4000000000 -68.2728474076
21.5000000000 -68.3492984704
21.6000000000 -68.4255549577
21.7000000000 -68.5016157298
21.8000000000 -68.5774796512
21.9000000000 -68.6531455897
22.0000000000 -68.7286124180
22.1000000000 -68.8038790128
22.2000000000 -68.8789442557
22.3000000000 -68.9538070336
22.4000000000 -69.0284662383
22.5000000000 -69.1029207677
22.6000000000 -69.1771695250
22.7000000000 -69.2512114199
22.8000000000 -69.3250453684
22.9000000000 -69.3986702930
23.0000000000 -69.4720851234
23.1000000000 -69.5452887961
23.2000000000 -69.6182802553
23.3000000000 -69.6910584526
23.4000000000 -69.7636223477
23.5000000000 -69.8359709084
23.6000000000 -69.9081031109
23.7000000000 -69.9800179399
23.8000000000 -70.0517143892
23.9000000000 -70.1231914614
24.0000000000 -70.1944481687
24.1000000000 -70.2654835326
24.2000000000 -70.3362965845
24.3000000000 -70.4068863659
24.4000000000 -70.4772519282
24.5000000000 -70.5473923334
24.6000000000 -70.6173066541
24.7000000000 -70.6869939737
24.8000000000 -70.7564533866
24.9000000000 -70.8256839983
25.0000000000 -70.8946849259
25.1000000000 -70.9634552979
25.2000000000 -71.0319942546
25.3000000000 -71.1003009484
25.4000000000 -71.1683745435
25.5000000000 -71.2362142167
25.6000000000 -71.3038191571
25.7000000000 -71.3711885662
25.8000000000 -71.4383216586
25.9000000000 -71.5052176617
26.0000000000 -71.5718758157
26.1000000000 -71.6382953744
26.2000000000 -71.7044756046
26.3000000000 -71.7704157867
26.4000000000 -71.8361152146
26.5000000000 -71.9015731962
26.6000000000 -71.9667890528
26.7000000000 -72.0317621199
26.8000000000 -72.0964917471
26.9000000000 -72.1609772979
27.0000000000 -72.2252181504
27.1000000000 -72.2892136967
27.2000000000 -72.3529633436
27.3000000000 -72.4164665122
27.4000000000 -72.4797226385
27.5000000000 -72.5427311730
27.6000000000 -72.6054915808
27.7000000000 -72.6680033422
27.8000000000 -72.7302659521
27.9000000000 -72.7922789204
28.0000000000 -72.8540417720
28.1000000000 -72.9155540469
28.2000000000 -72.9768153002
28.3000000000 -73.0378251019
28.4000000000 -73.0985830375
28.5000000000 -73.1590887074
28.6000000000 -73.2193417275
28.7000000000 -73.2793417287
28.8000000000 -73.3390883572
28.9000000000 -73.3985812747
29.0000000000 -73.4578201578
29.1000000000 -73.5168046988
29.2000000000 -73.5755346049
29.3000000000 -73.6340095988
29.4000000000 -73.6922294186
29.5000000000 -73.7501938173
29.6000000000 -73.8079025634
29.7000000000 -73.8653554407
29.8000000000 -73.9225522478
29.9000000000 -73.9794927990
30.0000000000 -74.0361769234
30.1000000000 -74.0926044653
30.2000000000 -74.1487752838
30.3000000000 -74.2046892535
30.4000000000 -74.2603462636
30.5000000000 -74.3157462182
30.6000000000 -74.3708890364
30.7000000000 -74.4257746519
30.8000000000 -74.4804030132
30.9000000000 -74.5347740833
31.0000000000 -74.5888878399
31.1000000000 -74.6427442751
31.2000000000 -74.6963433951
31.3000000000 -74.7496852205
31.4000000000 -74.8027697861
31.5000000000 -74.8555971405
31.6000000000 -74.9081673463
31.7000000000 -74.9604804796
31.8000000000 -75.0125366303
31.9000000000 -75.0643359013
32.0000000000 -75.1158784090
32.1000000000 -75.1671642826
32.2000000000 -75.2181936638
32.3000000000 -75.2689667071
32.4000000000 -75.3194835789
32.5000000000 -75.3697444574
32.6000000000 -75.4197495324
32.7000000000 -75.4694990045
32.8000000000 -75.5189930849
32.9000000000 -75.5682319950
33.0000000000 -75.6172159654
33.1000000000 -75.6659452355
33.2000000000 -75.7144200526
33.3000000000 -75.7626406711
33.4000000000 -75.8106073514
33.5000000000 -75.8583203585
33.6000000000 -75.9057799611
33.7000000000 -75.9529864297
33.8000000000 -75.9999400349
33.9000000000 -76.0466410451
34.0000000000 -76.0930897245
34.1000000000 -76.1392863298
34.2000000000 -76.1852311073
34.3000000000 -76.2309242890
34.4000000000 -76.2763660880
34.5000000000 -76.3215566938
34.6000000000 -76.3664962661
34.7000000000 -76.4111849279
34.8000000000 -76.4556227576
34.9000000000 -76.4998097796
35.0000000000 -76.5437459533
35.1000000000 -76.5874311607
35.2000000000 -76.6308651912
35.3000000000 -76.6740477248
35.4000000000 -76.7169783121
35.5000000000 -76.7596563502
35.6000000000 -76.8020810563
35.7000000000 -76.8442514353
35.8000000000 -76.8861662432
35.9000000000 -76.9278239432
36.0000000000 -76.9692226557
36.1000000000 -77.0103600993
36.2000000000 -77.0512335218
36.3000000000 -77.0918396204
36.4000000000 -77.1321744478
36.5000000000 -77.1722333030
36.6000000000 -77.2120106038
36.7000000000 -77.2514997377
36.8000000000 -77.2906928885
36.9000000000 -77.3295808330
37.0000000000 -77.3681527044
37.1000000000 -77.4063957152
37.2000000000 -77.4442948346
37.3000000000 -77.4818324110
37.4000000000 -77.5189877315
37.5000000000 -77.5557365071
37.6000000000 -77.5920502717
37.7000000000 -77.6278956801
37.8000000000 -77.6632336876
37.9000000000 -77.6980185914
38.0000000000 -77.7321969116
38.1000000000 -77.7657060820
38.2000000000 -77.7984729219
38.3000000000 -77.8304118494
38.4000000000 -77.8614227928
38.5000000000 -77.8913887500
38.6000000000 -77.9201729354
38.7000000000 -77.9476154444
38.8000000000 -77.9735293538
38.9000000000 -77.9976961618
39.0000000000 -78.0198604556
39.1000000000 -78.0397236758
39.2000000000 -78.0569368217
39.3000000000 -78.0710919194
39.4000000000 -78.0817120393
39.5000000000 -78.0882396161
39.6000000000 -78.0900227804
39.7000000000 -78.0862993612
39.8000000000 -78.0761781593
39.9000000000 -78.0586170217
40.0000000000 -78.0323971668
40.1000000000 -77.9960931115
40.2000000000 -77.9480374394
40.3000000000 -77.8862795131
40.4000000000 -77.8085370746
40.5000000000 -77.7121394873
40.6000000000 -77.5939611485
40.7000000000 -77.4503433246
40.8000000000 -77.2770023400
40.9000000000 -77.0689216447
41.0000000000 -76.8202247988
41.1000000000 -76.5240257964
41.2000000000 -76.1722523744
41.3000000000 -75.7554369386
41.4000000000 -75.2624683950
41.5000000000 -74.6802963227
41.6000000000 -73.9935763016
41.7000000000 -73.1842413495
41.8000000000 -72.2309785483
41.9000000000 -71.1085806966
42.0000000000 -69.7871277863
42.1000000000 -68.2309279604
42.2000000000 -66.3971044212
42.3000000000 -64.2336388853
42.4000000000 -61.6765462761
42.5000000000 -58.6456085331
42.6000000000 -55.0376454305
42.7000000000 -50.7154927366
42.8000000000 -45.4894926137
42.9000000000 -39.0863741269
43.0000000000 -31.0993004189
43.1000000000 -20.9204247652
43.2000000000 -7.7145959641
43.3000000000 9.1608303074
43.4000000000 27.4534136031
43.5000000000 38.1145198097
43.6000000000 39.4831423878
43.7000000000 39.4333087008
43.8000000000 39.3777734441
43.9000000000 39.3109726045
44.0000000000 39.2364438225
44.1000000000 39.1541578394
44.2000000000 39.0635701700
44.3000000000 38.9640309739
44.4000000000 38.8548582188
44.5000000000 38.7353566814
44.6000000000 38.6048280786
44.7000000000 38.4625800892
44.8000000000 38.3079355681
44.9000000000 38.1402420373
45.0000000000 37.9588812729
45.1000000000 37.7632787453
45.2000000000 37.5529126561
45.3000000000 37.3273223197
45.4000000000 37.0861156648
45.5000000000 36.8289756567
45.6000000000 36.5556654853
45.7000000000 36.2660324036
45.8000000000 35.9600101530
45.9000000000 35.6376199544
46.0000000000 35.2989700909
46.1000000000 34.9442541479
46.2000000000 34.5737480123
46.3000000000 34.1878057585
46.4000000000 33.7868545739
46.5000000000 33.3713888876
46.6000000000 32.9419638735
46.7000000000 32.4991885036
46.8000000000 32.0437183155
46.9000000000 31.5762480555
47.0000000000 31.0975043412
47.1000000000 30.6082384719
47.2000000000 30.1092194998
47.3000000000 29.6012276532
47.4000000000 29.0850481857
47.5000000000 28.5614657082
47.6000000000 28.0312590414
47.7000000000 27.4951966111
47.8000000000 26.9540323967
47.9000000000 26.4085024282
48.0000000000 25.8593218184
48.1000000000 25.3071823083
48.2000000000 24.7527502974
48.3000000000 24.1966653242
48.4000000000 23.6395389612
48.5000000000 23.0819540845
48.6000000000 22.5244644778
48.7000000000 21.9675947322
48.8000000000 21.4118404012
48.9000000000 20.8576683742
49.0000000000 20.3055174336
49.1000000000 19.7557989613
49.2000000000 19.2088977648
49.3000000000 18.6651729953
49.4000000000 18.1249591330
49.5000000000 17.5885670170
49.6000000000 17.0562849009
49.7000000000 16.5283795173
49.8000000000 16.0050971380
49.9000000000 15.4866646156
50.0000000000 14.9732903998
50.1000000000 14.4651655186
50.2000000000 13.9624645191
50.3000000000 13.4653463644
50.4000000000 12.9739552818
50.5000000000 12.4884215633
50.6000000000 12.0088623150
50.7000000000 11.5353821586
50.8000000000 11.0680738841
50.9000000000 10.6070190562
51.0000000000 10.1522885777
51.1000000000 9.7039432108
51.2000000000 9.2620340616
51.3000000000 8.8266030293
51.4000000000 8.3976832242
51.5000000000 7.9752993582
51.6000000000 7.5594681107
51.7000000000 7.1501984737
51.8000000000 6.7474920789
51.9000000000 6.3513435098
52.0000000000 5.9617406016
52.1000000000 5.5786647318
52.2000000000 5.2020911028
52.3000000000 4.8319890190
52.4000000000 4.4683221602
52.5000000000 4.1110488522
52.6000000000 3.7601223352
52.7000000000 3.4154910318
52.8000000000 3.0770988146
52.9000000000 2.7448852732
53.0000000000 2.4187859805
53.1000000000 2.0987327599
53.2000000000 1.7846539502
53.3000000000 1.4764746701
53.4000000000 1.1741170804
53.5000000000 0.8775006439
53.6000000000 0.5865423815
53.7000000000 0.3011571250
53.8000000000 0.0212577637
53.9000000000 -0.2532445130
54.0000000000 -0.5224399811
54.1000000000 -0.7864201529
54.2000000000 -1.0452775574
54.3000000000 -1.2991055274
54.4000000000 -1.5479979962
54.5000000000 -1.7920493038
54.6000000000 -2.0313540118
54.7000000000 -2.2660067290
54.8000000000 -2.4961019462
54.9000000000 -2.7217338819
55.0000000000 -2.9429963372
55.1000000000 -3.1599825619
55.2000000000 -3.3727851298
55.3000000000 -3.5814958237
55.4000000000 -3.7862055308
55.5000000000 -3.9870041469
55.6000000000 -4.1839804897
55.7000000000 -4.3772222209
55.8000000000 -4.5668157768
55.9000000000 -4.7528463069
56.0000000000 -4.9353976201
56.1000000000 -5.1145521378
56.2000000000 -5.2903908544
56.3000000000 -5.4629933040
56.4000000000 -5.6324375330
56.5000000000 -5.7988000783
56.6000000000 -5.9621559507
56.7000000000 -6.1225786239
56.8000000000 -6.2801400266
56.9000000000 -6.4349105398
57.0000000000 -6.5869589975
57.1000000000 -6.7363526909
57.2000000000 -6.8831573755
57.3000000000 -7.0274372817
57.4000000000 -7.1692551267
57.5000000000 -7.3086721301
57.6000000000 -7.4457480307
57.7000000000 -7.5805411052
57.8000000000 -7.7131081886
57.9000000000 -7.8435046960
58.0000000000 -7.9717846455
58.1000000000 -8.0980006822
58.2000000000 -8.2222041030
58.3000000000 -8.3444448819
58.4000000000 -8.4647716967
58.5000000000 -8.5832319547
58.6000000000 -8.6998718204
58.7000000000 -8.8147362421
58.8000000000 -8.9278689792
58.9000000000 -9.0393126299
59.0000000000 -9.1491086579
59.1000000000 -9.2572974201
59.2000000000 -9.3639181934
59.3000000000 -9.4690092015
59.4000000000 -9.5726076417
59.5000000000 -9.6747497110
59.6000000000 -9.7754706322
59.7000000000 -9.8748046793
59.8000000000 -9.9727852029
59.9000000000 -10.0694446548
60.0000000000 -10.1648146124
60.1000000000 -10.2589258028
60.2000000000 -10.3518081257
60.3000000000 -10.4434906768
60.4000000000 -10.5340017700
60.5000000000 -10.6233689596
60.6000000000 -10.7116190613
60.7000000000 -10.7987781734
60.8000000000 -10.8848716975
60.9000000000 -10.9699243579
61.0000000000 -11.0539602214
61.1000000000 -11.1370027160
61.2000000000 -11.2190746496
61.3000000000 -11.3001982278
61.4000000000 -11.3803950715
61.5000000000 -11.4596862335
61.6000000000 -11.5380922157
61.7000000000 -11.6156329845
61.8000000000 -11.6923279869
61.9000000000 -11.7681961654
62.0000000000 -11.8432559730
62.1000000000 -11.9175253871
62.2000000000 -11.9910219240
62.3000000000 -12.0637626517
62.4000000000 -12.1357642037
62.5000000000 -12.2070427910
62.6000000000 -12.2776142152
62.7000000000 -12.3474938798
62.8000000000 -12.4166968021
62.9000000000 -12.4852376245
63.0000000000 -12.5531306254
63.1000000000 -12.6203897295
63.2000000000 -12.6870285186
63.3000000000 -12.7530602411
63.4000000000 -12.8184978218
63.5000000000 -12.8833538713
63.6000000000 -12.9476406950
63.7000000000 -13.0113703018
63.8000000000 -13.0745544130
63.9000000000 -13.1372044701
64.0000000000 -13.1993316430
64.1000000000 -13.2609468379
64.2000000000 -13.3220607045
64.3000000000 -13.3826836435
64.4000000000 -13.4428258137
64.5000000000 -13.5024971388
64.6000000000 -13.5617073140
64.7000000000 -13.6204658124
64.8000000000 -13.6787818912
64.9000000000 -13.7366645981
65.0000000000 -13.7941227767
65.1000000000 -13.8511650723
65.2000000000 -13.9077999377
65.3000000000 -13.9640356381
65.4000000000 -14.0198802567
65.5000000000 -14.0753416993
65.6000000000 -14.1304276997
65.7000000000 -14.1851458236
65.8000000000 -14.2395034742
65.9000000000 -14.2935078958
66.0000000000 -14.3471661785
66.1000000000 -14.4004852623
66.2000000000 -14.4534719410
66.3000000000 -14.5061328666
66.4000000000 -14.5584745524
66.5000000000 -14.6105033774
66.6000000000 -14.6622255893
66.7000000000 -14.7136473085
66.8000000000 -14.7647745309
66.9000000000 -14.8156131318
67.0000000000 -14.8661688687
67.1000000000 -14.9164473843
67.2000000000 -14.9664542100
67.3000000000 -15.0161947681
67.4000000000 -15.0656743753
67.5000000000 -15.1148982451
67.6000000000 -15.1638714903
67.7000000000 -15.2125991261
67.8000000000 -15.2610860720
67.9000000000 -15.3093371550
68.0000000000 -15.3573571110
68.1000000000 -15.4051505881
68.2000000000 -15.4527221481
68.3000000000 -15.5000762689
68.4000000000 -15.5472173470
68.5000000000 -15.5941496988
68.6000000000 -15.6408775634
68.7000000000 -15.6874051038
68.8000000000 -15.7337364094
68.9000000000 -15.7798754975
69.0000000000 -15.8258263151
69.1000000000 -15.8715927409
69.2000000000 -15.9171785865
69.3000000000 -15.9625875987
69.4000000000 -16.0078234602
69.5000000000 -16.0528897923
69.6000000000 -16.0977901554
69.7000000000 -16.1425280509
69.8000000000 -16.1871069228
69.9000000000 -16.2315301586
70.0000000000 -16.2758010913
70.1000000000 -16.3199230000
70.2000000000 -16.3638991119
70.3000000000 -16.4077326030
70.4000000000 -16.4514265996
70.5000000000 -16.4949841795
70.6000000000 -16.5384083729
70.7000000000 -16.5817021637
70.8000000000 -16.6248684909
70.9000000000 -16.6679102491
71.0000000000 -16.7108302898
71.1000000000 -16.7536314226
71.2000000000 -16.7963164160
71.3000000000 -16.8388879982
71.4000000000 -16.8813488584
71.5000000000 -16.9237016475
71.6000000000 -16.9659489791
71.7000000000 -17.0080934301
71.8000000000 -17.0501375421
71.9000000000 -17.0920838217
72.0000000000 -17.1339347414
72.1000000000 -17.1756927406
72.2000000000 -17.2173602264
72.3000000000 -17.2589395741
72.4000000000 -17.3004331279
72.5000000000 -17.3418432020
72.6000000000 -17.3831720810
72.7000000000 -17.4244220205
72.8000000000 -17.4655952483
72.9000000000 -17.5066939641
73.0000000000 -17.5477203412
73.1000000000 -17.5886765264
73.2000000000 -17.6295646408
73.3000000000 -17.6703867806
73.4000000000 -17.7111450173
73.5000000000 -17.7518413985
73.6000000000 -17.7924779485
73.7000000000 -17.8330566688
73.8000000000 -17.8735795384
73.9000000000 -17.9140485146
74.0000000000 -17.9544655335
74.1000000000 -17.9948325103
74.2000000000 -18.0351513398
74.3000000000 -18.0754238970
74.4000000000 -18.1156520376
74.5000000000 -18.1558375983
74.6000000000 -18.1959823973
74.7000000000 -18.2360882348
74.8000000000 -18.2761568932
74.9000000000 -18.3161901377
75.0000000000 -18.3561897168
75.1000000000 -18.3961573625
75.2000000000 -18.4360947908
75.3000000000 -18.4760037018
75.4000000000 -18.5158857806
75.5000000000 -18.5557426972
75.6000000000 -18.5955761071
75.7000000000 -18.6353876515
75.8000000000 -18.6751789577
75.9000000000 -18.7149516395
76.0000000000 -18.7547072974
76.1000000000 -18.7944475190
76.2000000000 -18.8341738794
76.3000000000 -18.8738879414
76.4000000000 -18.9135912556
76.5000000000 -18.9532853610
76.6000000000 -18.9929717855
76.7000000000 -19.0326520453
76.8000000000 -19.0723276462
76.9000000000 -19.1120000834
77.0000000000 -19.1516708414
77.1000000000 -19.1913413952
77.2000000000 -19.2310132095
77.3000000000 -19.2706877399
77.4000000000 -19.3103664323
77.5000000000 -19.3500507238
77.6000000000 -19.3897420427
77.7000000000 -19.4294418086
77.8000000000 -19.4691514327
77.9000000000 -19.5088723182
78.0000000000 -19.5486058603
78.1000000000 -19.5883534465
78.2000000000 -19.6281164569
78.3000000000 -19.6678962641
78.4000000000 -19.7076942339
78.5000000000 -19.7475117250
78.6000000000 -19.7873500894
78.7000000000 -19.8272106729
78.8000000000 -19.8670948146
78.9000000000 -19.9070038477
79.0000000000 -19.9469390995
79.1000000000 -19.9869018912
79.2000000000 -20.0268935388
79.3000000000 -20.0669153528
79.4000000000 -20.1069686381
79.5000000000 -20.1470546950
79.6000000000 -20.1871748185
79.7000000000 -20.2273302990
79.8000000000 -20.2675224223
79.9000000000 -20.3077524696
80.0000000000 -20.3480217179
80.1000000000 -20.3883314399
80.2000000000 -20.4286829045
80.3000000000 -20.4690773765
80.4000000000 -20.5095161170
80.5000000000 -20.5500003835
80.6000000000 -20.5905314301
80.7000000000 -20.6311105075
80.8000000000 -20.6717388631
80.9000000000 -20.7124177412
81.0000000000 -20.7531483834
81.1000000000 -20.7939320281
81.2000000000 -20.8347699111
81.3000000000 -20.8756632656
81.4000000000 -20.9166133223
81.5000000000 -20.9576213095
81.6000000000 -20.9986884531
81.7000000000 -21.0398159770
81.8000000000 -21.0810051030
81.9000000000 -21.1222570508
82.0000000000 -21.1635730383
82.1000000000 -21.2049542815
82.2000000000 -21.2464019951
82.3000000000 -21.2879173917
82.4000000000 -21.3295016828
82.5000000000 -21.3711560782
82.6000000000 -21.4128817867
82.7000000000 -21.4546800156
82.8000000000 -21.4965519712
82.9000000000 -21.5384988586
83.0000000000 -21.5805218819
83.1000000000 -21.6226222446
83.2000000000 -21.6648011489
83.3000000000 -21.7070597965
83.4000000000 -21.7493993885
83.5000000000 -21.7918211251
83.6000000000 -21.8343262061
83.7000000000 -21.8769158307
83.8000000000 -21.9195911980
83.9000000000 -21.9623535062
84.0000000000 -22.0052039536
84.1000000000 -22.0481437381
84.2000000000 -22.0911740575
84.3000000000 -22.1342961092
84.4000000000 -22.1775110909
84.5000000000 -22.2208201998
84.6000000000 -22.2642246335
84.7000000000 -22.3077255895
84.8000000000 -22.3513242654
84.9000000000 -22.3950218588
85.0000000000 -22.4388195678
85.1000000000 -22.4827185904
85.2000000000 -22.5267201250
85.3000000000 -22.5708253702
85.4000000000 -22.6150355251
85.5000000000 -22.6593517890
85.6000000000 -22.7037753616
85.7000000000 -22.7483074430
85.8000000000 -22.7929492337
85.9000000000 -22.8377019347
86.0000000000 -22.8825667476
86.1000000000 -22.9275448741
86.2000000000 -22.9726375169
86.3000000000 -23.0178458788
86.4000000000 -23.0631711634
86.5000000000 -23.1086145747
86.6000000000 -23.1541773173
86.7000000000 -23.1998605964
86.8000000000 -23.2456656176
86.9000000000 -23.2915935874
87.0000000000 -23.3376457124
87.1000000000 -23.3838232001
87.2000000000 -23.4301272585
87.3000000000 -23.4765590961
87.4000000000 -23.5231199218
87.5000000000 -23.5698109454
87.6000000000 -23.6166333768
87.7000000000 -23.6635884266
87.8000000000 -23.7106773059
87.9000000000 -23.7579012263
88.0000000000 -23.8052613996
88.1000000000 -23.8527590384
88.2000000000 -23.9003953553
88.3000000000 -23.9481715634
88.4000000000 -23.9960888763
88.5000000000 -24.0441485076
88.6000000000 -24.0923516714
88.7000000000 -24.1406995818
88.8000000000 -24.1891934533
88.9000000000 -24.2378345004
89.0000000000 -24.2866239376
89.1000000000 -24.3355629796
89.2000000000 -24.3846528410
89.3000000000 -24.4338947364
89.4000000000 -24.4832898801
89.5000000000 -24.5328394865
89.6000000000 -24.5825447695
89.7000000000 -24.6324069427
89.8000000000 -24.6824272195
89.9000000000 -24.7326068128
90.0000000000 -24.7829469347
90.1000000000 -24.8334487971
90.2000000000 -24.8841136110
90.3000000000 -24.9349425868
90.4000000000 -24.9859369338
90.5000000000 -25.0370978605
90.6000000000 -25.0884265746
90.7000000000 -25.1399242824
90.8000000000 -25.1915921892
90.9000000000 -25.2434314987
91.0000000000 -25.2954434137
91.1000000000 -25.3476291350
91.2000000000 -25.3999898620
91.3000000000 -25.4525267926
91.4000000000 -25.5052411224
91.5000000000 -25.5581340455
91.6000000000 -25.6112067537
91.7000000000 -25.6644604366
91.8000000000 -25.7178962816
91.9000000000 -25.7715154737
92.0000000000 -25.8253191952
92.1000000000 -25.8793086258
92.2000000000 -25.9334849422
92.3000000000 -25.9878493185
92.4000000000 -26.0424029252
92.5000000000 -26.0971469300
92.6000000000 -26.1520824968
92.7000000000 -26.2072107863
92.8000000000 -26.2625329551
92.9000000000 -26.3180501563
93.0000000000 -26.3737635387
93.1000000000 -26.4296742470
93.2000000000 -26.4857834217
93.3000000000 -26.5420921984
93.4000000000 -26.5986017084
93.5000000000 -26.6553130777
93.6000000000 -26.7122274277
93.7000000000 -26.7693458741
93.8000000000 -26.8266695276
93.9000000000 -26.8841994929
94.0000000000 -26.9419368692
94.1000000000 -26.9998827494
94.2000000000 -27.0580382206
94.3000000000 -27.1164043631
94.4000000000 -27.1749822509
94.5000000000 -27.2337729509
94.6000000000 -27.2927775233
94.7000000000 -27.3519970208
94.8000000000 -27.4114324888
94.9000000000 -27.4710849650
95.0000000000 -27.5309554793
95.1000000000 -27.5910450534
95.2000000000 -27.6513547007
95.3000000000 -27.7118854260
95.4000000000 -27.7726382253
95.5000000000 -27.8336140858
95.6000000000 -27.8948139851
95.7000000000 -27.9562388915
95.8000000000 -28.0178897636
95.9000000000 -28.0797675500
96.0000000000 -28.1418731888
96.1000000000 -28.2042076080
96.2000000000 -28.2667717247
96.3000000000 -28.3295664451
96.4000000000 -28.3925926639
96.5000000000 -28.4558512647
96.6000000000 -28.5193431191
96.7000000000 -28.5830690867
96.8000000000 -28.6470300150
96.9000000000 -28.7112267387
97.0000000000 -28.7756600799
97.1000000000 -28.8403308476
97.2000000000 -28.9052398374
97.3000000000 -28.9703878313
97.4000000000 -29.0357755974
97.5000000000 -29.1014038898
97.6000000000 -29.1672734481
97.7000000000 -29.2333849969
97.8000000000 -29.2997392464
97.9000000000 -29.3663368910
98.0000000000 -29.4331786098
98.1000000000 -29.5002650663
98.2000000000 -29.5675969074
98.3000000000 -29.6351747642
98.4000000000 -29.7029992507
98.5000000000 -29.7710709642
98.6000000000 -29.8393904849
98.7000000000 -29.9079583752
98.8000000000 -29.9767751800
98.9000000000 -30.0458414261
99.0000000000 -30.1151576219
99.1000000000 -30.1847242574
99.2000000000 -30.2545418034
99.3000000000 -30.3246107120
99.4000000000 -30.3949314155
99.5000000000 -30.4655043266
99.6000000000 -30.5363298383
99.7000000000 -30.6074083230
99.8000000000 -30.6787401329
99.9000000000 -30.7503255991
100.0000000000 -30.8221650321
100.1000000000 -30.8942587208
100.2000000000 -30.9666069326
100.3000000000 -31.0392099132
100.4000000000 -31.1120678861
100.5000000000 -31.1851810526
100.6000000000 -31.2585495915
100.7000000000 -31.3321736585
100.8000000000 -31.4060533866
100.9000000000 -31.4801888854
101.0000000000 -31.5545802409
101.1000000000 -31.6292275153
101.2000000000 -31.7041307471
101.3000000000 -31.7792899504
101.4000000000 -31.8547051149
101.5000000000 -31.9303762056
101.6000000000 -32.0063031629
101.7000000000 -32.0824859020
101.8000000000 -32.1589243128
101.9000000000 -32.2356182599
102.0000000000 -32.3125675823
102.1000000000 -32.3897720930
102.2000000000 -32.4672315793
102.3000000000 -32.5449458022
102.4000000000 -32.6229144963
102.5000000000 -32.7011373699
102.6000000000 -32.7796141047
102.7000000000 -32.8583443555
102.8000000000 -32.9373277502
102.9000000000 -33.0165638899
103.0000000000 -33.0960523482
103.1000000000 -33.1757926718
103.2000000000 -33.2557843796
103.3000000000 -33.3360269635
103.4000000000 -33.4165198875
103.5000000000 -33.4972625881
103.6000000000 -33.5782544739
103.7000000000 -33.6594949258
103.8000000000 -33.7409832969
103.9000000000 -33.8227189123
104.0000000000 -33.9047010693
104.1000000000 -33.9869290368
104.2000000000 -34.0694020563
104.3000000000 -34.1521193406
104.4000000000 -34.2350800750
104.5000000000 -34.3182834165
104.6000000000 -34.4017284941
104.7000000000 -34.4854144089
104.8000000000 -34.5693402337
104.9000000000 -34.6535050138
105.0000000000 -34.7379077664
105.1000000000 -34.8225474807
105.2000000000 -34.9074231185
105.3000000000 -34.9925336136
105.4000000000 -35.0778778723
105.5000000000 -35.1634547735
105.6000000000 -35.2492631687
105.7000000000 -35.3353018819
105.8000000000 -35.4215697102
105.9000000000 -35.5080654236
106.0000000000 -35.5947877653
106.1000000000 -35.6817354518
106.2000000000 -35.7689071729
106.3000000000 -35.8563015922
106.4000000000 -35.9439173473
106.5000000000 -36.0317530495
106.6000000000 -36.1198072845
106.7000000000 -36.2080786126
106.8000000000 -36.2965655687
106.9000000000 -36.3852666625
107.0000000000 -36.4741803790
107.1000000000 -36.5633051787
107.2000000000 -36.6526394978
107.3000000000 -36.7421817484
107.4000000000 -36.8319303190
107.5000000000 -36.9218835746
107.6000000000 -37.0120398571
107.7000000000 -37.1023974855
107.8000000000 -37.1929547566
107.9000000000 -37.2837099448
108.0000000000 -37.3746613028
108.1000000000 -37.4658070619
108.2000000000 -37.5571454323
108.3000000000 -37.6486746034
108.4000000000 -37.7403927444
108.5000000000 -37.8322980044
108.6000000000 -37.9243885131
108.7000000000 -38.0166623810
108.8000000000 -38.1091176999
108.9000000000 -38.2017525430
109.0000000000 -38.2945649660
109.1000000000 -38.3875530069
109.2000000000 -38.4807146867
109.3000000000 -38.5740480098
109.4000000000 -38.6675509645
109.5000000000 -38.7612215234
109.6000000000 -38.8550576439
109.7000000000 -38.9490572687
109.8000000000 -39.0432183260
109.9000000000 -39.1375387306
110.0000000000 -39.2320163836
110.1000000000 -39.3266491734
110.2000000000 -39.4214349763
110.3000000000 -39.5163716565
110.4000000000 -39.6114570669
110.5000000000 -39.7066890498
110.6000000000 -39.8020654368
110.7000000000 -39.8975840502
110.8000000000 -39.9932427025
110.9000000000 -40.0890391978
111.0000000000 -40.1849713318
111.1000000000 -40.2810368924
111.2000000000 -40.3772336606
111.3000000000 -40.4735594104
111.4000000000 -40.5700119098
111.5000000000 -40.6665889211
111.6000000000 -40.7632882016
111.7000000000 -40.8601075040
111.8000000000 -40.9570445769
111.9000000000 -41.0540971654
112.0000000000 -41.1512630117
112.1000000000 -41.2485398554
112.2000000000 -41.3459254344
112.3000000000 -41.4434174850
112.4000000000 -41.5410137426
112.5000000000 -41.6387119423
112.6000000000 -41.7365098195
112.7000000000 -41.8344051100
112.8000000000 -41.9323955510
112.9000000000 -42.0304788812
113.0000000000 -42.1286528416
113.1000000000 -42.2269151761
113.2000000000 -42.3252636315
113.3000000000 -42.4236959584
113.4000000000 -42.5222099117
113.5000000000 -42.6208032508
113.6000000000 -42.7194737405
113.7000000000 -42.8182191511
113.8000000000 -42.9170372590
113.9000000000 -43.0159258472
114.0000000000 -43.1148827057
114.1000000000 -43.2139056323
114.2000000000 -43.3129924322
114.3000000000 -43.4121409196
114.4000000000 -43.5113489171
114.5000000000 -43.6106142567
114.6000000000 -43.7099347801
114.7000000000 -43.8093083392
114.8000000000 -43.9087327962
114.9000000000 -44.0082060244
115.0000000000 -44.1077259083
115.1000000000 -44.2072903441
115.2000000000 -44.3068972402
115.3000000000 -44.4065445174
115.4000000000 -44.5062301092
115.5000000000 -44.6059519624
115.6000000000 -44.7057080372
115.7000000000 -44.8054963079
115.8000000000 -44.9053147626
115.9000000000 -45.0051614042
116.0000000000 -45.1050342504
116.1000000000 -45.2049313339
116.2000000000 -45.3048507029
116.3000000000 -45.4047904213
116.4000000000 -45.5047485689
116.5000000000 -45.6047232418
116.6000000000 -45.7047125528
116.7000000000 -45.8047146310
116.8000000000 -45.9047276230
116.9000000000 -46.0047496924
117.0000000000 -46.1047790201
117.1000000000 -46.2048138049
117.2000000000 -46.3048522634
117.3000000000 -46.4048926301
117.4000000000 -46.5049331581
117.5000000000 -46.6049721185
117.6000000000 -46.7050078011
117.7000000000 -46.8050385147
117.8000000000 -46.9050625866
117.9000000000 -47.0050783634
118.0000000000 -47.1050842107
118.1000000000 -47.2050785133
118.2000000000 -47.3050596755
118.3000000000 -47.4050261211
118.4000000000 -47.5049762932
118.5000000000 -47.6049086548
118.6000000000 -47.7048216885
118.7000000000 -47.8047138966
118.8000000000 -47.9045838014
118.9000000000 -48.0044299449
119.0000000000 -48.1042508890
119.1000000000 -48.2040452156
119.2000000000 -48.3038115265
119.3000000000 -48.4035484435
119.4000000000 -48.5032546082
119.5000000000 -48.6029286823
119.6000000000 -48.7025693472
119.7000000000 -48.8021753046
119.8000000000 -48.9017452756
119.9000000000 -49.0012780013
120.0000000000 -49.1007722427
120.1000000000 -49.2002267802
120.2000000000 -49.2996404142
120.3000000000 -49.3990119643
120.4000000000 -49.4983402698
120.5000000000 -49.5976241893
120.6000000000 -49.6968626008
120.7000000000 -49.7960544014
120.8000000000 -49.8951985072
120.9000000000 -49.9942938533
121.0000000000 -50.0933393938
121.1000000000 -50.1923341012
121.2000000000 -50.2912769668
121.3000000000 -50.3901670001
121.4000000000 -50.4890032289
121.5000000000 -50.5877846993
121.6000000000 -50.6865104751
121.7000000000 -50.7851796378
121.8000000000 -50.8837912867
121.9000000000 -50.9823445382
122.0000000000 -51.0808385262
122.1000000000 -51.1792724014
122.2000000000 -51.2776453314
122.3000000000 -51.3759565002
122.4000000000 -51.4742051084
122.5000000000 -51.5723903726
122.6000000000 -51.6705115255
122.7000000000 -51.7685678153
122.8000000000 -51.8665585059
122.9000000000 -51.9644828763
123.0000000000 -52.0623402204
123.1000000000 -52.1601298471
123.2000000000 -52.2578510796
123.3000000000 -52.3555032554
123.4000000000 -52.4530857261
123.5000000000 -52.5505978568
123.6000000000 -52.6480390262
123.7000000000 -52.7454086263
123.8000000000 -52.8427060618
123.9000000000 -52.9399307501
124.0000000000 -53.0370821210
124.1000000000 -53.1341596164
124.2000000000 -53.2311626901
124.3000000000 -53.3280908070
124.4000000000 -53.4249434437
124.5000000000 -53.5217200875
124.6000000000 -53.6184202362
124.7000000000 -53.7150433982
124.8000000000 -53.8115890918
124.9000000000 -53.9080568449
125.0000000000 -54.0044461951
125.1000000000 -54.1007566889
125.2000000000 -54.1969878818
125.3000000000 -54.2931393374
125.4000000000 -54.3892106281
125.5000000000 -54.4852013337
125.6000000000 -54.5811110417
125.7000000000 -54.6769393470
125.8000000000 -54.7726858513
125.9000000000 -54.8683501630
126.0000000000 -54.9639318967
126.1000000000 -55.0594306731
126.2000000000 -55.1548461186
126.3000000000 -55.2501778649
126.4000000000 -55.3454255488
126.5000000000 -55.4405888119
126.6000000000 -55.5356673000
126.7000000000 -55.6306606631
126.8000000000 -55.7255685552
126.9000000000 -55.8203906335
127.0000000000 -55.9151265585
127.1000000000 -56.0097759936
127.2000000000 -56.1043386044
127.3000000000 -56.1988140592
127.4000000000 -56.2932020278
127.5000000000 -56.3875021820
127.6000000000 -56.4817141945
127.7000000000 -56.5758377393
127.8000000000 -56.6698724910
127.9000000000 -56.7638181243
128.0000000000 -56.8576743146
128.1000000000 -56.9514407364
128.2000000000 -57.0451170642
128.3000000000 -57.1387029715
128.4000000000 -57.2321981307
128.5000000000 -57.3256022127
128.6000000000 -57.4189148871
128.7000000000 -57.5121358211
128.8000000000 -57.6052646800
128.9000000000 -57.6983011264
129.0000000000 -57.7912448202
129.1000000000 -57.8840954181
129.2000000000 -57.9768525736
129.3000000000 -58.0695159367
129.4000000000 -58.1620851532
129.5000000000 -58.2545598651
129.6000000000 -58.3469397100
129.7000000000 -58.4392243206
129.8000000000 -58.5314133250
129.9000000000 -58.6235063462
130.0000000000 -58.7155030017
130.1000000000 -58.8074029034
130.2000000000 -58.8992056575
130.3000000000 -58.9909108640
130.4000000000 -59.0825181169
130.5000000000 -59.1740270034
130.6000000000 -59.2654371043
130.7000000000 -59.3567479931
130.8000000000 -59.4479592367
130.9000000000 -59.5390703942
131.0000000000 -59.6300810176
131.1000000000 -59.7209906509
131.2000000000 -59.8117988305
131.3000000000 -59.9025050846
131.4000000000 -59.9931089331
131.5000000000 -60.0836098877
131.6000000000 -60.1740074515
131.7000000000 -60.2643011188
131.8000000000 -60.3544903752
131.9000000000 -60.4445746972
132.0000000000 -60.5345535522
132.1000000000 -60.6244263984
132.2000000000 -60.7141926844
132.3000000000 -60.8038518495
132.4000000000 -60.8934033233
132.5000000000 -60.9828465256
132.6000000000 -61.0721808666
132.7000000000 -61.1614057463
132.8000000000 -61.2505205548
132.9000000000 -61.3395246721
133.0000000000 -61.4284174680
133.1000000000 -61.5171983020
133.2000000000 -61.6058665233
133.3000000000 -61.6944214709
133.4000000000 -61.7828624732
133.5000000000 -61.8711888481
133.6000000000 -61.9593999031
133.7000000000 -62.0474949351
133.8000000000 -62.1354732306
133.9000000000 -62.2233340653
134.0000000000 -62.3110767044
134.1000000000 -62.3987004025
134.2000000000 -62.4862044036
134.3000000000 -62.5735879412
134.4000000000 -62.6608502381
134.5000000000 -62.7479905067
134.6000000000 -62.8350079486
134.7000000000 -62.9219017552
134.8000000000 -63.0086711074
134.9000000000 -63.0953151756
135.0000000000 -63.1818331200
135.1000000000 -63.2682240903
135.2000000000 -63.3544872262
135.3000000000 -63.4406216572
135.4000000000 -63.5266265026
135.5000000000 -63.6125008719
135.6000000000 -63.6982438648
135.7000000000 -63.7838545708
135.8000000000 -63.8693320703
135.9000000000 -63.9546754336
136.0000000000 -64.0398837218
136.1000000000 -64.1249559868
136.2000000000 -64.2098912711
136.3000000000 -64.2946886081
136.4000000000 -64.3793470225
136.5000000000 -64.4638655300
136.6000000000 -64.5482431379
136.7000000000 -64.6324788449
136.8000000000 -64.7165716413
136.9000000000 -64.8005205095
137.0000000000 -64.8843244237
137.1000000000 -64.9679823506
137.2000000000 -65.0514932491
137.3000000000 -65.1348560707
137.4000000000 -65.2180697598
137.5000000000 -65.3011332537
137.6000000000 -65.3840454829
137.7000000000 -65.4668053714
137.8000000000 -65.5494118366
137.9000000000 -65.6318637899
138.0000000000 -65.7141601367
138.1000000000 -65.7962997767
138.2000000000 -65.8782816041
138.3000000000 -65.9601045078
138.4000000000 -66.0417673716
138.5000000000 -66.1232690748
138.6000000000 -66.2046084918
138.7000000000 -66.2857844928
138.8000000000 -66.3667959442
138.9000000000 -66.4476417083
139.0000000000 -66.5283206441
139.1000000000 -66.6088316070
139.2000000000 -66.6891734497
139.3000000000 -66.7693450220
139.4000000000 -66.8493451712
139.5000000000 -66.9291727425
139.6000000000 -67.0088265789
139.7000000000 -67.0883055220
139.8000000000 -67.1676084119
139.9000000000 -67.2467340873
140.0000000000 -67.3256813865
140.1000000000 -67.4044491470
140.2000000000 -67.4830362058
140.3000000000 -67.5614414003
140.4000000000 -67.6396635678
140.5000000000 -67.7177015463
140.6000000000 -67.7955541746
140.7000000000 -67.8732202926
140.8000000000 -67.9506987416
140.9000000000 -68.0279883647
141.0000000000 -68.1050880066
141.1000000000 -68.1819965146
141.2000000000 -68.2587127383
141.3000000000 -68.3352355302
141.4000000000 -68.4115637458
141.5000000000 -68.4876962441
141.6000000000 -68.5636318876
141.7000000000 -68.6393695428
141.8000000000 -68.7149080804
141.9000000000 -68.7902463754
142.0000000000 -68.8653833077
142.1000000000 -68.9403177623
142.2000000000 -69.0150486293
142.3000000000 -69.0895748044
142.4000000000 -69.1638951893
142.5000000000 -69.2380086915
142.6000000000 -69.3119142251
142.7000000000 -69.3856107107
142.8000000000 -69.4590970758
142.9000000000 -69.5323722550
143.0000000000 -69.6054351903
143.1000000000 -69.6782848313
143.2000000000 -69.7509201355
143.3000000000 -69.8233400686
143.4000000000 -69.8955436046
143.5000000000 -69.9675297261
143.6000000000 -70.0392974245
143.7000000000 -70.1108457003
143.8000000000 -70.1821735633
143.9000000000 -70.2532800330
144.0000000000 -70.3241641383
144.1000000000 -70.3948249183
144.2000000000 -70.4652614223
144.3000000000 -70.5354727099
144.4000000000 -70.6054578513
144.5000000000 -70.6752159274
144.6000000000 -70.7447460304
144.7000000000 -70.8140472633
144.8000000000 -70.8831187409
144.9000000000 -70.9519595892
145.0000000000 -71.0205689461
145.1000000000 -71.0889459615
145.2000000000 -71.1570897973
145.3000000000 -71.2249996277
145.4000000000 -71.2926746394
145.5000000000 -71.3601140314
145.6000000000 -71.4273170159
145.7000000000 -71.4942828178
145.8000000000 -71.5610106748
145.9000000000 -71.6274998382
146.0000000000 -71.6937495724
146.1000000000 -71.7597591553
146.2000000000 -71.8255278783
146.3000000000 -71.8910550468
146.4000000000 -71.9563399797
146.5000000000 -72.0213820100
146.6000000000 -72.0861804848
146.7000000000 -72.1507347652
146.8000000000 -72.2150442267
146.9000000000 -72.2791082591
147.0000000000 -72.3429262667
147.1000000000 -72.4064976682
147.2000000000 -72.4698218971
147.3000000000 -72.5328984015
147.4000000000 -72.5957266442
147.5000000000 -72.6583061029
147.6000000000 -72.7206362703
147.7000000000 -72.7827166538
147.8000000000 -72.8445467760
147.9000000000 -72.9061261746
148.0000000000 -72.9674544021
148.1000000000 -73.0285310266
148.2000000000 -73.0893556309
148.3000000000 -73.1499278134
148.4000000000 -73.2102471876
148.5000000000 -73.2703133821
148.6000000000 -73.3301260410
148.7000000000 -73.3896848237
148.8000000000 -73.4489894046
148.9000000000 -73.5080394738
149.0000000000 -73.5668347364
149.1000000000 -73.6253749131
149.2000000000 -73.6836597395
149.3000000000 -73.7416889670
149.4000000000 -73.7994623618
149.5000000000 -73.8569797056
149.6000000000 -73.9142407952
149.7000000000 -73.9712454428
149.8000000000 -74.0279934756
149.9000000000 -74.0844847359
150.0000000000 -74.1407190812
150.1000000000 -74.1966963840
150.2000000000 -74.2524165318
150.3000000000 -74.3078794271
150.4000000000 -74.3630849870
150.5000000000 -74.4180331439
150.6000000000 -74.4727238445
150.7000000000 -74.5271570504
150.8000000000 -74.5813327377
150.9000000000 -74.6352508971
151.0000000000 -74.6889115337
151.1000000000 -74.7423146668
151.2000000000 -74.7954603300
151.3000000000 -74.8483485711
151.4000000000 -74.9009794515
151.5000000000 -74.9533530470
151.6000000000 -75.0054694466
151.7000000000 -75.0573287532
151.8000000000 -75.1089310827
151.9000000000 -75.1602765645
152.0000000000 -75.2113653410
152.1000000000 -75.2621975670
152.2000000000 -75.3127734102
152.3000000000 -75.3630930503
152.4000000000 -75.4131566792
152.5000000000 -75.4629645000
152.6000000000 -75.5125167273
152.7000000000 -75.5618135865
152.8000000000 -75.6108553132
152.9000000000 -75.6596421528
153.0000000000 -75.7081743599
153.1000000000 -75.7564521973
153.2000000000 -75.8044759359
153.3000000000 -75.8522458529
153.4000000000 -75.8997622313
153.5000000000 -75.9470253587
153.6000000000 -75.9940355256
153.7000000000 -76.0407930240
153.8000000000 -76.0872981455
153.9000000000 -76.1335511794
154.0000000000 -76.1795524096
154.1000000000 -76.2253021125
154.2000000000 -76.2708005530
154.3000000000 -76.3160479812
154.4000000000 -76.3610446275
154.5000000000 -76.4057906977
154.6000000000 -76.4502863665
154.7000000000 -76.4945317710
154.8000000000 -76.5385270022
154.9000000000 -76.5822720954
155.0000000000 -76.6257670194
155.1000000000 -76.6690116629
155.2000000000 -76.7120058203
155.3000000000 -76.7547491733
155.4000000000 -76.7972412707
155.5000000000 -76.8394815047
155.6000000000 -76.8814690826
155.7000000000 -76.9232029944
155.8000000000 -76.9646819751
155.9000000000 -77.0059044598
156.0000000000 -77.0468685329
156.1000000000 -77.0875718668
156.2000000000 -77.1280116523
156.3000000000 -77.1681845161
156.4000000000 -77.2080864248
156.5000000000 -77.2477125733
156.6000000000 -77.2870572539
156.7000000000 -77.3261137037
156.8000000000 -77.3648739264
156.9000000000 -77.4033284847
157.0000000000 -77.4414662568
157.1000000000 -77.4792741531
157.2000000000 -77.5167367847
157.3000000000 -77.5538360765
157.4000000000 -77.5905508152
157.5000000000 -77.6268561212
157.6000000000 -77.6627228317
157.7000000000 -77.6981167802
157.8000000000 -77.7329979544
157.9000000000 -77.7673195122
158.0000000000 -77.8010266320
158.1000000000 -77.8340551694
158.2000000000 -77.8663300864
158.3000000000 -77.8977636163
158.4000000000 -77.9282531183
158.5000000000 -77.9576785692
158.6000000000 -77.9858996313
158.7000000000 -78.0127522238
158.8000000000 -78.0380445145
158.9000000000 -78.0615522308
159.0000000000 -78.0830131772
159.1000000000 -78.1021208216
159.2000000000 -78.1185167927
159.3000000000 -78.1317821030
159.4000000000 -78.1414268777
159.5000000000 -78.1468783366
159.6000000000 -78.1474667269
159.7000000000 -78.1424088573
159.8000000000 -78.1307888200
159.9000000000 -78.1115354169
160.0000000000 -78.0833957217
160.1000000000 -78.0449041084
160.2000000000 -77.9943459617
160.3000000000 -77.9297151433
160.4000000000 -77.8486641239
160.5000000000 -77.7484454932
160.6000000000 -77.6258433274
160.7000000000 -77.4770926105
160.8000000000 -77.2977845646
160.9000000000 -77.0827553314
161.0000000000 -76.8259549336
161.1000000000 -76.5202928042
161.2000000000 -76.1574553577
161.3000000000 -75.7276900097
161.4000000000 -75.2195486313
161.5000000000 -74.6195814545
161.6000000000 -73.9119696391
161.7000000000 -73.0780805568
161.8000000000 -72.0959234886
161.9000000000 -70.9394733512
162.0000000000 -69.5778135965
162.1000000000 -67.9740217222
162.2000000000 -66.0836730269
162.3000000000 -63.8527538893
162.4000000000 -61.2146241964
162.5000000000 -58.0853924828
162.6000000000 -54.3565639951
162.7000000000 -49.8829232067
162.8000000000 -44.4621195024
162.9000000000 -37.8004422197
163.0000000000 -29.4587667844
163.1000000000 -18.7841762837
163.2000000000 -4.9130243182
163.3000000000 12.5944076992
163.4000000000 30.3282784570
163.5000000000 38.8177249877
163.6000000000 39.4740787457
163.7000000000 39.4273097859
163.8000000000 39.3689853921
163.9000000000 39.3009802897
164.0000000000 39.2253750786
164.1000000000 39.1419610247
164.2000000000 39.0501611833
164.3000000000 38.9493178641
164.4000000000 38.8387464094
164.5000000000 38.7177508940
164.6000000000 38.5856337076
164.7000000000 38.4417045231
164.8000000000 38.2852895363
164.9000000000 38.1157409711
165.0000000000 37.9324466515
165.1000000000 37.7348393915
165.2000000000 37.5224059450
165.3000000000 37.2946952686
165.4000000000 37.0513258734
165.5000000000 36.7919920750
165.6000000000 36.5164689903
165.7000000000 36.2246161746
165.8000000000 35.9163798407
165.9000000000 35.5917936459
166.0000000000 35.2509780787
166.1000000000 34.8941385168
166.2000000000 34.5215620618
166.3000000000 34.1336132819
166.4000000000 33.7307290175
166.5000000000 33.3134124147
166.6000000000 32.8822263595
166.7000000000 32.4377864845
166.8000000000 31.9807539156
166.9000000000 31.5118279146
167.0000000000 31.0317385604
167.1000000000 30.5412395960
167.2000000000 30.0411015488
167.3000000000 29.5321052152
167.4000000000 29.0150355802
167.5000000000 28.4906762247
167.6000000000 27.9598042580
167.7000000000 27.4231857945
167.8000000000 26.8815719834
167.9000000000 26.3356955848
168.0000000000 25.7862680782
168.1000000000 25.2339772808
168.2000000000 24.6794854442
168.3000000000 24.1234277974
168.4000000000 23.5664114981
168.5000000000 23.0090149524
168.6000000000 22.4517874632
168.7000000000 21.8952491690
168.8000000000 21.3398912314
168.9000000000 20.7861762370
169.0000000000 20.2345387766
169.1000000000 19.6853861706
169.2000000000 19.1390993090
169.3000000000 18.5960335798
169.4000000000 18.0565198615
169.5000000000 17.5208655570
169.6000000000 16.9893556510
169.7000000000 16.4622537744
169.8000000000 15.9398032611
169.9000000000 15.4222281873
170.0000000000 14.9097343818
170.1000000000 14.4025104017
170.2000000000 13.9007284671
170.3000000000 13.4045453502
170.4000000000 12.9141032173
170.5000000000 12.4295304211
170.6000000000 11.9509422433
170.7000000000 11.4784415887
170.8000000000 11.0121196309
170.9000000000 10.5520564124
171.0000000000 10.0983214012
171.1000000000 9.6509740071
171.2000000000 9.2100640600
171.3000000000 8.7756322542
171.4000000000 8.3477105625
171.5000000000 7.9263226223
171.6000000000 7.5114840978
171.7000000000 7.1032030222
171.8000000000 6.7014801220
171.9000000000 6.3063091265
172.0000000000 5.9176770661
172.1000000000 5.5355645605
172.2000000000 5.1599461005
172.3000000000 4.7907903233
172.4000000000 4.4280602850
172.5000000000 4.0717137302
172.6000000000 3.7217033596
172.7000000000 3.3779770975
172.8000000000 3.0404783580
172.9000000000 2.7091463117
173.0000000000 2.3839161517
173.1000000000 2.0647193591
173.2000000000 1.7514839679
173.3000000000 1.4441348284
173.4000000000 1.1425938685
173.5000000000 0.8467803525
173.6000000000 0.5566111368
173.7000000000 0.2720009202
173.8000000000 -0.0071375088
173.9000000000 -0.2808930325
174.0000000000 -0.5493559692
174.1000000000 -0.8126178468
174.2000000000 -1.0707711836
174.3000000000 -1.3239092772
174.4000000000 -1.5721260031
174.5000000000 -1.8155156214
174.6000000000 -2.0541725942
174.7000000000 -2.2881914118
174.8000000000 -2.5176664295
174.9000000000 -2.7426917146
175.0000000000 -2.9633609028
175.1000000000 -3.1797670652
175.2000000000 -3.3920025855
175.3000000000 -3.6001590461
175.4000000000 -3.8043271245
175.5000000000 -4.0045964990
175.6000000000 -4.2010557630
175.7000000000 -4.3937923479
175.8000000000 -4.5828924553
175.9000000000 -4.7684409960
176.0000000000 -4.9505215370
176.1000000000 -5.1292162561
176.2000000000 -5.3046059026
176.3000000000 -5.4767697646
176.4000000000 -5.6457856427
176.5000000000 -5.8117298285
176.6000000000 -5.9746770887
176.7000000000 -6.1347006544
176.8000000000 -6.2918722137
176.9000000000 -6.4462619094
177.0000000000 -6.5979383404
177.1000000000 -6.7469685654
177.2000000000 -6.8934181113
177.3000000000 -7.0373509828
177.4000000000 -7.1788296760
177.5000000000 -7.3179151928
177.6000000000 -7.4546670588
177.7000000000 -7.5891433416
177.8000000000 -7.7214006713
177.9000000000 -7.8514942628
178.0000000000 -7.9794779384
178.1000000000 -8.1054041518
178.2000000000 -8.2293240131
178.3000000000 -8.3512873142
178.4000000000 -8.4713425551
178.5000000000 -8.5895369700
178.6000000000 -8.7059165547
178.7000000000 -8.8205260933
178.8000000000 -8.9334091853
178.9000000000 -9.0446082735
179.0000000000 -9.1541646703
179.1000000000 -9.2621185857
179.2000000000 -9.3685091537
179.3000000000 -9.4733744593
179.4000000000 -9.5767515650
179.5000000000 -9.6786765369
179.6000000000 -9.7791844708
179.7000000000 -9.8783095173
179.8000000000 -9.9760849074
179.9000000000 -10.0725429768
180.0000000000 -10.1677151904
180.1000000000 -10.2616321658
180.2000000000 -10.3543236969
180.3000000000 -10.4458187767
180.4000000000 -10.5361456195
180.5000000000 -10.6253316829
180.6000000000 -10.7134036891
180.7000000000 -10.8003876456
180.8000000000 -10.8863088659
180.9000000000 -10.9711919891
181.0000000000 -11.0550609992
181.1000000000 -11.1379392443
181.2000000000 -11.2198494546
181.3000000000 -11.3008137603
181.4000000000 -11.3808537093
181.5000000000 -11.4599902839
181.6000000000 -11.5382439171
181.7000000000 -11.6156345092
181.8000000000 -11.6921814425
181.9000000000 -11.7679035973
182.0000000000 -11.8428193658
182.1000000000 -11.9169466669
182.2000000000 -11.9903029598
182.3000000000 -12.0629052574
182.4000000000 -12.1347701397
182.5000000000 -12.2059137659
182.6000000000 -12.2763518871
182.7000000000 -12.3460998579
182.8000000000 -12.4151726484
182.9000000000 -12.4835848551
183.0000000000 -12.5513507116
183.1000000000 -12.6184840995
183.2000000000 -12.6849985585
183.3000000000 -12.7509072963
183.4000000000 -12.8162231982
183.5000000000 -12.8809588362
183.6000000000 -12.9451264786
183.7000000000 -13.0087380980
183.8000000000 -13.0718053806
183.9000000000 -13.1343397336
184.0000000000 -13.1963522938
184.1000000000 -13.2578539351
184.2000000000 -13.3188552759
184.3000000000 -13.3793666865
184.4000000000 -13.4393982961
184.5000000000 -13.4989599995
184.6000000000 -13.5580614639
184.7000000000 -13.6167121352
184.8000000000 -13.6749212443
184.9000000000 -13.7326978130
185.0000000000 -13.7900506597
185.1000000000 -13.8469884055
185.2000000000 -13.9035194795
185.3000000000 -13.9596521236
185.4000000000 -14.0153943986
185.5000000000 -14.0707541885
185.6000000000 -14.1257392054
185.7000000000 -14.1803569947
185.8000000000 -14.2346149388
185.9000000000 -14.2885202626
186.0000000000 -14.3420800369
186.1000000000 -14.3953011827
186.2000000000 -14.4481904759
186.3000000000 -14.5007545502
186.4000000000 -14.5529999018
186.5000000000 -14.6049328926
186.6000000000 -14.6565597537
186.7000000000 -14.7078865892
186.8000000000 -14.7589193794
186.9000000000 -14.8096639840
187.0000000000 -14.8601261454
187.1000000000 -14.9103114917
187.2000000000 -14.9602255397
187.3000000000 -15.0098736979
187.4000000000 -15.0592612690
187.5000000000 -15.1083934531
187.6000000000 -15.1572753499
187.7000000000 -15.2059119616
187.8000000000 -15.2543081953
187.9000000000 -15.3024688655
188.0000000000 -15.3503986961
188.1000000000 -15.3981023232
188.2000000000 -15.4455842972
188.3000000000 -15.4928490847
188.4000000000 -15.5399010710
188.5000000000 -15.5867445616
188.6000000000 -15.6333837848
188.7000000000 -15.6798228933
188.8000000000 -15.7260659662
188.9000000000 -15.7721170107
189.0000000000 -15.8179799639
189.1000000000 -15.8636586947
189.2000000000 -15.9091570053
189.3000000000 -15.9544786330
189.4000000000 -15.9996272516
189.5000000000 -16.0446064730
189.6000000000 -16.0894198489
189.7000000000 -16.1340708720
189.8000000000 -16.1785629776
189.9000000000 -16.2228995448
190.0000000000 -16.2670838983
190.1000000000 -16.3111193092
190.2000000000 -16.3550089964
190.3000000000 -16.3987561280
190.4000000000 -16.4423638227
190.5000000000 -16.4858351504
190.6000000000 -16.5291731338
190.7000000000 -16.5723807495
190.8000000000 -16.6154609289
190.9000000000 -16.6584165595
191.0000000000 -16.7012504856
191.1000000000 -16.7439655098
191.2000000000 -16.7865643935
191.3000000000 -16.8290498581
191.4000000000 -16.8714245862
191.5000000000 -16.9136912217
191.6000000000 -16.9558523718
191.7000000000 -16.9979106068
191.8000000000 -17.0398684617
191.9000000000 -17.0817284369
192.0000000000 -17.1234929985
192.1000000000 -17.1651645797
192.2000000000 -17.2067455814
192.3000000000 -17.2482383727
192.4000000000 -17.2896452919
192.5000000000 -17.3309686471
192.6000000000 -17.3722107170
192.7000000000 -17.4133737514
192.8000000000 -17.4544599720
192.9000000000 -17.4954715731
193.0000000000 -17.5364107221
193.1000000000 -17.5772795601
193.2000000000 -17.6180802027
193.3000000000 -17.6588147404
193.4000000000 -17.6994852392
193.5000000000 -17.7400937413
193.6000000000 -17.7806422655
193.7000000000 -17.8211328079
193.8000000000 -17.8615673421
193.9000000000 -17.9019478201
194.0000000000 -17.9422761726
194.1000000000 -17.9825543097
194.2000000000 -18.0227841208
194.3000000000 -18.0629674759
194.4000000000 -18.1031062255
194.5000000000 -18.1432022010
194.6000000000 -18.1832572156
194.7000000000 -18.2232730643
194.8000000000 -18.2632515246
194.9000000000 -18.3031943567
195.0000000000 -18.3431033039
195.1000000000 -18.3829800934
195.2000000000 -18.4228264360
195.3000000000 -18.4626440271
195.4000000000 -18.5024345467
195.5000000000 -18.5421996600
195.6000000000 -18.5819410175
195.7000000000 -18.6216602557
195.8000000000 -18.6613589968
195.9000000000 -18.7010388500
196.0000000000 -18.7407014109
196.1000000000 -18.7803482622
196.2000000000 -18.8199809743
196.3000000000 -18.8596011051
196.4000000000 -18.8992102005
196.5000000000 -18.9388097948
196.6000000000 -18.9784014110
196.7000000000 -19.0179865606
196.8000000000 -19.0575667448
196.9000000000 -19.0971434538
197.0000000000 -19.1367181677
197.1000000000 -19.1762923564
197.2000000000 -19.2158674803
197.3000000000 -19.2554449900
197.4000000000 -19.2950263268
197.5000000000 -19.3346129232
197.6000000000 -19.3742062027
197.7000000000 -19.4138075802
197.8000000000 -19.4534184623
197.9000000000 -19.4930402475
198.0000000000 -19.5326743263
198.1000000000 -19.5723220815
198.2000000000 -19.6119848886
198.3000000000 -19.6516641155
198.4000000000 -19.6913611233
198.5000000000 -19.7310772661
198.6000000000 -19.7708138913
198.7000000000 -19.8105723397
198.8000000000 -19.8503539461
198.9000000000 -19.8901600389
199.0000000000 -19.9299919406
199.1000000000 -19.9698509681
199.2000000000 -20.0097384323
199.3000000000 -20.0496556392
199.4000000000 -20.0896038892
199.5000000000 -20.1295844776
199.6000000000 -20.1695986950
199.7000000000 -20.2096478270
199.8000000000 -20.2497331546
199.9000000000 -20.2898559545
200.0000000000 -20.3300174989
200.1000000000 -20.3702190560
200.2000000000 -20.4104618897
200.3000000000 -20.4507472603
200.4000000000 -20.4910764242
200.5000000000 -20.5314506341
200.6000000000 -20.5718711395
200.7000000000 -20.6123391863
200.8000000000 -20.6528560172
200.9000000000 -20.6934228719
201.0000000000 -20.7340409871
201.1000000000 -20.7747115965
201.2000000000 -20.8154359313
201.3000000000 -20.8562152199
201.4000000000 -20.8970506882
201.5000000000 -20.9379435598
201.6000000000 -20.9788950560
201.7000000000 -21.0199063958
201.8000000000 -21.0609787962
201.9000000000 -21.1021134723
202.0000000000 -21.1433116371
202.1000000000 -21.1845745021
202.2000000000 -21.2259032768
202.3000000000 -21.2672991695
202.4000000000 -21.3087633867
202.5000000000 -21.3502971335
202.6000000000 -21.3919016139
202.7000000000 -21.4335780305
202.8000000000 -21.4753275846
202.9000000000 -21.5171514768
203.0000000000 -21.5590509065
203.1000000000 -21.6010270721
203.2000000000 -21.6430811712
203.3000000000 -21.6852144009
203.4000000000 -21.7274279572
203.5000000000 -21.7697230358
203.6000000000 -21.8121008316
203.7000000000 -21.8545625392
203.8000000000 -21.8971093526
203.9000000000 -21.9397424657
204.0000000000 -21.9824630717
204.1000000000 -22.0252723639
204.2000000000 -22.0681715353
204.3000000000 -22.1111617787
204.4000000000 -22.1542442868
204.5000000000 -22.1974202523
204.6000000000 -22.2406908681
204.7000000000 -22.2840573268
204.8000000000 -22.3275208214
204.9000000000 -22.3710825449
205.0000000000 -22.4147436906
205.1000000000 -22.4585054518
205.2000000000 -22.5023690223
205.3000000000 -22.5463355961
205.4000000000 -22.5904063676
205.5000000000 -22.6345825314
205.6000000000 -22.6788652827
205.7000000000 -22.7232558169
205.8000000000 -22.7677553300
205.9000000000 -22.8123650185
206.0000000000 -22.8570860792
206.1000000000 -22.9019197096
206.2000000000 -22.9468671076
206.3000000000 -22.9919294718
206.4000000000 -23.0371080010
206.5000000000 -23.0824038950
206.6000000000 -23.1278183539
206.7000000000 -23.1733525785
206.8000000000 -23.2190077700
206.9000000000 -23.2647851306
207.0000000000 -23.3106858625
207.1000000000 -23.3567111691
207.2000000000 -23.4028622539
207.3000000000 -23.4491403213
207.4000000000 -23.4955465760
207.5000000000 -23.5420822235
207.6000000000 -23.5887484697
207.7000000000 -23.6355465212
207.8000000000 -23.6824775850
207.9000000000 -23.7295428684
208.0000000000 -23.7767435797
208.1000000000 -23.8240809271
208.2000000000 -23.8715561195
208.3000000000 -23.9191703664
208.4000000000 -23.9669248772
208.5000000000 -24.0148208619
208.6000000000 -24.0628595310
208.7000000000 -24.1110420948
208.8000000000 -24.1593697643
208.9000000000 -24.2078437503
209.0000000000 -24.2564652640
209.1000000000 -24.3052355166
209.2000000000 -24.3541557194
209.3000000000 -24.4032270835
209.4000000000 -24.4524508201
209.5000000000 -24.5018281403
209.6000000000 -24.5513602549
209.7000000000 -24.6010483747
209.8000000000 -24.6508937097
209.9000000000 -24.7008974701
210.0000000000 -24.7510608653
210.1000000000 -24.8013851042
210.2000000000 -24.8518713952
210.3000000000 -24.9025209460
210.4000000000 -24.9533349636
210.5000000000 -25.0043146540
210.6000000000 -25.0554612224
210.7000000000 -25.1067758730
210.8000000000 -25.1582598087
210.9000000000 -25.2099142314
211.0000000000 -25.2617403417
211.1000000000 -25.3137393386
211.2000000000 -25.3659124197
211.3000000000 -25.4182607812
211.4000000000 -25.4707856171
211.5000000000 -25.5234881200
211.6000000000 -25.5763694804
211.7000000000 -25.6294308865
211.8000000000 -25.6826735248
211.9000000000 -25.7360985789
212.0000000000 -25.7897072305
212.1000000000 -25.8435006583
212.2000000000 -25.8974800385
212.3000000000 -25.9516465444
212.4000000000 -26.0060013464
212.5000000000 -26.0605456115
212.6000000000 -26.1152805039
212.7000000000 -26.1702071838
212.8000000000 -26.2253268083
212.9000000000 -26.2806405306
213.0000000000 -26.3361494998
213.1000000000 -26.3918548614
213.2000000000 -26.4477577562
213.3000000000 -26.5038593209
213.4000000000 -26.5601606877
213.5000000000 -26.6166629839
213.6000000000 -26.6733673320
213.7000000000 -26.7302748493
213.8000000000 -26.7873866479
213.9000000000 -26.8447038346
214.0000000000 -26.9022275104
214.1000000000 -26.9599587704
214.2000000000 -27.0178987038
214.3000000000 -27.0760483936
214.4000000000 -27.1344089164
214.5000000000 -27.1929813419
214.6000000000 -27.2517667334
214.7000000000 -27.3107661467
214.8000000000 -27.3699806308
214.9000000000 -27.4294112268
215.0000000000 -27.4890589684
215.1000000000 -27.5489248814
215.2000000000 -27.6090099833
215.3000000000 -27.6693152833
215.4000000000 -27.7298417821
215.5000000000 -27.7905904714
215.6000000000 -27.8515623342
215.7000000000 -27.9127583437
215.8000000000 -27.9741794642
215.9000000000 -28.0358266496
216.0000000000 -28.0977008442
216.1000000000 -28.1598029819
216.2000000000 -28.2221339862
216.3000000000 -28.2846947697
216.4000000000 -28.3474862341
216.5000000000 -28.4105092698
216.6000000000 -28.4737647557
216.7000000000 -28.5372535589
216.8000000000 -28.6009765344
216.9000000000 -28.6649345250
217.0000000000 -28.7291283609
217.1000000000 -28.7935588596
217.2000000000 -28.8582268252
217.3000000000 -28.9231330487
217.4000000000 -28.9882783074
217.5000000000 -29.0536633646
217.6000000000 -29.1192889696
217.7000000000 -29.1851558570
217.8000000000 -29.2512647470
217.9000000000 -29.3176163444
218.0000000000 -29.3842113391
218.1000000000 -29.4510504052
218.2000000000 -29.5181342011
218.3000000000 -29.5854633690
218.4000000000 -29.6530385347
218.5000000000 -29.7208603074
218.6000000000 -29.7889292794
218.7000000000 -29.8572460257
218.8000000000 -29.9258111038
218.9000000000 -29.9946250534
219.0000000000 -30.0636883961
219.1000000000 -30.1330016354
219.2000000000 -30.2025652560
219.3000000000 -30.2723797237
219.4000000000 -30.3424454852
219.5000000000 -30.4127629677
219.6000000000 -30.4833325788
219.7000000000 -30.5541547062
219.8000000000 -30.6252297170
219.9000000000 -30.6965579582
220.0000000000 -30.7681397558
220.1000000000 -30.8399754147
220.2000000000 -30.9120652188
220.3000000000 -30.9844094302
220.4000000000 -31.0570082892
220.5000000000 -31.1298620142
220.6000000000 -31.2029708009
220.7000000000 -31.2763348230
220.8000000000 -31.3499542309
220.9000000000 -31.4238291523
221.0000000000 -31.4979596913
221.1000000000 -31.5723459288
221.2000000000 -31.6469879217
221.3000000000 -31.7218857031
221.4000000000 -31.7970392818
221.5000000000 -31.8724486422
221.6000000000 -31.9481137443
221.7000000000 -32.0240345228
221.8000000000 -32.1002108879
221.9000000000 -32.1766427242
222.0000000000 -32.2533298911
222.1000000000 -32.3302722222
222.2000000000 -32.4074695255
222.3000000000 -32.4849215831
222.4000000000 -32.5626281506
222.5000000000 -32.6405889577
222.6000000000 -32.7188037075
222.7000000000 -32.7972720766
222.8000000000 -32.8759937146
222.9000000000 -32.9549682445
223.0000000000 -33.0341952623
223.1000000000 -33.1136743367
223.2000000000 -33.1934050092
223.3000000000 -33.2733867941
223.4000000000 -33.3536191782
223.5000000000 -33.4341016206
223.6000000000 -33.5148335530
223.7000000000 -33.5958143792
223.8000000000 -33.6770434756
223.9000000000 -33.7585201903
224.0000000000 -33.8402438439
224.1000000000 -33.9222137289
224.2000000000 -34.0044291099
224.3000000000 -34.0868892236
224.4000000000 -34.1695932787
224.5000000000 -34.2525404558
224.6000000000 -34.3357299075
224.7000000000 -34.4191607587
224.8000000000 -34.5028321061
224.9000000000 -34.5867430185
225.0000000000 -34.6708925369
225.1000000000 -34.7552796744
225.2000000000 -34.8399034164
225.3000000000 -34.9247627205
225.4000000000 -35.0098565168
225.5000000000 -35.0951837078
225.6000000000 -35.1807431686
225.7000000000 -35.2665337470
225.8000000000 -35.3525542636
225.9000000000 -35.4388035118
226.0000000000 -35.5252802582
226.1000000000 -35.6119832426
226.2000000000 -35.6989111782
226.3000000000 -35.7860627517
226.4000000000 -35.8734366236
226.5000000000 -35.9610314282
226.6000000000 -36.0488457741
226.7000000000 -36.1368782440
226.8000000000 -36.2251273954
226.9000000000 -36.3135917605
227.0000000000 -36.4022698464
227.1000000000 -36.4911601356
227.2000000000 -36.5802610861
227.3000000000 -36.6695711317
227.4000000000 -36.7590886824
227.5000000000 -36.8488121244
227.6000000000 -36.9387398206
227.7000000000 -37.0288701109
227.8000000000 -37.1192013127
227.9000000000 -37.2097317207
228.0000000000 -37.3004596077
228.1000000000 -37.3913832249
228.2000000000 -37.4825008019
228.3000000000 -37.5738105477
228.4000000000 -37.6653106503
228.5000000000 -37.7569992777
228.6000000000 -37.8488745780
228.7000000000 -37.9409346798
228.8000000000 -38.0331776926
228.9000000000 -38.1256017075
229.0000000000 -38.2182047972
229.1000000000 -38.3109850165
229.2000000000 -38.4039404030
229.3000000000 -38.4970689774
229.4000000000 -38.5903687437
229.5000000000 -38.6838376900
229.6000000000 -38.7774737889
229.7000000000 -38.8712749978
229.8000000000 -38.9652392594
229.9000000000 -39.0593645023
230.0000000000 -39.1536486414
230.1000000000 -39.2480895783
230.2000000000 -39.3426852021
230.3000000000 -39.4374333894
230.4000000000 -39.5323320052
230.5000000000 -39.6273789034
230.6000000000 -39.7225719269
230.7000000000 -39.8179089087
230.8000000000 -39.9133876718
230.9000000000 -40.0090060301
231.0000000000 -40.1047617890
231.1000000000 -40.2006527456
231.2000000000 -40.2966766893
231.3000000000 -40.3928314025
231.4000000000 -40.4891146610
231.5000000000 -40.5855242345
231.6000000000 -40.6820578872
231.7000000000 -40.7787133783
231.8000000000 -40.8754884625
231.9000000000 -40.9723808906
232.0000000000 -41.0693884098
232.1000000000 -41.1665087646
232.2000000000 -41.2637396970
232.3000000000 -41.3610789472
232.4000000000 -41.4585242542
232.5000000000 -41.5560733559
232.6000000000 -41.6537239901
232.7000000000 -41.7514738949
232.8000000000 -41.8493208089
232.9000000000 -41.9472624723
233.0000000000 -42.0452966267
233.1000000000 -42.1434210163
233.2000000000 -42.2416333878
233.3000000000 -42.3399314914
233.4000000000 -42.4383130808
233.5000000000 -42.5367759144
233.6000000000 -42.6353177548
233.7000000000 -42.7339363702
233.8000000000 -42.8326295344
233.9000000000 -42.9313950274
234.0000000000 -43.0302306357
234.1000000000 -43.1291341531
234.2000000000 -43.2281033808
234.3000000000 -43.3271361282
234.4000000000 -43.4262302128
234.5000000000 -43.5253834613
234.6000000000 -43.6245937095
234.7000000000 -43.7238588031
234.8000000000 -43.8231765979
234.9000000000 -43.9225449601
235.0000000000 -44.0219617670
235.1000000000 -44.1214249072
235.2000000000 -44.2209322812
235.3000000000 -44.3204818013
235.4000000000 -44.4200713924
235.5000000000 -44.5196989924
235.6000000000 -44.6193625523
235.7000000000 -44.7190600364
235.8000000000 -44.8187894234
235.9000000000 -44.9185487056
236.0000000000 -45.0183358903
236.1000000000 -45.1181489995
236.2000000000 -45.2179860702
236.3000000000 -45.3178451549
236.4000000000 -45.4177243219
236.5000000000 -45.5176216555
236.6000000000 -45.6175352562
236.7000000000 -45.7174632409
236.8000000000 -45.8174037434
236.9000000000 -45.9173549146
237.0000000000 -46.0173149223
237.1000000000 -46.1172819522
237.2000000000 -46.2172542073
237.3000000000 -46.3172299085
237.4000000000 -46.4172072950
237.5000000000 -46.5171846239
237.6000000000 -46.6171601710
237.7000000000 -46.7171322305
237.8000000000 -46.8170991153
237.9000000000 -46.9170591573
238.0000000000 -47.0170107074
238.1000000000 -47.1169521354
238.2000000000 -47.2168818306
238.3000000000 -47.3167982015
238.4000000000 -47.4166996762
238.5000000000 -47.5165847022
238.6000000000 -47.6164517466
238.7000000000 -47.7162992963
238.8000000000 -47.8161258579
238.9000000000 -47.9159299577
239.0000000000 -48.0157101420
239.1000000000 -48.1154649769
239.2000000000 -48.2151930482
239.3000000000 -48.3148929620
239.4000000000 -48.4145633441
239.5000000000 -48.5142028401
239.6000000000 -48.6138101158
239.7000000000 -48.7133838566
239.8000000000 -48.8129227679
239.9000000000 -48.9124255750
