0.0000000000 -67.5760306141
0.1000000000 -67.6461112642
0.2000000000 -67.7160444753
0.3000000000 -67.7858294260
0.4000000000 -67.8554652948
0.5000000000 -67.9249512606
0.6000000000 -67.9942865030
0.7000000000 -68.0634702023
0.8000000000 -68.1325015396
0.9000000000 -68.2013796969
1.0000000000 -68.2701038579
1.1000000000 -68.3386732072
1.2000000000 -68.4070869312
1.3000000000 -68.4753442180
1.4000000000 -68.5434442575
1.5000000000 -68.6113862419
1.6000000000 -68.6791693653
1.7000000000 -68.7467928244
1.8000000000 -68.8142558184
1.9000000000 -68.8815575491
2.0000000000 -68.9486972214
2.1000000000 -69.0156740431
2.2000000000 -69.0824872251
2.3000000000 -69.1491359819
2.4000000000 -69.2156195314
2.5000000000 -69.2819370951
2.6000000000 -69.3480878983
2.7000000000 -69.4140711706
2.8000000000 -69.4798861453
2.9000000000 -69.5455320604
3.0000000000 -69.6110081579
3.1000000000 -69.6763136849
3.2000000000 -69.7414478929
3.3000000000 -69.8064100383
3.4000000000 -69.8711993826
3.5000000000 -69.9358151925
3.6000000000 -70.0002567401
3.7000000000 -70.0645233026
3.8000000000 -70.1286141632
3.9000000000 -70.1925286107
4.0000000000 -70.2562659396
4.1000000000 -70.3198254506
4.2000000000 -70.3832064505
4.3000000000 -70.4464082522
4.4000000000 -70.5094301752
4.5000000000 -70.5722715453
4.6000000000 -70.6349316951
4.7000000000 -70.6974099639
4.8000000000 -70.7597056977
4.9000000000 -70.8218182496
5.0000000000 -70.8837469799
5.1000000000 -70.9454912560
5.2000000000 -71.0070504524
5.3000000000 -71.0684239513
5.4000000000 -71.1296111423
5.5000000000 -71.1906114224
5.6000000000 -71.2514241965
5.7000000000 -71.3120488772
5.8000000000 -71.3724848847
5.9000000000 -71.4327316476
6.0000000000 -71.4927886018
6.1000000000 -71.5526551918
6.2000000000 -71.6123308697
6.3000000000 -71.6718150960
6.4000000000 -71.7311073391
6.5000000000 -71.7902070757
6.6000000000 -71.8491137903
6.7000000000 -71.9078269758
6.8000000000 -71.9663461330
6.9000000000 -72.0246707706
7.0000000000 -72.0828004053
7.1000000000 -72.1407345613
7.2000000000 -72.1984727707
7.3000000000 -72.2560145726
7.4000000000 -72.3133595137
7.5000000000 -72.3705071471
7.6000000000 -72.4274570325
7.7000000000 -72.4842087358
7.8000000000 -72.5407618282
7.9000000000 -72.5971158860
8.0000000000 -72.6532704896
8.1000000000 -72.7092252228
8.2000000000 -72.7649796717
8.3000000000 -72.8205334237
8.4000000000 -72.8758860660
8.5000000000 -72.9310371841
8.6000000000 -72.9859863599
8.7000000000 -73.0407331695
8.8000000000 -73.0952771808
8.9000000000 -73.1496179504
9.0000000000 -73.2037550202
9.1000000000 -73.2576879135
9.2000000000 -73.3114161304
9.3000000000 -73.3649391419
9.4000000000 -73.4182563842
9.5000000000 -73.4713672509
9.6000000000 -73.5242710843
9.7000000000 -73.5769671660
9.8000000000 -73.6294547043
9.9000000000 -73.6817328216
10.0000000000 -73.7338005375
10.1000000000 -73.7856567511
10.2000000000 -73.8373002191
10.3000000000 -73.8887295307
10.4000000000 -73.9399430782
10.5000000000 -73.9909390231
10.6000000000 -74.0417152559
10.7000000000 -74.0922693501
10.8000000000 -74.1425985076
10.9000000000 -74.1926994958
11.0000000000 -74.2425685738
11.1000000000 -74.2922014065
11.2000000000 -74.3415929644
11.3000000000 -74.3907374066
11.4000000000 -74.4396279444
11.5000000000 -74.4882566822
11.6000000000 -74.5366144319
11.7000000000 -74.5846904958
11.8000000000 -74.6324724146
11.9000000000 -74.6799456715
12.0000000000 -74.7270933489
12.1000000000 -74.7738957260
12.2000000000 -74.8203298100
12.3000000000 -74.8663687895
12.4000000000 -74.9119813953
12.5000000000 -74.9571311552
12.6000000000 -75.0017755240
12.7000000000 -75.0458648680
12.8000000000 -75.0893412792
12.9000000000 -75.1321371917
13.0000000000 -75.1741737659
13.1000000000 -75.2153590027
13.2000000000 -75.2555855417
13.3000000000 -75.2947280903
13.4000000000 -75.3326404232
13.5000000000 -75.3691518776
13.6000000000 -75.4040632633
13.7000000000 -75.4371420854
13.8000000000 -75.4681169680
13.9000000000 -75.4966711429
14.0000000000 -75.5224348469
14.1000000000 -75.5449764453
14.2000000000 -75.5637920683
14.3000000000 -75.5782935107
14.4000000000 -75.5877941042
14.5000000000 -75.5914922239
14.6000000000 -75.5884520334
14.7000000000 -75.5775810060
14.8000000000 -75.5576036860
14.9000000000 -75.5270310613
15.0000000000 -75.4841248189
15.1000000000 -75.4268556309
15.2000000000 -75.3528544819
15.3000000000 -75.2593558850
15.4000000000 -75.1431316479
15.5000000000 -75.0004136309
15.6000000000 -74.8268036908
15.7000000000 -74.6171687137
15.8000000000 -74.3655183024
15.9000000000 -74.0648623039
16.0000000000 -73.7070449063
16.1000000000 -73.2825515209
16.2000000000 -72.7802840481
16.3000000000 -72.1872993941
16.4000000000 -71.4885052064
16.5000000000 -70.6663056367
16.6000000000 -69.7001883716
16.7000000000 -68.5662418765
16.8000000000 -67.2365882072
16.9000000000 -65.6787107301
17.0000000000 -63.8546455140
17.1000000000 -61.7199859343
17.2000000000 -59.2226146229
17.3000000000 -56.3010119976
17.4000000000 -52.8818751014
17.5000000000 -48.8765880711
17.6000000000 -44.1758051476
17.7000000000 -38.6411010198
17.8000000000 -32.0925295653
17.9000000000 -24.2915385075
18.0000000000 -14.9236994285
18.1000000000 -3.6262106276
18.2000000000 9.6622306039
18.3000000000 23.2370822277
18.4000000000 32.6778400409
18.5000000000 36.1448508889
18.6000000000 36.6174982487
18.7000000000 36.6148068640
18.8000000000 36.6945085896
18.9000000000 36.8314647222
19.0000000000 36.9723093336
19.1000000000 37.0899156596
19.2000000000 37.1737108062
19.3000000000 37.2211831727
19.4000000000 37.2333852816
19.5000000000 37.2127361541
19.6000000000 37.1619906521
19.7000000000 37.0837863097
19.8000000000 36.9804713727
19.9000000000 36.8540657510
20.0000000000 36.7062809471
20.1000000000 36.5385625399
20.2000000000 36.3521377983
20.3000000000 36.1480605685
20.4000000000 35.9272503502
20.5000000000 35.6905247884
20.6000000000 35.4386258643
20.7000000000 35.1722405018
20.8000000000 34.8920164250
20.9000000000 34.5985740838
21.0000000000 34.2925153810
21.1000000000 33.9744298377
21.2000000000 33.6448987318
21.3000000000 33.3044976584
21.4000000000 32.9537978777
21.5000000000 32.5933667528
21.6000000000 32.2237675209
21.7000000000 31.8455585957
21.8000000000 31.4592925580
21.9000000000 31.0655149601
22.0000000000 30.6647630409
22.1000000000 30.2575644272
22.2000000000 29.8444358783
22.3000000000 29.4258821140
22.4000000000 29.0023947557
22.5000000000 28.5744513990
22.6000000000 28.1425148277
22.7000000000 27.7070323746
22.8000000000 27.2684354266
22.9000000000 26.8271390711
23.0000000000 26.3835418749
23.1000000000 25.9380257864
23.2000000000 25.4909561511
23.3000000000 25.0426818279
23.4000000000 24.5935353949
23.5000000000 24.1438334332
23.6000000000 23.6938768756
23.7000000000 23.2439514124
23.8000000000 22.7943279398
23.9000000000 22.3452630451
24.0000000000 21.8969995173
24.1000000000 21.4497668766
24.2000000000 21.0037819143
24.3000000000 20.5592492390
24.4000000000 20.1163618200
24.5000000000 19.6753015276
24.6000000000 19.2362396615
24.7000000000 18.7993374685
24.8000000000 18.3647466423
24.9000000000 17.9326098068
25.0000000000 17.5030609790
25.1000000000 17.0762260106
25.2000000000 16.6522230084
25.3000000000 16.2311627309
25.4000000000 15.8131489642
25.5000000000 15.3982788726
25.6000000000 14.9866433295
25.7000000000 14.5783272243
25.8000000000 14.1734097493
25.9000000000 13.7719646657
26.0000000000 13.3740605502
26.1000000000 12.9797610232
26.2000000000 12.5891249590
26.3000000000 12.2022066804
26.4000000000 11.8190561381
26.5000000000 11.4397190754
26.6000000000 11.0642371806
26.7000000000 10.6926482282
26.8000000000 10.3249862085
26.9000000000 9.9612814488
27.0000000000 9.6015607260
27.1000000000 9.2458473717
27.2000000000 8.8941613717
27.3000000000 8.5465194592
27.4000000000 8.2029352046
27.5000000000 7.8634191010
27.6000000000 7.5279786470
27.7000000000 7.1966184273
27.8000000000 6.8693401918
27.9000000000 6.5461429336
28.0000000000 6.2270229662
28.1000000000 5.9119740010
28.2000000000 5.6009872243
28.3000000000 5.2940513757
28.4000000000 4.9911528261
28.5000000000 4.6922756573
28.6000000000 4.3974017420
28.7000000000 4.1065108257
28.8000000000 3.8195806082
28.9000000000 3.5365868272
29.0000000000 3.2575033426
29.1000000000 2.9823022209
29.2000000000 2.7109538212
29.3000000000 2.4434268814
29.4000000000 2.1796886040
29.5000000000 1.9197047433
29.6000000000 1.6634396918
29.7000000000 1.4108565660
29.8000000000 1.1619172930
29.9000000000 0.9165826946
30.0000000000 0.6748125724
30.1000000000 0.4365657904
30.2000000000 0.2018003569
30.3000000000 -0.0295264952
30.4000000000 -0.2574582296
30.5000000000 -0.4820389301
30.6000000000 -0.7033132253
30.7000000000 -0.9213262164
30.8000000000 -1.1361234063
30.9000000000 -1.3477506317
31.0000000000 -1.5562539973
31.1000000000 -1.7616798126
31.2000000000 -1.9640745314
31.3000000000 -2.1634846937
31.4000000000 -2.3599568702
31.5000000000 -2.5535376100
31.6000000000 -2.7442733903
31.7000000000 -2.9322105690
31.8000000000 -3.1173953404
31.9000000000 -3.2998736927
32.0000000000 -3.4796913689
32.1000000000 -3.6568938293
32.2000000000 -3.8315262179
32.3000000000 -4.0036333295
32.4000000000 -4.1732595809
32.5000000000 -4.3404489827
32.6000000000 -4.5052451149
32.7000000000 -4.6676911035
32.8000000000 -4.8278295997
32.9000000000 -4.9857027610
33.0000000000 -5.1413522342
33.1000000000 -5.2948191400
33.2000000000 -5.4461440600
33.3000000000 -5.5953670242
33.4000000000 -5.7425275014
33.5000000000 -5.8876643900
33.6000000000 -6.0308160108
33.7000000000 -6.1720201010
33.8000000000 -6.3113138095
33.9000000000 -6.4487336928
34.0000000000 -6.5843157134
34.1000000000 -6.7180952372
34.2000000000 -6.8501070339
34.3000000000 -6.9803852770
34.4000000000 -7.1089635446
34.5000000000 -7.2358748222
34.6000000000 -7.3611515047
34.7000000000 -7.4848254000
34.8000000000 -7.6069277327
34.9000000000 -7.7274891488
35.0000000000 -7.8465397207
35.1000000000 -7.9641089523
35.2000000000 -8.0802257852
35.3000000000 -8.1949186047
35.4000000000 -8.3082152462
35.5000000000 -8.4201430025
35.6000000000 -8.5307286303
35.7000000000 -8.6399983581
35.8000000000 -8.7479778933
35.9000000000 -8.8546924300
36.0000000000 -8.9601666569
36.1000000000 -9.0644247655
36.2000000000 -9.1674904576
36.3000000000 -9.2693869538
36.4000000000 -9.3701370017
36.5000000000 -9.4697628843
36.6000000000 -9.5682864276
36.7000000000 -9.6657290096
36.8000000000 -9.7621115684
36.9000000000 -9.8574546100
37.0000000000 -9.9517782172
37.1000000000 -10.0451020570
37.2000000000 -10.1374453895
37.3000000000 -10.2288270754
37.4000000000 -10.3192655843
37.5000000000 -10.4087790023
37.6000000000 -10.4973850403
37.7000000000 -10.5851010413
37.8000000000 -10.6719439882
37.9000000000 -10.7579305115
38.0000000000 -10.8430768965
38.1000000000 -10.9273990909
38.2000000000 -11.0109127117
38.3000000000 -11.0936330528
38.4000000000 -11.1755750915
38.5000000000 -11.2567534956
38.6000000000 -11.3371826303
38.7000000000 -11.4168765649
38.8000000000 -11.4958490788
38.9000000000 -11.5741136687
39.0000000000 -11.6516835544
39.1000000000 -11.7285716848
39.2000000000 -11.8047907447
39.3000000000 -11.8803531599
39.4000000000 -11.9552711038
39.5000000000 -12.0295565023
39.6000000000 -12.1032210402
39.7000000000 -12.1762761660
39.8000000000 -12.2487330976
39.9000000000 -12.3206028275
40.0000000000 -12.3918961280
40.1000000000 -12.4626235560
40.2000000000 -12.5327954581
40.3000000000 -12.6024219754
40.4000000000 -12.6715130479
40.5000000000 -12.7400784196
40.6000000000 -12.8081276427
40.7000000000 -12.8756700819
40.8000000000 -12.9427149188
40.9000000000 -13.0092711563
41.0000000000 -13.0753476221
41.1000000000 -13.1409529735
41.2000000000 -13.2060957005
41.3000000000 -13.2707841305
41.4000000000 -13.3350264311
41.5000000000 -13.3988306143
41.6000000000 -13.4622045402
41.7000000000 -13.5251559198
41.8000000000 -13.5876923191
41.9000000000 -13.6498211620
42.0000000000 -13.7115497337
42.1000000000 -13.7728851839
42.2000000000 -13.8338345294
42.3000000000 -13.8944046581
42.4000000000 -13.9546023307
42.5000000000 -14.0144341848
42.6000000000 -14.0739067366
42.7000000000 -14.1330263844
42.8000000000 -14.1917994111
42.9000000000 -14.2502319863
43.0000000000 -14.3083301697
43.1000000000 -14.3660999128
43.2000000000 -14.4235470619
43.3000000000 -14.4806773600
43.4000000000 -14.5374964494
43.5000000000 -14.5940098739
43.6000000000 -14.6502230809
43.7000000000 -14.7061414237
43.8000000000 -14.7617701635
43.9000000000 -14.8171144714
44.0000000000 -14.8721794305
44.1000000000 -14.9269700378
44.2000000000 -14.9814912060
44.3000000000 -15.0357477656
44.4000000000 -15.0897444665
44.5000000000 -15.1434859799
44.6000000000 -15.1969768999
44.7000000000 -15.2502217454
44.8000000000 -15.3032249614
44.9000000000 -15.3559909210
45.0000000000 -15.4085239267
45.1000000000 -15.4608282121
45.2000000000 -15.5129079432
45.3000000000 -15.5647672201
45.4000000000 -15.6164100783
45.5000000000 -15.6678404901
45.6000000000 -15.7190623659
45.7000000000 -15.7700795559
45.8000000000 -15.8208958506
45.9000000000 -15.8715149831
46.0000000000 -15.9219406296
46.1000000000 -15.9721764107
46.2000000000 -16.0222258930
46.3000000000 -16.0720925898
46.4000000000 -16.1217799624
46.5000000000 -16.1712914214
46.6000000000 -16.2206303273
46.7000000000 -16.2697999922
46.8000000000 -16.3188036803
46.9000000000 -16.3676446090
47.0000000000 -16.4163259502
47.1000000000 -16.4648508310
47.2000000000 -16.5132223344
47.3000000000 -16.5614435009
47.4000000000 -16.6095173289
47.5000000000 -16.6574467755
47.6000000000 -16.7052347578
47.7000000000 -16.7528841533
47.8000000000 -16.8003978010
47.9000000000 -16.8477785022
48.0000000000 -16.8950290211
48.1000000000 -16.9421520857
48.2000000000 -16.9891503885
48.3000000000 -17.0360265874
48.4000000000 -17.0827833060
48.5000000000 -17.1294231351
48.6000000000 -17.1759486323
48.7000000000 -17.2223623236
48.8000000000 -17.2686667038
48.9000000000 -17.3148642367
49.0000000000 -17.3609573565
49.1000000000 -17.4069484678
49.2000000000 -17.4528399465
49.3000000000 -17.4986341401
49.4000000000 -17.5443333689
49.5000000000 -17.5899399258
49.6000000000 -17.6354560775
49.7000000000 -17.6808840644
49.8000000000 -17.7262261020
49.9000000000 -17.7714843805
50.0000000000 -17.8166610659
50.1000000000 -17.8617583003
50.2000000000 -17.9067782026
50.3000000000 -17.9517228684
50.4000000000 -17.9965943713
50.5000000000 -18.0413947628
50.6000000000 -18.0861260726
50.7000000000 -18.1307903098
50.8000000000 -18.1753894626
50.9000000000 -18.2199254989
51.0000000000 -18.2644003671
51.1000000000 -18.3088159958
51.2000000000 -18.3531742950
51.3000000000 -18.3974771560
51.4000000000 -18.4417264516
51.5000000000 -18.4859240370
51.6000000000 -18.5300717501
51.7000000000 -18.5741714113
51.8000000000 -18.6182248245
51.9000000000 -18.6622337771
52.0000000000 -18.7062000404
52.1000000000 -18.7501253700
52.2000000000 -18.7940115062
52.3000000000 -18.8378601739
52.4000000000 -18.8816730834
52.5000000000 -18.9254519307
52.6000000000 -18.9691983974
52.7000000000 -19.0129141512
52.8000000000 -19.0566008463
52.9000000000 -19.1002601237
53.0000000000 -19.1438936113
53.1000000000 -19.1875029241
53.2000000000 -19.2310896647
53.3000000000 -19.2746554238
53.4000000000 -19.3182017796
53.5000000000 -19.3617302989
53.6000000000 -19.4052425372
53.7000000000 -19.4487400384
53.8000000000 -19.4922243356
53.9000000000 -19.5356969514
54.0000000000 -19.5791593974
54.1000000000 -19.6226131753
54.2000000000 -19.6660597767
54.3000000000 -19.7095006831
54.4000000000 -19.7529373665
54.5000000000 -19.7963712897
54.6000000000 -19.8398039060
54.7000000000 -19.8832366596
54.8000000000 -19.9266709862
54.9000000000 -19.9701083126
55.0000000000 -20.0135500573
55.1000000000 -20.0569976305
55.2000000000 -20.1004524342
55.3000000000 -20.1439158628
55.4000000000 -20.1873893026
55.5000000000 -20.2308741327
55.6000000000 -20.2743717246
55.7000000000 -20.3178834426
55.8000000000 -20.3614106440
55.9000000000 -20.4049546793
56.0000000000 -20.4485168919
56.1000000000 -20.4920986191
56.2000000000 -20.5357011914
56.3000000000 -20.5793259331
56.4000000000 -20.6229741625
56.5000000000 -20.6666471916
56.6000000000 -20.7103463267
56.7000000000 -20.7540728684
56.8000000000 -20.7978281116
56.9000000000 -20.8416133458
57.0000000000 -20.8854298551
57.1000000000 -20.9292789184
57.2000000000 -20.9731618094
57.3000000000 -21.0170797970
57.4000000000 -21.0610341450
57.5000000000 -21.1050261127
57.6000000000 -21.1490569545
57.7000000000 -21.1931279205
57.8000000000 -21.2372402561
57.9000000000 -21.2813952026
58.0000000000 -21.3255939970
58.1000000000 -21.3698378722
58.2000000000 -21.4141280570
58.3000000000 -21.4584657762
58.4000000000 -21.5028522510
58.5000000000 -21.5472886987
58.6000000000 -21.5917763328
58.7000000000 -21.6363163635
58.8000000000 -21.6809099973
58.9000000000 -21.7255584373
59.0000000000 -21.7702628833
59.1000000000 -21.8150245318
59.2000000000 -21.8598445763
59.3000000000 -21.9047242068
59.4000000000 -21.9496646107
59.5000000000 -21.9946669720
59.6000000000 -22.0397324721
59.7000000000 -22.0848622895
59.8000000000 -22.1300575997
59.9000000000 -22.1753195757
60.0000000000 -22.2206493877
60.1000000000 -22.2660482035
60.2000000000 -22.3115171879
60.3000000000 -22.3570575037
60.4000000000 -22.4026703109
60.5000000000 -22.4483567673
60.6000000000 -22.4941180281
60.7000000000 -22.5399552463
60.8000000000 -22.5858695727
60.9000000000 -22.6318621557
61.0000000000 -22.6779341416
61.1000000000 -22.7240866746
61.2000000000 -22.7703208965
61.3000000000 -22.8166379472
61.4000000000 -22.8630389645
61.5000000000 -22.9095250842
61.6000000000 -22.9560974398
61.7000000000 -23.0027571633
61.8000000000 -23.0495053842
61.9000000000 -23.0963432304
62.0000000000 -23.1432718277
62.1000000000 -23.1902922999
62.2000000000 -23.2374057692
62.3000000000 -23.2846133556
62.4000000000 -23.3319161773
62.5000000000 -23.3793153506
62.6000000000 -23.4268119901
62.7000000000 -23.4744072082
62.8000000000 -23.5221021157
62.9000000000 -23.5698978215
63.0000000000 -23.6177954325
63.1000000000 -23.6657960538
63.2000000000 -23.7139007886
63.3000000000 -23.7621107383
63.4000000000 -23.8104270023
63.5000000000 -23.8588506780
63.6000000000 -23.9073828612
63.7000000000 -23.9560246454
63.8000000000 -24.0047771223
63.9000000000 -24.0536413816
64.0000000000 -24.1026185111
64.1000000000 -24.1517095963
64.2000000000 -24.2009157210
64.3000000000 -24.2502379667
64.4000000000 -24.2996774127
64.5000000000 -24.3492351364
64.6000000000 -24.3989122128
64.7000000000 -24.4487097150
64.8000000000 -24.4986287134
64.9000000000 -24.5486702765
65.0000000000 -24.5988354702
65.1000000000 -24.6491253582
65.2000000000 -24.6995410017
65.3000000000 -24.7500834593
65.4000000000 -24.8007537872
65.5000000000 -24.8515530391
65.6000000000 -24.9024822659
65.7000000000 -24.9535425158
65.8000000000 -25.0047348344
65.9000000000 -25.0560602644
66.0000000000 -25.1075198456
66.1000000000 -25.1591146148
66.2000000000 -25.2108456058
66.3000000000 -25.2627138495
66.4000000000 -25.3147203734
66.5000000000 -25.3668662020
66.6000000000 -25.4191523562
66.7000000000 -25.4715798538
66.8000000000 -25.5241497089
66.9000000000 -25.5768629322
67.0000000000 -25.6297205307
67.1000000000 -25.6827235078
67.2000000000 -25.7358728628
67.3000000000 -25.7891695914
67.4000000000 -25.8426146851
67.5000000000 -25.8962091314
67.6000000000 -25.9499539136
67.7000000000 -26.0038500107
67.8000000000 -26.0578983973
67.9000000000 -26.1121000435
68.0000000000 -26.1664559148
68.1000000000 -26.2209669720
68.2000000000 -26.2756341710
68.3000000000 -26.3304584629
68.4000000000 -26.3854407937
68.5000000000 -26.4405821041
68.6000000000 -26.4958833296
68.7000000000 -26.5513454005
68.8000000000 -26.6069692413
68.9000000000 -26.6627557709
69.0000000000 -26.7187059026
69.1000000000 -26.7748205434
69.2000000000 -26.8311005948
69.3000000000 -26.8875469516
69.4000000000 -26.9441605027
69.5000000000 -27.0009421304
69.6000000000 -27.0578927103
69.7000000000 -27.1150131116
69.8000000000 -27.1723041963
69.9000000000 -27.2297668196
70.0000000000 -27.2874018295
70.1000000000 -27.3452100667
70.2000000000 -27.4031923645
70.3000000000 -27.4613495486
70.4000000000 -27.5196824368
70.5000000000 -27.5781918393
70.6000000000 -27.6368785581
70.7000000000 -27.6957433868
70.8000000000 -27.7547871110
70.9000000000 -27.8140105076
71.0000000000 -27.8734143446
71.1000000000 -27.9329993816
71.2000000000 -27.9927663689
71.3000000000 -28.0527160477
71.4000000000 -28.1128491497
71.5000000000 -28.1731663975
71.6000000000 -28.2336685036
71.7000000000 -28.2943561708
71.8000000000 -28.3552300921
71.9000000000 -28.4162909499
72.0000000000 -28.4775394167
72.1000000000 -28.5389761542
72.2000000000 -28.6006018133
72.3000000000 -28.6624170344
72.4000000000 -28.7244224465
72.5000000000 -28.7866186676
72.6000000000 -28.8490063040
72.7000000000 -28.9115859509
72.8000000000 -28.9743581913
72.9000000000 -29.0373235964
73.0000000000 -29.1004827255
73.1000000000 -29.1638361253
73.2000000000 -29.2273843302
73.3000000000 -29.2911278620
73.4000000000 -29.3550672295
73.5000000000 -29.4192029286
73.6000000000 -29.4835354422
73.7000000000 -29.5480652395
73.8000000000 -29.6127927764
73.9000000000 -29.6777184951
74.0000000000 -29.7428428237
74.1000000000 -29.8081661764
74.2000000000 -29.8736889533
74.3000000000 -29.9394115398
74.4000000000 -30.0053343068
74.5000000000 -30.0714576106
74.6000000000 -30.1377817924
74.7000000000 -30.2043071783
74.8000000000 -30.2710340793
74.9000000000 -30.3379627907
75.0000000000 -30.4050935924
75.1000000000 -30.4724267484
75.2000000000 -30.5399625069
75.3000000000 -30.6077011000
75.4000000000 -30.6756427432
75.5000000000 -30.7437876361
75.6000000000 -30.8121359612
75.7000000000 -30.8806878848
75.8000000000 -30.9494435559
75.9000000000 -31.0184031067
76.0000000000 -31.0875666520
76.1000000000 -31.1569342895
76.2000000000 -31.2265060993
76.3000000000 -31.2962821439
76.4000000000 -31.3662624681
76.5000000000 -31.4364470988
76.6000000000 -31.5068360448
76.7000000000 -31.5774292967
76.8000000000 -31.6482268272
76.9000000000 -31.7192285900
77.0000000000 -31.7904345209
77.1000000000 -31.8618445366
77.2000000000 -31.9334585353
77.3000000000 -32.0052763963
77.4000000000 -32.0772979798
77.5000000000 -32.1495231271
77.6000000000 -32.2219516603
77.7000000000 -32.2945833822
77.8000000000 -32.3674180762
77.9000000000 -32.4404555064
78.0000000000 -32.5136954173
78.1000000000 -32.5871375338
78.2000000000 -32.6607815612
78.3000000000 -32.7346271850
78.4000000000 -32.8086740709
78.5000000000 -32.8829218647
78.6000000000 -32.9573701925
78.7000000000 -33.0320186601
78.8000000000 -33.1068668536
78.9000000000 -33.1819143389
79.0000000000 -33.2571606618
79.1000000000 -33.3326053480
79.2000000000 -33.4082479032
79.3000000000 -33.4840878127
79.4000000000 -33.5601245418
79.5000000000 -33.6363575356
79.6000000000 -33.7127862189
79.7000000000 -33.7894099965
79.8000000000 -33.8662282529
79.9000000000 -33.9432403524
80.0000000000 -34.0204456394
80.1000000000 -34.0978434378
80.2000000000 -34.1754330518
80.3000000000 -34.2532137653
80.4000000000 -34.3311848422
80.5000000000 -34.4093455265
80.6000000000 -34.4876950424
80.7000000000 -34.5662325941
80.8000000000 -34.6449573659
80.9000000000 -34.7238685228
81.0000000000 -34.8029652098
81.1000000000 -34.8822465524
81.2000000000 -34.9617116567
81.3000000000 -35.0413596095
81.4000000000 -35.1211894783
81.5000000000 -35.2012003114
81.6000000000 -35.2813911379
81.7000000000 -35.3617609683
81.8000000000 -35.4423087941
81.9000000000 -35.5230335882
82.0000000000 -35.6039343049
82.1000000000 -35.6850098802
82.2000000000 -35.7662592317
82.3000000000 -35.8476812592
82.4000000000 -35.9292748443
82.5000000000 -36.0110388510
82.6000000000 -36.0929721256
82.7000000000 -36.1750734971
82.8000000000 -36.2573417772
82.9000000000 -36.3397757607
83.0000000000 -36.4223742254
83.1000000000 -36.5051359326
83.2000000000 -36.5880596271
83.3000000000 -36.6711440374
83.4000000000 -36.7543878761
83.5000000000 -36.8377898401
83.6000000000 -36.9213486105
83.7000000000 -37.0050628533
83.8000000000 -37.0889312194
83.9000000000 -37.1729523447
84.0000000000 -37.2571248507
84.1000000000 -37.3414473443
84.2000000000 -37.4259184187
84.3000000000 -37.5105366529
84.4000000000 -37.5953006125
84.5000000000 -37.6802088499
84.6000000000 -37.7652599042
84.7000000000 -37.8504523021
84.8000000000 -37.9357845576
84.9000000000 -38.0212551726
85.0000000000 -38.1068626372
85.1000000000 -38.1926054299
85.2000000000 -38.2784820177
85.3000000000 -38.3644908569
85.4000000000 -38.4506303929
85.5000000000 -38.5368990609
85.6000000000 -38.6232952857
85.7000000000 -38.7098174829
85.8000000000 -38.7964640581
85.9000000000 -38.8832334080
86.0000000000 -38.9701239207
86.1000000000 -39.0571339754
86.2000000000 -39.1442619436
86.3000000000 -39.2315061885
86.4000000000 -39.3188650663
86.5000000000 -39.4063369255
86.6000000000 -39.4939201083
86.7000000000 -39.5816129500
86.8000000000 -39.6694137799
86.9000000000 -39.7573209214
87.0000000000 -39.8453326926
87.1000000000 -39.9334474062
87.2000000000 -40.0216633701
87.3000000000 -40.1099788880
87.4000000000 -40.1983922591
87.5000000000 -40.2869017791
87.6000000000 -40.3755057401
87.7000000000 -40.4642024311
87.8000000000 -40.5529901383
87.9000000000 -40.6418671455
88.0000000000 -40.7308317345
88.1000000000 -40.8198821853
88.2000000000 -40.9090167762
88.3000000000 -40.9982337850
88.4000000000 -41.0875314881
88.5000000000 -41.1769081620
88.6000000000 -41.2663620829
88.7000000000 -41.3558915273
88.8000000000 -41.4454947723
88.9000000000 -41.5351700959
89.0000000000 -41.6249157773
89.1000000000 -41.7147300974
89.2000000000 -41.8046113389
89.3000000000 -41.8945577868
89.4000000000 -41.9845677284
89.5000000000 -42.0746394541
89.6000000000 -42.1647712574
89.7000000000 -42.2549614353
89.8000000000 -42.3452082885
89.9000000000 -42.4355101217
90.0000000000 -42.5258652443
90.1000000000 -42.6162719701
90.2000000000 -42.7067286180
90.3000000000 -42.7972335122
90.4000000000 -42.8877849823
90.5000000000 -42.9783813639
90.6000000000 -43.0690209987
90.7000000000 -43.1597022347
90.8000000000 -43.2504234269
90.9000000000 -43.3411829368
91.0000000000 -43.4319791333
91.1000000000 -43.5228103929
91.2000000000 -43.6136750998
91.3000000000 -43.7045716459
91.4000000000 -43.7954984316
91.5000000000 -43.8864538657
91.6000000000 -43.9774363658
91.7000000000 -44.0684443582
91.8000000000 -44.1594762786
91.9000000000 -44.2505305721
92.0000000000 -44.3416056932
92.1000000000 -44.4327001065
92.2000000000 -44.5238122864
92.3000000000 -44.6149407177
92.4000000000 -44.7060838957
92.5000000000 -44.7972403262
92.6000000000 -44.8884085259
92.7000000000 -44.9795870224
92.8000000000 -45.0707743548
92.9000000000 -45.1619690732
93.0000000000 -45.2531697396
93.1000000000 -45.3443749274
93.2000000000 -45.4355832220
93.3000000000 -45.5267932208
93.4000000000 -45.6180035335
93.5000000000 -45.7092127818
93.6000000000 -45.8004196002
93.7000000000 -45.8916226355
93.8000000000 -45.9828205474
93.9000000000 -46.0740120082
94.0000000000 -46.1651957035
94.1000000000 -46.2563703315
94.2000000000 -46.3475346040
94.3000000000 -46.4386872457
94.4000000000 -46.5298269950
94.5000000000 -46.6209526034
94.6000000000 -46.7120628361
94.7000000000 -46.8031564720
94.8000000000 -46.8942323035
94.9000000000 -46.9852891368
95.0000000000 -47.0763257919
95.1000000000 -47.1673411028
95.2000000000 -47.2583339173
95.3000000000 -47.3493030971
95.4000000000 -47.4402475182
95.5000000000 -47.5311660703
95.6000000000 -47.6220576573
95.7000000000 -47.7129211974
95.8000000000 -47.8037556226
95.9000000000 -47.8945598794
96.0000000000 -47.9853329282
96.1000000000 -48.0760737437
96.2000000000 -48.1667813146
96.3000000000 -48.2574546440
96.4000000000 -48.3480927490
96.5000000000 -48.4386946610
96.6000000000 -48.5292594253
96.7000000000 -48.6197861015
96.8000000000 -48.7102737632
96.9000000000 -48.8007214982
97.0000000000 -48.8911284081
97.1000000000 -48.9814936087
97.2000000000 -49.0718162295
97.3000000000 -49.1620954141
97.4000000000 -49.2523303199
97.5000000000 -49.3425201180
97.6000000000 -49.4326639932
97.7000000000 -49.5227611443
97.8000000000 -49.6128107831
97.9000000000 -49.7028121355
98.0000000000 -49.7927644405
98.1000000000 -49.8826669505
98.2000000000 -49.9725189313
98.3000000000 -50.0623196618
98.4000000000 -50.1520684341
98.5000000000 -50.2417645532
98.6000000000 -50.3314073370
98.7000000000 -50.4209961163
98.8000000000 -50.5105302346
98.9000000000 -50.6000090479
99.0000000000 -50.6894319247
99.1000000000 -50.7787982459
99.2000000000 -50.8681074048
99.3000000000 -50.9573588065
99.4000000000 -51.0465518684
99.5000000000 -51.1356860195
99.6000000000 -51.2247607009
99.7000000000 -51.3137753651
99.8000000000 -51.4027294760
99.9000000000 -51.4916225089
100.0000000000 -51.5804539505
100.1000000000 -51.6692232983
100.2000000000 -51.7579300608
100.3000000000 -51.8465737573
100.4000000000 -51.9351539176
100.5000000000 -52.0236700821
100.6000000000 -52.1121218015
100.7000000000 -52.2005086364
100.8000000000 -52.2888301576
100.9000000000 -52.3770859458
101.0000000000 -52.4652755912
101.1000000000 -52.5533986934
101.2000000000 -52.6414548616
101.3000000000 -52.7294437140
101.4000000000 -52.8173648777
101.5000000000 -52.9052179887
101.6000000000 -52.9930026917
101.7000000000 -53.0807186399
101.8000000000 -53.1683654944
101.9000000000 -53.2559429250
102.0000000000 -53.3434506088
102.1000000000 -53.4308882312
102.2000000000 -53.5182554847
102.3000000000 -53.6055520696
102.4000000000 -53.6927776929
102.5000000000 -53.7799320690
102.6000000000 -53.8670149191
102.7000000000 -53.9540259707
102.8000000000 -54.0409649580
102.9000000000 -54.1278316214
103.0000000000 -54.2146257073
103.1000000000 -54.3013469681
103.2000000000 -54.3879951617
103.3000000000 -54.4745700515
103.4000000000 -54.5610714064
103.5000000000 -54.6474990001
103.6000000000 -54.7338526113
103.7000000000 -54.8201320235
103.8000000000 -54.9063370247
103.9000000000 -54.9924674070
104.0000000000 -55.0785229669
104.1000000000 -55.1645035045
104.2000000000 -55.2504088240
104.3000000000 -55.3362387329
104.4000000000 -55.4219930420
104.5000000000 -55.5076715654
104.6000000000 -55.5932741200
104.7000000000 -55.6788005256
104.8000000000 -55.7642506043
104.9000000000 -55.8496241810
105.0000000000 -55.9349210823
105.1000000000 -56.0201411370
105.2000000000 -56.1052841756
105.3000000000 -56.1903500304
105.4000000000 -56.2753385349
105.5000000000 -56.3602495238
105.6000000000 -56.4450828329
105.7000000000 -56.5298382988
105.8000000000 -56.6145157587
105.9000000000 -56.6991150502
106.0000000000 -56.7836360115
106.1000000000 -56.8680784805
106.2000000000 -56.9524422951
106.3000000000 -57.0367272929
106.4000000000 -57.1209333112
106.5000000000 -57.2050601865
106.6000000000 -57.2891077544
106.7000000000 -57.3730758497
106.8000000000 -57.4569643058
106.9000000000 -57.5407729549
107.0000000000 -57.6245016276
107.1000000000 -57.7081501528
107.2000000000 -57.7917183575
107.3000000000 -57.8752060667
107.4000000000 -57.9586131033
107.5000000000 -58.0419392875
107.6000000000 -58.1251844372
107.7000000000 -58.2083483677
107.8000000000 -58.2914308912
107.9000000000 -58.3744318169
108.0000000000 -58.4573509510
108.1000000000 -58.5401880963
108.2000000000 -58.6229430520
108.3000000000 -58.7056156139
108.4000000000 -58.7882055738
108.5000000000 -58.8707127197
108.6000000000 -58.9531368357
108.7000000000 -59.0354777012
108.8000000000 -59.1177350919
108.9000000000 -59.1999087786
109.0000000000 -59.2819985275
109.1000000000 -59.3640041004
109.2000000000 -59.4459252539
109.3000000000 -59.5277617398
109.4000000000 -59.6095133047
109.5000000000 -59.6911796901
109.6000000000 -59.7727606320
109.7000000000 -59.8542558610
109.8000000000 -59.9356651022
109.9000000000 -60.0169880751
110.0000000000 -60.0982244932
110.1000000000 -60.1793740642
110.2000000000 -60.2604364901
110.3000000000 -60.3414114664
110.4000000000 -60.4222986827
110.5000000000 -60.5030978224
110.6000000000 -60.5838085623
110.7000000000 -60.6644305731
110.8000000000 -60.7449635188
110.9000000000 -60.8254070568
111.0000000000 -60.9057608380
111.1000000000 -60.9860245066
111.2000000000 -61.0661976998
111.3000000000 -61.1462800483
111.4000000000 -61.2262711754
111.5000000000 -61.3061706980
111.6000000000 -61.3859782257
111.7000000000 -61.4656933609
111.8000000000 -61.5453156992
111.9000000000 -61.6248448289
112.0000000000 -61.7042803312
112.1000000000 -61.7836217799
112.2000000000 -61.8628687417
112.3000000000 -61.9420207761
112.4000000000 -62.0210774350
112.5000000000 -62.1000382633
112.6000000000 -62.1789027984
112.7000000000 -62.2576705703
112.8000000000 -62.3363411018
112.9000000000 -62.4149139082
113.0000000000 -62.4933884974
113.1000000000 -62.5717643701
113.2000000000 -62.6500410195
113.3000000000 -62.7282179314
113.4000000000 -62.8062945845
113.5000000000 -62.8842704498
113.6000000000 -62.9621449912
113.7000000000 -63.0399176654
113.8000000000 -63.1175879217
113.9000000000 -63.1951552021
114.0000000000 -63.2726189416
114.1000000000 -63.3499785679
114.2000000000 -63.4272335016
114.3000000000 -63.5043831562
114.4000000000 -63.5814269383
114.5000000000 -63.6583642472
114.6000000000 -63.7351944757
114.7000000000 -63.8119170094
114.8000000000 -63.8885312272
114.9000000000 -63.9650365013
115.0000000000 -64.0414321972
115.1000000000 -64.1177176737
115.2000000000 -64.1938922832
115.3000000000 -64.2699553715
115.4000000000 -64.3459062782
115.5000000000 -64.4217443364
115.6000000000 -64.4974688732
115.7000000000 -64.5730792094
115.8000000000 -64.6485746600
115.9000000000 -64.7239545338
116.0000000000 -64.7992181339
116.1000000000 -64.8743647578
116.2000000000 -64.9493936971
116.3000000000 -65.0243042382
116.4000000000 -65.0990956618
116.5000000000 -65.1737672434
116.6000000000 -65.2483182534
116.7000000000 -65.3227479572
116.8000000000 -65.3970556150
116.9000000000 -65.4712404823
117.0000000000 -65.5453018101
117.1000000000 -65.6192388445
117.2000000000 -65.6930508274
117.3000000000 -65.7667369963
117.4000000000 -65.8402965846
117.5000000000 -65.9137288215
117.6000000000 -65.9870329325
117.7000000000 -66.0602081393
117.8000000000 -66.1332536599
117.9000000000 -66.2061687088
118.0000000000 -66.2789524974
118.1000000000 -66.3516042337
118.2000000000 -66.4241231227
118.3000000000 -66.4965083667
118.4000000000 -66.5687591651
118.5000000000 -66.6408747147
118.6000000000 -66.7128542100
118.7000000000 -66.7846968433
118.8000000000 -66.8564018046
118.9000000000 -66.9279682822
119.0000000000 -66.9993954623
119.1000000000 -67.0706825297
119.2000000000 -67.1418286679
119.3000000000 -67.2128330587
119.4000000000 -67.2836948830
119.5000000000 -67.3544133209
119.6000000000 -67.4249875513
119.7000000000 -67.4954167528
119.8000000000 -67.5657001033
119.9000000000 -67.6358367806
120.0000000000 -67.7058259623
120.1000000000 -67.7756668260
120.2000000000 -67.8453585494
120.3000000000 -67.9149003107
120.4000000000 -67.9842912887
120.5000000000 -68.0535306628
120.6000000000 -68.1226176132
120.7000000000 -68.1915513213
120.8000000000 -68.2603309697
120.9000000000 -68.3289557422
121.0000000000 -68.3974248243
121.1000000000 -68.4657374033
121.2000000000 -68.5338926680
121.3000000000 -68.6018898098
121.4000000000 -68.6697280218
121.5000000000 -68.7374064998
121.6000000000 -68.8049244419
121.7000000000 -68.8722810491
121.8000000000 -68.9394755252
121.9000000000 -69.0065070770
122.0000000000 -69.0733749145
122.1000000000 -69.1400782511
122.2000000000 -69.2066163035
122.3000000000 -69.2729882925
122.4000000000 -69.3391934422
122.5000000000 -69.4052309810
122.6000000000 -69.4711001414
122.7000000000 -69.5368001601
122.8000000000 -69.6023302783
122.9000000000 -69.6676897417
123.0000000000 -69.7328778007
123.1000000000 -69.7978937109
123.2000000000 -69.8627367325
123.3000000000 -69.9274061311
123.4000000000 -69.9919011776
123.5000000000 -70.0562211483
123.6000000000 -70.1203653251
123.7000000000 -70.1843329957
123.8000000000 -70.2481234535
123.9000000000 -70.3117359980
124.0000000000 -70.3751699349
124.1000000000 -70.4384245760
124.2000000000 -70.5014992395
124.3000000000 -70.5643932502
124.4000000000 -70.6271059395
124.5000000000 -70.6896366455
124.6000000000 -70.7519847132
124.7000000000 -70.8141494945
124.8000000000 -70.8761303485
124.9000000000 -70.9379266415
125.0000000000 -70.9995377471
125.1000000000 -71.0609630461
125.2000000000 -71.1222019271
125.3000000000 -71.1832537862
125.4000000000 -71.2441180272
125.5000000000 -71.3047940616
125.6000000000 -71.3652813088
125.7000000000 -71.4255791963
125.8000000000 -71.4856871594
125.9000000000 -71.5456046416
126.0000000000 -71.6053310945
126.1000000000 -71.6648659779
126.2000000000 -71.7242087597
126.3000000000 -71.7833589162
126.4000000000 -71.8423159320
126.5000000000 -71.9010792998
126.6000000000 -71.9596485206
126.7000000000 -72.0180231037
126.8000000000 -72.0762025666
126.9000000000 -72.1341864348
127.0000000000 -72.1919742417
127.1000000000 -72.2495655289
127.2000000000 -72.3069598453
127.3000000000 -72.3641567477
127.4000000000 -72.4211557997
127.5000000000 -72.4779565723
127.6000000000 -72.5345586428
127.7000000000 -72.5909615947
127.8000000000 -72.6471650171
127.9000000000 -72.7031685042
128.0000000000 -72.7589716543
128.1000000000 -72.8145740694
128.2000000000 -72.8699753538
128.3000000000 -72.9251751131
128.4000000000 -72.9801729527
128.5000000000 -73.0349684766
128.6000000000 -73.0895612850
128.7000000000 -73.1439509725
128.8000000000 -73.1981371254
128.9000000000 -73.2521193188
129.0000000000 -73.3058971130
129.1000000000 -73.3594700499
129.2000000000 -73.4128376479
129.3000000000 -73.4659993964
129.4000000000 -73.5189547498
129.5000000000 -73.5717031198
129.6000000000 -73.6242438668
129.7000000000 -73.6765762900
129.8000000000 -73.7286996152
129.9000000000 -73.7806129819
130.0000000000 -73.8323154265
130.1000000000 -73.8838058641
130.2000000000 -73.9350830669
130.3000000000 -73.9861456388
130.4000000000 -74.0369919859
130.5000000000 -74.0876202820
130.6000000000 -74.1380284289
130.7000000000 -74.1882140093
130.8000000000 -74.2381742322
130.9000000000 -74.2879058698
131.0000000000 -74.3374051827
131.1000000000 -74.3866678337
131.2000000000 -74.4356887867
131.3000000000 -74.4844621890
131.4000000000 -74.5329812336
131.5000000000 -74.5812379990
131.6000000000 -74.6292232618
131.7000000000 -74.6769262785
131.8000000000 -74.7243345305
131.9000000000 -74.7714334261
132.0000000000 -74.8182059542
132.1000000000 -74.8646322780
132.2000000000 -74.9106892622
132.3000000000 -74.9563499210
132.4000000000 -75.0015827731
132.5000000000 -75.0463510889
132.6000000000 -75.0906120123
132.7000000000 -75.1343155345
132.8000000000 -75.1774032967
132.9000000000 -75.2198071916
133.0000000000 -75.2614477307
133.1000000000 -75.3022321384
133.2000000000 -75.3420521258
133.3000000000 -75.3807812920
133.4000000000 -75.4182720889
133.5000000000 -75.4543522777
133.6000000000 -75.4888207904
133.7000000000 -75.5214428972
133.8000000000 -75.5519445638
133.9000000000 -75.5800058609
134.0000000000 -75.6052532692
134.1000000000 -75.6272506927
134.2000000000 -75.6454889647
134.3000000000 -75.6593735933
134.4000000000 -75.6682104525
134.5000000000 -75.6711890730
134.6000000000 -75.6673631327
134.7000000000 -75.6556276781
134.8000000000 -75.6346925299
134.9000000000 -75.6030512375
135.0000000000 -75.5589448385
135.1000000000 -75.5003195617
135.2000000000 -75.4247774648
135.3000000000 -75.3295188385
135.4000000000 -75.2112750142
135.5000000000 -75.0662299932
135.6000000000 -74.8899290614
135.7000000000 -74.6771722549
135.8000000000 -74.4218902069
135.9000000000 -74.1169995052
136.0000000000 -73.7542342412
136.1000000000 -73.3239498942
136.2000000000 -72.8148950714
136.3000000000 -72.2139458769
136.4000000000 -71.5057967552
136.5000000000 -70.6726004689
136.6000000000 -69.6935482411
136.7000000000 -68.5443787109
136.8000000000 -67.1968005916
136.9000000000 -65.6178076010
137.0000000000 -63.7688530713
137.1000000000 -61.6048313062
137.2000000000 -59.0727752200
137.3000000000 -56.1101109623
137.4000000000 -52.6421878779
137.5000000000 -48.5785991677
137.6000000000 -43.8075158032
137.7000000000 -38.1869448680
137.8000000000 -31.5317296366
137.9000000000 -23.5958250400
138.0000000000 -14.0553601288
138.1000000000 -2.5458871442
138.2000000000 10.9272060787
138.3000000000 24.3961150729
138.4000000000 33.3271864068
138.5000000000 36.3651708792
138.6000000000 36.7038685282
138.7000000000 36.6847027655
138.8000000000 36.7609599917
138.9000000000 36.8926384570
139.0000000000 37.0270024024
139.1000000000 37.1380476222
139.2000000000 37.2157533030
139.3000000000 37.2578059027
139.4000000000 37.2652842050
139.5000000000 37.2405587790
139.6000000000 37.1863090659
139.7000000000 37.1050926692
139.8000000000 36.9991832319
139.9000000000 36.8705350424
140.0000000000 36.7208036747
140.1000000000 36.5513878809
140.2000000000 36.3634761122
140.3000000000 36.1580902052
140.4000000000 35.9361233209
140.5000000000 35.6983714325
140.6000000000 35.4455586633
140.7000000000 35.1783571818
140.8000000000 34.8974024765
140.9000000000 34.6033048046
141.0000000000 34.2966575338
141.1000000000 33.9780429956
141.2000000000 33.6480363719
141.3000000000 33.3072080523
141.4000000000 32.9561248178
141.5000000000 32.5953501471
141.6000000000 32.2254438814
141.7000000000 31.8469614408
141.8000000000 31.4604527461
141.9000000000 31.0664609673
142.0000000000 30.6655211939
142.1000000000 30.2581591003
142.2000000000 29.8448896609
142.3000000000 29.4262159548
142.4000000000 29.0026280876
142.5000000000 28.5746022485
142.6000000000 28.1425999125
142.7000000000 27.7070671896
142.8000000000 27.2684343231
142.9000000000 26.8271153276
143.0000000000 26.3835077627
143.1000000000 25.9379926306
143.2000000000 25.4909343869
143.3000000000 25.0426810531
143.4000000000 24.5935644201
143.5000000000 24.1439003280
143.6000000000 23.6939890132
143.7000000000 23.2441155111
143.8000000000 22.7945501029
143.9000000000 22.3455487984
144.0000000000 21.8973538448
144.1000000000 21.4501942543
144.2000000000 21.0042863425
144.3000000000 20.5598342724
144.4000000000 20.1170305971
144.5000000000 19.6760567974
144.6000000000 19.2370838102
144.7000000000 18.8002725432
144.8000000000 18.3657743748
144.9000000000 17.9337316350
145.0000000000 17.5042780679
145.1000000000 17.0775392717
145.2000000000 16.6536331180
145.3000000000 16.2326701478
145.4000000000 15.8147539454
145.5000000000 15.3999814896
145.6000000000 14.9884434821
145.7000000000 14.5802246547
145.8000000000 14.1754040547
145.9000000000 13.7740553107
146.0000000000 13.3762468781
146.1000000000 12.9820422668
146.2000000000 12.5915002509
146.3000000000 12.2046750625
146.4000000000 11.8216165706
146.5000000000 11.4423704453
146.6000000000 11.0669783100
146.7000000000 10.6954778816
146.8000000000 10.3279031001
146.9000000000 9.9642842493
147.0000000000 9.6046480688
147.1000000000 9.2490178591
147.2000000000 8.8974135805
147.3000000000 8.5498519461
147.4000000000 8.2063465112
147.5000000000 7.8669077583
147.6000000000 7.5315431803
147.7000000000 7.2002573601
147.8000000000 6.8730520498
147.9000000000 6.5499262483
148.0000000000 6.2308762785
148.1000000000 5.9158958640
148.2000000000 5.6049762067
148.3000000000 5.2981060643
148.4000000000 4.9952718282
148.5000000000 4.6964576032
148.6000000000 4.4016452872
148.7000000000 4.1108146526
148.8000000000 3.8239434280
148.9000000000 3.5410073812
149.0000000000 3.2619804038
149.1000000000 2.9868345951
149.2000000000 2.7155403482
149.3000000000 2.4480664356
149.4000000000 2.1843800954
149.5000000000 1.9244471179
149.6000000000 1.6682319321
149.7000000000 1.4156976915
149.8000000000 1.1668063601
149.9000000000 0.9215187970
150.0000000000 0.6797948409
150.1000000000 0.4415933928
150.2000000000 0.2068724980
150.3000000000 -0.0244105742
150.4000000000 -0.2522992514
150.5000000000 -0.4768375813
150.6000000000 -0.6980701577
150.7000000000 -0.9160420468
150.8000000000 -1.1307987177
150.9000000000 -1.3423859736
151.0000000000 -1.5508498866
151.1000000000 -1.7562367342
151.2000000000 -1.9585929392
151.3000000000 -2.1579650110
151.4000000000 -2.3543994909
151.5000000000 -2.5479428994
151.6000000000 -2.7386416858
151.7000000000 -2.9265421812
151.8000000000 -3.1116905535
151.9000000000 -3.2941327659
152.0000000000 -3.4739145368
152.1000000000 -3.6510813033
152.2000000000 -3.8256781866
152.3000000000 -3.9977499598
152.4000000000 -4.1673410186
152.5000000000 -4.3344953537
152.6000000000 -4.4992565256
152.7000000000 -4.6616676419
152.8000000000 -4.8217713361
152.9000000000 -4.9796097486
153.0000000000 -5.1352245101
153.1000000000 -5.2886567259
153.2000000000 -5.4399469626
153.3000000000 -5.5891352362
153.4000000000 -5.7362610020
153.5000000000 -5.8813631456
153.6000000000 -6.0244799758
153.7000000000 -6.1656492181
153.8000000000 -6.3049080103
153.9000000000 -6.4422928988
154.0000000000 -6.5778398358
154.1000000000 -6.7115841781
154.2000000000 -6.8435606864
154.3000000000 -6.9738035257
154.4000000000 -7.1023462665
154.5000000000 -7.2292218864
154.6000000000 -7.3544627733
154.7000000000 -7.4781007284
154.8000000000 -7.6001669701
154.9000000000 -7.7206921384
155.0000000000 -7.8397063000
155.1000000000 -7.9572389537
155.2000000000 -8.0733190359
155.3000000000 -8.1879749274
155.4000000000 -8.3012344592
155.5000000000 -8.4131249200
155.6000000000 -8.5236730626
155.7000000000 -8.6329051120
155.8000000000 -8.7408467721
155.9000000000 -8.8475232339
156.0000000000 -8.9529591832
156.1000000000 -9.0571788086
156.2000000000 -9.1602058094
156.3000000000 -9.2620634038
156.4000000000 -9.3627743373
156.5000000000 -9.4623608905
156.6000000000 -9.5608448878
156.7000000000 -9.6582477052
156.8000000000 -9.7545902791
156.9000000000 -9.8498931141
157.0000000000 -9.9441762913
157.1000000000 -10.0374594767
157.2000000000 -10.1297619288
157.3000000000 -10.2211025074
157.4000000000 -10.3114996809
157.5000000000 -10.4009715346
157.6000000000 -10.4895357782
157.7000000000 -10.5772097540
157.8000000000 -10.6640104441
157.9000000000 -10.7499544783
158.0000000000 -10.8350581412
158.1000000000 -10.9193373798
158.2000000000 -11.0028078107
158.3000000000 -11.0854847271
158.4000000000 -11.1673831057
158.5000000000 -11.2485176141
158.6000000000 -11.3289026169
158.7000000000 -11.4085521829
158.8000000000 -11.4874800913
158.9000000000 -11.5656998383
159.0000000000 -11.6432246432
159.1000000000 -11.7200674550
159.2000000000 -11.7962409577
159.3000000000 -11.8717575772
159.4000000000 -11.9466294862
159.5000000000 -12.0208686106
159.6000000000 -12.0944866346
159.7000000000 -12.1674950067
159.8000000000 -12.2399049444
159.9000000000 -12.3117274400
160.0000000000 -12.3829732653
160.1000000000 -12.4536529771
160.2000000000 -12.5237769215
160.3000000000 -12.5933552394
160.4000000000 -12.6623978706
160.5000000000 -12.7309145587
160.6000000000 -12.7989148555
160.7000000000 -12.8664081254
160.8000000000 -12.9334035496
160.9000000000 -12.9999101307
161.0000000000 -13.0659366961
161.1000000000 -13.1314919025
161.2000000000 -13.1965842398
161.3000000000 -13.2612220347
161.4000000000 -13.3254134544
161.5000000000 -13.3891665107
161.6000000000 -13.4524890629
161.7000000000 -13.5153888217
161.8000000000 -13.5778733527
161.9000000000 -13.6399500791
162.0000000000 -13.7016262856
162.1000000000 -13.7629091213
162.2000000000 -13.8238056027
162.3000000000 -13.8843226168
162.4000000000 -13.9444669239
162.5000000000 -14.0042451608
162.6000000000 -14.0636638432
162.7000000000 -14.1227293687
162.8000000000 -14.1814480193
162.9000000000 -14.2398259643
163.0000000000 -14.2978692623
163.1000000000 -14.3555838643
163.2000000000 -14.4129756157
163.3000000000 -14.4700502587
163.4000000000 -14.5268134348
163.5000000000 -14.5832706871
163.6000000000 -14.6394274620
163.7000000000 -14.6952891120
163.8000000000 -14.7508608973
163.9000000000 -14.8061479882
164.0000000000 -14.8611554668
164.1000000000 -14.9158883292
164.2000000000 -14.9703514870
164.3000000000 -15.0245497698
164.4000000000 -15.0784879265
164.5000000000 -15.1321706272
164.6000000000 -15.1856024650
164.7000000000 -15.2387879576
164.8000000000 -15.2917315489
164.9000000000 -15.3444376110
165.0000000000 -15.3969104451
165.1000000000 -15.4491542837
165.2000000000 -15.5011732916
165.3000000000 -15.5529715677
165.4000000000 -15.6045531462
165.5000000000 -15.6559219982
165.6000000000 -15.7070820329
165.7000000000 -15.7580370990
165.8000000000 -15.8087909859
165.9000000000 -15.8593474252
166.0000000000 -15.9097100916
166.1000000000 -15.9598826047
166.2000000000 -16.0098685294
166.3000000000 -16.0596713777
166.4000000000 -16.1092946094
166.5000000000 -16.1587416336
166.6000000000 -16.2080158095
166.7000000000 -16.2571204474
166.8000000000 -16.3060588101
166.9000000000 -16.3548341136
167.0000000000 -16.4034495280
167.1000000000 -16.4519081788
167.2000000000 -16.5002131477
167.3000000000 -16.5483674732
167.4000000000 -16.5963741522
167.5000000000 -16.6442361402
167.6000000000 -16.6919563525
167.7000000000 -16.7395376649
167.8000000000 -16.7869829147
167.9000000000 -16.8342949014
168.0000000000 -16.8814763875
168.1000000000 -16.9285300990
168.2000000000 -16.9754587269
168.3000000000 -17.0222649270
168.4000000000 -17.0689513213
168.5000000000 -17.1155204983
168.6000000000 -17.1619750142
168.7000000000 -17.2083173928
168.8000000000 -17.2545501270
168.9000000000 -17.3006756788
169.0000000000 -17.3466964802
169.1000000000 -17.3926149339
169.2000000000 -17.4384334138
169.3000000000 -17.4841542655
169.4000000000 -17.5297798069
169.5000000000 -17.5753123292
169.6000000000 -17.6207540967
169.7000000000 -17.6661073480
169.8000000000 -17.7113742963
169.9000000000 -17.7565571296
170.0000000000 -17.8016580119
170.1000000000 -17.8466790830
170.2000000000 -17.8916224595
170.3000000000 -17.9364902351
170.4000000000 -17.9812844808
170.5000000000 -18.0260072460
170.6000000000 -18.0706605583
170.7000000000 -18.1152464242
170.8000000000 -18.1597668297
170.9000000000 -18.2042237404
171.0000000000 -18.2486191022
171.1000000000 -18.2929548417
171.2000000000 -18.3372328661
171.3000000000 -18.3814550644
171.4000000000 -18.4256233072
171.5000000000 -18.4697394471
171.6000000000 -18.5138053194
171.7000000000 -18.5578227423
171.8000000000 -18.6017935170
171.9000000000 -18.6457194284
172.0000000000 -18.6896022454
172.1000000000 -18.7334437210
172.2000000000 -18.7772455928
172.3000000000 -18.8210095833
172.4000000000 -18.8647374002
172.5000000000 -18.9084307367
172.6000000000 -18.9520912719
172.7000000000 -18.9957206708
172.8000000000 -19.0393205851
172.9000000000 -19.0828926530
173.0000000000 -19.1264384995
173.1000000000 -19.1699597372
173.2000000000 -19.2134579659
173.3000000000 -19.2569347733
173.4000000000 -19.3003917352
173.5000000000 -19.3438304154
173.6000000000 -19.3872523666
173.7000000000 -19.4306591300
173.8000000000 -19.4740522359
173.9000000000 -19.5174332039
174.0000000000 -19.5608035429
174.1000000000 -19.6041647516
174.2000000000 -19.6475183187
174.3000000000 -19.6908657230
174.4000000000 -19.7342084335
174.5000000000 -19.7775479099
174.6000000000 -19.8208856027
174.7000000000 -19.8642229533
174.8000000000 -19.9075613941
174.9000000000 -19.9509023492
175.0000000000 -19.9942472339
175.1000000000 -20.0375974555
175.2000000000 -20.0809544131
175.3000000000 -20.1243194978
175.4000000000 -20.1676940930
175.5000000000 -20.2110795747
175.6000000000 -20.2544773114
175.7000000000 -20.2978886643
175.8000000000 -20.3413149876
175.9000000000 -20.3847576286
176.0000000000 -20.4282179279
176.1000000000 -20.4716972192
176.2000000000 -20.5151968302
176.3000000000 -20.5587180820
176.4000000000 -20.6022622897
176.5000000000 -20.6458307621
176.6000000000 -20.6894248025
176.7000000000 -20.7330457081
176.8000000000 -20.7766947708
176.9000000000 -20.8203732768
177.0000000000 -20.8640825070
177.1000000000 -20.9078237371
177.2000000000 -20.9515982377
177.3000000000 -20.9954072742
177.4000000000 -21.0392521075
177.5000000000 -21.0831339934
177.6000000000 -21.1270541832
177.7000000000 -21.1710139236
177.8000000000 -21.2150144570
177.9000000000 -21.2590570213
178.0000000000 -21.3031428503
178.1000000000 -21.3472731735
178.2000000000 -21.3914492165
178.3000000000 -21.4356722010
178.4000000000 -21.4799433447
178.5000000000 -21.5242638618
178.6000000000 -21.5686349625
178.7000000000 -21.6130578536
178.8000000000 -21.6575337384
178.9000000000 -21.7020638168
179.0000000000 -21.7466492854
179.1000000000 -21.7912913373
179.2000000000 -21.8359911626
179.3000000000 -21.8807499484
179.4000000000 -21.9255688786
179.5000000000 -21.9704491341
179.6000000000 -22.0153918929
179.7000000000 -22.0603983303
179.8000000000 -22.1054696186
179.9000000000 -22.1506069276
180.0000000000 -22.1958114243
180.1000000000 -22.2410842732
180.2000000000 -22.2864266360
180.3000000000 -22.3318396722
180.4000000000 -22.3773245388
180.5000000000 -22.4228823901
180.6000000000 -22.4685143785
180.7000000000 -22.5142216538
180.8000000000 -22.5600053635
180.9000000000 -22.6058666530
181.0000000000 -22.6518066655
181.1000000000 -22.6978265420
181.2000000000 -22.7439274214
181.3000000000 -22.7901104405
181.4000000000 -22.8363767341
181.5000000000 -22.8827274348
181.6000000000 -22.9291636735
181.7000000000 -22.9756865788
181.8000000000 -23.0222972775
181.9000000000 -23.0689968945
182.0000000000 -23.1157865528
182.1000000000 -23.1626673733
182.2000000000 -23.2096404753
182.3000000000 -23.2567069760
182.4000000000 -23.3038679908
182.5000000000 -23.3511246333
182.6000000000 -23.3984780152
182.7000000000 -23.4459292465
182.8000000000 -23.4934794352
182.9000000000 -23.5411296874
183.0000000000 -23.5888811076
183.1000000000 -23.6367347983
183.2000000000 -23.6846918603
183.3000000000 -23.7327533923
183.4000000000 -23.7809204913
183.5000000000 -23.8291942525
183.6000000000 -23.8775757691
183.7000000000 -23.9260661324
183.8000000000 -23.9746664318
183.9000000000 -24.0233777549
184.0000000000 -24.0722011871
184.1000000000 -24.1211378120
184.2000000000 -24.1701887111
184.3000000000 -24.2193549640
184.4000000000 -24.2686376481
184.5000000000 -24.3180378388
184.6000000000 -24.3675566093
184.7000000000 -24.4171950307
184.8000000000 -24.4669541719
184.9000000000 -24.5168350995
185.0000000000 -24.5668388780
185.1000000000 -24.6169665693
185.2000000000 -24.6672192332
185.3000000000 -24.7175979270
185.4000000000 -24.7681037055
185.5000000000 -24.8187376209
185.6000000000 -24.8695007231
185.7000000000 -24.9203940591
185.8000000000 -24.9714186733
185.9000000000 -25.0225756075
186.0000000000 -25.0738659006
186.1000000000 -25.1252905885
186.2000000000 -25.1768507043
186.3000000000 -25.2285472781
186.4000000000 -25.2803813369
186.5000000000 -25.3323539046
186.6000000000 -25.3844660018
186.7000000000 -25.4367186458
186.8000000000 -25.4891128506
186.9000000000 -25.5416496266
187.0000000000 -25.5943299810
187.1000000000 -25.6471549168
187.2000000000 -25.7001254339
187.3000000000 -25.7532425279
187.4000000000 -25.8065071907
187.5000000000 -25.8599204104
187.6000000000 -25.9134831707
187.7000000000 -25.9671964512
187.8000000000 -26.0210612273
187.9000000000 -26.0750784700
188.0000000000 -26.1292491457
188.1000000000 -26.1835742163
188.2000000000 -26.2380546390
188.3000000000 -26.2926913661
188.4000000000 -26.3474853450
188.5000000000 -26.4024375181
188.6000000000 -26.4575488226
188.7000000000 -26.5128201904
188.8000000000 -26.5682525481
188.9000000000 -26.6238468166
189.0000000000 -26.6796039112
189.1000000000 -26.7355247416
189.2000000000 -26.7916102114
189.3000000000 -26.8478612182
189.4000000000 -26.9042786535
189.5000000000 -26.9608634025
189.6000000000 -27.0176163439
189.7000000000 -27.0745383498
189.8000000000 -27.1316302856
189.9000000000 -27.1888930100
190.0000000000 -27.2463273745
190.1000000000 -27.3039342235
190.2000000000 -27.3617143942
190.3000000000 -27.4196687163
190.4000000000 -27.4777980119
190.5000000000 -27.5361030953
190.6000000000 -27.5945847731
190.7000000000 -27.6532438436
190.8000000000 -27.7120810971
190.9000000000 -27.7710973154
191.0000000000 -27.8302932719
191.1000000000 -27.8896697312
191.2000000000 -27.9492274492
191.3000000000 -28.0089671726
191.4000000000 -28.0688896391
191.5000000000 -28.1289955769
191.6000000000 -28.1892857049
191.7000000000 -28.2497607322
191.8000000000 -28.3104213581
191.9000000000 -28.3712682718
192.0000000000 -28.4323021524
192.1000000000 -28.4935236687
192.2000000000 -28.5549334790
192.3000000000 -28.6165322306
192.4000000000 -28.6783205603
192.5000000000 -28.7402990937
192.6000000000 -28.8024684451
192.7000000000 -28.8648292175
192.8000000000 -28.9273820024
192.9000000000 -28.9901273794
193.0000000000 -29.0530659163
193.1000000000 -29.1161981685
193.2000000000 -29.1795246796
193.3000000000 -29.2430459804
193.4000000000 -29.3067625890
193.5000000000 -29.3706750111
193.6000000000 -29.4347837389
193.7000000000 -29.4990892518
193.8000000000 -29.5635920156
193.9000000000 -29.6282924828
194.0000000000 -29.6931910921
194.1000000000 -29.7582882682
194.2000000000 -29.8235844219
194.3000000000 -29.8890799498
194.4000000000 -29.9547752339
194.5000000000 -30.0206706418
194.6000000000 -30.0867665264
194.7000000000 -30.1530632255
194.8000000000 -30.2195610618
194.9000000000 -30.2862603430
195.0000000000 -30.3531613610
195.1000000000 -30.4202643926
195.2000000000 -30.4875696983
195.3000000000 -30.5550775230
195.4000000000 -30.6227880955
195.5000000000 -30.6907016282
195.6000000000 -30.7588183173
195.7000000000 -30.8271383422
195.8000000000 -30.8956618659
195.9000000000 -30.9643890342
196.0000000000 -31.0333199762
196.1000000000 -31.1024548035
196.2000000000 -31.1717936107
196.3000000000 -31.2413364747
196.4000000000 -31.3110834550
196.5000000000 -31.3810345933
196.6000000000 -31.4511899134
196.7000000000 -31.5215494211
196.8000000000 -31.5921131041
196.9000000000 -31.6628809319
197.0000000000 -31.7338528556
197.1000000000 -31.8050288076
197.2000000000 -31.8764087021
197.3000000000 -31.9479924343
197.4000000000 -32.0197798805
197.5000000000 -32.0917708983
197.6000000000 -32.1639653261
197.7000000000 -32.2363629832
197.8000000000 -32.3089636697
197.9000000000 -32.3817671664
198.0000000000 -32.4547732346
198.1000000000 -32.5279816162
198.2000000000 -32.6013920336
198.3000000000 -32.6750041894
198.4000000000 -32.7488177665
198.5000000000 -32.8228324283
198.6000000000 -32.8970478180
198.7000000000 -32.9714635593
198.8000000000 -33.0460792556
198.9000000000 -33.1208944907
199.0000000000 -33.1959088281
199.1000000000 -33.2711218113
199.2000000000 -33.3465329639
199.3000000000 -33.4221417892
199.4000000000 -33.4979477705
199.5000000000 -33.5739503709
199.6000000000 -33.6501490334
199.7000000000 -33.7265431809
199.8000000000 -33.8031322161
199.9000000000 -33.8799155216
200.0000000000 -33.9568924598
200.1000000000 -34.0340623730
200.2000000000 -34.1114245837
200.3000000000 -34.1889783940
200.4000000000 -34.2667230861
200.5000000000 -34.3446579225
200.6000000000 -34.4227821453
200.7000000000 -34.5010949772
200.8000000000 -34.5795956208
200.9000000000 -34.6582832591
201.0000000000 -34.7371570554
201.1000000000 -34.8162161535
201.2000000000 -34.8954596775
201.3000000000 -34.9748867322
201.4000000000 -35.0544964033
201.5000000000 -35.1342877568
201.6000000000 -35.2142598401
201.7000000000 -35.2944116812
201.8000000000 -35.3747422895
201.9000000000 -35.4552506556
202.0000000000 -35.5359357513
202.1000000000 -35.6167965302
202.2000000000 -35.6978319274
202.3000000000 -35.7790408598
202.4000000000 -35.8604222263
202.5000000000 -35.9419749081
202.6000000000 -36.0236977683
202.7000000000 -36.1055896529
202.8000000000 -36.1876493902
202.9000000000 -36.2698757917
203.0000000000 -36.3522676515
203.1000000000 -36.4348237472
203.2000000000 -36.5175428398
203.3000000000 -36.6004236738
203.4000000000 -36.6834649777
203.5000000000 -36.7666654639
203.6000000000 -36.8500238290
203.7000000000 -36.9335387545
203.8000000000 -37.0172089061
203.9000000000 -37.1010329348
204.0000000000 -37.1850094769
204.1000000000 -37.2691371538
204.2000000000 -37.3534145729
204.3000000000 -37.4378403275
204.4000000000 -37.5224129970
204.5000000000 -37.6071311475
204.6000000000 -37.6919933317
204.7000000000 -37.7769980894
204.8000000000 -37.8621439477
204.9000000000 -37.9474294214
205.0000000000 -38.0328530129
205.1000000000 -38.1184132130
205.2000000000 -38.2041085010
205.3000000000 -38.2899373449
205.4000000000 -38.3758982015
205.5000000000 -38.4619895174
205.6000000000 -38.5482097287
205.7000000000 -38.6345572612
205.8000000000 -38.7210305314
205.9000000000 -38.8076279463
206.0000000000 -38.8943479036
206.1000000000 -38.9811887924
206.2000000000 -39.0681489935
206.3000000000 -39.1552268794
206.4000000000 -39.2424208148
206.5000000000 -39.3297291572
206.6000000000 -39.4171502566
206.7000000000 -39.5046824564
206.8000000000 -39.5923240937
206.9000000000 -39.6800734992
207.0000000000 -39.7679289979
207.1000000000 -39.8558889095
207.2000000000 -39.9439515483
207.3000000000 -40.0321152241
207.4000000000 -40.1203782420
207.5000000000 -40.2087389033
207.6000000000 -40.2971955053
207.7000000000 -40.3857463420
207.8000000000 -40.4743897043
207.9000000000 -40.5631238802
208.0000000000 -40.6519471556
208.1000000000 -40.7408578141
208.2000000000 -40.8298541377
208.3000000000 -40.9189344070
208.4000000000 -41.0080969014
208.5000000000 -41.0973398998
208.6000000000 -41.1866616806
208.7000000000 -41.2760605222
208.8000000000 -41.3655347033
208.9000000000 -41.4550825030
209.0000000000 -41.5447022017
209.1000000000 -41.6343920808
209.2000000000 -41.7241504234
209.3000000000 -41.8139755145
209.4000000000 -41.9038656413
209.5000000000 -41.9938190936
209.6000000000 -42.0838341641
209.7000000000 -42.1739091486
209.8000000000 -42.2640423464
209.9000000000 -42.3542320606
210.0000000000 -42.4444765985
210.1000000000 -42.5347742716
210.2000000000 -42.6251233964
210.3000000000 -42.7155222940
210.4000000000 -42.8059692911
210.5000000000 -42.8964627199
210.6000000000 -42.9870009184
210.7000000000 -43.0775822308
210.8000000000 -43.1682050076
210.9000000000 -43.2588676060
211.0000000000 -43.3495683904
211.1000000000 -43.4403057320
211.2000000000 -43.5310780098
211.3000000000 -43.6218836105
211.4000000000 -43.7127209286
211.5000000000 -43.8035883669
211.6000000000 -43.8944843369
211.7000000000 -43.9854072584
211.8000000000 -44.0763555605
211.9000000000 -44.1673276814
212.0000000000 -44.2583220684
212.1000000000 -44.3493371789
212.2000000000 -44.4403714797
212.3000000000 -44.5314234480
212.4000000000 -44.6224915709
212.5000000000 -44.7135743461
212.6000000000 -44.8046702820
212.7000000000 -44.8957778978
212.8000000000 -44.9868957236
212.9000000000 -45.0780223008
213.0000000000 -45.1691561822
213.1000000000 -45.2602959319
213.2000000000 -45.3514401260
213.3000000000 -45.4425873523
213.4000000000 -45.5337362105
213.5000000000 -45.6248853127
213.6000000000 -45.7160332831
213.7000000000 -45.8071787585
213.8000000000 -45.8983203880
213.9000000000 -45.9894568337
214.0000000000 -46.0805867703
214.1000000000 -46.1717088856
214.2000000000 -46.2628218802
214.3000000000 -46.3539244681
214.4000000000 -46.4450153764
214.5000000000 -46.5360933455
214.6000000000 -46.6271571293
214.7000000000 -46.7182054953
214.8000000000 -46.8092372244
214.9000000000 -46.9002511113
215.0000000000 -46.9912459643
215.1000000000 -47.0822206057
215.2000000000 -47.1731738715
215.3000000000 -47.2641046116
215.4000000000 -47.3550116898
215.5000000000 -47.4458939841
215.6000000000 -47.5367503863
215.7000000000 -47.6275798025
215.8000000000 -47.7183811526
215.9000000000 -47.8091533709
216.0000000000 -47.8998954056
216.1000000000 -47.9906062191
216.2000000000 -48.0812847881
216.3000000000 -48.1719301032
216.4000000000 -48.2625411693
216.5000000000 -48.3531170054
216.6000000000 -48.4436566447
216.7000000000 -48.5341591344
216.8000000000 -48.6246235359
216.9000000000 -48.7150489246
217.0000000000 -48.8054343898
217.1000000000 -48.8957790351
217.2000000000 -48.9860819779
217.3000000000 -49.0763423494
217.4000000000 -49.1665592949
217.5000000000 -49.2567319734
217.6000000000 -49.3468595576
217.7000000000 -49.4369412340
217.8000000000 -49.5269762028
217.9000000000 -49.6169636777
218.0000000000 -49.7069028857
218.1000000000 -49.7967930676
218.2000000000 -49.8866334773
218.3000000000 -49.9764233820
218.4000000000 -50.0661620621
218.5000000000 -50.1558488110
218.6000000000 -50.2454829353
218.7000000000 -50.3350637542
218.8000000000 -50.4245905998
218.9000000000 -50.5140628171
219.0000000000 -50.6034797634
219.1000000000 -50.6928408086
219.2000000000 -50.7821453348
219.3000000000 -50.8713927365
219.4000000000 -50.9605824202
219.5000000000 -51.0497138045
219.6000000000 -51.1387863197
219.7000000000 -51.2277994080
219.8000000000 -51.3167525231
219.9000000000 -51.4056451302
220.0000000000 -51.4944767057
220.1000000000 -51.5832467374
220.2000000000 -51.6719547240
220.3000000000 -51.7606001751
220.4000000000 -51.8491826111
220.5000000000 -51.9377015629
220.6000000000 -52.0261565719
220.7000000000 -52.1145471898
220.8000000000 -52.2028729785
220.9000000000 -52.2911335098
221.0000000000 -52.3793283652
221.1000000000 -52.4674571359
221.2000000000 -52.5555194228
221.3000000000 -52.6435148358
221.4000000000 -52.7314429942
221.5000000000 -52.8193035261
221.6000000000 -52.9070960684
221.7000000000 -52.9948202667
221.8000000000 -53.0824757751
221.9000000000 -53.1700622559
222.0000000000 -53.2575793794
222.1000000000 -53.3450268240
222.2000000000 -53.4324042758
222.3000000000 -53.5197114283
222.4000000000 -53.6069479824
222.5000000000 -53.6941136464
222.6000000000 -53.7812081354
222.7000000000 -53.8682311713
222.8000000000 -53.9551824826
222.9000000000 -54.0420618045
223.0000000000 -54.1288688781
223.1000000000 -54.2156034507
223.2000000000 -54.3022652755
223.3000000000 -54.3888541113
223.4000000000 -54.4753697224
223.5000000000 -54.5618118784
223.6000000000 -54.6481803540
223.7000000000 -54.7344749286
223.8000000000 -54.8206953867
223.9000000000 -54.9068415169
224.0000000000 -54.9929131124
224.1000000000 -55.0789099703
224.2000000000 -55.1648318918
224.3000000000 -55.2506786818
224.4000000000 -55.3364501486
224.5000000000 -55.4221461039
224.6000000000 -55.5077663627
224.7000000000 -55.5933107428
224.8000000000 -55.6787790647
224.9000000000 -55.7641711516
225.0000000000 -55.8494868289
225.1000000000 -55.9347259243
225.2000000000 -56.0198882676
225.3000000000 -56.1049736900
225.4000000000 -56.1899820248
225.5000000000 -56.2749131062
225.6000000000 -56.3597667700
225.7000000000 -56.4445428528
225.8000000000 -56.5292411922
225.9000000000 -56.6138616263
226.0000000000 -56.6984039938
226.1000000000 -56.7828681334
226.2000000000 -56.8672538843
226.3000000000 -56.9515610853
226.4000000000 -57.0357895750
226.5000000000 -57.1199391916
226.6000000000 -57.2040097725
226.7000000000 -57.2880011545
226.8000000000 -57.3719131733
226.9000000000 -57.4557456634
227.0000000000 -57.5394984580
227.1000000000 -57.6231713886
227.2000000000 -57.7067642854
227.3000000000 -57.7902769763
227.4000000000 -57.8737092875
227.5000000000 -57.9570610427
227.6000000000 -58.0403320636
227.7000000000 -58.1235221690
227.8000000000 -58.2066311753
227.9000000000 -58.2896588959
228.0000000000 -58.3726051412
228.1000000000 -58.4554697185
228.2000000000 -58.5382524319
228.3000000000 -58.6209530816
228.4000000000 -58.7035714648
228.5000000000 -58.7861073744
228.6000000000 -58.8685605997
228.7000000000 -58.9509309259
228.8000000000 -59.0332181339
228.9000000000 -59.1154220005
229.0000000000 -59.1975422979
229.1000000000 -59.2795787936
229.2000000000 -59.3615312507
229.3000000000 -59.4433994271
229.4000000000 -59.5251830760
229.5000000000 -59.6068819453
229.6000000000 -59.6884957779
229.7000000000 -59.7700243113
229.8000000000 -59.8514672774
229.9000000000 -59.9328244028
230.0000000000 -60.0140954083
230.1000000000 -60.0952800090
230.2000000000 -60.1763779140
230.3000000000 -60.2573888267
230.4000000000 -60.3383124442
230.5000000000 -60.4191484576
230.6000000000 -60.4998965518
230.7000000000 -60.5805564051
230.8000000000 -60.6611276897
230.9000000000 -60.7416100713
231.0000000000 -60.8220032088
231.1000000000 -60.9023067548
231.2000000000 -60.9825203548
231.3000000000 -61.0626436479
231.4000000000 -61.1426762661
231.5000000000 -61.2226178348
231.6000000000 -61.3024679721
231.7000000000 -61.3822262895
231.8000000000 -61.4618923910
231.9000000000 -61.5414658739
232.0000000000 -61.6209463281
232.1000000000 -61.7003333366
232.2000000000 -61.7796264748
232.3000000000 -61.8588253113
232.4000000000 -61.9379294070
232.5000000000 -62.0169383159
232.6000000000 -62.0958515845
232.7000000000 -62.1746687518
232.8000000000 -62.2533893497
232.9000000000 -62.3320129028
233.0000000000 -62.4105389281
233.1000000000 -62.4889669353
233.2000000000 -62.5672964269
233.3000000000 -62.6455268978
233.4000000000 -62.7236578357
233.5000000000 -62.8016887209
233.6000000000 -62.8796190265
233.7000000000 -62.9574482180
233.8000000000 -63.0351757540
233.9000000000 -63.1128010855
234.0000000000 -63.1903236565
234.1000000000 -63.2677429036
234.2000000000 -63.3450582565
234.3000000000 -63.4222691375
234.4000000000 -63.4993749620
234.5000000000 -63.5763751382
234.6000000000 -63.6532690676
234.7000000000 -63.7300561445
234.8000000000 -63.8067357564
234.9000000000 -63.8833072841
235.0000000000 -63.9597701015
235.1000000000 -64.0361235759
235.2000000000 -64.1123670679
235.3000000000 -64.1884999318
235.4000000000 -64.2645215151
235.5000000000 -64.3404311592
235.6000000000 -64.4162281991
235.7000000000 -64.4919119635
235.8000000000 -64.5674817750
235.9000000000 -64.6429369503
236.0000000000 -64.7182768001
236.1000000000 -64.7935006292
236.2000000000 -64.8686077368
236.3000000000 -64.9435974162
236.4000000000 -65.0184689555
236.5000000000 -65.0932216371
236.6000000000 -65.1678547383
236.7000000000 -65.2423675310
236.8000000000 -65.3167592823
236.9000000000 -65.3910292542
237.0000000000 -65.4651767037
237.1000000000 -65.5392008834
237.2000000000 -65.6131010410
237.3000000000 -65.6868764201
237.4000000000 -65.7605262597
237.5000000000 -65.8340497946
237.6000000000 -65.9074462559
237.7000000000 -65.9807148703
237.8000000000 -66.0538548611
237.9000000000 -66.1268654478
238.0000000000 -66.1997458464
238.1000000000 -66.2724952696
238.2000000000 -66.3451129269
238.3000000000 -66.4175980248
238.4000000000 -66.4899497668
238.5000000000 -66.5621673538
238.6000000000 -66.6342499839
238.7000000000 -66.7061968529
238.8000000000 -66.7780071543
238.9000000000 -66.8496800795
239.0000000000 -66.9212148179
239.1000000000 -66.9926105571
239.2000000000 -67.0638664830
239.3000000000 -67.1349817801
239.4000000000 -67.2059556316
239.5000000000 -67.2767872195
239.6000000000 -67.3474757247
239.7000000000 -67.4180203274
239.8000000000 -67.4884202072
239.9000000000 -67.5586745431
