0.0000000000 -72.3551304877
0.1000000000 -72.4108122575
0.2000000000 -72.4663096918
0.3000000000 -72.5216223545
0.4000000000 -72.5767498177
0.5000000000 -72.6316916617
0.6000000000 -72.6864474751
0.7000000000 -72.7410168547
0.8000000000 -72.7953994056
0.9000000000 -72.8495947405
1.0000000000 -72.9036024789
1.1000000000 -72.9574222456
1.2000000000 -73.0110536675
1.3000000000 -73.0644963687
1.4000000000 -73.1177499628
1.5000000000 -73.1708140417
1.6000000000 -73.2236881590
1.7000000000 -73.2763718086
1.8000000000 -73.3288643955
1.9000000000 -73.3811651982
2.0000000000 -73.4332733220
2.1000000000 -73.4851876416
2.2000000000 -73.5369067313
2.3000000000 -73.5884287820
2.4000000000 -73.6397515044
2.5000000000 -73.6908720151
2.6000000000 -73.7417867062
2.7000000000 -73.7924910958
2.8000000000 -73.8429796571
2.9000000000 -73.8932456247
3.0000000000 -73.9432807745
3.1000000000 -73.9930751747
3.2000000000 -74.0426169029
3.3000000000 -74.0918917256
3.4000000000 -74.1408827330
3.5000000000 -74.1895699224
3.6000000000 -74.2379297221
3.7000000000 -74.2859344448
3.8000000000 -74.3335516583
3.9000000000 -74.3807434600
4.0000000000 -74.4274656372
4.1000000000 -74.4736666942
4.2000000000 -74.5192867221
4.3000000000 -74.5642560853
4.4000000000 -74.6084938912
4.5000000000 -74.6519062088
4.6000000000 -74.6943839907
4.7000000000 -74.7358006494
4.8000000000 -74.7760092308
4.9000000000 -74.8148391141
5.0000000000 -74.8520921625
5.1000000000 -74.8875382288
5.2000000000 -74.9209099119
5.3000000000 -74.9518964359
5.4000000000 -74.9801365075
5.5000000000 -75.0052099813
5.6000000000 -75.0266281331
5.7000000000 -75.0438223113
5.8000000000 -75.0561306945
5.9000000000 -75.0627828423
6.0000000000 -75.0628816714
6.1000000000 -75.0553824281
6.2000000000 -75.0390681615
6.3000000000 -75.0125211137
6.4000000000 -74.9740893524
6.5000000000 -74.9218478579
6.6000000000 -74.8535531488
6.7000000000 -74.7665903805
6.8000000000 -74.6579116770
6.9000000000 -74.5239642597
7.0000000000 -74.3606066999
7.1000000000 -74.1630113602
7.2000000000 -73.9255507771
7.3000000000 -73.6416653838
7.4000000000 -73.3037095581
7.5000000000 -72.9027725044
7.6000000000 -72.4284699152
7.7000000000 -71.8687016959
7.8000000000 -71.2093702244
7.9000000000 -70.4340525945
8.0000000000 -69.5236189310
8.1000000000 -68.4557869284
8.2000000000 -67.2045998091
8.3000000000 -65.7398100809
8.4000000000 -64.0261431666
8.5000000000 -62.0224001565
8.6000000000 -59.6803319569
8.7000000000 -56.9431680689
8.8000000000 -53.7435960841
8.9000000000 -50.0008415312
9.0000000000 -45.6162778126
9.1000000000 -40.4667352389
9.2000000000 -34.3945234206
9.3000000000 -27.1934674696
9.4000000000 -18.5926039554
9.5000000000 -8.2579620889
9.6000000000 4.0464221098
9.7000000000 17.5653519634
9.8000000000 28.8920465920
9.9000000000 34.5507169905
10.0000000000 35.9555514567
10.1000000000 36.1398563826
10.2000000000 36.2676477435
10.3000000000 36.4459689223
10.4000000000 36.6292768318
10.5000000000 36.7871123014
10.6000000000 36.9069788061
10.7000000000 36.9858323213
10.8000000000 37.0248918107
10.9000000000 37.0270294104
11.0000000000 36.9955347138
11.1000000000 36.9335673217
11.2000000000 36.8439462334
11.3000000000 36.7290991692
11.4000000000 36.5910833524
11.5000000000 36.4316340481
11.6000000000 36.2522198649
11.7000000000 36.0540953010
11.8000000000 35.8383467441
11.9000000000 35.6059309198
12.0000000000 35.3577060710
12.1000000000 35.0944566695
12.2000000000 34.8169126227
12.3000000000 34.5257639154
12.4000000000 34.2216715337
12.5000000000 33.9052754077
12.6000000000 33.5771999890
12.7000000000 33.2380579776
12.8000000000 32.8884526204
12.9000000000 32.5289789261
13.0000000000 32.1602240738
13.1000000000 31.7827672428
13.2000000000 31.3971790407
13.3000000000 31.0040206730
13.4000000000 30.6038429669
13.5000000000 30.1971853324
13.6000000000 29.7845747289
13.7000000000 29.3665246842
13.8000000000 28.9435343991
13.9000000000 28.5160879631
14.0000000000 28.0846536926
14.1000000000 27.6496836006
14.2000000000 27.2116129979
14.3000000000 26.7708602242
14.4000000000 26.3278265019
14.5000000000 25.8828959055
14.6000000000 25.4364354361
14.7000000000 24.9887951911
14.8000000000 24.5403086173
14.9000000000 24.0912928367
15.0000000000 23.6420490343
15.1000000000 23.1928628966
15.2000000000 22.7440050913
15.3000000000 22.2957317799
15.4000000000 21.8482851526
15.5000000000 21.4018939800
15.6000000000 20.9567741731
15.7000000000 20.5131293466
15.8000000000 20.0711513797
15.9000000000 19.6310209690
16.0000000000 19.1929081721
16.1000000000 18.7569729350
16.2000000000 18.3233656041
16.3000000000 17.8922274183
16.4000000000 17.4636909807
16.5000000000 17.0378807085
16.6000000000 16.6149132604
16.7000000000 16.1948979399
16.8000000000 15.7779370766
16.9000000000 15.3641263835
17.0000000000 14.9535552916
17.1000000000 14.5463072625
17.2000000000 14.1424600790
17.3000000000 13.7420861153
17.4000000000 13.3452525869
17.5000000000 12.9520217822
17.6000000000 12.5624512761
17.7000000000 12.1765941271
17.8000000000 11.7944990589
17.9000000000 11.4162106280
18.0000000000 11.0417693783
18.1000000000 10.6712119831
18.2000000000 10.3045713779
18.3000000000 9.9418768817
18.4000000000 9.5831543118
18.5000000000 9.2284260894
18.6000000000 8.8777113400
18.7000000000 8.5310259877
18.8000000000 8.1883828452
18.9000000000 7.8497916992
19.0000000000 7.5152593940
19.1000000000 7.1847899115
19.2000000000 6.8583844506
19.3000000000 6.5360415037
19.4000000000 6.2177569347
19.5000000000 5.9035240547
19.6000000000 5.5933336985
19.7000000000 5.2871743019
19.8000000000 4.9850319786
19.9000000000 4.6868905985
20.0000000000 4.3927318662
20.1000000000 4.1025354014
20.2000000000 3.8162788189
20.3000000000 3.5339378107
20.4000000000 3.2554862278
20.5000000000 2.9808961640
20.6000000000 2.7101380391
20.7000000000 2.4431806834
20.8000000000 2.1799914220
20.9000000000 1.9205361600
21.0000000000 1.6647794663
21.1000000000 1.4126846588
21.2000000000 1.1642138875
21.3000000000 0.9193282185
21.4000000000 0.6779877160
21.5000000000 0.4401515234
21.6000000000 0.2057779439
21.7000000000 -0.0251754814
21.8000000000 -0.2527518959
21.9000000000 -0.4769950527
22.0000000000 -0.6979492413
22.1000000000 -0.9156592157
22.2000000000 -1.1301701262
22.3000000000 -1.3415274515
22.4000000000 -1.5497769352
22.5000000000 -1.7549645229
22.6000000000 -1.9571363035
22.7000000000 -2.1563384512
22.8000000000 -2.3526171720
22.9000000000 -2.5460186513
23.0000000000 -2.7365890050
23.1000000000 -2.9243742327
23.2000000000 -3.1094201736
23.3000000000 -3.2917724653
23.4000000000 -3.4714765046
23.5000000000 -3.6485774112
23.6000000000 -3.8231199936
23.7000000000 -3.9951487176
23.8000000000 -4.1647076768
23.9000000000 -4.3318405655
24.0000000000 -4.4965906540
24.1000000000 -4.6590007659
24.2000000000 -4.8191132569
24.3000000000 -4.9769699964
24.4000000000 -5.1326123507
24.5000000000 -5.2860811672
24.6000000000 -5.4374167617
24.7000000000 -5.5866589061
24.8000000000 -5.7338468184
24.9000000000 -5.8790191539
25.0000000000 -6.0222139975
25.1000000000 -6.1634688582
25.2000000000 -6.3028206634
25.3000000000 -6.4403057561
25.4000000000 -6.5759598915
25.5000000000 -6.7098182359
25.6000000000 -6.8419153658
25.7000000000 -6.9722852682
25.8000000000 -7.1009613419
25.9000000000 -7.2279763986
26.0000000000 -7.3533626665
26.1000000000 -7.4771517922
26.2000000000 -7.5993748457
26.3000000000 -7.7200623238
26.4000000000 -7.8392441554
26.5000000000 -7.9569497065
26.6000000000 -8.0732077861
26.7000000000 -8.1880466520
26.8000000000 -8.3014940174
26.9000000000 -8.4135770574
27.0000000000 -8.5243224162
27.1000000000 -8.6337562140
27.2000000000 -8.7419040545
27.3000000000 -8.8487910322
27.4000000000 -8.9544417407
27.5000000000 -9.0588802799
27.6000000000 -9.1621302642
27.7000000000 -9.2642148305
27.8000000000 -9.3651566463
27.9000000000 -9.4649779175
28.0000000000 -9.5637003971
28.1000000000 -9.6613453928
28.2000000000 -9.7579337756
28.3000000000 -9.8534859874
28.4000000000 -9.9480220496
28.5000000000 -10.0415615710
28.6000000000 -10.1341237556
28.7000000000 -10.2257274110
28.8000000000 -10.3163909558
28.9000000000 -10.4061324277
29.0000000000 -10.4949694913
29.1000000000 -10.5829194456
29.2000000000 -10.6699992315
29.3000000000 -10.7562254395
29.4000000000 -10.8416143169
29.5000000000 -10.9261817751
29.6000000000 -11.0099433968
29.7000000000 -11.0929144429
29.8000000000 -11.1751098598
29.9000000000 -11.2565442857
30.0000000000 -11.3372320577
30.1000000000 -11.4171872184
30.2000000000 -11.4964235221
30.3000000000 -11.5749544415
30.4000000000 -11.6527931735
30.5000000000 -11.7299526459
30.6000000000 -11.8064455229
30.7000000000 -11.8822842114
30.8000000000 -11.9574808662
30.9000000000 -12.0320473965
31.0000000000 -12.1059954707
31.1000000000 -12.1793365221
31.2000000000 -12.2520817543
31.3000000000 -12.3242421464
31.4000000000 -12.3958284580
31.5000000000 -12.4668512340
31.6000000000 -12.5373208099
31.7000000000 -12.6072473164
31.8000000000 -12.6766406838
31.9000000000 -12.7455106471
32.0000000000 -12.8138667497
32.1000000000 -12.8817183488
32.2000000000 -12.9490746184
32.3000000000 -13.0159445548
32.4000000000 -13.0823369794
32.5000000000 -13.1482605438
32.6000000000 -13.2137237328
32.7000000000 -13.2787348688
32.8000000000 -13.3433021151
32.9000000000 -13.4074334798
33.0000000000 -13.4711368192
33.1000000000 -13.5344198413
33.2000000000 -13.5972901091
33.3000000000 -13.6597550442
33.4000000000 -13.7218219294
33.5000000000 -13.7834979125
33.6000000000 -13.8447900089
33.7000000000 -13.9057051050
33.8000000000 -13.9662499606
33.9000000000 -14.0264312124
34.0000000000 -14.0862553761
34.1000000000 -14.1457288498
34.2000000000 -14.2048579160
34.3000000000 -14.2636487446
34.4000000000 -14.3221073956
34.5000000000 -14.3802398209
34.6000000000 -14.4380518674
34.7000000000 -14.4955492791
34.8000000000 -14.5527376991
34.9000000000 -14.6096226724
35.0000000000 -14.6662096476
35.1000000000 -14.7225039795
35.2000000000 -14.7785109306
35.3000000000 -14.8342356738
35.4000000000 -14.8896832938
35.5000000000 -14.9448587894
35.6000000000 -14.9997670755
35.7000000000 -15.0544129843
35.8000000000 -15.1088012679
35.9000000000 -15.1629365997
36.0000000000 -15.2168235760
36.1000000000 -15.2704667179
36.2000000000 -15.3238704728
36.3000000000 -15.3770392163
36.4000000000 -15.4299772533
36.5000000000 -15.4826888198
36.6000000000 -15.5351780844
36.7000000000 -15.5874491497
36.8000000000 -15.6395060539
36.9000000000 -15.6913527718
37.0000000000 -15.7429932165
37.1000000000 -15.7944312407
37.2000000000 -15.8456706377
37.3000000000 -15.8967151432
37.4000000000 -15.9475684360
37.5000000000 -15.9982341394
37.6000000000 -16.0487158227
37.7000000000 -16.0990170017
37.8000000000 -16.1491411404
37.9000000000 -16.1990916521
38.0000000000 -16.2488718998
38.1000000000 -16.2984851981
38.2000000000 -16.3479348138
38.3000000000 -16.3972239668
38.4000000000 -16.4463558315
38.5000000000 -16.4953335373
38.6000000000 -16.5441601699
38.7000000000 -16.5928387718
38.8000000000 -16.6413723439
38.9000000000 -16.6897638455
39.0000000000 -16.7380161959
39.1000000000 -16.7861322747
39.2000000000 -16.8341149232
39.3000000000 -16.8819669444
39.4000000000 -16.9296911047
39.5000000000 -16.9772901338
39.6000000000 -17.0247667262
39.7000000000 -17.0721235414
39.8000000000 -17.1193632049
39.9000000000 -17.1664883088
40.0000000000 -17.2135014123
40.1000000000 -17.2604050430
40.2000000000 -17.3072016968
40.3000000000 -17.3538938388
40.4000000000 -17.4004839044
40.5000000000 -17.4469742992
40.6000000000 -17.4933673999
40.7000000000 -17.5396655552
40.8000000000 -17.5858710858
40.9000000000 -17.6319862854
41.0000000000 -17.6780134210
41.1000000000 -17.7239547338
41.2000000000 -17.7698124391
41.3000000000 -17.8155887275
41.4000000000 -17.8612857651
41.5000000000 -17.9069056937
41.6000000000 -17.9524506320
41.7000000000 -17.9979226754
41.8000000000 -18.0433238968
41.9000000000 -18.0886563470
42.0000000000 -18.1339220552
42.1000000000 -18.1791230292
42.2000000000 -18.2242612563
42.3000000000 -18.2693387032
42.4000000000 -18.3143573167
42.5000000000 -18.3593190240
42.6000000000 -18.4042257332
42.7000000000 -18.4490793337
42.8000000000 -18.4938816964
42.9000000000 -18.5386346742
43.0000000000 -18.5833401023
43.1000000000 -18.6279997987
43.2000000000 -18.6726155644
43.3000000000 -18.7171891838
43.4000000000 -18.7617224250
43.5000000000 -18.8062170403
43.6000000000 -18.8506747662
43.7000000000 -18.8950973239
43.8000000000 -18.9394864198
43.9000000000 -18.9838437455
44.0000000000 -19.0281709780
44.1000000000 -19.0724697806
44.2000000000 -19.1167418025
44.3000000000 -19.1609886795
44.4000000000 -19.2052120341
44.5000000000 -19.2494134757
44.6000000000 -19.2935946012
44.7000000000 -19.3377569948
44.8000000000 -19.3819022287
44.9000000000 -19.4260318630
45.0000000000 -19.4701474461
45.1000000000 -19.5142505149
45.2000000000 -19.5583425951
45.3000000000 -19.6024252014
45.4000000000 -19.6464998376
45.5000000000 -19.6905679971
45.6000000000 -19.7346311628
45.7000000000 -19.7786908074
45.8000000000 -19.8227483938
45.9000000000 -19.8668053752
46.0000000000 -19.9108631951
46.1000000000 -19.9549232877
46.2000000000 -19.9989870782
46.3000000000 -20.0430559827
46.4000000000 -20.0871314085
46.5000000000 -20.1312147544
46.6000000000 -20.1753074108
46.7000000000 -20.2194107597
46.8000000000 -20.2635261751
46.9000000000 -20.3076550232
47.0000000000 -20.3517986623
47.1000000000 -20.3959584431
47.2000000000 -20.4401357091
47.3000000000 -20.4843317962
47.4000000000 -20.5285480333
47.5000000000 -20.5727857425
47.6000000000 -20.6170462387
47.7000000000 -20.6613308304
47.8000000000 -20.7056408194
47.9000000000 -20.7499775011
48.0000000000 -20.7943421647
48.1000000000 -20.8387360929
48.2000000000 -20.8831605628
48.3000000000 -20.9276168453
48.4000000000 -20.9721062055
48.5000000000 -21.0166299030
48.6000000000 -21.0611891916
48.7000000000 -21.1057853198
48.8000000000 -21.1504195308
48.9000000000 -21.1950930625
49.0000000000 -21.2398071474
49.1000000000 -21.2845630135
49.2000000000 -21.3293618834
49.3000000000 -21.3742049751
49.4000000000 -21.4190935019
49.5000000000 -21.4640286721
49.6000000000 -21.5090116900
49.7000000000 -21.5540437549
49.8000000000 -21.5991260621
49.9000000000 -21.6442598024
50.0000000000 -21.6894461623
50.1000000000 -21.7346863244
50.2000000000 -21.7799814671
50.3000000000 -21.8253327647
50.4000000000 -21.8707413878
50.5000000000 -21.9162085031
50.6000000000 -21.9617352733
50.7000000000 -22.0073228576
50.8000000000 -22.0529724115
50.9000000000 -22.0986850868
51.0000000000 -22.1444620320
51.1000000000 -22.1903043918
51.2000000000 -22.2362133077
51.3000000000 -22.2821899178
51.4000000000 -22.3282353568
51.5000000000 -22.3743507562
51.6000000000 -22.4205372443
51.7000000000 -22.4667959460
51.8000000000 -22.5131279834
51.9000000000 -22.5595344752
52.0000000000 -22.6060165372
52.1000000000 -22.6525752821
52.2000000000 -22.6992118197
52.3000000000 -22.7459272567
52.4000000000 -22.7927226971
52.5000000000 -22.8395992418
52.6000000000 -22.8865579888
52.7000000000 -22.9336000335
52.8000000000 -22.9807264682
52.9000000000 -23.0279383826
53.0000000000 -23.0752368634
53.1000000000 -23.1226229948
53.2000000000 -23.1700978581
53.3000000000 -23.2176625318
53.4000000000 -23.2653180919
53.5000000000 -23.3130656113
53.6000000000 -23.3609061606
53.7000000000 -23.4088408075
53.8000000000 -23.4568706170
53.9000000000 -23.5049966513
54.0000000000 -23.5532199702
54.1000000000 -23.6015416305
54.2000000000 -23.6499626865
54.3000000000 -23.6984841896
54.4000000000 -23.7471071886
54.5000000000 -23.7958327297
54.6000000000 -23.8446618560
54.7000000000 -23.8935956083
54.8000000000 -23.9426350242
54.9000000000 -23.9917811389
55.0000000000 -24.0410349844
55.1000000000 -24.0903975903
55.2000000000 -24.1398699831
55.3000000000 -24.1894531864
55.4000000000 -24.2391482210
55.5000000000 -24.2889561047
55.6000000000 -24.3388778526
55.7000000000 -24.3889144764
55.8000000000 -24.4390669852
55.9000000000 -24.4893363846
56.0000000000 -24.5397236775
56.1000000000 -24.5902298635
56.2000000000 -24.6408559390
56.3000000000 -24.6916028972
56.4000000000 -24.7424717282
56.5000000000 -24.7934634184
56.6000000000 -24.8445789513
56.7000000000 -24.8958193067
56.8000000000 -24.9471854610
56.9000000000 -24.9986783871
57.0000000000 -25.0502990544
57.1000000000 -25.1020484285
57.2000000000 -25.1539274715
57.3000000000 -25.2059371416
57.4000000000 -25.2580783934
57.5000000000 -25.3103521772
57.6000000000 -25.3627594399
57.7000000000 -25.4153011239
57.8000000000 -25.4679781677
57.9000000000 -25.5207915059
58.0000000000 -25.5737420684
58.1000000000 -25.6268307810
58.2000000000 -25.6800585653
58.3000000000 -25.7334263381
58.4000000000 -25.7869350119
58.5000000000 -25.8405854945
58.6000000000 -25.8943786888
58.7000000000 -25.9483154932
58.8000000000 -26.0023968010
58.9000000000 -26.0566235005
59.0000000000 -26.1109964752
59.1000000000 -26.1655166030
59.2000000000 -26.2201847569
59.3000000000 -26.2750018043
59.4000000000 -26.3299686073
59.5000000000 -26.3850860224
59.6000000000 -26.4403549004
59.7000000000 -26.4957760863
59.8000000000 -26.5513504193
59.9000000000 -26.6070787326
60.0000000000 -26.6629618533
60.1000000000 -26.7190006023
60.2000000000 -26.7751957942
60.3000000000 -26.8315482371
60.4000000000 -26.8880587328
60.5000000000 -26.9447280761
60.6000000000 -27.0015570553
60.7000000000 -27.0585464518
60.8000000000 -27.1156970397
60.9000000000 -27.1730095863
61.0000000000 -27.2304848516
61.1000000000 -27.2881235880
61.2000000000 -27.3459265406
61.3000000000 -27.4038944468
61.4000000000 -27.4620280363
61.5000000000 -27.5203280307
61.6000000000 -27.5787951439
61.7000000000 -27.6374300815
61.8000000000 -27.6962335406
61.9000000000 -27.7552062103
62.0000000000 -27.8143487708
62.1000000000 -27.8736618938
62.2000000000 -27.9331462421
62.3000000000 -27.9928024695
62.4000000000 -28.0526312208
62.5000000000 -28.1126331315
62.6000000000 -28.1728088278
62.7000000000 -28.2331589262
62.8000000000 -28.2936840336
62.9000000000 -28.3543847473
63.0000000000 -28.4152616544
63.1000000000 -28.4763153321
63.2000000000 -28.5375463470
63.3000000000 -28.5989552558
63.4000000000 -28.6605426044
63.5000000000 -28.7223089281
63.6000000000 -28.7842547513
63.7000000000 -28.8463805875
63.8000000000 -28.9086869391
63.9000000000 -28.9711742974
64.0000000000 -29.0338431419
64.1000000000 -29.0966939409
64.2000000000 -29.1597271509
64.3000000000 -29.2229432166
64.4000000000 -29.2863425706
64.5000000000 -29.3499256334
64.6000000000 -29.4136928134
64.7000000000 -29.4776445063
64.8000000000 -29.5417810955
64.9000000000 -29.6061029515
65.0000000000 -29.6706104320
65.1000000000 -29.7353038817
65.2000000000 -29.8001836322
65.3000000000 -29.8652500018
65.4000000000 -29.9305032953
65.5000000000 -29.9959438041
65.6000000000 -30.0615718057
65.7000000000 -30.1273875639
65.8000000000 -30.1933913284
65.9000000000 -30.2595833349
66.0000000000 -30.3259638048
66.1000000000 -30.3925329452
66.2000000000 -30.4592909485
66.3000000000 -30.5262379927
66.4000000000 -30.5933742407
66.5000000000 -30.6606998408
66.6000000000 -30.7282149261
66.7000000000 -30.7959196147
66.8000000000 -30.8638140092
66.9000000000 -30.9318981970
67.0000000000 -31.0001722499
67.1000000000 -31.0686362241
67.2000000000 -31.1372901600
67.3000000000 -31.2061340822
67.4000000000 -31.2751679994
67.5000000000 -31.3443919040
67.6000000000 -31.4138057724
67.7000000000 -31.4834095648
67.8000000000 -31.5532032247
67.9000000000 -31.6231866794
68.0000000000 -31.6933598396
68.1000000000 -31.7637225993
68.2000000000 -31.8342748356
68.3000000000 -31.9050164089
68.4000000000 -31.9759471627
68.5000000000 -32.0470669236
68.6000000000 -32.1183755007
68.7000000000 -32.1898726864
68.8000000000 -32.2615582558
68.9000000000 -32.3334319663
69.0000000000 -32.4054935586
69.1000000000 -32.4777427555
69.2000000000 -32.5501792624
69.3000000000 -32.6228027674
69.4000000000 -32.6956129409
69.5000000000 -32.7686094356
69.6000000000 -32.8417918866
69.7000000000 -32.9151599115
69.8000000000 -32.9887131099
69.9000000000 -33.0624510638
70.0000000000 -33.1363733374
70.1000000000 -33.2104794770
70.2000000000 -33.2847690112
70.3000000000 -33.3592414508
70.4000000000 -33.4338962887
70.5000000000 -33.5087329999
70.6000000000 -33.5837510417
70.7000000000 -33.6589498535
70.8000000000 -33.7343288569
70.9000000000 -33.8098874556
71.0000000000 -33.8856250355
71.1000000000 -33.9615409650
71.2000000000 -34.0376345945
71.3000000000 -34.1139052567
71.4000000000 -34.1903522668
71.5000000000 -34.2669749222
71.6000000000 -34.3437725028
71.7000000000 -34.4207442711
71.8000000000 -34.4978894718
71.9000000000 -34.5752073324
72.0000000000 -34.6526970632
72.1000000000 -34.7303578570
72.2000000000 -34.8081888895
72.3000000000 -34.8861893192
72.4000000000 -34.9643582877
72.5000000000 -35.0426949195
72.6000000000 -35.1211983225
72.7000000000 -35.1998675876
72.8000000000 -35.2787017892
72.9000000000 -35.3576999851
73.0000000000 -35.4368612168
73.1000000000 -35.5161845094
73.2000000000 -35.5956688718
73.3000000000 -35.6753132971
73.4000000000 -35.7551167622
73.5000000000 -35.8350782284
73.6000000000 -35.9151966414
73.7000000000 -35.9954709312
73.8000000000 -36.0759000128
73.9000000000 -36.1564827858
74.0000000000 -36.2372181349
74.1000000000 -36.3181049300
74.2000000000 -36.3991420262
74.3000000000 -36.4803282642
74.4000000000 -36.5616624705
74.5000000000 -36.6431434573
74.6000000000 -36.7247700229
74.7000000000 -36.8065409520
74.8000000000 -36.8884550156
74.9000000000 -36.9705109715
75.0000000000 -37.0527075641
75.1000000000 -37.1350435252
75.2000000000 -37.2175175738
75.3000000000 -37.3001284162
75.4000000000 -37.3828747468
75.5000000000 -37.4657552475
75.6000000000 -37.5487685888
75.7000000000 -37.6319134293
75.8000000000 -37.7151884165
75.9000000000 -37.7985921866
76.0000000000 -37.8821233650
76.1000000000 -37.9657805665
76.2000000000 -38.0495623955
76.3000000000 -38.1334674462
76.4000000000 -38.2174943032
76.5000000000 -38.3016415411
76.6000000000 -38.3859077254
76.7000000000 -38.4702914125
76.8000000000 -38.5547911499
76.9000000000 -38.6394054766
77.0000000000 -38.7241329232
77.1000000000 -38.8089720124
77.2000000000 -38.8939212592
77.3000000000 -38.9789791709
77.4000000000 -39.0641442480
77.5000000000 -39.1494149837
77.6000000000 -39.2347898648
77.7000000000 -39.3202673717
77.8000000000 -39.4058459788
77.9000000000 -39.4915241546
78.0000000000 -39.5773003622
78.1000000000 -39.6631730595
78.2000000000 -39.7491406995
78.3000000000 -39.8352017305
78.4000000000 -39.9213545966
78.5000000000 -40.0075977378
78.6000000000 -40.0939295902
78.7000000000 -40.1803485869
78.8000000000 -40.2668531572
78.9000000000 -40.3534417281
79.0000000000 -40.4401127237
79.1000000000 -40.5268645659
79.2000000000 -40.6136956746
79.3000000000 -40.7006044681
79.4000000000 -40.7875893631
79.5000000000 -40.8746487753
79.6000000000 -40.9617811195
79.7000000000 -41.0489848101
79.8000000000 -41.1362582612
79.9000000000 -41.2235998867
80.0000000000 -41.3110081012
80.1000000000 -41.3984813197
80.2000000000 -41.4860179580
80.3000000000 -41.5736164332
80.4000000000 -41.6612751639
80.5000000000 -41.7489925704
80.6000000000 -41.8367670748
80.7000000000 -41.9245971018
80.8000000000 -42.0124810784
80.9000000000 -42.1004174347
81.0000000000 -42.1884046035
81.1000000000 -42.2764410214
81.2000000000 -42.3645251284
81.3000000000 -42.4526553682
81.4000000000 -42.5408301891
81.5000000000 -42.6290480434
81.6000000000 -42.7173073883
81.7000000000 -42.8056066858
81.8000000000 -42.8939444031
81.9000000000 -42.9823190128
82.0000000000 -43.0707289931
82.1000000000 -43.1591728281
82.2000000000 -43.2476490081
82.3000000000 -43.3361560296
82.4000000000 -43.4246923958
82.5000000000 -43.5132566166
82.6000000000 -43.6018472092
82.7000000000 -43.6904626977
82.8000000000 -43.7791016138
82.9000000000 -43.8677624969
83.0000000000 -43.9564438943
83.1000000000 -44.0451443614
83.2000000000 -44.1338624617
83.3000000000 -44.2225967675
83.4000000000 -44.3113458594
83.5000000000 -44.4001083272
83.6000000000 -44.4888827695
83.7000000000 -44.5776677943
83.8000000000 -44.6664620189
83.9000000000 -44.7552640701
84.0000000000 -44.8440725848
84.1000000000 -44.9328862093
84.2000000000 -45.0217036004
84.3000000000 -45.1105234248
84.4000000000 -45.1993443598
84.5000000000 -45.2881650931
84.6000000000 -45.3769843230
84.7000000000 -45.4658007588
84.8000000000 -45.5546131206
84.9000000000 -45.6434201394
85.0000000000 -45.7322205578
85.1000000000 -45.8210131293
85.2000000000 -45.9097966190
85.3000000000 -45.9985698035
85.4000000000 -46.0873314711
85.5000000000 -46.1760804218
85.6000000000 -46.2648154673
85.7000000000 -46.3535354315
85.8000000000 -46.4422391501
85.9000000000 -46.5309254709
86.0000000000 -46.6195932542
86.1000000000 -46.7082413722
86.2000000000 -46.7968687095
86.3000000000 -46.8854741633
86.4000000000 -46.9740566431
86.5000000000 -47.0626150709
86.6000000000 -47.1511483814
86.7000000000 -47.2396555218
86.8000000000 -47.3281354521
86.9000000000 -47.4165871450
87.0000000000 -47.5050095858
87.1000000000 -47.5934017727
87.2000000000 -47.6817627168
87.3000000000 -47.7700914418
87.4000000000 -47.8583869846
87.5000000000 -47.9466483945
87.6000000000 -48.0348747342
87.7000000000 -48.1230650790
87.8000000000 -48.2112185171
87.9000000000 -48.2993341497
88.0000000000 -48.3874110909
88.1000000000 -48.4754484675
88.2000000000 -48.5634454195
88.3000000000 -48.6514010995
88.4000000000 -48.7393146730
88.5000000000 -48.8271853184
88.6000000000 -48.9150122268
88.7000000000 -49.0027946022
88.8000000000 -49.0905316611
88.9000000000 -49.1782226330
89.0000000000 -49.2658667597
89.1000000000 -49.3534632959
89.2000000000 -49.4410115088
89.3000000000 -49.5285106780
89.4000000000 -49.6159600956
89.5000000000 -49.7033590662
89.6000000000 -49.7907069065
89.7000000000 -49.8780029457
89.8000000000 -49.9652465252
89.9000000000 -50.0524369984
90.0000000000 -50.1395737307
90.1000000000 -50.2266560998
90.2000000000 -50.3136834950
90.3000000000 -50.4006553176
90.4000000000 -50.4875709804
90.5000000000 -50.5744299082
90.6000000000 -50.6612315370
90.7000000000 -50.7479753146
90.8000000000 -50.8346606998
90.9000000000 -50.9212871630
91.0000000000 -51.0078541856
91.1000000000 -51.0943612600
91.2000000000 -51.1808078898
91.3000000000 -51.2671935891
91.4000000000 -51.3535178830
91.5000000000 -51.4397803072
91.6000000000 -51.5259804077
91.7000000000 -51.6121177411
91.8000000000 -51.6981918742
91.9000000000 -51.7842023840
92.0000000000 -51.8701488573
92.1000000000 -51.9560308910
92.2000000000 -52.0418480917
92.3000000000 -52.1276000757
92.4000000000 -52.2132864687
92.5000000000 -52.2989069057
92.6000000000 -52.3844610311
92.7000000000 -52.4699484984
92.8000000000 -52.5553689698
92.9000000000 -52.6407221166
93.0000000000 -52.7260076185
93.1000000000 -52.8112251641
93.2000000000 -52.8963744499
93.3000000000 -52.9814551809
93.4000000000 -53.0664670703
93.5000000000 -53.1514098390
93.6000000000 -53.2362832158
93.7000000000 -53.3210869370
93.8000000000 -53.4058207465
93.9000000000 -53.4904843954
94.0000000000 -53.5750776422
94.1000000000 -53.6596002522
94.2000000000 -53.7440519975
94.3000000000 -53.8284326570
94.4000000000 -53.9127420162
94.5000000000 -53.9969798668
94.6000000000 -54.0811460068
94.7000000000 -54.1652402402
94.8000000000 -54.2492623769
94.9000000000 -54.3332122325
95.0000000000 -54.4170896283
95.1000000000 -54.5008943906
95.2000000000 -54.5846263514
95.3000000000 -54.6682853474
95.4000000000 -54.7518712204
95.5000000000 -54.8353838167
95.6000000000 -54.9188229873
95.7000000000 -55.0021885877
95.8000000000 -55.0854804774
95.9000000000 -55.1686985200
96.0000000000 -55.2518425830
96.1000000000 -55.3349125377
96.2000000000 -55.4179082587
96.3000000000 -55.5008296243
96.4000000000 -55.5836765157
96.5000000000 -55.6664488173
96.6000000000 -55.7491464163
96.7000000000 -55.8317692027
96.8000000000 -55.9143170689
96.9000000000 -55.9967899096
97.0000000000 -56.0791876219
97.1000000000 -56.1615101049
97.2000000000 -56.2437572592
97.3000000000 -56.3259289876
97.4000000000 -56.4080251941
97.5000000000 -56.4900457841
97.6000000000 -56.5719906642
97.7000000000 -56.6538597420
97.8000000000 -56.7356529261
97.9000000000 -56.8173701256
98.0000000000 -56.8990112502
98.1000000000 -56.9805762099
98.2000000000 -57.0620649151
98.3000000000 -57.1434772760
98.4000000000 -57.2248132029
98.5000000000 -57.3060726056
98.6000000000 -57.3872553936
98.7000000000 -57.4683614758
98.8000000000 -57.5493907603
98.9000000000 -57.6303431542
99.0000000000 -57.7112185638
99.1000000000 -57.7920168940
99.2000000000 -57.8727380483
99.3000000000 -57.9533819286
99.4000000000 -58.0339484355
99.5000000000 -58.1144374674
99.6000000000 -58.1948489208
99.7000000000 -58.2751826902
99.8000000000 -58.3554386678
99.9000000000 -58.4356167434
100.0000000000 -58.5157168041
100.1000000000 -58.5957387346
100.2000000000 -58.6756824165
100.3000000000 -58.7555477286
100.4000000000 -58.8353345466
100.5000000000 -58.9150427428
100.6000000000 -58.9946721864
100.7000000000 -59.0742227428
100.8000000000 -59.1536942741
100.9000000000 -59.2330866383
101.0000000000 -59.3123996900
101.1000000000 -59.3916332792
101.2000000000 -59.4707872523
101.3000000000 -59.5498614512
101.4000000000 -59.6288557135
101.5000000000 -59.7077698723
101.6000000000 -59.7866037562
101.7000000000 -59.8653571890
101.8000000000 -59.9440299899
101.9000000000 -60.0226219728
102.0000000000 -60.1011329471
102.1000000000 -60.1795627167
102.2000000000 -60.2579110803
102.3000000000 -60.3361778316
102.4000000000 -60.4143627586
102.5000000000 -60.4924656439
102.6000000000 -60.5704862644
102.7000000000 -60.6484243916
102.8000000000 -60.7262797911
102.9000000000 -60.8040522225
103.0000000000 -60.8817414396
103.1000000000 -60.9593471903
103.2000000000 -61.0368692164
103.3000000000 -61.1143072533
103.4000000000 -61.1916610306
103.5000000000 -61.2689302713
103.6000000000 -61.3461146921
103.7000000000 -61.4232140034
103.8000000000 -61.5002279091
103.9000000000 -61.5771561066
104.0000000000 -61.6539982866
104.1000000000 -61.7307541334
104.2000000000 -61.8074233244
104.3000000000 -61.8840055304
104.4000000000 -61.9605004155
104.5000000000 -62.0369076370
104.6000000000 -62.1132268451
104.7000000000 -62.1894576835
104.8000000000 -62.2655997889
104.9000000000 -62.3416527910
105.0000000000 -62.4176163125
105.1000000000 -62.4934899694
105.2000000000 -62.5692733706
105.3000000000 -62.6449661178
105.4000000000 -62.7205678060
105.5000000000 -62.7960780229
105.6000000000 -62.8714963496
105.7000000000 -62.9468223597
105.8000000000 -63.0220556200
105.9000000000 -63.0971956904
106.0000000000 -63.1722421236
106.1000000000 -63.2471944653
106.2000000000 -63.3220522543
106.3000000000 -63.3968150224
106.4000000000 -63.4714822945
106.5000000000 -63.5460535884
106.6000000000 -63.6205284152
106.7000000000 -63.6949062790
106.8000000000 -63.7691866770
106.9000000000 -63.8433690996
107.0000000000 -63.9174530306
107.1000000000 -63.9914379469
107.2000000000 -64.0653233187
107.3000000000 -64.1391086095
107.4000000000 -64.2127932764
107.5000000000 -64.2863767697
107.6000000000 -64.3598585333
107.7000000000 -64.4332380047
107.8000000000 -64.5065146150
107.9000000000 -64.5796877890
108.0000000000 -64.6527569451
108.1000000000 -64.7257214956
108.2000000000 -64.7985808468
108.3000000000 -64.8713343988
108.4000000000 -64.9439815458
108.5000000000 -65.0165216761
108.6000000000 -65.0889541721
108.7000000000 -65.1612784106
108.8000000000 -65.2334937627
108.9000000000 -65.3055995940
109.0000000000 -65.3775952646
109.1000000000 -65.4494801292
109.2000000000 -65.5212535373
109.3000000000 -65.5929148333
109.4000000000 -65.6644633563
109.5000000000 -65.7358984406
109.6000000000 -65.8072194157
109.7000000000 -65.8784256061
109.8000000000 -65.9495163319
109.9000000000 -66.0204909085
110.0000000000 -66.0913486471
110.1000000000 -66.1620888543
110.2000000000 -66.2327108328
110.3000000000 -66.3032138810
110.4000000000 -66.3735972935
110.5000000000 -66.4438603610
110.6000000000 -66.5140023706
110.7000000000 -66.5840226057
110.8000000000 -66.6539203463
110.9000000000 -66.7236948693
111.0000000000 -66.7933454480
111.1000000000 -66.8628713530
111.2000000000 -66.9322718519
111.3000000000 -67.0015462095
111.4000000000 -67.0706936879
111.5000000000 -67.1397135467
111.6000000000 -67.2086050434
111.7000000000 -67.2773674328
111.8000000000 -67.3459999681
111.9000000000 -67.4145019002
112.0000000000 -67.4828724785
112.1000000000 -67.5511109504
112.2000000000 -67.6192165622
112.3000000000 -67.6871885586
112.4000000000 -67.7550261831
112.5000000000 -67.8227286782
112.6000000000 -67.8902952854
112.7000000000 -67.9577252455
112.8000000000 -68.0250177987
112.9000000000 -68.0921721847
113.0000000000 -68.1591876428
113.1000000000 -68.2260634124
113.2000000000 -68.2927987325
113.3000000000 -68.3593928426
113.4000000000 -68.4258449823
113.5000000000 -68.4921543915
113.6000000000 -68.5583203111
113.7000000000 -68.6243419823
113.8000000000 -68.6902186474
113.9000000000 -68.7559495499
114.0000000000 -68.8215339340
114.1000000000 -68.8869710459
114.2000000000 -68.9522601327
114.3000000000 -69.0174004434
114.4000000000 -69.0823912289
114.5000000000 -69.1472317419
114.6000000000 -69.2119212371
114.7000000000 -69.2764589717
114.8000000000 -69.3408442050
114.9000000000 -69.4050761990
115.0000000000 -69.4691542183
115.1000000000 -69.5330775304
115.2000000000 -69.5968454058
115.3000000000 -69.6604571178
115.4000000000 -69.7239119434
115.5000000000 -69.7872091626
115.6000000000 -69.8503480591
115.7000000000 -69.9133279204
115.8000000000 -69.9761480375
115.9000000000 -70.0388077056
116.0000000000 -70.1013062239
116.1000000000 -70.1636428957
116.2000000000 -70.2258170288
116.3000000000 -70.2878279355
116.4000000000 -70.3496749326
116.5000000000 -70.4113573415
116.6000000000 -70.4728744889
116.7000000000 -70.5342257060
116.8000000000 -70.5954103294
116.9000000000 -70.6564277009
117.0000000000 -70.7172771675
117.1000000000 -70.7779580820
117.2000000000 -70.8384698024
117.3000000000 -70.8988116927
117.4000000000 -70.9589831225
117.5000000000 -71.0189834677
117.6000000000 -71.0788121097
117.7000000000 -71.1384684366
117.8000000000 -71.1979518424
117.9000000000 -71.2572617277
118.0000000000 -71.3163974993
118.1000000000 -71.3753585708
118.2000000000 -71.4341443624
118.3000000000 -71.4927543011
118.4000000000 -71.5511878206
118.5000000000 -71.6094443619
118.6000000000 -71.6675233727
118.7000000000 -71.7254243080
118.8000000000 -71.7831466299
118.9000000000 -71.8406898081
119.0000000000 -71.8980533194
119.1000000000 -71.9552366481
119.2000000000 -72.0122392863
119.3000000000 -72.0690607334
119.4000000000 -72.1257004967
119.5000000000 -72.1821580913
119.6000000000 -72.2384330401
119.7000000000 -72.2945248738
119.8000000000 -72.3504331312
119.9000000000 -72.4061573593
120.0000000000 -72.4616971128
120.1000000000 -72.5170519549
120.2000000000 -72.5722214570
120.3000000000 -72.6272051986
120.4000000000 -72.6820027678
120.5000000000 -72.7366137608
120.6000000000 -72.7910377823
120.7000000000 -72.8452744454
120.8000000000 -72.8993233715
120.9000000000 -72.9531841898
121.0000000000 -73.0068565362
121.1000000000 -73.0603400521
121.2000000000 -73.1136343811
121.3000000000 -73.1667391640
121.4000000000 -73.2196540314
121.5000000000 -73.2723785920
121.6000000000 -73.3249124166
121.7000000000 -73.3772550161
121.8000000000 -73.4294058129
121.9000000000 -73.4813641028
122.0000000000 -73.5331290090
122.1000000000 -73.5846994241
122.2000000000 -73.6360739406
122.3000000000 -73.6872507686
122.4000000000 -73.7382276377
122.5000000000 -73.7890016847
122.6000000000 -73.8395693224
122.7000000000 -73.8899260904
122.8000000000 -73.9400664845
122.9000000000 -73.9899837626
123.0000000000 -74.0396697250
123.1000000000 -74.0891144653
123.2000000000 -74.1383060871
123.3000000000 -74.1872303837
123.4000000000 -74.2358704720
123.5000000000 -74.2842063758
123.6000000000 -74.3322145487
123.7000000000 -74.3798673264
123.8000000000 -74.4271322960
123.9000000000 -74.4739715687
124.0000000000 -74.5203409379
124.1000000000 -74.5661889029
124.2000000000 -74.6114555349
124.3000000000 -74.6560711588
124.4000000000 -74.6999548177
124.5000000000 -74.7430124827
124.6000000000 -74.7851349671
124.7000000000 -74.8261954918
124.8000000000 -74.8660468443
124.9000000000 -74.9045180637
125.0000000000 -74.9414105706
125.1000000000 -74.9764936496
125.2000000000 -75.0094991763
125.3000000000 -75.0401154618
125.4000000000 -75.0679800683
125.5000000000 -75.0926714237
125.6000000000 -75.1136990341
125.7000000000 -75.1304920620
125.8000000000 -75.1423859970
125.9000000000 -75.1486071013
126.0000000000 -75.1482542596
126.1000000000 -75.1402778026
126.2000000000 -75.1234547986
126.3000000000 -75.0963602300
126.4000000000 -75.0573333686
126.5000000000 -75.0044385568
126.6000000000 -74.9354194675
126.7000000000 -74.8476457674
126.8000000000 -74.7380509308
126.9000000000 -74.6030597505
127.0000000000 -74.4385038572
127.1000000000 -74.2395232879
127.2000000000 -74.0004518322
127.3000000000 -73.7146835251
127.4000000000 -73.3745172349
127.5000000000 -72.9709758134
127.6000000000 -72.4935957050
127.7000000000 -71.9301822360
127.8000000000 -71.2665249847
127.9000000000 -70.4860665881
128.0000000000 -69.5695169544
128.1000000000 -68.4944028707
128.2000000000 -67.2345399651
128.3000000000 -65.7594090277
128.4000000000 -64.0334101415
128.5000000000 -62.0149527596
128.6000000000 -59.6553119627
128.7000000000 -56.8971303142
128.8000000000 -53.6723543403
128.9000000000 -49.8992426846
129.0000000000 -45.4778550583
129.1000000000 -40.2831620812
129.2000000000 -34.1547600051
129.3000000000 -26.8824833839
129.4000000000 -18.1897569403
129.5000000000 -7.7370787136
129.6000000000 4.7009069360
129.7000000000 18.2793466795
129.8000000000 29.4374563477
129.9000000000 34.8237881408
130.0000000000 36.0829946593
130.1000000000 36.2285393177
130.2000000000 36.3444679023
130.3000000000 36.5144932235
130.4000000000 36.6903791657
130.5000000000 36.8416210215
130.6000000000 36.9557719351
130.7000000000 37.0297526233
130.8000000000 37.0646995912
130.9000000000 37.0633876834
131.0000000000 37.0290109148
131.1000000000 36.9646421285
131.2000000000 36.8730246768
131.3000000000 36.7565217474
131.4000000000 36.6171361605
131.5000000000 36.4565575909
131.6000000000 36.2762165279
131.7000000000 36.0773355942
131.8000000000 35.8609744783
131.9000000000 35.6280674852
132.0000000000 35.3794539690
132.1000000000 35.1159024342
132.2000000000 34.8381292436
132.3000000000 34.5468128533
132.4000000000 34.2426044068
132.5000000000 33.9261354077
132.6000000000 33.5980230768
132.7000000000 33.2588738976
132.8000000000 32.9092857658
132.9000000000 32.5498490791
133.0000000000 32.1811470431
133.1000000000 31.8037554130
133.2000000000 31.4182418485
133.3000000000 31.0251650207
133.4000000000 30.6250735813
133.5000000000 30.2185050781
133.6000000000 29.8059848817
133.7000000000 29.3880251687
133.8000000000 28.9651239968
133.9000000000 28.5377644934
134.0000000000 28.1064141703
134.1000000000 27.6715243733
134.2000000000 27.2335298650
134.3000000000 26.7928485397
134.4000000000 26.3498812638
134.5000000000 25.9050118323
134.6000000000 25.4586070327
134.7000000000 25.0110168049
134.8000000000 24.5625744862
134.9000000000 24.1135971299
135.0000000000 23.6643858861
135.1000000000 23.2152264352
135.2000000000 22.7663894631
135.3000000000 22.3181311686
135.4000000000 21.8706937958
135.5000000000 21.4243061824
135.6000000000 20.9791843168
135.7000000000 20.5355319000
135.8000000000 20.0935409036
135.9000000000 19.6533921226
136.0000000000 19.2152557162
136.1000000000 18.7792917353
136.2000000000 18.3456506335
136.3000000000 17.9144737583
136.4000000000 17.4858938230
136.5000000000 17.0600353557
136.6000000000 16.6370151262
136.7000000000 16.2169425503
136.8000000000 15.7999200702
136.9000000000 15.3860435117
137.0000000000 14.9754024196
137.1000000000 14.5680803695
137.2000000000 14.1641552593
137.3000000000 13.7636995788
137.4000000000 13.3667806603
137.5000000000 12.9734609098
137.6000000000 12.5837980213
137.7000000000 12.1978451734
137.8000000000 11.8156512115
137.9000000000 11.4372608151
138.0000000000 11.0627146524
138.1000000000 10.6920495230
138.2000000000 10.3252984896
138.3000000000 9.9624910003
138.4000000000 9.6036530027
138.5000000000 9.2488070495
138.6000000000 8.8979723994
138.7000000000 8.5511651103
138.8000000000 8.2083981298
138.9000000000 7.8696813804
139.0000000000 7.5350218427
139.1000000000 7.2044236353
139.2000000000 6.8778880937
139.3000000000 6.5554138475
139.4000000000 6.2369968966
139.5000000000 5.9226306882
139.6000000000 5.6123061921
139.7000000000 5.3060119781
139.8000000000 5.0037342925
139.9000000000 4.7054571359
140.0000000000 4.4111623425
140.1000000000 4.1208296587
140.2000000000 3.8344368241
140.3000000000 3.5519596526
140.4000000000 3.2733721147
140.5000000000 2.9986464203
140.6000000000 2.7277531024
140.7000000000 2.4606611009
140.8000000000 2.1973378472
140.9000000000 1.9377493488
141.0000000000 1.6818602735
141.1000000000 1.4296340337
141.2000000000 1.1810328705
141.3000000000 0.9360179367
141.4000000000 0.6945493790
141.5000000000 0.4565864195
141.6000000000 0.2220874355
141.7000000000 -0.0089899616
141.8000000000 -0.2366888493
141.9000000000 -0.4610529190
142.0000000000 -0.6821264023
142.1000000000 -0.8999539997
142.2000000000 -1.1145808116
142.3000000000 -1.3260522712
142.4000000000 -1.5344140801
142.5000000000 -1.7397121458
142.6000000000 -1.9419925225
142.7000000000 -2.1413013537
142.8000000000 -2.3376848178
142.9000000000 -2.5311890759
143.0000000000 -2.7218602230
143.1000000000 -2.9097442405
143.2000000000 -3.0948869529
143.3000000000 -3.2773339855
143.4000000000 -3.4571307256
143.5000000000 -3.6343222860
143.6000000000 -3.8089534708
143.7000000000 -3.9810687436
143.8000000000 -4.1507121979
143.9000000000 -4.3179275303
144.0000000000 -4.4827580151
144.1000000000 -4.6452464816
144.2000000000 -4.8054352932
144.3000000000 -4.9633663286
144.4000000000 -5.1190809644
144.5000000000 -5.2726200604
144.6000000000 -5.4240239455
144.7000000000 -5.5733324061
144.8000000000 -5.7205846759
144.9000000000 -5.8658194267
145.0000000000 -6.0090747609
145.1000000000 -6.1503882057
145.2000000000 -6.2897967077
145.3000000000 -6.4273366295
145.4000000000 -6.5630437467
145.5000000000 -6.6969532463
145.6000000000 -6.8290997262
145.7000000000 -6.9595171952
145.8000000000 -7.0882390738
145.9000000000 -7.2152981964
146.0000000000 -7.3407268135
146.1000000000 -7.4645565946
146.2000000000 -7.5868186325
146.3000000000 -7.7075434470
146.4000000000 -7.8267609901
146.5000000000 -7.9445006509
146.6000000000 -8.0607912613
146.7000000000 -8.1756611024
146.8000000000 -8.2891379102
146.9000000000 -8.4012488828
147.0000000000 -8.5120206870
147.1000000000 -8.6214794656
147.2000000000 -8.7296508447
147.3000000000 -8.8365599412
147.4000000000 -8.9422313706
147.5000000000 -9.0466892547
147.6000000000 -9.1499572295
147.7000000000 -9.2520584532
147.8000000000 -9.3530156143
147.9000000000 -9.4528509397
148.0000000000 -9.5515862029
148.1000000000 -9.6492427317
148.2000000000 -9.7458414171
148.3000000000 -9.8414027207
148.4000000000 -9.9359466833
148.5000000000 -10.0294929327
148.6000000000 -10.1220606916
148.7000000000 -10.2136687860
148.8000000000 -10.3043356527
148.9000000000 -10.3940793471
149.0000000000 -10.4829175512
149.1000000000 -10.5708675812
149.2000000000 -10.6579463949
149.3000000000 -10.7441705992
149.4000000000 -10.8295564575
149.5000000000 -10.9141198972
149.6000000000 -10.9978765164
149.7000000000 -11.0808415915
149.8000000000 -11.1630300834
149.9000000000 -11.2444566452
150.0000000000 -11.3251356283
150.1000000000 -11.4050810892
150.2000000000 -11.4843067960
150.3000000000 -11.5628262345
150.4000000000 -11.6406526151
150.5000000000 -11.7177988782
150.6000000000 -11.7942777005
150.7000000000 -11.8701015012
150.8000000000 -11.9452824471
150.9000000000 -12.0198324591
151.0000000000 -12.0937632169
151.1000000000 -12.1670861651
151.2000000000 -12.2398125182
151.3000000000 -12.3119532658
151.4000000000 -12.3835191778
151.5000000000 -12.4545208096
151.6000000000 -12.5249685063
151.7000000000 -12.5948724082
151.8000000000 -12.6642424553
151.9000000000 -12.7330883914
152.0000000000 -12.8014197692
152.1000000000 -12.8692459542
152.2000000000 -12.9365761294
152.3000000000 -13.0034192990
152.4000000000 -13.0697842928
152.5000000000 -13.1356797699
152.6000000000 -13.2011142230
152.7000000000 -13.2660959818
152.8000000000 -13.3306332170
152.9000000000 -13.3947339437
153.0000000000 -13.4584060251
153.1000000000 -13.5216571759
153.2000000000 -13.5844949656
153.3000000000 -13.6469268221
153.4000000000 -13.7089600344
153.5000000000 -13.7706017562
153.6000000000 -13.8318590089
153.7000000000 -13.8927386844
153.8000000000 -13.9532475481
153.9000000000 -14.0133922419
154.0000000000 -14.0731792868
154.1000000000 -14.1326150858
154.2000000000 -14.1917059264
154.3000000000 -14.2504579832
154.4000000000 -14.3088773207
154.5000000000 -14.3669698954
154.6000000000 -14.4247415584
154.7000000000 -14.4821980578
154.8000000000 -14.5393450410
154.9000000000 -14.5961880567
155.0000000000 -14.6527325574
155.1000000000 -14.7089839014
155.2000000000 -14.7649473550
155.3000000000 -14.8206280943
155.4000000000 -14.8760312074
155.5000000000 -14.9311616964
155.6000000000 -14.9860244789
155.7000000000 -15.0406243905
155.8000000000 -15.0949661860
155.9000000000 -15.1490545415
156.0000000000 -15.2028940560
156.1000000000 -15.2564892531
156.2000000000 -15.3098445828
156.3000000000 -15.3629644229
156.4000000000 -15.4158530806
156.5000000000 -15.4685147940
156.6000000000 -15.5209537339
156.7000000000 -15.5731740048
156.8000000000 -15.6251796467
156.9000000000 -15.6769746364
157.0000000000 -15.7285628886
157.1000000000 -15.7799482576
157.2000000000 -15.8311345384
157.3000000000 -15.8821254680
157.4000000000 -15.9329247266
157.5000000000 -15.9835359389
157.6000000000 -16.0339626754
157.7000000000 -16.0842084531
157.8000000000 -16.1342767371
157.9000000000 -16.1841709415
158.0000000000 -16.2338944305
158.1000000000 -16.2834505195
158.2000000000 -16.3328424761
158.3000000000 -16.3820735209
158.4000000000 -16.4311468289
158.5000000000 -16.4800655303
158.6000000000 -16.5288327111
158.7000000000 -16.5774514146
158.8000000000 -16.6259246418
158.9000000000 -16.6742553525
159.0000000000 -16.7224464663
159.1000000000 -16.7705008631
159.2000000000 -16.8184213841
159.3000000000 -16.8662108328
159.4000000000 -16.9138719754
159.5000000000 -16.9614075417
159.6000000000 -17.0088202262
159.7000000000 -17.0561126883
159.8000000000 -17.1032875532
159.9000000000 -17.1503474130
160.0000000000 -17.1972948266
160.1000000000 -17.2441323212
160.2000000000 -17.2908623923
160.3000000000 -17.3374875050
160.4000000000 -17.3840100938
160.5000000000 -17.4304325640
160.6000000000 -17.4767572918
160.7000000000 -17.5229866253
160.8000000000 -17.5691228845
160.9000000000 -17.6151683624
161.0000000000 -17.6611253255
161.1000000000 -17.7069960140
161.2000000000 -17.7527826426
161.3000000000 -17.7984874009
161.4000000000 -17.8441124542
161.5000000000 -17.8896599434
161.6000000000 -17.9351319862
161.7000000000 -17.9805306770
161.8000000000 -18.0258580877
161.9000000000 -18.0711162680
162.0000000000 -18.1163072459
162.1000000000 -18.1614330283
162.2000000000 -18.2064956010
162.3000000000 -18.2514969297
162.4000000000 -18.2964389599
162.5000000000 -18.3413236174
162.6000000000 -18.3861528092
162.7000000000 -18.4309284231
162.8000000000 -18.4756523288
162.9000000000 -18.5203263776
163.0000000000 -18.5649524034
163.1000000000 -18.6095322227
163.2000000000 -18.6540676349
163.3000000000 -18.6985604230
163.4000000000 -18.7430123534
163.5000000000 -18.7874251767
163.6000000000 -18.8318006279
163.7000000000 -18.8761404265
163.8000000000 -18.9204462773
163.9000000000 -18.9647198699
164.0000000000 -19.0089628800
164.1000000000 -19.0531769687
164.2000000000 -19.0973637837
164.3000000000 -19.1415249587
164.4000000000 -19.1856621145
164.5000000000 -19.2297768587
164.6000000000 -19.2738707861
164.7000000000 -19.3179454791
164.8000000000 -19.3620025079
164.9000000000 -19.4060434307
165.0000000000 -19.4500697938
165.1000000000 -19.4940831322
165.2000000000 -19.5380849694
165.3000000000 -19.5820768181
165.4000000000 -19.6260601801
165.5000000000 -19.6700365466
165.6000000000 -19.7140073983
165.7000000000 -19.7579742059
165.8000000000 -19.8019384301
165.9000000000 -19.8459015218
166.0000000000 -19.8898649224
166.1000000000 -19.9338300639
166.2000000000 -19.9777983692
166.3000000000 -20.0217712520
166.4000000000 -20.0657501176
166.5000000000 -20.1097363623
166.6000000000 -20.1537313742
166.7000000000 -20.1977365331
166.8000000000 -20.2417532106
166.9000000000 -20.2857827705
167.0000000000 -20.3298265687
167.1000000000 -20.3738859536
167.2000000000 -20.4179622662
167.3000000000 -20.4620568401
167.4000000000 -20.5061710017
167.5000000000 -20.5503060706
167.6000000000 -20.5944633595
167.7000000000 -20.6386441742
167.8000000000 -20.6828498141
167.9000000000 -20.7270815721
168.0000000000 -20.7713407348
168.1000000000 -20.8156285826
168.2000000000 -20.8599463900
168.3000000000 -20.9042954254
168.4000000000 -20.9486769514
168.5000000000 -20.9930922249
168.6000000000 -21.0375424974
168.7000000000 -21.0820290147
168.8000000000 -21.1265530175
168.9000000000 -21.1711157410
169.0000000000 -21.2157184154
169.1000000000 -21.2603622659
169.2000000000 -21.3050485126
169.3000000000 -21.3497783710
169.4000000000 -21.3945530517
169.5000000000 -21.4393737607
169.6000000000 -21.4842416993
169.7000000000 -21.5291580645
169.8000000000 -21.5741240490
169.9000000000 -21.6191408409
170.0000000000 -21.6642096243
170.1000000000 -21.7093315790
170.2000000000 -21.7545078811
170.3000000000 -21.7997397021
170.4000000000 -21.8450282102
170.5000000000 -21.8903745694
170.6000000000 -21.9357799400
170.7000000000 -21.9812454785
170.8000000000 -22.0267723379
170.9000000000 -22.0723616676
171.0000000000 -22.1180146133
171.1000000000 -22.1637323175
171.2000000000 -22.2095159191
171.3000000000 -22.2553665535
171.4000000000 -22.3012853532
171.5000000000 -22.3472734470
171.6000000000 -22.3933319608
171.7000000000 -22.4394620172
171.8000000000 -22.4856647357
171.9000000000 -22.5319412327
172.0000000000 -22.5782926215
172.1000000000 -22.6247200125
172.2000000000 -22.6712245131
172.3000000000 -22.7178072277
172.4000000000 -22.7644692579
172.5000000000 -22.8112117023
172.6000000000 -22.8580356567
172.7000000000 -22.9049422141
172.8000000000 -22.9519324648
172.9000000000 -22.9990074960
173.0000000000 -23.0461683924
173.1000000000 -23.0934162360
173.2000000000 -23.1407521059
173.3000000000 -23.1881770786
173.4000000000 -23.2356922279
173.5000000000 -23.2832986248
173.6000000000 -23.3309973378
173.7000000000 -23.3787894326
173.8000000000 -23.4266759722
173.9000000000 -23.4746580171
174.0000000000 -23.5227366250
174.1000000000 -23.5709128510
174.2000000000 -23.6191877474
174.3000000000 -23.6675623641
174.4000000000 -23.7160377480
174.5000000000 -23.7646149436
174.6000000000 -23.8132949925
174.7000000000 -23.8620789338
174.8000000000 -23.9109678035
174.9000000000 -23.9599626353
175.0000000000 -24.0090644600
175.1000000000 -24.0582743054
175.2000000000 -24.1075931968
175.3000000000 -24.1570221565
175.4000000000 -24.2065622040
175.5000000000 -24.2562143561
175.6000000000 -24.3059796264
175.7000000000 -24.3558590257
175.8000000000 -24.4058535620
175.9000000000 -24.4559642400
176.0000000000 -24.5061920616
176.1000000000 -24.5565380256
176.2000000000 -24.6070031275
176.3000000000 -24.6575883599
176.4000000000 -24.7082947120
176.5000000000 -24.7591231698
176.6000000000 -24.8100747162
176.7000000000 -24.8611503306
176.8000000000 -24.9123509889
176.9000000000 -24.9636776637
177.0000000000 -25.0151313242
177.1000000000 -25.0667129358
177.2000000000 -25.1184234605
177.3000000000 -25.1702638564
177.4000000000 -25.2222350782
177.5000000000 -25.2743380764
177.6000000000 -25.3265737979
177.7000000000 -25.3789431857
177.8000000000 -25.4314471787
177.9000000000 -25.4840867116
178.0000000000 -25.5368627151
178.1000000000 -25.5897761158
178.2000000000 -25.6428278357
178.3000000000 -25.6960187928
178.4000000000 -25.7493499002
178.5000000000 -25.8028220667
178.6000000000 -25.8564361967
178.7000000000 -25.9101931895
178.8000000000 -25.9640939398
178.9000000000 -26.0181393373
179.0000000000 -26.0723302670
179.1000000000 -26.1266676085
179.2000000000 -26.1811522365
179.3000000000 -26.2357850203
179.4000000000 -26.2905668238
179.5000000000 -26.3454985056
179.6000000000 -26.4005809187
179.7000000000 -26.4558149103
179.8000000000 -26.5112013221
179.9000000000 -26.5667409898
180.0000000000 -26.6224347431
180.1000000000 -26.6782834055
180.2000000000 -26.7342877947
180.3000000000 -26.7904487218
180.4000000000 -26.8467669914
180.5000000000 -26.9032434018
180.6000000000 -26.9598787446
180.7000000000 -27.0166738046
180.8000000000 -27.0736293597
180.9000000000 -27.1307461808
181.0000000000 -27.1880250318
181.1000000000 -27.2454666691
181.2000000000 -27.3030718420
181.3000000000 -27.3608412921
181.4000000000 -27.4187757534
181.5000000000 -27.4768759524
181.6000000000 -27.5351426074
181.7000000000 -27.5935764289
181.8000000000 -27.6521781190
181.9000000000 -27.7109483719
182.0000000000 -27.7698878730
182.1000000000 -27.8289972994
182.2000000000 -27.8882773195
182.3000000000 -27.9477285928
182.4000000000 -28.0073517699
182.5000000000 -28.0671474923
182.6000000000 -28.1271163923
182.7000000000 -28.1872590927
182.8000000000 -28.2475762069
182.9000000000 -28.3080683386
183.0000000000 -28.3687360819
183.1000000000 -28.4295800206
183.2000000000 -28.4906007286
183.3000000000 -28.5517987697
183.4000000000 -28.6131746971
183.5000000000 -28.6747290536
183.6000000000 -28.7364623714
183.7000000000 -28.7983751718
183.8000000000 -28.8604679652
183.9000000000 -28.9227412508
184.0000000000 -28.9851955166
184.1000000000 -29.0478312394
184.2000000000 -29.1106488842
184.3000000000 -29.1736489045
184.4000000000 -29.2368317418
184.5000000000 -29.3001978258
184.6000000000 -29.3637475740
184.7000000000 -29.4274813916
184.8000000000 -29.4913996716
184.9000000000 -29.5555027941
185.0000000000 -29.6197911268
185.1000000000 -29.6842650245
185.2000000000 -29.7489248288
185.3000000000 -29.8137708685
185.4000000000 -29.8788034589
185.5000000000 -29.9440229020
185.6000000000 -30.0094294862
185.7000000000 -30.0750234862
185.8000000000 -30.1408051630
185.9000000000 -30.2067747635
186.0000000000 -30.2729325206
186.1000000000 -30.3392786528
186.2000000000 -30.4058133646
186.3000000000 -30.4725368455
186.4000000000 -30.5394492708
186.5000000000 -30.6065508008
186.6000000000 -30.6738415811
186.7000000000 -30.7413217421
186.8000000000 -30.8089913992
186.9000000000 -30.8768506526
187.0000000000 -30.9448995868
187.1000000000 -31.0131382713
187.2000000000 -31.0815667597
187.3000000000 -31.1501850898
187.4000000000 -31.2189932837
187.5000000000 -31.2879913477
187.6000000000 -31.3571792717
187.7000000000 -31.4265570298
187.8000000000 -31.4961245797
187.9000000000 -31.5658818626
188.0000000000 -31.6358288034
188.1000000000 -31.7059653106
188.2000000000 -31.7762912757
188.3000000000 -31.8468065739
188.4000000000 -31.9175110631
188.5000000000 -31.9884045848
188.6000000000 -32.0594869632
188.7000000000 -32.1307580056
188.8000000000 -32.2022175022
188.9000000000 -32.2738652257
189.0000000000 -32.3457009320
189.1000000000 -32.4177243595
189.2000000000 -32.4899352290
189.3000000000 -32.5623332442
189.4000000000 -32.6349180912
189.5000000000 -32.7076894384
189.6000000000 -32.7806469369
189.7000000000 -32.8537902200
189.8000000000 -32.9271189034
189.9000000000 -33.0006325850
190.0000000000 -33.0743308453
190.1000000000 -33.1482132466
190.2000000000 -33.2222793339
190.3000000000 -33.2965286341
190.4000000000 -33.3709606565
190.5000000000 -33.4455748924
190.6000000000 -33.5203708155
190.7000000000 -33.5953478817
190.8000000000 -33.6705055289
190.9000000000 -33.7458431775
191.0000000000 -33.8213602298
191.1000000000 -33.8970560708
191.2000000000 -33.9729300673
191.3000000000 -34.0489815687
191.4000000000 -34.1252099066
191.5000000000 -34.2016143951
191.6000000000 -34.2781943307
191.7000000000 -34.3549489922
191.8000000000 -34.4318776410
191.9000000000 -34.5089795213
192.0000000000 -34.5862538595
192.1000000000 -34.6636998651
192.2000000000 -34.7413167301
192.3000000000 -34.8191036296
192.4000000000 -34.8970597214
192.5000000000 -34.9751841464
192.6000000000 -35.0534760287
192.7000000000 -35.1319344754
192.8000000000 -35.2105585770
192.9000000000 -35.2893474076
193.0000000000 -35.3683000245
193.1000000000 -35.4474154688
193.2000000000 -35.5266927653
193.3000000000 -35.6061309228
193.4000000000 -35.6857289340
193.5000000000 -35.7654857756
193.6000000000 -35.8454004090
193.7000000000 -35.9254717795
193.8000000000 -36.0056988174
193.9000000000 -36.0860804375
194.0000000000 -36.1666155395
194.1000000000 -36.2473030083
194.2000000000 -36.3281417138
194.3000000000 -36.4091305115
194.4000000000 -36.4902682421
194.5000000000 -36.5715537325
194.6000000000 -36.6529857953
194.7000000000 -36.7345632291
194.8000000000 -36.8162848190
194.9000000000 -36.8981493365
195.0000000000 -36.9801555399
195.1000000000 -37.0623021742
195.2000000000 -37.1445879717
195.3000000000 -37.2270116521
195.4000000000 -37.3095719225
195.5000000000 -37.3922674777
195.6000000000 -37.4750970008
195.7000000000 -37.5580591628
195.8000000000 -37.6411526233
195.9000000000 -37.7243760306
196.0000000000 -37.8077280218
196.1000000000 -37.8912072235
196.2000000000 -37.9748122513
196.3000000000 -38.0585417108
196.4000000000 -38.1423941973
196.5000000000 -38.2263682963
196.6000000000 -38.3104625838
196.7000000000 -38.3946756265
196.8000000000 -38.4790059819
196.9000000000 -38.5634521990
197.0000000000 -38.6480128179
197.1000000000 -38.7326863708
197.2000000000 -38.8174713816
197.3000000000 -38.9023663668
197.4000000000 -38.9873698352
197.5000000000 -39.0724802887
197.6000000000 -39.1576962221
197.7000000000 -39.2430161238
197.8000000000 -39.3284384757
197.9000000000 -39.4139617539
198.0000000000 -39.4995844285
198.1000000000 -39.5853049643
198.2000000000 -39.6711218209
198.3000000000 -39.7570334531
198.4000000000 -39.8430383109
198.5000000000 -39.9291348403
198.6000000000 -40.0153214830
198.7000000000 -40.1015966771
198.8000000000 -40.1879588573
198.9000000000 -40.2744064551
199.0000000000 -40.3609378993
199.1000000000 -40.4475516159
199.2000000000 -40.5342460289
199.3000000000 -40.6210195600
199.4000000000 -40.7078706296
199.5000000000 -40.7947976565
199.6000000000 -40.8817990583
199.7000000000 -40.9688732521
199.8000000000 -41.0560186541
199.9000000000 -41.1432336806
200.0000000000 -41.2305167478
200.1000000000 -41.3178662722
200.2000000000 -41.4052806709
200.3000000000 -41.4927583621
200.4000000000 -41.5802977650
200.5000000000 -41.6678973002
200.6000000000 -41.7555553904
200.7000000000 -41.8432704598
200.8000000000 -41.9310409354
200.9000000000 -42.0188652464
201.0000000000 -42.1067418250
201.1000000000 -42.1946691065
201.2000000000 -42.2826455295
201.3000000000 -42.3706695363
201.4000000000 -42.4587395731
201.5000000000 -42.5468540901
201.6000000000 -42.6350115421
201.7000000000 -42.7232103885
201.8000000000 -42.8114490936
201.9000000000 -42.8997261269
202.0000000000 -42.9880399631
202.1000000000 -43.0763890829
202.2000000000 -43.1647719726
202.3000000000 -43.2531871247
202.4000000000 -43.3416330381
202.5000000000 -43.4301082182
202.6000000000 -43.5186111772
202.7000000000 -43.6071404345
202.8000000000 -43.6956945165
202.9000000000 -43.7842719571
203.0000000000 -43.8728712981
203.1000000000 -43.9614910889
203.2000000000 -44.0501298872
203.3000000000 -44.1387862587
203.4000000000 -44.2274587779
203.5000000000 -44.3161460276
203.6000000000 -44.4048465999
203.7000000000 -44.4935590955
203.8000000000 -44.5822821247
203.9000000000 -44.6710143068
204.0000000000 -44.7597542710
204.1000000000 -44.8485006560
204.2000000000 -44.9372521106
204.3000000000 -45.0260072935
204.4000000000 -45.1147648736
204.5000000000 -45.2035235302
204.6000000000 -45.2922819531
204.7000000000 -45.3810388429
204.8000000000 -45.4697929107
204.9000000000 -45.5585428786
205.0000000000 -45.6472874799
205.1000000000 -45.7360254590
205.2000000000 -45.8247555714
205.3000000000 -45.9134765842
205.4000000000 -46.0021872761
205.5000000000 -46.0908864371
205.6000000000 -46.1795728691
205.7000000000 -46.2682453860
205.8000000000 -46.3569028134
205.9000000000 -46.4455439888
206.0000000000 -46.5341677621
206.1000000000 -46.6227729951
206.2000000000 -46.7113585620
206.3000000000 -46.7999233492
206.4000000000 -46.8884662556
206.5000000000 -46.9769861925
206.6000000000 -47.0654820836
206.7000000000 -47.1539528653
206.8000000000 -47.2423974866
206.9000000000 -47.3308149091
207.0000000000 -47.4192041070
207.1000000000 -47.5075640675
207.2000000000 -47.5958937902
207.3000000000 -47.6841922879
207.4000000000 -47.7724585858
207.5000000000 -47.8606917224
207.6000000000 -47.9488907485
207.7000000000 -48.0370547283
207.8000000000 -48.1251827386
207.9000000000 -48.2132738691
208.0000000000 -48.3013272223
208.1000000000 -48.3893419139
208.2000000000 -48.4773170720
208.3000000000 -48.5652518380
208.4000000000 -48.6531453658
208.5000000000 -48.7409968223
208.6000000000 -48.8288053873
208.7000000000 -48.9165702531
208.8000000000 -49.0042906250
208.9000000000 -49.0919657207
209.0000000000 -49.1795947710
209.1000000000 -49.2671770189
209.2000000000 -49.3547117204
209.3000000000 -49.4421981437
209.4000000000 -49.5296355696
209.5000000000 -49.6170232914
209.6000000000 -49.7043606148
209.7000000000 -49.7916468577
209.8000000000 -49.8788813503
209.9000000000 -49.9660634349
210.0000000000 -50.0531924662
210.1000000000 -50.1402678106
210.2000000000 -50.2272888466
210.3000000000 -50.3142549647
210.4000000000 -50.4011655671
210.5000000000 -50.4880200676
210.6000000000 -50.5748178919
210.7000000000 -50.6615584770
210.8000000000 -50.7482412715
210.9000000000 -50.8348657352
211.0000000000 -50.9214313394
211.1000000000 -51.0079375662
211.2000000000 -51.0943839090
211.3000000000 -51.1807698722
211.4000000000 -51.2670949707
211.5000000000 -51.3533587305
211.6000000000 -51.4395606879
211.7000000000 -51.5257003899
211.8000000000 -51.6117773938
211.9000000000 -51.6977912672
212.0000000000 -51.7837415876
212.1000000000 -51.8696279429
212.2000000000 -51.9554499305
212.3000000000 -52.0412071578
212.4000000000 -52.1268992417
212.5000000000 -52.2125258087
212.6000000000 -52.2980864945
212.7000000000 -52.3835809441
212.8000000000 -52.4690088116
212.9000000000 -52.5543697601
213.0000000000 -52.6396634613
213.1000000000 -52.7248895958
213.2000000000 -52.8100478525
213.3000000000 -52.8951379288
213.4000000000 -52.9801595303
213.5000000000 -53.0651123707
213.6000000000 -53.1499961716
213.7000000000 -53.2348106623
213.8000000000 -53.3195555798
213.9000000000 -53.4042306686
214.0000000000 -53.4888356805
214.1000000000 -53.5733703744
214.2000000000 -53.6578345162
214.3000000000 -53.7422278788
214.4000000000 -53.8265502415
214.5000000000 -53.9108013904
214.6000000000 -53.9949811178
214.7000000000 -54.0790892223
214.8000000000 -54.1631255085
214.9000000000 -54.2470897868
215.0000000000 -54.3309818736
215.1000000000 -54.4148015905
215.2000000000 -54.4985487646
215.3000000000 -54.5822232283
215.4000000000 -54.6658248191
215.5000000000 -54.7493533793
215.6000000000 -54.8328087558
215.7000000000 -54.9161908003
215.8000000000 -54.9994993686
215.9000000000 -55.0827343211
216.0000000000 -55.1658955220
216.1000000000 -55.2489828393
216.2000000000 -55.3319961450
216.3000000000 -55.4149353143
216.4000000000 -55.4978002261
216.5000000000 -55.5805907624
216.6000000000 -55.6633068081
216.7000000000 -55.7459482511
216.8000000000 -55.8285149821
216.9000000000 -55.9110068941
217.0000000000 -55.9934238827
217.1000000000 -56.0757658455
217.2000000000 -56.1580326822
217.3000000000 -56.2402242944
217.4000000000 -56.3223405855
217.5000000000 -56.4043814601
217.6000000000 -56.4863468246
217.7000000000 -56.5682365861
217.8000000000 -56.6500506532
217.9000000000 -56.7317889352
218.0000000000 -56.8134513418
218.1000000000 -56.8950377838
218.2000000000 -56.9765481719
218.3000000000 -57.0579824173
218.4000000000 -57.1393404312
218.5000000000 -57.2206221244
218.6000000000 -57.3018274079
218.7000000000 -57.3829561921
218.8000000000 -57.4640083865
218.9000000000 -57.5449839004
219.0000000000 -57.6258826418
219.1000000000 -57.7067045178
219.2000000000 -57.7874494343
219.3000000000 -57.8681172958
219.4000000000 -57.9487080053
219.5000000000 -58.0292214643
219.6000000000 -58.1096575721
219.7000000000 -58.1900162265
219.8000000000 -58.2702973229
219.9000000000 -58.3505007546
220.0000000000 -58.4306264125
220.1000000000 -58.5106741848
220.2000000000 -58.5906439573
220.3000000000 -58.6705356127
220.4000000000 -58.7503490311
220.5000000000 -58.8300840891
220.6000000000 -58.9097406606
220.7000000000 -58.9893186156
220.8000000000 -59.0688178210
220.9000000000 -59.1482381400
221.0000000000 -59.2275794320
221.1000000000 -59.3068415527
221.2000000000 -59.3860243535
221.3000000000 -59.4651276821
221.4000000000 -59.5441513817
221.5000000000 -59.6230952912
221.6000000000 -59.7019592452
221.7000000000 -59.7807430737
221.8000000000 -59.8594466017
221.9000000000 -59.9380696499
222.0000000000 -60.0166120338
222.1000000000 -60.0950735640
222.2000000000 -60.1734540460
222.3000000000 -60.2517532800
222.4000000000 -60.3299710611
222.5000000000 -60.4081071789
222.6000000000 -60.4861614175
222.7000000000 -60.5641335555
222.8000000000 -60.6420233657
222.9000000000 -60.7198306154
223.0000000000 -60.7975550658
223.1000000000 -60.8751964725
223.2000000000 -60.9527545847
223.3000000000 -61.0302291460
223.4000000000 -61.1076198936
223.5000000000 -61.1849265585
223.6000000000 -61.2621488655
223.7000000000 -61.3392865331
223.8000000000 -61.4163392734
223.9000000000 -61.4933067919
224.0000000000 -61.5701887878
224.1000000000 -61.6469849536
224.2000000000 -61.7236949753
224.3000000000 -61.8003185322
224.4000000000 -61.8768552968
224.5000000000 -61.9533049350
224.6000000000 -62.0296671058
224.7000000000 -62.1059414615
224.8000000000 -62.1821276475
224.9000000000 -62.2582253023
225.0000000000 -62.3342340574
225.1000000000 -62.4101535377
225.2000000000 -62.4859833607
225.3000000000 -62.5617231373
225.4000000000 -62.6373724711
225.5000000000 -62.7129309591
225.6000000000 -62.7883981908
225.7000000000 -62.8637737491
225.8000000000 -62.9390572098
225.9000000000 -63.0142481414
226.0000000000 -63.0893461058
226.1000000000 -63.1643506575
226.2000000000 -63.2392613444
226.3000000000 -63.3140777071
226.4000000000 -63.3887992794
226.5000000000 -63.4634255880
226.6000000000 -63.5379561528
226.7000000000 -63.6123904867
226.8000000000 -63.6867280958
226.9000000000 -63.7609684794
227.0000000000 -63.8351111297
227.1000000000 -63.9091555325
227.2000000000 -63.9831011666
227.3000000000 -64.0569475042
227.4000000000 -64.1306940107
227.5000000000 -64.2043401452
227.6000000000 -64.2778853598
227.7000000000 -64.3513291005
227.8000000000 -64.4246708067
227.9000000000 -64.4979099114
228.0000000000 -64.5710458411
228.1000000000 -64.6440780164
228.2000000000 -64.7170058515
228.3000000000 -64.7898287544
228.4000000000 -64.8625461271
228.5000000000 -64.9351573658
228.6000000000 -65.0076618606
228.7000000000 -65.0800589958
228.8000000000 -65.1523481500
228.9000000000 -65.2245286962
229.0000000000 -65.2966000017
229.1000000000 -65.3685614285
229.2000000000 -65.4404123331
229.3000000000 -65.5121520668
229.4000000000 -65.5837799756
229.5000000000 -65.6552954005
229.6000000000 -65.7266976775
229.7000000000 -65.7979861377
229.8000000000 -65.8691601076
229.9000000000 -65.9402189087
230.0000000000 -66.0111618583
230.1000000000 -66.0819882689
230.2000000000 -66.1526974491
230.3000000000 -66.2232887030
230.4000000000 -66.2937613306
230.5000000000 -66.3641146281
230.6000000000 -66.4343478878
230.7000000000 -66.5044603983
230.8000000000 -66.5744514444
230.9000000000 -66.6443203077
231.0000000000 -66.7140662665
231.1000000000 -66.7836885955
231.2000000000 -66.8531865668
231.3000000000 -66.9225594492
231.4000000000 -66.9918065090
231.5000000000 -67.0609270096
231.6000000000 -67.1299202120
231.7000000000 -67.1987853747
231.8000000000 -67.2675217540
231.9000000000 -67.3361286042
232.0000000000 -67.4046051774
232.1000000000 -67.4729507242
232.2000000000 -67.5411644932
232.3000000000 -67.6092457317
232.4000000000 -67.6771936854
232.5000000000 -67.7450075989
232.6000000000 -67.8126867158
232.7000000000 -67.8802302785
232.8000000000 -67.9476375287
232.9000000000 -68.0149077077
233.0000000000 -68.0820400558
233.1000000000 -68.1490338135
233.2000000000 -68.2158882207
233.3000000000 -68.2826025173
233.4000000000 -68.3491759436
233.5000000000 -68.4156077398
233.6000000000 -68.4818971467
233.7000000000 -68.5480434055
233.8000000000 -68.6140457584
233.9000000000 -68.6799034480
234.0000000000 -68.7456157183
234.1000000000 -68.8111818144
234.2000000000 -68.8766009825
234.3000000000 -68.9418724704
234.4000000000 -69.0069955275
234.5000000000 -69.0719694050
234.6000000000 -69.1367933559
234.7000000000 -69.2014666353
234.8000000000 -69.2659885004
234.9000000000 -69.3303582111
235.0000000000 -69.3945750293
235.1000000000 -69.4586382198
235.2000000000 -69.5225470503
235.3000000000 -69.5863007912
235.4000000000 -69.6498987161
235.5000000000 -69.7133401017
235.6000000000 -69.7766242282
235.7000000000 -69.8397503791
235.8000000000 -69.9027178418
235.9000000000 -69.9655259071
236.0000000000 -70.0281738702
236.1000000000 -70.0906610298
236.2000000000 -70.1529866892
236.3000000000 -70.2151501558
236.4000000000 -70.2771507415
236.5000000000 -70.3389877627
236.6000000000 -70.4006605406
236.7000000000 -70.4621684013
236.8000000000 -70.5235106755
236.9000000000 -70.5846866994
237.0000000000 -70.6456958142
237.1000000000 -70.7065373663
237.2000000000 -70.7672107078
237.3000000000 -70.8277151961
237.4000000000 -70.8880501946
237.5000000000 -70.9482150722
237.6000000000 -71.0082092037
237.7000000000 -71.0680319701
237.8000000000 -71.1276827584
237.9000000000 -71.1871609619
238.0000000000 -71.2464659801
238.1000000000 -71.3055972191
238.2000000000 -71.3645540915
238.3000000000 -71.4233360163
238.4000000000 -71.4819424196
238.5000000000 -71.5403727341
238.6000000000 -71.5986263996
238.7000000000 -71.6567028627
238.8000000000 -71.7146015771
238.9000000000 -71.7723220041
239.0000000000 -71.8298636117
239.1000000000 -71.8872258757
239.2000000000 -71.9444082792
239.3000000000 -72.0014103127
239.4000000000 -72.0582314745
239.5000000000 -72.1148712704
239.6000000000 -72.1713292142
239.7000000000 -72.2276048272
239.8000000000 -72.2836976389
239.9000000000 -72.3396071864
