0.0000000000 -53.9174020485
0.1000000000 -54.0066447121
0.2000000000 -54.0958315289
0.3000000000 -54.1849621772
0.4000000000 -54.2740363398
0.5000000000 -54.3630537041
0.6000000000 -54.4520139623
0.7000000000 -54.5409168105
0.8000000000 -54.6297619493
0.9000000000 -54.7185490828
1.0000000000 -54.8072779190
1.1000000000 -54.8959481692
1.2000000000 -54.9845595481
1.3000000000 -55.0731117733
1.4000000000 -55.1616045653
1.5000000000 -55.2500376471
1.6000000000 -55.3384107442
1.7000000000 -55.4267235842
1.8000000000 -55.5149758967
1.9000000000 -55.6031674132
2.0000000000 -55.6912978664
2.1000000000 -55.7793669908
2.2000000000 -55.8673745216
2.3000000000 -55.9553201951
2.4000000000 -56.0432037482
2.5000000000 -56.1310249186
2.6000000000 -56.2187834438
2.7000000000 -56.3064790618
2.8000000000 -56.3941115101
2.9000000000 -56.4816805262
3.0000000000 -56.5691858466
3.1000000000 -56.6566272075
3.2000000000 -56.7440043439
3.3000000000 -56.8313169895
3.4000000000 -56.9185648769
3.5000000000 -57.0057477370
3.6000000000 -57.0928652987
3.7000000000 -57.1799172893
3.8000000000 -57.2669034335
3.9000000000 -57.3538234541
4.0000000000 -57.4406770709
4.1000000000 -57.5274640010
4.2000000000 -57.6141839588
4.3000000000 -57.7008366553
4.4000000000 -57.7874217981
4.5000000000 -57.8739390915
4.6000000000 -57.9603882360
4.7000000000 -58.0467689279
4.8000000000 -58.1330808599
4.9000000000 -58.2193237202
5.0000000000 -58.3054971924
5.1000000000 -58.3916009558
5.2000000000 -58.4776346847
5.3000000000 -58.5635980484
5.4000000000 -58.6494907114
5.5000000000 -58.7353123325
5.6000000000 -58.8210625653
5.7000000000 -58.9067410577
5.8000000000 -58.9923474518
5.9000000000 -59.0778813840
6.0000000000 -59.1633424843
6.1000000000 -59.2487303767
6.2000000000 -59.3340446788
6.3000000000 -59.4192850016
6.4000000000 -59.5044509496
6.5000000000 -59.5895421203
6.6000000000 -59.6745581047
6.7000000000 -59.7594984863
6.8000000000 -59.8443628417
6.9000000000 -59.9291507401
7.0000000000 -60.0138617434
7.1000000000 -60.0984954059
7.2000000000 -60.1830512742
7.3000000000 -60.2675288875
7.4000000000 -60.3519277767
7.5000000000 -60.4362474652
7.6000000000 -60.5204874680
7.7000000000 -60.6046472921
7.8000000000 -60.6887264365
7.9000000000 -60.7727243916
8.0000000000 -60.8566406396
8.1000000000 -60.9404746542
8.2000000000 -61.0242259006
8.3000000000 -61.1078938355
8.4000000000 -61.1914779066
8.5000000000 -61.2749775534
8.6000000000 -61.3583922063
8.7000000000 -61.4417212870
8.8000000000 -61.5249642083
8.9000000000 -61.6081203741
9.0000000000 -61.6911891794
9.1000000000 -61.7741700103
9.2000000000 -61.8570622438
9.3000000000 -61.9398652479
9.4000000000 -62.0225783816
9.5000000000 -62.1052009949
9.6000000000 -62.1877324286
9.7000000000 -62.2701720145
9.8000000000 -62.3525190755
9.9000000000 -62.4347729252
10.0000000000 -62.5169328682
10.1000000000 -62.5989982003
10.2000000000 -62.6809682079
10.3000000000 -62.7628421688
10.4000000000 -62.8446193515
10.5000000000 -62.9262990158
10.6000000000 -63.0078804124
10.7000000000 -63.0893627833
10.8000000000 -63.1707453617
10.9000000000 -63.2520273719
11.0000000000 -63.3332080296
11.1000000000 -63.4142865418
11.2000000000 -63.4952621070
11.3000000000 -63.5761339151
11.4000000000 -63.6569011475
11.5000000000 -63.7375629773
11.6000000000 -63.8181185694
11.7000000000 -63.8985670805
11.8000000000 -63.9789076589
11.9000000000 -64.0591394453
12.0000000000 -64.1392615721
12.1000000000 -64.2192731642
12.2000000000 -64.2991733386
12.3000000000 -64.3789612048
12.4000000000 -64.4586358648
12.5000000000 -64.5381964131
12.6000000000 -64.6176419372
12.7000000000 -64.6969715173
12.8000000000 -64.7761842267
12.9000000000 -64.8552791318
13.0000000000 -64.9342552923
13.1000000000 -65.0131117614
13.2000000000 -65.0918475859
13.3000000000 -65.1704618062
13.4000000000 -65.2489534565
13.5000000000 -65.3273215654
13.6000000000 -65.4055651552
13.7000000000 -65.4836832431
13.8000000000 -65.5616748403
13.9000000000 -65.6395389531
14.0000000000 -65.7172745823
14.1000000000 -65.7948807241
14.2000000000 -65.8723563696
14.3000000000 -65.9497005054
14.4000000000 -66.0269121138
14.5000000000 -66.1039901728
14.6000000000 -66.1809336561
14.7000000000 -66.2577415339
14.8000000000 -66.3344127725
14.9000000000 -66.4109463348
15.0000000000 -66.4873411804
15.1000000000 -66.5635962659
15.2000000000 -66.6397105448
15.3000000000 -66.7156829683
15.4000000000 -66.7915124847
15.5000000000 -66.8671980402
15.6000000000 -66.9427385792
15.7000000000 -67.0181330438
15.8000000000 -67.0933803749
15.9000000000 -67.1684795115
16.0000000000 -67.2434293918
16.1000000000 -67.3182289528
16.2000000000 -67.3928771307
16.3000000000 -67.4673728613
16.4000000000 -67.5417150798
16.5000000000 -67.6159027214
16.6000000000 -67.6899347214
16.7000000000 -67.7638100153
16.8000000000 -67.8375275393
16.9000000000 -67.9110862301
17.0000000000 -67.9844850256
17.1000000000 -68.0577228646
17.2000000000 -68.1307986874
17.3000000000 -68.2037114362
17.4000000000 -68.2764600545
17.5000000000 -68.3490434883
17.6000000000 -68.4214606857
17.7000000000 -68.4937105972
17.8000000000 -68.5657921761
17.9000000000 -68.6377043787
18.0000000000 -68.7094461643
18.1000000000 -68.7810164956
18.2000000000 -68.8524143388
18.3000000000 -68.9236386640
18.4000000000 -68.9946884453
18.5000000000 -69.0655626608
18.6000000000 -69.1362602932
18.7000000000 -69.2067803297
18.8000000000 -69.2771217625
18.9000000000 -69.3472835887
19.0000000000 -69.4172648105
19.1000000000 -69.4870644358
19.2000000000 -69.5566814780
19.3000000000 -69.6261149563
19.4000000000 -69.6953638961
19.5000000000 -69.7644273287
19.6000000000 -69.8333042922
19.7000000000 -69.9019938311
19.8000000000 -69.9704949967
19.9000000000 -70.0388068472
20.0000000000 -70.1069284482
20.1000000000 -70.1748588725
20.2000000000 -70.2425972003
20.3000000000 -70.3101425198
20.4000000000 -70.3774939268
20.5000000000 -70.4446505252
20.6000000000 -70.5116114272
20.7000000000 -70.5783757534
20.8000000000 -70.6449426327
20.9000000000 -70.7113112031
21.0000000000 -70.7774806110
21.1000000000 -70.8434500121
21.2000000000 -70.9092185712
21.3000000000 -70.9747854623
21.4000000000 -71.0401498691
21.5000000000 -71.1053109845
21.6000000000 -71.1702680115
21.7000000000 -71.2350201627
21.8000000000 -71.2995666609
21.9000000000 -71.3639067387
22.0000000000 -71.4280396393
22.1000000000 -71.4919646159
22.2000000000 -71.5556809325
22.3000000000 -71.6191878634
22.4000000000 -71.6824846937
22.5000000000 -71.7455707193
22.6000000000 -71.8084452468
22.7000000000 -71.8711075938
22.8000000000 -71.9335570892
22.9000000000 -71.9957930727
23.0000000000 -72.0578148952
23.1000000000 -72.1196219189
23.2000000000 -72.1812135173
23.3000000000 -72.2425890753
23.4000000000 -72.3037479889
23.5000000000 -72.3646896656
23.6000000000 -72.4254135244
23.7000000000 -72.4859189954
23.8000000000 -72.5462055204
23.9000000000 -72.6062725520
24.0000000000 -72.6661195545
24.1000000000 -72.7257460030
24.2000000000 -72.7851513837
24.3000000000 -72.8443351938
24.4000000000 -72.9032969409
24.5000000000 -72.9620361433
24.6000000000 -73.0205523291
24.7000000000 -73.0788450365
24.8000000000 -73.1369138130
24.9000000000 -73.1947582150
25.0000000000 -73.2523778073
25.1000000000 -73.3097721621
25.2000000000 -73.3669408588
25.3000000000 -73.4238834826
25.4000000000 -73.4805996234
25.5000000000 -73.5370888748
25.6000000000 -73.5933508323
25.7000000000 -73.6493850918
25.8000000000 -73.7051912474
25.9000000000 -73.7607688889
26.0000000000 -73.8161175991
26.1000000000 -73.8712369506
26.2000000000 -73.9261265017
26.3000000000 -73.9807857923
26.4000000000 -74.0352143383
26.5000000000 -74.0894116258
26.6000000000 -74.1433771037
26.7000000000 -74.1971101758
26.8000000000 -74.2506101908
26.9000000000 -74.3038764309
27.0000000000 -74.3569080991
27.1000000000 -74.4097043034
27.2000000000 -74.4622640389
27.3000000000 -74.5145861672
27.4000000000 -74.5666693914
27.5000000000 -74.6185122282
27.6000000000 -74.6701129741
27.7000000000 -74.7214696672
27.8000000000 -74.7725800411
27.9000000000 -74.8234414728
28.0000000000 -74.8740509205
28.1000000000 -74.9244048518
28.2000000000 -74.9744991596
28.3000000000 -75.0243290643
28.4000000000 -75.0738889988
28.5000000000 -75.1231724754
28.6000000000 -75.1721719296
28.7000000000 -75.2208785383
28.8000000000 -75.2692820070
28.9000000000 -75.3173703224
29.0000000000 -75.3651294624
29.1000000000 -75.4125430586
29.2000000000 -75.4595920017
29.3000000000 -75.5062539813
29.4000000000 -75.5525029485
29.5000000000 -75.5983084884
29.6000000000 -75.6436350880
29.7000000000 -75.6884412811
29.8000000000 -75.7326786504
29.9000000000 -75.7762906625
30.0000000000 -75.8192113077
30.1000000000 -75.8613635120
30.2000000000 -75.9026572838
30.3000000000 -75.9429875494
30.4000000000 -75.9822316267
30.5000000000 -76.0202462756
30.6000000000 -76.0568642543
30.7000000000 -76.0918902991
30.8000000000 -76.1250964309
30.9000000000 -76.1562164754
31.0000000000 -76.1849396661
31.1000000000 -76.2109031752
31.2000000000 -76.2336833944
31.3000000000 -76.2527857557
31.4000000000 -76.2676328478
31.5000000000 -76.2775505434
31.6000000000 -76.2817518041
31.7000000000 -76.2793177770
31.8000000000 -76.2691757276
31.9000000000 -76.2500732846
32.0000000000 -76.2205483796
32.1000000000 -76.1788941660
32.2000000000 -76.1231180822
32.3000000000 -76.0508940877
32.4000000000 -75.9595069402
32.5000000000 -75.8457871981
32.6000000000 -75.7060354186
32.7000000000 -75.5359337743
32.8000000000 -75.3304430241
32.9000000000 -75.0836824434
33.0000000000 -74.7887899354
33.1000000000 -74.4377591013
33.2000000000 -74.0212495285
33.3000000000 -73.5283659489
33.4000000000 -72.9464011918
33.5000000000 -72.2605369662
33.6000000000 -71.4534953700
33.7000000000 -70.5051324962
33.8000000000 -69.3919632942
33.9000000000 -68.0866034270
34.0000000000 -66.5571081739
34.1000000000 -64.7661784756
34.2000000000 -62.6701861047
34.3000000000 -60.2179363838
34.4000000000 -57.3490246125
34.5000000000 -53.9915292344
34.6000000000 -50.0585897571
34.7000000000 -45.4431157024
34.8000000000 -40.0094996443
34.9000000000 -33.5809540595
35.0000000000 -25.9214078377
35.1000000000 -16.7141896658
35.2000000000 -5.5687046872
35.3000000000 7.7240553910
35.4000000000 21.8763547229
35.5000000000 32.4726343011
35.6000000000 36.6572272167
35.7000000000 37.1727320568
35.8000000000 37.0383963200
35.9000000000 37.0229041298
36.0000000000 37.1038847172
36.1000000000 37.2114302057
36.2000000000 37.3084726884
36.3000000000 37.3791650091
36.4000000000 37.4181679359
36.5000000000 37.4249660776
36.6000000000 37.4010703818
36.7000000000 37.3486816408
36.8000000000 37.2700785145
36.9000000000 37.1673614549
37.0000000000 37.0423681891
37.1000000000 36.8966685365
37.2000000000 36.7315927071
37.3000000000 36.5482706983
37.4000000000 36.3476722907
37.5000000000 36.1306431207
37.6000000000 35.8979352636
37.7000000000 35.6502321623
37.8000000000 35.3881683608
37.9000000000 35.1123447279
38.0000000000 34.8233398954
38.1000000000 34.5217185915
38.2000000000 34.2080374690
38.3000000000 33.8828489443
38.4000000000 33.5467034801
38.5000000000 33.2001506704
38.6000000000 32.8437394259
38.7000000000 32.4780174998
38.8000000000 32.1035305502
38.9000000000 31.7208208983
39.0000000000 31.3304261054
39.1000000000 30.9328774693
39.2000000000 30.5286985149
39.3000000000 30.1184035364
39.4000000000 29.7024962346
39.5000000000 29.2814684771
39.6000000000 28.8557992018
39.7000000000 28.4259534736
39.8000000000 27.9923816999
39.9000000000 27.5555190031
40.0000000000 27.1157847451
40.1000000000 26.6735821967
40.2000000000 26.2292983425
40.3000000000 25.7833038081
40.4000000000 25.3359528997
40.5000000000 24.8875837429
40.6000000000 24.4385185072
40.7000000000 23.9890637059
40.8000000000 23.5395105588
40.9000000000 23.0901354055
41.0000000000 22.6412001619
41.1000000000 22.1929528075
41.2000000000 21.7456278967
41.3000000000 21.2994470856
41.4000000000 20.8546196681
41.5000000000 20.4113431140
41.6000000000 19.9698036054
41.7000000000 19.5301765660
41.8000000000 19.0926271791
41.9000000000 18.6573108924
42.0000000000 18.2243739058
42.1000000000 17.7939536408
42.2000000000 17.3661791897
42.3000000000 16.9411717441
42.4000000000 16.5190450006
42.5000000000 16.0999055445
42.6000000000 15.6838532118
42.7000000000 15.2709814273
42.8000000000 14.8613775224
42.9000000000 14.4551230305
43.0000000000 14.0522939621
43.1000000000 13.6529610602
43.2000000000 13.2571900365
43.3000000000 12.8650417900
43.4000000000 12.4765726089
43.5000000000 12.0918343567
43.6000000000 11.7108746442
43.7000000000 11.3337369876
43.8000000000 10.9604609550
43.9000000000 10.5910823018
44.0000000000 10.2256330959
44.1000000000 9.8641418350
44.2000000000 9.5066335547
44.3000000000 9.1531299313
44.4000000000 8.8036493774
44.5000000000 8.4582071332
44.6000000000 8.1168153533
44.7000000000 7.7794831893
44.8000000000 7.4462168706
44.9000000000 7.1170197817
45.0000000000 6.7918925385
45.1000000000 6.4708330633
45.2000000000 6.1538366593
45.3000000000 5.8408960843
45.4000000000 5.5320016253
45.5000000000 5.2271411734
45.6000000000 4.9263002994
45.7000000000 4.6294623306
45.8000000000 4.3366084284
45.9000000000 4.0477176678
46.0000000000 3.7627671173
46.1000000000 3.4817319208
46.2000000000 3.2045853801
46.3000000000 2.9312990386
46.4000000000 2.6618427659
46.5000000000 2.3961848426
46.6000000000 2.1342920464
46.7000000000 1.8761297373
46.8000000000 1.6216619441
46.9000000000 1.3708514489
47.0000000000 1.1236598731
47.1000000000 0.8800477610
47.2000000000 0.6399746633
47.3000000000 0.4033992192
47.4000000000 0.1702792372
47.5000000000 -0.0594282260
47.6000000000 -0.2857667879
47.7000000000 -0.5087806649
47.8000000000 -0.7285145989
47.9000000000 -0.9450137858
48.0000000000 -1.1583238072
48.1000000000 -1.3684905634
48.2000000000 -1.5755602096
48.3000000000 -1.7795790943
48.4000000000 -1.9805937006
48.5000000000 -2.1786505896
48.6000000000 -2.3737963471
48.7000000000 -2.5660775319
48.8000000000 -2.7555406282
48.9000000000 -2.9422319991
49.0000000000 -3.1261978435
49.1000000000 -3.3074841554
49.2000000000 -3.4861366856
49.3000000000 -3.6622009058
49.4000000000 -3.8357219751
49.5000000000 -4.0067447087
49.6000000000 -4.1753135489
49.7000000000 -4.3414725387
49.8000000000 -4.5052652964
49.9000000000 -4.6667349932
50.0000000000 -4.8259243325
50.1000000000 -4.9828755306
50.2000000000 -5.1376302997
50.3000000000 -5.2902298323
50.4000000000 -5.4407147874
50.5000000000 -5.5891252778
50.6000000000 -5.7355008597
50.7000000000 -5.8798805228
50.8000000000 -6.0223026821
50.9000000000 -6.1628051713
51.0000000000 -6.3014252366
51.1000000000 -6.4381995322
51.2000000000 -6.5731641167
51.3000000000 -6.7063544506
51.4000000000 -6.8378053944
51.5000000000 -6.9675512080
51.6000000000 -7.0956255507
51.7000000000 -7.2220614817
51.8000000000 -7.3468914622
51.9000000000 -7.4701473570
52.0000000000 -7.5918604377
52.1000000000 -7.7120613861
52.2000000000 -7.8307802980
52.3000000000 -7.9480466878
52.4000000000 -8.0638894933
52.5000000000 -8.1783370815
52.6000000000 -8.2914172537
52.7000000000 -8.4031572522
52.8000000000 -8.5135837667
52.9000000000 -8.6227229408
53.0000000000 -8.7306003792
53.1000000000 -8.8372411553
53.2000000000 -8.9426698183
53.3000000000 -9.0469104012
53.4000000000 -9.1499864284
53.5000000000 -9.2519209243
53.6000000000 -9.3527364210
53.7000000000 -9.4524549668
53.8000000000 -9.5510981346
53.9000000000 -9.6486870304
54.0000000000 -9.7452423015
54.1000000000 -9.8407841458
54.2000000000 -9.9353323195
54.3000000000 -10.0289061464
54.4000000000 -10.1215245262
54.5000000000 -10.2132059432
54.6000000000 -10.3039684746
54.7000000000 -10.3938297994
54.8000000000 -10.4828072067
54.9000000000 -10.5709176042
55.0000000000 -10.6581775263
55.1000000000 -10.7446031426
55.2000000000 -10.8302102662
55.3000000000 -10.9150143615
55.4000000000 -10.9990305526
55.5000000000 -11.0822736306
55.6000000000 -11.1647580621
55.7000000000 -11.2464979964
55.8000000000 -11.3275072733
55.9000000000 -11.4077994305
56.0000000000 -11.4873877108
56.1000000000 -11.5662850694
56.2000000000 -11.6445041810
56.3000000000 -11.7220574468
56.4000000000 -11.7989570010
56.5000000000 -11.8752147178
56.6000000000 -11.9508422177
56.7000000000 -12.0258508741
56.8000000000 -12.1002518193
56.9000000000 -12.1740559508
57.0000000000 -12.2472739374
57.1000000000 -12.3199162246
57.2000000000 -12.3919930409
57.3000000000 -12.4635144028
57.4000000000 -12.5344901208
57.5000000000 -12.6049298040
57.6000000000 -12.6748428662
57.7000000000 -12.7442385299
57.8000000000 -12.8131258322
57.9000000000 -12.8815136288
58.0000000000 -12.9494105993
58.1000000000 -13.0168252510
58.2000000000 -13.0837659242
58.3000000000 -13.1502407958
58.4000000000 -13.2162578838
58.5000000000 -13.2818250514
58.6000000000 -13.3469500105
58.7000000000 -13.4116403264
58.8000000000 -13.4759034207
58.9000000000 -13.5397465753
59.0000000000 -13.6031769362
59.1000000000 -13.6662015162
59.2000000000 -13.7288271991
59.3000000000 -13.7910607422
59.4000000000 -13.8529087799
59.5000000000 -13.9143778267
59.6000000000 -13.9754742799
59.7000000000 -14.0362044227
59.8000000000 -14.0965744271
59.9000000000 -14.1565903565
60.0000000000 -14.2162581681
60.1000000000 -14.2755837158
60.2000000000 -14.3345727528
60.3000000000 -14.3932309335
60.4000000000 -14.4515638162
60.5000000000 -14.5095768655
60.6000000000 -14.5672754543
60.7000000000 -14.6246648657
60.8000000000 -14.6817502959
60.9000000000 -14.7385368552
61.0000000000 -14.7950295709
61.1000000000 -14.8512333885
61.2000000000 -14.9071531742
61.3000000000 -14.9627937160
61.4000000000 -15.0181597261
61.5000000000 -15.0732558423
61.6000000000 -15.1280866298
61.7000000000 -15.1826565824
61.8000000000 -15.2369701249
61.9000000000 -15.2910316137
62.0000000000 -15.3448453390
62.1000000000 -15.3984155258
62.2000000000 -15.4517463356
62.3000000000 -15.5048418676
62.4000000000 -15.5577061600
62.5000000000 -15.6103431916
62.6000000000 -15.6627568828
62.7000000000 -15.7149510966
62.8000000000 -15.7669296404
62.9000000000 -15.8186962669
63.0000000000 -15.8702546748
63.1000000000 -15.9216085108
63.2000000000 -15.9727613699
63.3000000000 -16.0237167967
63.4000000000 -16.0744782867
63.5000000000 -16.1250492869
63.6000000000 -16.1754331971
63.7000000000 -16.2256333707
63.8000000000 -16.2756531155
63.9000000000 -16.3254956950
64.0000000000 -16.3751643288
64.1000000000 -16.4246621939
64.2000000000 -16.4739924255
64.3000000000 -16.5231581173
64.4000000000 -16.5721623232
64.5000000000 -16.6210080572
64.6000000000 -16.6696982948
64.7000000000 -16.7182359734
64.8000000000 -16.7666239934
64.9000000000 -16.8148652185
65.0000000000 -16.8629624767
65.1000000000 -16.9109185608
65.2000000000 -16.9587362292
65.3000000000 -17.0064182067
65.4000000000 -17.0539671848
65.5000000000 -17.1013858226
65.6000000000 -17.1486767474
65.7000000000 -17.1958425550
65.8000000000 -17.2428858110
65.9000000000 -17.2898090504
66.0000000000 -17.3366147791
66.1000000000 -17.3833054740
66.2000000000 -17.4298835834
66.3000000000 -17.4763515279
66.4000000000 -17.5227117009
66.5000000000 -17.5689664687
66.6000000000 -17.6151181716
66.7000000000 -17.6611691238
66.8000000000 -17.7071216145
66.9000000000 -17.7529779078
67.0000000000 -17.7987402435
67.1000000000 -17.8444108375
67.2000000000 -17.8899918824
67.3000000000 -17.9354855474
67.4000000000 -17.9808939794
67.5000000000 -18.0262193031
67.6000000000 -18.0714636215
67.7000000000 -18.1166290160
67.8000000000 -18.1617175473
67.9000000000 -18.2067312556
68.0000000000 -18.2516721608
68.1000000000 -18.2965422630
68.2000000000 -18.3413435431
68.3000000000 -18.3860779628
68.4000000000 -18.4307474651
68.5000000000 -18.4753539748
68.6000000000 -18.5198993986
68.7000000000 -18.5643856257
68.8000000000 -18.6088145280
68.9000000000 -18.6531879602
69.0000000000 -18.6975077606
69.1000000000 -18.7417757511
69.2000000000 -18.7859937375
69.3000000000 -18.8301635100
69.4000000000 -18.8742868433
69.5000000000 -18.9183654970
69.6000000000 -18.9624012158
69.7000000000 -19.0063957301
69.8000000000 -19.0503507558
69.9000000000 -19.0942679948
70.0000000000 -19.1381491355
70.1000000000 -19.1819958525
70.2000000000 -19.2258098076
70.3000000000 -19.2695926494
70.4000000000 -19.3133460138
70.5000000000 -19.3570715245
70.6000000000 -19.4007707928
70.7000000000 -19.4444454181
70.8000000000 -19.4880969880
70.9000000000 -19.5317270788
71.0000000000 -19.5753372553
71.1000000000 -19.6189290716
71.2000000000 -19.6625040705
71.3000000000 -19.7060637847
71.4000000000 -19.7496097361
71.5000000000 -19.7931434366
71.6000000000 -19.8366663882
71.7000000000 -19.8801800830
71.8000000000 -19.9236860034
71.9000000000 -19.9671856227
72.0000000000 -20.0106804048
72.1000000000 -20.0541718047
72.2000000000 -20.0976612684
72.3000000000 -20.1411502334
72.4000000000 -20.1846401287
72.5000000000 -20.2281323751
72.6000000000 -20.2716283850
72.7000000000 -20.3151295632
72.8000000000 -20.3586373064
72.9000000000 -20.4021530040
73.0000000000 -20.4456780375
73.1000000000 -20.4892137815
73.2000000000 -20.5327616032
73.3000000000 -20.5763228629
73.4000000000 -20.6198989140
73.5000000000 -20.6634911032
73.6000000000 -20.7071007707
73.7000000000 -20.7507292502
73.8000000000 -20.7943778690
73.9000000000 -20.8380479485
74.0000000000 -20.8817408038
74.1000000000 -20.9254577444
74.2000000000 -20.9692000738
74.3000000000 -21.0129690900
74.4000000000 -21.0567660854
74.5000000000 -21.1005923470
74.6000000000 -21.1444491565
74.7000000000 -21.1883377907
74.8000000000 -21.2322595209
74.9000000000 -21.2762156140
75.0000000000 -21.3202073315
75.1000000000 -21.3642359305
75.2000000000 -21.4083026636
75.3000000000 -21.4524087786
75.4000000000 -21.4965555190
75.5000000000 -21.5407441241
75.6000000000 -21.5849758287
75.7000000000 -21.6292518638
75.8000000000 -21.6735734561
75.9000000000 -21.7179418284
76.0000000000 -21.7623581998
76.1000000000 -21.8068237855
76.2000000000 -21.8513397970
76.3000000000 -21.8959074421
76.4000000000 -21.9405279254
76.5000000000 -21.9852024476
76.6000000000 -22.0299322064
76.7000000000 -22.0747183959
76.8000000000 -22.1195622071
76.9000000000 -22.1644648279
77.0000000000 -22.2094274430
77.1000000000 -22.2544512341
77.2000000000 -22.2995373799
77.3000000000 -22.3446870561
77.4000000000 -22.3899014357
77.5000000000 -22.4351816889
77.6000000000 -22.4805289831
77.7000000000 -22.5259444830
77.8000000000 -22.5714293507
77.9000000000 -22.6169847457
78.0000000000 -22.6626118249
78.1000000000 -22.7083117429
78.2000000000 -22.7540856517
78.3000000000 -22.7999347008
78.4000000000 -22.8458600375
78.5000000000 -22.8918628069
78.6000000000 -22.9379441514
78.7000000000 -22.9841052115
78.8000000000 -23.0303471254
78.9000000000 -23.0766710290
79.0000000000 -23.1230780560
79.1000000000 -23.1695693383
79.2000000000 -23.2161460054
79.3000000000 -23.2628091846
79.4000000000 -23.3095600015
79.5000000000 -23.3563995793
79.6000000000 -23.4033290395
79.7000000000 -23.4503495013
79.8000000000 -23.4974620820
79.9000000000 -23.5446678970
80.0000000000 -23.5919680596
80.1000000000 -23.6393636813
80.2000000000 -23.6868558714
80.3000000000 -23.7344457374
80.4000000000 -23.7821343849
80.5000000000 -23.8299229173
80.6000000000 -23.8778124364
80.7000000000 -23.9258040417
80.8000000000 -23.9738988309
80.9000000000 -24.0220978998
81.0000000000 -24.0704023420
81.1000000000 -24.1188132494
81.2000000000 -24.1673317116
81.3000000000 -24.2159588165
81.4000000000 -24.2646956496
81.5000000000 -24.3135432947
81.6000000000 -24.3625028333
81.7000000000 -24.4115753449
81.8000000000 -24.4607619068
81.9000000000 -24.5100635942
82.0000000000 -24.5594814803
82.1000000000 -24.6090166357
82.2000000000 -24.6586701292
82.3000000000 -24.7084430269
82.4000000000 -24.7583363931
82.5000000000 -24.8083512892
82.6000000000 -24.8584887747
82.7000000000 -24.9087499063
82.8000000000 -24.9591357384
82.9000000000 -25.0096473230
83.0000000000 -25.0602857093
83.1000000000 -25.1110519440
83.2000000000 -25.1619470710
83.3000000000 -25.2129721318
83.4000000000 -25.2641281648
83.5000000000 -25.3154162056
83.6000000000 -25.3668372871
83.7000000000 -25.4183924391
83.8000000000 -25.4700826883
83.9000000000 -25.5219090584
84.0000000000 -25.5738725700
84.1000000000 -25.6259742404
84.2000000000 -25.6782150835
84.3000000000 -25.7305961099
84.4000000000 -25.7831183269
84.5000000000 -25.8357827380
84.6000000000 -25.8885903433
84.7000000000 -25.9415421390
84.8000000000 -25.9946391177
84.9000000000 -26.0478822680
85.0000000000 -26.1012725747
85.1000000000 -26.1548110184
85.2000000000 -26.2084985755
85.3000000000 -26.2623362183
85.4000000000 -26.3163249148
85.5000000000 -26.3704656285
85.6000000000 -26.4247593183
85.7000000000 -26.4792069385
85.8000000000 -26.5338094387
85.9000000000 -26.5885677637
86.0000000000 -26.6434828532
86.1000000000 -26.6985556418
86.2000000000 -26.7537870592
86.3000000000 -26.8091780295
86.4000000000 -26.8647294715
86.5000000000 -26.9204422986
86.6000000000 -26.9763174183
86.7000000000 -27.0323557324
86.8000000000 -27.0885581370
86.9000000000 -27.1449255220
87.0000000000 -27.2014587710
87.1000000000 -27.2581587617
87.2000000000 -27.3150263651
87.3000000000 -27.3720624458
87.4000000000 -27.4292678615
87.5000000000 -27.4866434634
87.6000000000 -27.5441900955
87.7000000000 -27.6019085949
87.8000000000 -27.6597997913
87.9000000000 -27.7178645071
88.0000000000 -27.7761035572
88.1000000000 -27.8345177488
88.2000000000 -27.8931078812
88.3000000000 -27.9518747460
88.4000000000 -28.0108191264
88.5000000000 -28.0699417976
88.6000000000 -28.1292435262
88.7000000000 -28.1887250702
88.8000000000 -28.2483871790
88.9000000000 -28.3082305931
89.0000000000 -28.3682560441
89.1000000000 -28.4284642540
89.2000000000 -28.4888559358
89.3000000000 -28.5494317930
89.4000000000 -28.6101925192
89.5000000000 -28.6711387983
89.6000000000 -28.7322713042
89.7000000000 -28.7935907006
89.8000000000 -28.8550976408
89.9000000000 -28.9167927678
90.0000000000 -28.9786767138
90.1000000000 -29.0407501002
90.2000000000 -29.1030135373
90.3000000000 -29.1654676245
90.4000000000 -29.2281129497
90.5000000000 -29.2909500892
90.6000000000 -29.3539796078
90.7000000000 -29.4172020584
90.8000000000 -29.4806179820
90.9000000000 -29.5442279072
91.0000000000 -29.6080323505
91.1000000000 -29.6720318158
91.2000000000 -29.7362267942
91.3000000000 -29.8006177641
91.4000000000 -29.8652051908
91.5000000000 -29.9299895266
91.6000000000 -29.9949712102
91.7000000000 -30.0601506669
91.8000000000 -30.1255283084
91.9000000000 -30.1911045323
92.0000000000 -30.2568797224
92.1000000000 -30.3228542484
92.2000000000 -30.3890284654
92.3000000000 -30.4554027142
92.4000000000 -30.5219773209
92.5000000000 -30.5887525966
92.6000000000 -30.6557288377
92.7000000000 -30.7229063254
92.8000000000 -30.7902853254
92.9000000000 -30.8578660882
93.0000000000 -30.9256488485
93.1000000000 -30.9936338256
93.2000000000 -31.0618212224
93.3000000000 -31.1302112262
93.4000000000 -31.1988040079
93.5000000000 -31.2675997222
93.6000000000 -31.3365985071
93.7000000000 -31.4058004843
93.8000000000 -31.4752057585
93.9000000000 -31.5448144177
94.0000000000 -31.6146265328
94.1000000000 -31.6846421577
94.2000000000 -31.7548613289
94.3000000000 -31.8252840655
94.4000000000 -31.8959103693
94.5000000000 -31.9667402243
94.6000000000 -32.0377735968
94.7000000000 -32.1090104355
94.8000000000 -32.1804506707
94.9000000000 -32.2520942151
95.0000000000 -32.3239409631
95.1000000000 -32.3959907908
95.2000000000 -32.4682435560
95.3000000000 -32.5406990981
95.4000000000 -32.6133572380
95.5000000000 -32.6862177781
95.6000000000 -32.7592805019
95.7000000000 -32.8325451743
95.8000000000 -32.9060115417
95.9000000000 -32.9796793310
96.0000000000 -33.0535482508
96.1000000000 -33.1276179903
96.2000000000 -33.2018882198
96.3000000000 -33.2763585907
96.4000000000 -33.3510287349
96.5000000000 -33.4258982656
96.6000000000 -33.5009667765
96.7000000000 -33.5762338421
96.8000000000 -33.6516990178
96.9000000000 -33.7273618397
97.0000000000 -33.8032218245
97.1000000000 -33.8792784699
97.2000000000 -33.9555312540
97.3000000000 -34.0319796360
97.4000000000 -34.1086230554
97.5000000000 -34.1854609329
97.6000000000 -34.2624926696
97.7000000000 -34.3397176476
97.8000000000 -34.4171352297
97.9000000000 -34.4947447598
98.0000000000 -34.5725455624
98.1000000000 -34.6505369430
98.2000000000 -34.7287181884
98.3000000000 -34.8070885660
98.4000000000 -34.8856473247
98.5000000000 -34.9643936944
98.6000000000 -35.0433268862
98.7000000000 -35.1224460928
98.8000000000 -35.2017504880
98.9000000000 -35.2812392274
99.0000000000 -35.3609114481
99.1000000000 -35.4407662689
99.2000000000 -35.5208027904
99.3000000000 -35.6010200952
99.4000000000 -35.6814172480
99.5000000000 -35.7619932956
99.6000000000 -35.8427472671
99.7000000000 -35.9236781742
99.8000000000 -36.0047850111
99.9000000000 -36.0860667547
100.0000000000 -36.1675223648
100.1000000000 -36.2491507843
100.2000000000 -36.3309509394
100.3000000000 -36.4129217395
100.4000000000 -36.4950620777
100.5000000000 -36.5773708308
100.6000000000 -36.6598468596
100.7000000000 -36.7424890088
100.8000000000 -36.8252961078
100.9000000000 -36.9082669701
101.0000000000 -36.9914003941
101.1000000000 -37.0746951632
101.2000000000 -37.1581500460
101.3000000000 -37.2417637961
101.4000000000 -37.3255351531
101.5000000000 -37.4094628423
101.6000000000 -37.4935455750
101.7000000000 -37.5777820487
101.8000000000 -37.6621709477
101.9000000000 -37.7467109429
102.0000000000 -37.8314006924
102.1000000000 -37.9162388413
102.2000000000 -38.0012240225
102.3000000000 -38.0863548566
102.4000000000 -38.1716299525
102.5000000000 -38.2570479072
102.6000000000 -38.3426073064
102.7000000000 -38.4283067248
102.8000000000 -38.5141447261
102.9000000000 -38.6001198637
103.0000000000 -38.6862306806
103.1000000000 -38.7724757099
103.2000000000 -38.8588534752
103.3000000000 -38.9453624904
103.4000000000 -39.0320012606
103.5000000000 -39.1187682822
103.6000000000 -39.2056620428
103.7000000000 -39.2926810223
103.8000000000 -39.3798236924
103.9000000000 -39.4670885174
104.0000000000 -39.5544739545
104.1000000000 -39.6419784537
104.2000000000 -39.7296004587
104.3000000000 -39.8173384068
104.4000000000 -39.9051907293
104.5000000000 -39.9931558520
104.6000000000 -40.0812321952
104.7000000000 -40.1694181742
104.8000000000 -40.2577121999
104.9000000000 -40.3461126785
105.0000000000 -40.4346180124
105.1000000000 -40.5232266001
105.2000000000 -40.6119368369
105.3000000000 -40.7007471148
105.4000000000 -40.7896558233
105.5000000000 -40.8786613493
105.6000000000 -40.9677620776
105.7000000000 -41.0569563913
105.8000000000 -41.1462426720
105.9000000000 -41.2356193002
106.0000000000 -41.3250846553
106.1000000000 -41.4146371167
106.2000000000 -41.5042750631
106.3000000000 -41.5939968736
106.4000000000 -41.6838009276
106.5000000000 -41.7736856054
106.6000000000 -41.8636492882
106.7000000000 -41.9536903586
106.8000000000 -42.0438072010
106.9000000000 -42.1339982014
107.0000000000 -42.2242617485
107.1000000000 -42.3145962333
107.2000000000 -42.4050000498
107.3000000000 -42.4954715950
107.4000000000 -42.5860092696
107.5000000000 -42.6766114778
107.6000000000 -42.7672766279
107.7000000000 -42.8580031325
107.8000000000 -42.9487894088
107.9000000000 -43.0396338789
108.0000000000 -43.1305349699
108.1000000000 -43.2214911144
108.2000000000 -43.3125007507
108.3000000000 -43.4035623229
108.4000000000 -43.4946742813
108.5000000000 -43.5858350828
108.6000000000 -43.6770431907
108.7000000000 -43.7682970756
108.8000000000 -43.8595952149
108.9000000000 -43.9509360937
109.0000000000 -44.0423182045
109.1000000000 -44.1337400479
109.2000000000 -44.2252001325
109.3000000000 -44.3166969752
109.4000000000 -44.4082291015
109.5000000000 -44.4997950455
109.6000000000 -44.5913933504
109.7000000000 -44.6830225685
109.8000000000 -44.7746812615
109.9000000000 -44.8663680005
110.0000000000 -44.9580813666
110.1000000000 -45.0498199506
110.2000000000 -45.1415823534
110.3000000000 -45.2333671862
110.4000000000 -45.3251730707
110.5000000000 -45.4169986392
110.6000000000 -45.5088425346
110.7000000000 -45.6007034108
110.8000000000 -45.6925799329
110.9000000000 -45.7844707769
111.0000000000 -45.8763746304
111.1000000000 -45.9682901923
111.2000000000 -46.0602161733
111.3000000000 -46.1521512955
111.4000000000 -46.2440942932
111.5000000000 -46.3360439123
111.6000000000 -46.4279989110
111.7000000000 -46.5199580596
111.8000000000 -46.6119201405
111.9000000000 -46.7038839487
112.0000000000 -46.7958482913
112.1000000000 -46.8878119883
112.2000000000 -46.9797738719
112.3000000000 -47.0717327872
112.4000000000 -47.1636875920
112.5000000000 -47.2556371566
112.6000000000 -47.3475803645
112.7000000000 -47.4395161118
112.8000000000 -47.5314433078
112.9000000000 -47.6233608745
113.0000000000 -47.7152677469
113.1000000000 -47.8071628733
113.2000000000 -47.8990452147
113.3000000000 -47.9909137455
113.4000000000 -48.0827674528
113.5000000000 -48.1746053371
113.6000000000 -48.2664264119
113.7000000000 -48.3582297038
113.8000000000 -48.4500142524
113.9000000000 -48.5417791104
114.0000000000 -48.6335233438
114.1000000000 -48.7252460313
114.2000000000 -48.8169462647
114.3000000000 -48.9086231489
114.4000000000 -49.0002758018
114.5000000000 -49.0919033540
114.6000000000 -49.1835049491
114.7000000000 -49.2750797435
114.8000000000 -49.3666269063
114.9000000000 -49.4581456196
115.0000000000 -49.5496350777
115.1000000000 -49.6410944879
115.2000000000 -49.7325230697
115.3000000000 -49.8239200554
115.4000000000 -49.9152846892
115.5000000000 -50.0066162281
115.6000000000 -50.0979139410
115.7000000000 -50.1891771088
115.8000000000 -50.2804050248
115.9000000000 -50.3715969939
116.0000000000 -50.4627523330
116.1000000000 -50.5538703706
116.2000000000 -50.6449504469
116.3000000000 -50.7359919134
116.4000000000 -50.8269941334
116.5000000000 -50.9179564810
116.6000000000 -51.0088783416
116.7000000000 -51.0997591118
116.8000000000 -51.1905981988
116.9000000000 -51.2813950208
117.0000000000 -51.3721490064
117.1000000000 -51.4628595948
117.2000000000 -51.5535262356
117.3000000000 -51.6441483883
117.4000000000 -51.7347255227
117.5000000000 -51.8252571186
117.6000000000 -51.9157426652
117.7000000000 -52.0061816614
117.8000000000 -52.0965736157
117.9000000000 -52.1869180457
118.0000000000 -52.2772144780
118.1000000000 -52.3674624484
118.2000000000 -52.4576615013
118.3000000000 -52.5478111896
118.4000000000 -52.6379110747
118.5000000000 -52.7279607263
118.6000000000 -52.8179597222
118.7000000000 -52.9079076478
118.8000000000 -52.9978040965
118.9000000000 -53.0876486691
119.0000000000 -53.1774409736
119.1000000000 -53.2671806253
119.2000000000 -53.3568672465
119.3000000000 -53.4465004659
119.4000000000 -53.5360799193
119.5000000000 -53.6256052483
119.6000000000 -53.7150761012
119.7000000000 -53.8044921318
119.8000000000 -53.8938530000
119.9000000000 -53.9831583711
120.0000000000 -54.0724079158
120.1000000000 -54.1616013100
120.2000000000 -54.2507382346
120.3000000000 -54.3398183751
120.4000000000 -54.4288414216
120.5000000000 -54.5178070688
120.6000000000 -54.6067150151
120.7000000000 -54.6955649632
120.8000000000 -54.7843566192
120.9000000000 -54.8730896929
121.0000000000 -54.9617638975
121.1000000000 -55.0503789489
121.2000000000 -55.1389345662
121.3000000000 -55.2274304712
121.4000000000 -55.3158663878
121.5000000000 -55.4042420424
121.6000000000 -55.4925571633
121.7000000000 -55.5808114809
121.8000000000 -55.6690047267
121.9000000000 -55.7571366339
122.0000000000 -55.8452069369
122.1000000000 -55.9332153710
122.2000000000 -56.0211616721
122.3000000000 -56.1090455768
122.4000000000 -56.1968668220
122.5000000000 -56.2846251446
122.6000000000 -56.3723202817
122.7000000000 -56.4599519697
122.8000000000 -56.5475199447
122.9000000000 -56.6350239422
123.0000000000 -56.7224636965
123.1000000000 -56.8098389409
123.2000000000 -56.8971494074
123.3000000000 -56.9843948264
123.4000000000 -57.0715749265
123.5000000000 -57.1586894346
123.6000000000 -57.2457380752
123.7000000000 -57.3327205704
123.8000000000 -57.4196366401
123.9000000000 -57.5064860012
124.0000000000 -57.5932683677
124.1000000000 -57.6799834506
124.2000000000 -57.7666309574
124.3000000000 -57.8532105922
124.4000000000 -57.9397220555
124.5000000000 -58.0261650439
124.6000000000 -58.1125392498
124.7000000000 -58.1988443615
124.8000000000 -58.2850800629
124.9000000000 -58.3712460333
125.0000000000 -58.4573419471
125.1000000000 -58.5433674740
125.2000000000 -58.6293222785
125.3000000000 -58.7152060199
125.4000000000 -58.8010183518
125.5000000000 -58.8867589227
125.6000000000 -58.9724273749
125.7000000000 -59.0580233451
125.8000000000 -59.1435464638
125.9000000000 -59.2289963553
126.0000000000 -59.3143726378
126.1000000000 -59.3996749226
126.2000000000 -59.4849028148
126.3000000000 -59.5700559124
126.4000000000 -59.6551338068
126.5000000000 -59.7401360821
126.6000000000 -59.8250623154
126.7000000000 -59.9099120767
126.8000000000 -59.9946849283
126.9000000000 -60.0793804251
127.0000000000 -60.1639981145
127.1000000000 -60.2485375360
127.2000000000 -60.3329982216
127.3000000000 -60.4173796949
127.4000000000 -60.5016814720
127.5000000000 -60.5859030604
127.6000000000 -60.6700439596
127.7000000000 -60.7541036611
127.8000000000 -60.8380816475
127.9000000000 -60.9219773934
128.0000000000 -61.0057903646
128.1000000000 -61.0895200185
128.2000000000 -61.1731658039
128.3000000000 -61.2567271605
128.4000000000 -61.3402035199
128.5000000000 -61.4235943042
128.6000000000 -61.5068989272
128.7000000000 -61.5901167935
128.8000000000 -61.6732472988
128.9000000000 -61.7562898299
129.0000000000 -61.8392437646
129.1000000000 -61.9221084716
129.2000000000 -62.0048833107
129.3000000000 -62.0875676326
129.4000000000 -62.1701607789
129.5000000000 -62.2526620821
129.6000000000 -62.3350708657
129.7000000000 -62.4173864441
129.8000000000 -62.4996081227
129.9000000000 -62.5817351977
130.0000000000 -62.6637669565
130.1000000000 -62.7457026774
130.2000000000 -62.8275416296
130.3000000000 -62.9092830734
130.4000000000 -62.9909262604
130.5000000000 -63.0724704332
130.6000000000 -63.1539148253
130.7000000000 -63.2352586619
130.8000000000 -63.3165011591
130.9000000000 -63.3976415246
131.0000000000 -63.4786789573
131.1000000000 -63.5596126477
131.2000000000 -63.6404417777
131.3000000000 -63.7211655210
131.4000000000 -63.8017830428
131.5000000000 -63.8822935002
131.6000000000 -63.9626960421
131.7000000000 -64.0429898095
131.8000000000 -64.1231739354
131.9000000000 -64.2032475448
132.0000000000 -64.2832097551
132.1000000000 -64.3630596761
132.2000000000 -64.4427964102
132.3000000000 -64.5224190521
132.4000000000 -64.6019266896
132.5000000000 -64.6813184030
132.6000000000 -64.7605932659
132.7000000000 -64.8397503448
132.8000000000 -64.9187886997
132.9000000000 -64.9977073838
133.0000000000 -65.0765054439
133.1000000000 -65.1551819205
133.2000000000 -65.2337358480
133.3000000000 -65.3121662548
133.4000000000 -65.3904721634
133.5000000000 -65.4686525906
133.6000000000 -65.5467065479
133.7000000000 -65.6246330412
133.8000000000 -65.7024310714
133.9000000000 -65.7800996343
134.0000000000 -65.8576377209
134.1000000000 -65.9350443177
134.2000000000 -66.0123184066
134.3000000000 -66.0894589653
134.4000000000 -66.1664649672
134.5000000000 -66.2433353822
134.6000000000 -66.3200691762
134.7000000000 -66.3966653117
134.8000000000 -66.4731227479
134.9000000000 -66.5494404407
135.0000000000 -66.6256173435
135.1000000000 -66.7016524065
135.2000000000 -66.7775445777
135.3000000000 -66.8532928029
135.4000000000 -66.9288960255
135.5000000000 -67.0043531871
135.6000000000 -67.0796632278
135.7000000000 -67.1548250862
135.8000000000 -67.2298376995
135.9000000000 -67.3047000039
136.0000000000 -67.3794109350
136.1000000000 -67.4539694275
136.2000000000 -67.5283744159
136.3000000000 -67.6026248346
136.4000000000 -67.6767196177
136.5000000000 -67.7506577001
136.6000000000 -67.8244380166
136.7000000000 -67.8980595032
136.8000000000 -67.9715210966
136.9000000000 -68.0448217347
137.0000000000 -68.1179603567
137.1000000000 -68.1909359034
137.2000000000 -68.2637473175
137.3000000000 -68.3363935436
137.4000000000 -68.4088735286
137.5000000000 -68.4811862220
137.6000000000 -68.5533305757
137.7000000000 -68.6253055446
137.8000000000 -68.6971100868
137.9000000000 -68.7687431638
138.0000000000 -68.8402037403
138.1000000000 -68.9114907851
138.2000000000 -68.9826032708
138.3000000000 -69.0535401742
138.4000000000 -69.1243004765
138.5000000000 -69.1948831635
138.6000000000 -69.2652872258
138.7000000000 -69.3355116590
138.8000000000 -69.4055554640
138.9000000000 -69.4754176469
139.0000000000 -69.5450972197
139.1000000000 -69.6145931999
139.2000000000 -69.6839046114
139.3000000000 -69.7530304838
139.4000000000 -69.8219698536
139.5000000000 -69.8907217637
139.6000000000 -69.9592852636
139.7000000000 -70.0276594099
139.8000000000 -70.0958432666
139.9000000000 -70.1638359046
140.0000000000 -70.2316364025
140.1000000000 -70.2992438467
140.2000000000 -70.3666573313
140.3000000000 -70.4338759585
140.4000000000 -70.5008988387
140.5000000000 -70.5677250905
140.6000000000 -70.6343538414
140.7000000000 -70.7007842273
140.8000000000 -70.7670153929
140.9000000000 -70.8330464921
141.0000000000 -70.8988766879
141.1000000000 -70.9645051525
141.2000000000 -71.0299310676
141.3000000000 -71.0951536246
141.4000000000 -71.1601720244
141.5000000000 -71.2249854779
141.6000000000 -71.2895932060
141.7000000000 -71.3539944397
141.8000000000 -71.4181884201
141.9000000000 -71.4821743989
142.0000000000 -71.5459516381
142.1000000000 -71.6095194103
142.2000000000 -71.6728769989
142.3000000000 -71.7360236980
142.4000000000 -71.7989588125
142.5000000000 -71.8616816585
142.6000000000 -71.9241915631
142.7000000000 -71.9864878644
142.8000000000 -72.0485699118
142.9000000000 -72.1104370662
143.0000000000 -72.1720886996
143.1000000000 -72.2335241954
143.2000000000 -72.2947429486
143.3000000000 -72.3557443655
143.4000000000 -72.4165278642
143.5000000000 -72.4770928740
143.6000000000 -72.5374388358
143.7000000000 -72.5975652022
143.8000000000 -72.6574714369
143.9000000000 -72.7171570153
144.0000000000 -72.7766214239
144.1000000000 -72.8358641608
144.2000000000 -72.8948847347
144.3000000000 -72.9536826657
144.4000000000 -73.0122574843
144.5000000000 -73.0706087316
144.6000000000 -73.1287359590
144.7000000000 -73.1866387276
144.8000000000 -73.2443166080
144.9000000000 -73.3017691798
145.0000000000 -73.3589960307
145.1000000000 -73.4159967564
145.2000000000 -73.4727709591
145.3000000000 -73.5293182470
145.4000000000 -73.5856382332
145.5000000000 -73.6417305340
145.6000000000 -73.6975947678
145.7000000000 -73.7532305531
145.8000000000 -73.8086375063
145.9000000000 -73.8638152395
146.0000000000 -73.9187633573
146.1000000000 -73.9734814540
146.2000000000 -74.0279691090
146.3000000000 -74.0822258829
146.4000000000 -74.1362513118
146.5000000000 -74.1900449011
146.6000000000 -74.2436061186
146.7000000000 -74.2969343857
146.8000000000 -74.3500290676
146.9000000000 -74.4028894621
147.0000000000 -74.4555147857
147.1000000000 -74.5079041587
147.2000000000 -74.5600565859
147.3000000000 -74.6119709363
147.4000000000 -74.6636459177
147.5000000000 -74.7150800476
147.6000000000 -74.7662716198
147.7000000000 -74.8172186643
147.8000000000 -74.8679189017
147.9000000000 -74.9183696888
148.0000000000 -74.9685679564
148.1000000000 -75.0185101352
148.2000000000 -75.0681920708
148.3000000000 -75.1176089235
148.4000000000 -75.1667550513
148.5000000000 -75.2156238743
148.6000000000 -75.2642077153
148.7000000000 -75.3124976142
148.8000000000 -75.3604831114
148.9000000000 -75.4081519949
149.0000000000 -75.4554900047
149.1000000000 -75.5024804883
149.2000000000 -75.5491039981
149.3000000000 -75.5953378212
149.4000000000 -75.6411554313
149.5000000000 -75.6865258473
149.6000000000 -75.7314128862
149.7000000000 -75.7757742892
149.8000000000 -75.8195607026
149.9000000000 -75.8627144871
150.0000000000 -75.9051683280
150.1000000000 -75.9468436121
150.2000000000 -75.9876485330
150.3000000000 -76.0274758785
150.4000000000 -76.0662004468
150.5000000000 -76.1036760305
150.6000000000 -76.1397318938
150.7000000000 -76.1741686598
150.8000000000 -76.2067535084
150.9000000000 -76.2372145685
151.0000000000 -76.2652343710
151.1000000000 -76.2904422031
151.2000000000 -76.3124051818
151.3000000000 -76.3306178313
151.4000000000 -76.3444899128
151.5000000000 -76.3533322158
151.6000000000 -76.3563399687
151.7000000000 -76.3525734711
151.8000000000 -76.3409354830
151.9000000000 -76.3201448298
152.0000000000 -76.2887055926
152.1000000000 -76.2448711464
152.2000000000 -76.1866021905
152.3000000000 -76.1115177732
152.4000000000 -76.0168381478
152.5000000000 -75.8993181097
152.6000000000 -75.7551692427
152.7000000000 -75.5799692489
152.8000000000 -75.3685562414
152.9000000000 -75.1149055404
153.0000000000 -74.8119861166
153.1000000000 -74.4515933707
153.2000000000 -74.0241544034
153.3000000000 -73.5185013020
153.4000000000 -72.9216072183
153.5000000000 -72.2182790850
153.6000000000 -71.3907996266
153.7000000000 -70.4185097021
153.8000000000 -69.2773196559
153.9000000000 -67.9391346522
154.0000000000 -66.3711727624
154.1000000000 -64.5351436256
154.2000000000 -62.3862354934
154.3000000000 -59.8718212863
154.4000000000 -56.9297253141
154.5000000000 -53.4857674161
154.6000000000 -49.4500879313
154.7000000000 -44.7114333601
154.8000000000 -39.1282003064
154.9000000000 -32.5148188376
155.0000000000 -24.6225373326
155.1000000000 -15.1182879447
155.2000000000 -3.6053075044
155.3000000000 10.0257153692
155.4000000000 24.0273984951
155.5000000000 33.6672510063
155.6000000000 36.9828590387
155.7000000000 37.2318272478
155.8000000000 37.0857678717
155.9000000000 37.0806470148
156.0000000000 37.1627689102
156.1000000000 37.2656066570
156.2000000000 37.3556355854
156.3000000000 37.4188242489
156.4000000000 37.4506417901
156.5000000000 37.4508814455
156.6000000000 37.4211273306
156.7000000000 37.3635491668
156.8000000000 37.2803542814
156.9000000000 37.1735618919
157.0000000000 37.0449322051
157.1000000000 36.8959665960
157.2000000000 36.7279373009
157.3000000000 36.5419264027
157.4000000000 36.3388646853
157.5000000000 36.1195663615
157.6000000000 35.8847583457
157.7000000000 35.6351040116
157.8000000000 35.3712219210
157.9000000000 35.0937002083
158.0000000000 34.8031073299
158.1000000000 34.4999998370
158.2000000000 34.1849277529
158.3000000000 33.8584380512
158.4000000000 33.5210766516
158.5000000000 33.1733892796
158.6000000000 32.8159214742
158.7000000000 32.4492179770
158.8000000000 32.0738216907
158.9000000000 31.6902723571
159.0000000000 31.2991050766
159.1000000000 30.9008487623
159.2000000000 30.4960246017
159.3000000000 30.0851445798
159.4000000000 29.6687101050
159.5000000000 29.2472107640
159.6000000000 28.8211232238
159.7000000000 28.3909102910
159.8000000000 27.9570201308
159.9000000000 27.5198856448
160.0000000000 27.0799240022
160.1000000000 26.6375363149
160.2000000000 26.1931074490
160.3000000000 25.7470059580
160.4000000000 25.2995841279
160.5000000000 24.8511781204
160.6000000000 24.4021082021
160.7000000000 23.9526790472
160.8000000000 23.5031801031
160.9000000000 23.0538860060
161.0000000000 22.6050570377
161.1000000000 22.1569396147
161.2000000000 21.7097667985
161.3000000000 21.2637588228
161.4000000000 20.8191236276
161.5000000000 20.3760573974
161.6000000000 19.9347450947
161.7000000000 19.4953609878
161.8000000000 19.0580691669
161.9000000000 18.6230240460
162.0000000000 18.1903708486
162.1000000000 17.7602460743
162.2000000000 17.3327779459
162.3000000000 16.9080868340
162.4000000000 16.4862856613
162.5000000000 16.0674802832
162.6000000000 15.6517698467
162.7000000000 15.2392471269
162.8000000000 14.8299988414
162.9000000000 14.4241059441
163.0000000000 14.0216438976
163.1000000000 13.6226829264
163.2000000000 13.2272882515
163.3000000000 12.8355203067
163.4000000000 12.4474349387
163.5000000000 12.0630835920
163.6000000000 11.6825134784
163.7000000000 11.3057677346
163.8000000000 10.9328855671
163.9000000000 10.5639023862
164.0000000000 10.1988499303
164.1000000000 9.8377563820
164.2000000000 9.4806464757
164.3000000000 9.1275415988
164.4000000000 8.7784598876
164.5000000000 8.4334163172
164.6000000000 8.0924227875
164.7000000000 7.7554882062
164.8000000000 7.4226185680
164.9000000000 7.0938170323
165.0000000000 6.7690839990
165.1000000000 6.4484171829
165.2000000000 6.1318116881
165.3000000000 5.8192600817
165.4000000000 5.5107524681
165.5000000000 5.2062765640
165.6000000000 4.9058177736
165.7000000000 4.6093592656
165.8000000000 4.3168820509
165.9000000000 4.0283650619
166.0000000000 3.7437852326
166.1000000000 3.4631175800
166.2000000000 3.1863352874
166.3000000000 2.9134097871
166.4000000000 2.6443108459
166.5000000000 2.3790066491
166.6000000000 2.1174638871
166.7000000000 1.8596478401
166.8000000000 1.6055224643
166.9000000000 1.3550504770
167.0000000000 1.1081934419
167.1000000000 0.8649118523
167.2000000000 0.6251652150
167.3000000000 0.3889121320
167.4000000000 0.1561103807
167.5000000000 -0.0732830070
167.6000000000 -0.2993116673
167.7000000000 -0.5220198299
167.8000000000 -0.7414522443
167.9000000000 -0.9576541091
168.0000000000 -1.1706710033
168.1000000000 -1.3805488201
168.2000000000 -1.5873337034
168.3000000000 -1.7910719858
168.4000000000 -1.9918101307
168.5000000000 -2.1895946761
168.6000000000 -2.3844721808
168.7000000000 -2.5764891738
168.8000000000 -2.7656921061
168.9000000000 -2.9521273051
169.0000000000 -3.1358409314
169.1000000000 -3.3168789381
169.2000000000 -3.4952870334
169.3000000000 -3.6711106438
169.4000000000 -3.8443948818
169.5000000000 -4.0151845143
169.6000000000 -4.1835239340
169.7000000000 -4.3494571323
169.8000000000 -4.5130276756
169.9000000000 -4.6742786816
170.0000000000 -4.8332527995
170.1000000000 -4.9899921904
170.2000000000 -5.1445385109
170.3000000000 -5.2969328971
170.4000000000 -5.4472159513
170.5000000000 -5.5954277294
170.6000000000 -5.7416077300
170.7000000000 -5.8857948852
170.8000000000 -6.0280275525
170.9000000000 -6.1683435078
171.0000000000 -6.3067799395
171.1000000000 -6.4433734444
171.2000000000 -6.5781600238
171.3000000000 -6.7111750808
171.4000000000 -6.8424534191
171.5000000000 -6.9720292420
171.6000000000 -7.0999361527
171.7000000000 -7.2262071545
171.8000000000 -7.3508746534
171.9000000000 -7.4739704593
172.0000000000 -7.5955257897
172.1000000000 -7.7155712725
172.2000000000 -7.8341369504
172.3000000000 -7.9512522854
172.4000000000 -8.0669461635
172.5000000000 -8.1812469005
172.6000000000 -8.2941822473
172.7000000000 -8.4057793964
172.8000000000 -8.5160649886
172.9000000000 -8.6250651192
173.0000000000 -8.7328053455
173.1000000000 -8.8393106942
173.2000000000 -8.9446056685
173.3000000000 -9.0487142564
173.4000000000 -9.1516599381
173.5000000000 -9.2534656945
173.6000000000 -9.3541540151
173.7000000000 -9.4537469063
173.8000000000 -9.5522659000
173.9000000000 -9.6497320622
174.0000000000 -9.7461660009
174.1000000000 -9.8415878753
174.2000000000 -9.9360174043
174.3000000000 -10.0294738746
174.4000000000 -10.1219761500
174.5000000000 -10.2135426795
174.6000000000 -10.3041915061
174.7000000000 -10.3939402752
174.8000000000 -10.4828062431
174.9000000000 -10.5708062853
175.0000000000 -10.6579569053
175.1000000000 -10.7442742422
175.2000000000 -10.8297740793
175.3000000000 -10.9144718522
175.4000000000 -10.9983826566
175.5000000000 -11.0815212564
175.6000000000 -11.1639020913
175.7000000000 -11.2455392845
175.8000000000 -11.3264466505
175.9000000000 -11.4066377022
176.0000000000 -11.4861256584
176.1000000000 -11.5649234509
176.2000000000 -11.6430437318
176.3000000000 -11.7204988799
176.4000000000 -11.7973010079
176.5000000000 -11.8734619691
176.6000000000 -11.9489933637
176.7000000000 -12.0239065450
176.8000000000 -12.0982126263
176.9000000000 -12.1719224863
177.0000000000 -12.2450467754
177.1000000000 -12.3175959216
177.2000000000 -12.3895801359
177.3000000000 -12.4610094183
177.4000000000 -12.5318935628
177.5000000000 -12.6022421627
177.6000000000 -12.6720646164
177.7000000000 -12.7413701313
177.8000000000 -12.8101677300
177.9000000000 -12.8784662540
178.0000000000 -12.9462743689
178.1000000000 -13.0136005688
178.2000000000 -13.0804531808
178.3000000000 -13.1468403689
178.4000000000 -13.2127701389
178.5000000000 -13.2782503417
178.6000000000 -13.3432886777
178.7000000000 -13.4078927004
178.8000000000 -13.4720698204
178.9000000000 -13.5358273087
179.0000000000 -13.5991723005
179.1000000000 -13.6621117984
179.2000000000 -13.7246526760
179.3000000000 -13.7868016806
179.4000000000 -13.8485654372
179.5000000000 -13.9099504506
179.6000000000 -13.9709631090
179.7000000000 -14.0316096867
179.8000000000 -14.0918963468
179.9000000000 -14.1518291439
180.0000000000 -14.2114140272
180.1000000000 -14.2706568421
180.2000000000 -14.3295633336
180.3000000000 -14.3881391485
180.4000000000 -14.4463898372
180.5000000000 -14.5043208567
180.6000000000 -14.5619375724
180.7000000000 -14.6192452602
180.8000000000 -14.6762491091
180.9000000000 -14.7329542224
181.0000000000 -14.7893656205
181.1000000000 -14.8454882421
181.2000000000 -14.9013269466
181.3000000000 -14.9568865157
181.4000000000 -15.0121716550
181.5000000000 -15.0671869960
181.6000000000 -15.1219370975
181.7000000000 -15.1764264475
181.8000000000 -15.2306594644
181.9000000000 -15.2846404988
182.0000000000 -15.3383738350
182.1000000000 -15.3918636923
182.2000000000 -15.4451142263
182.3000000000 -15.4981295307
182.4000000000 -15.5509136382
182.5000000000 -15.6034705220
182.6000000000 -15.6558040969
182.7000000000 -15.7079182209
182.8000000000 -15.7598166960
182.9000000000 -15.8115032695
183.0000000000 -15.8629816352
183.1000000000 -15.9142554344
183.2000000000 -15.9653282571
183.3000000000 -16.0162036431
183.4000000000 -16.0668850828
183.5000000000 -16.1173760183
183.6000000000 -16.1676798446
183.7000000000 -16.2177999101
183.8000000000 -16.2677395180
183.9000000000 -16.3175019270
184.0000000000 -16.3670903521
184.1000000000 -16.4165079657
184.2000000000 -16.4657578981
184.3000000000 -16.5148432388
184.4000000000 -16.5637670369
184.5000000000 -16.6125323020
184.6000000000 -16.6611420051
184.7000000000 -16.7095990792
184.8000000000 -16.7579064203
184.9000000000 -16.8060668877
185.0000000000 -16.8540833050
185.1000000000 -16.9019584608
185.2000000000 -16.9496951092
185.3000000000 -16.9972959706
185.4000000000 -17.0447637323
185.5000000000 -17.0921010493
185.6000000000 -17.1393105446
185.7000000000 -17.1863948100
185.8000000000 -17.2333564066
185.9000000000 -17.2801978656
186.0000000000 -17.3269216887
186.1000000000 -17.3735303486
186.2000000000 -17.4200262897
186.3000000000 -17.4664119286
186.4000000000 -17.5126896543
186.5000000000 -17.5588618295
186.6000000000 -17.6049307902
186.7000000000 -17.6508988469
186.8000000000 -17.6967682845
186.9000000000 -17.7425413634
187.0000000000 -17.7882203194
187.1000000000 -17.8338073645
187.2000000000 -17.8793046871
187.3000000000 -17.9247144529
187.4000000000 -17.9700388048
187.5000000000 -18.0152798635
187.6000000000 -18.0604397282
187.7000000000 -18.1055204764
187.8000000000 -18.1505241651
187.9000000000 -18.1954528305
188.0000000000 -18.2403084887
188.1000000000 -18.2850931361
188.2000000000 -18.3298087496
188.3000000000 -18.3744572873
188.4000000000 -18.4190406882
188.5000000000 -18.4635608735
188.6000000000 -18.5080197461
188.7000000000 -18.5524191914
188.8000000000 -18.5967610774
188.9000000000 -18.6410472552
189.0000000000 -18.6852795593
189.1000000000 -18.7294598078
189.2000000000 -18.7735898029
189.3000000000 -18.8176713309
189.4000000000 -18.8617061629
189.5000000000 -18.9056960546
189.6000000000 -18.9496427472
189.7000000000 -18.9935479672
189.8000000000 -19.0374134268
189.9000000000 -19.0812408243
190.0000000000 -19.1250318443
190.1000000000 -19.1687881578
190.2000000000 -19.2125114227
190.3000000000 -19.2562032840
190.4000000000 -19.2998653740
190.5000000000 -19.3434993126
190.6000000000 -19.3871067073
190.7000000000 -19.4306891540
190.8000000000 -19.4742482365
190.9000000000 -19.5177855275
191.0000000000 -19.5613025881
191.1000000000 -19.6048009685
191.2000000000 -19.6482822081
191.3000000000 -19.6917478357
191.4000000000 -19.7351993697
191.5000000000 -19.7786383182
191.6000000000 -19.8220661795
191.7000000000 -19.8654844421
191.8000000000 -19.9088945847
191.9000000000 -19.9522980768
192.0000000000 -19.9956963788
192.1000000000 -20.0390909418
192.2000000000 -20.0824832084
192.3000000000 -20.1258746122
192.4000000000 -20.1692665787
192.5000000000 -20.2126605247
192.6000000000 -20.2560578593
192.7000000000 -20.2994599834
192.8000000000 -20.3428682901
192.9000000000 -20.3862841650
193.0000000000 -20.4297089861
193.1000000000 -20.4731441242
193.2000000000 -20.5165909428
193.3000000000 -20.5600507987
193.4000000000 -20.6035250414
193.5000000000 -20.6470150140
193.6000000000 -20.6905220531
193.7000000000 -20.7340474886
193.8000000000 -20.7775926442
193.9000000000 -20.8211588376
194.0000000000 -20.8647473803
194.1000000000 -20.9083595780
194.2000000000 -20.9519967305
194.3000000000 -20.9956601323
194.4000000000 -21.0393510720
194.5000000000 -21.0830708329
194.6000000000 -21.1268206933
194.7000000000 -21.1706019259
194.8000000000 -21.2144157988
194.9000000000 -21.2582635748
195.0000000000 -21.3021465120
195.1000000000 -21.3460658639
195.2000000000 -21.3900228792
195.3000000000 -21.4340188022
195.4000000000 -21.4780548728
195.5000000000 -21.5221323265
195.6000000000 -21.5662523946
195.7000000000 -21.6104163043
195.8000000000 -21.6546252788
195.9000000000 -21.6988805374
196.0000000000 -21.7431832953
196.1000000000 -21.7875347642
196.2000000000 -21.8319361520
196.3000000000 -21.8763886629
196.4000000000 -21.9208934978
196.5000000000 -21.9654518540
196.6000000000 -22.0100649254
196.7000000000 -22.0547339027
196.8000000000 -22.0994599733
196.9000000000 -22.1442443214
197.0000000000 -22.1890881283
197.1000000000 -22.2339925720
197.2000000000 -22.2789588277
197.3000000000 -22.3239880678
197.4000000000 -22.3690814615
197.5000000000 -22.4142401757
197.6000000000 -22.4594653742
197.7000000000 -22.5047582181
197.8000000000 -22.5501198663
197.9000000000 -22.5955514747
198.0000000000 -22.6410541968
198.1000000000 -22.6866291836
198.2000000000 -22.7322775839
198.3000000000 -22.7780005438
198.4000000000 -22.8237992072
198.5000000000 -22.8696747157
198.6000000000 -22.9156282085
198.7000000000 -22.9616608227
198.8000000000 -23.0077736932
198.9000000000 -23.0539679527
199.0000000000 -23.1002447316
199.1000000000 -23.1466051584
199.2000000000 -23.1930503595
199.3000000000 -23.2395814590
199.4000000000 -23.2861995793
199.5000000000 -23.3329058405
199.6000000000 -23.3797013609
199.7000000000 -23.4265872565
199.8000000000 -23.4735646418
199.9000000000 -23.5206346289
200.0000000000 -23.5677983281
200.1000000000 -23.6150568480
200.2000000000 -23.6624112949
200.3000000000 -23.7098627734
200.4000000000 -23.7574123860
200.5000000000 -23.8050612335
200.6000000000 -23.8528104147
200.7000000000 -23.9006610264
200.8000000000 -23.9486141634
200.9000000000 -23.9966709189
201.0000000000 -24.0448323838
201.1000000000 -24.0930996472
201.2000000000 -24.1414737963
201.3000000000 -24.1899559162
201.4000000000 -24.2385470901
201.5000000000 -24.2872483991
201.6000000000 -24.3360609224
201.7000000000 -24.3849857370
201.8000000000 -24.4340239179
201.9000000000 -24.4831765381
202.0000000000 -24.5324446683
202.1000000000 -24.5818293771
202.2000000000 -24.6313317311
202.3000000000 -24.6809527943
202.4000000000 -24.7306936288
202.5000000000 -24.7805552942
202.6000000000 -24.8305388479
202.7000000000 -24.8806453449
202.8000000000 -24.9308758377
202.9000000000 -24.9812313764
203.0000000000 -25.0317130086
203.1000000000 -25.0823217795
203.2000000000 -25.1330587313
203.3000000000 -25.1839249039
203.4000000000 -25.2349213344
203.5000000000 -25.2860490570
203.6000000000 -25.3373091032
203.7000000000 -25.3887025016
203.8000000000 -25.4402302778
203.9000000000 -25.4918934544
204.0000000000 -25.5436930509
204.1000000000 -25.5956300837
204.2000000000 -25.6477055660
204.3000000000 -25.6999205074
204.4000000000 -25.7522759146
204.5000000000 -25.8047727905
204.6000000000 -25.8574121345
204.7000000000 -25.9101949427
204.8000000000 -25.9631222070
204.9000000000 -26.0161949159
205.0000000000 -26.0694140539
205.1000000000 -26.1227806016
205.2000000000 -26.1762955355
205.3000000000 -26.2299598279
205.4000000000 -26.2837744470
205.5000000000 -26.3377403565
205.6000000000 -26.3918585157
205.7000000000 -26.4461298796
205.8000000000 -26.5005553983
205.9000000000 -26.5551360172
206.0000000000 -26.6098726768
206.1000000000 -26.6647663129
206.2000000000 -26.7198178558
206.3000000000 -26.7750282311
206.4000000000 -26.8303983587
206.5000000000 -26.8859291532
206.6000000000 -26.9416215238
206.7000000000 -26.9974763740
206.8000000000 -27.0534946013
206.9000000000 -27.1096770975
207.0000000000 -27.1660247483
207.1000000000 -27.2225384334
207.2000000000 -27.2792190259
207.3000000000 -27.3360673929
207.4000000000 -27.3930843945
207.5000000000 -27.4502708844
207.6000000000 -27.5076277094
207.7000000000 -27.5651557094
207.8000000000 -27.6228557170
207.9000000000 -27.6807285579
208.0000000000 -27.7387750502
208.1000000000 -27.7969960043
208.2000000000 -27.8553922233
208.3000000000 -27.9139645023
208.4000000000 -27.9727136284
208.5000000000 -28.0316403806
208.6000000000 -28.0907455297
208.7000000000 -28.1500298379
208.8000000000 -28.2094940592
208.9000000000 -28.2691389384
209.0000000000 -28.3289652117
209.1000000000 -28.3889736062
209.2000000000 -28.4491648398
209.3000000000 -28.5095396211
209.4000000000 -28.5700986490
209.5000000000 -28.6308426128
209.6000000000 -28.6917721922
209.7000000000 -28.7528880564
209.8000000000 -28.8141908649
209.9000000000 -28.8756812666
210.0000000000 -28.9373598999
210.1000000000 -28.9992273927
210.2000000000 -29.0612843620
210.3000000000 -29.1235314136
210.4000000000 -29.1859691424
210.5000000000 -29.2485981319
210.6000000000 -29.3114189540
210.7000000000 -29.3744321690
210.8000000000 -29.4376383254
210.9000000000 -29.5010379595
211.0000000000 -29.5646315957
211.1000000000 -29.6284197459
211.2000000000 -29.6924029095
211.3000000000 -29.7565815732
211.4000000000 -29.8209562109
211.5000000000 -29.8855272835
211.6000000000 -29.9502952385
211.7000000000 -30.0152605105
211.8000000000 -30.0804235201
211.9000000000 -30.1457846745
212.0000000000 -30.2113443670
212.1000000000 -30.2771029768
212.2000000000 -30.3430608691
212.3000000000 -30.4092183946
212.4000000000 -30.4755758895
212.5000000000 -30.5421336756
212.6000000000 -30.6088920595
212.7000000000 -30.6758513331
212.8000000000 -30.7430117730
212.9000000000 -30.8103736408
213.0000000000 -30.8779371823
213.1000000000 -30.9457026279
213.2000000000 -31.0136701924
213.3000000000 -31.0818400744
213.4000000000 -31.1502124567
213.5000000000 -31.2187875059
213.6000000000 -31.2875653722
213.7000000000 -31.3565461894
213.8000000000 -31.4257300747
213.9000000000 -31.4951171286
214.0000000000 -31.5647074348
214.1000000000 -31.6345010597
214.2000000000 -31.7044980531
214.3000000000 -31.7746984471
214.4000000000 -31.8451022568
214.5000000000 -31.9157094795
214.6000000000 -31.9865200951
214.7000000000 -32.0575340658
214.8000000000 -32.1287513359
214.9000000000 -32.2001718319
215.0000000000 -32.2717954621
215.1000000000 -32.3436221170
215.2000000000 -32.4156516684
215.3000000000 -32.4878839704
215.4000000000 -32.5603188581
215.5000000000 -32.6329561486
215.6000000000 -32.7057956402
215.7000000000 -32.7788371127
215.8000000000 -32.8520803270
215.9000000000 -32.9255250255
216.0000000000 -32.9991709315
216.1000000000 -33.0730177497
216.2000000000 -33.1470651656
216.3000000000 -33.2213128458
216.4000000000 -33.2957604380
216.5000000000 -33.3704075705
216.6000000000 -33.4452538529
216.7000000000 -33.5202988752
216.8000000000 -33.5955422086
216.9000000000 -33.6709834049
217.0000000000 -33.7466219968
217.1000000000 -33.8224574978
217.2000000000 -33.8984894019
217.3000000000 -33.9747171843
217.4000000000 -34.0511403006
217.5000000000 -34.1277581874
217.6000000000 -34.2045702621
217.7000000000 -34.2815759227
217.8000000000 -34.3587745483
217.9000000000 -34.4361654989
218.0000000000 -34.5137481150
218.1000000000 -34.5915217186
218.2000000000 -34.6694856124
218.3000000000 -34.7476390800
218.4000000000 -34.8259813866
218.5000000000 -34.9045117781
218.6000000000 -34.9832294819
218.7000000000 -35.0621337066
218.8000000000 -35.1412236423
218.9000000000 -35.2204984606
219.0000000000 -35.2999573145
219.1000000000 -35.3795993388
219.2000000000 -35.4594236502
219.3000000000 -35.5394293470
219.4000000000 -35.6196155098
219.5000000000 -35.6999812012
219.6000000000 -35.7805254660
219.7000000000 -35.8612473314
219.8000000000 -35.9421458073
219.9000000000 -36.0232198859
220.0000000000 -36.1044685426
220.1000000000 -36.1858907355
220.2000000000 -36.2674854059
220.3000000000 -36.3492514784
220.4000000000 -36.4311878611
220.5000000000 -36.5132934456
220.6000000000 -36.5955671075
220.7000000000 -36.6780077063
220.8000000000 -36.7606140855
220.9000000000 -36.8433850734
221.0000000000 -36.9263194826
221.1000000000 -37.0094161104
221.2000000000 -37.0926737394
221.3000000000 -37.1760911373
221.4000000000 -37.2596670571
221.5000000000 -37.3434002377
221.6000000000 -37.4272894036
221.7000000000 -37.5113332657
221.8000000000 -37.5955305213
221.9000000000 -37.6798798540
222.0000000000 -37.7643799344
222.1000000000 -37.8490294205
222.2000000000 -37.9338269572
222.3000000000 -38.0187711773
222.4000000000 -38.1038607014
222.5000000000 -38.1890941384
222.6000000000 -38.2744700854
222.7000000000 -38.3599871284
222.8000000000 -38.4456438423
222.9000000000 -38.5314387911
223.0000000000 -38.6173705287
223.1000000000 -38.7034375986
223.2000000000 -38.7896385343
223.3000000000 -38.8759718600
223.4000000000 -38.9624360904
223.5000000000 -39.0490297314
223.6000000000 -39.1357512801
223.7000000000 -39.2225992251
223.8000000000 -39.3095720471
223.9000000000 -39.3966682189
224.0000000000 -39.4838862059
224.1000000000 -39.5712244664
224.2000000000 -39.6586814518
224.3000000000 -39.7462556068
224.4000000000 -39.8339453703
224.5000000000 -39.9217491748
224.6000000000 -40.0096654477
224.7000000000 -40.0976926108
224.8000000000 -40.1858290810
224.9000000000 -40.2740732708
225.0000000000 -40.3624235882
225.1000000000 -40.4508784372
225.2000000000 -40.5394362184
225.3000000000 -40.6280953286
225.4000000000 -40.7168541621
225.5000000000 -40.8057111102
225.6000000000 -40.8946645618
225.7000000000 -40.9837129040
225.8000000000 -41.0728545219
225.9000000000 -41.1620877993
226.0000000000 -41.2514111189
226.1000000000 -41.3408228626
226.2000000000 -41.4303214119
226.3000000000 -41.5199051480
226.4000000000 -41.6095724525
226.5000000000 -41.6993217072
226.6000000000 -41.7891512949
226.7000000000 -41.8790595995
226.8000000000 -41.9690450060
226.9000000000 -42.0591059015
227.0000000000 -42.1492406749
227.1000000000 -42.2394477174
227.2000000000 -42.3297254228
227.3000000000 -42.4200721880
227.4000000000 -42.5104864128
227.5000000000 -42.6009665006
227.6000000000 -42.6915108586
227.7000000000 -42.7821178981
227.8000000000 -42.8727860346
227.9000000000 -42.9635136883
228.0000000000 -43.0542992842
228.1000000000 -43.1451412527
228.2000000000 -43.2360380292
228.3000000000 -43.3269880552
228.4000000000 -43.4179897779
228.5000000000 -43.5090416507
228.6000000000 -43.6001421337
228.7000000000 -43.6912896935
228.8000000000 -43.7824828036
228.9000000000 -43.8737199448
229.0000000000 -43.9649996054
229.1000000000 -44.0563202811
229.2000000000 -44.1476804759
229.3000000000 -44.2390787014
229.4000000000 -44.3305134780
229.5000000000 -44.4219833343
229.6000000000 -44.5134868079
229.7000000000 -44.6050224453
229.8000000000 -44.6965888019
229.9000000000 -44.7881844429
230.0000000000 -44.8798079428
230.1000000000 -44.9714578858
230.2000000000 -45.0631328660
230.3000000000 -45.1548314879
230.4000000000 -45.2465523659
230.5000000000 -45.3382941251
230.6000000000 -45.4300554009
230.7000000000 -45.5218348398
230.8000000000 -45.6136310990
230.9000000000 -45.7054428467
231.0000000000 -45.7972687625
231.1000000000 -45.8891075371
231.2000000000 -45.9809578729
231.3000000000 -46.0728184837
231.4000000000 -46.1646880951
231.5000000000 -46.2565654445
231.6000000000 -46.3484492812
231.7000000000 -46.4403383666
231.8000000000 -46.5322314742
231.9000000000 -46.6241273898
232.0000000000 -46.7160249115
232.1000000000 -46.8079228497
232.2000000000 -46.8998200274
232.3000000000 -46.9917152802
232.4000000000 -47.0836074563
232.5000000000 -47.1754954166
232.6000000000 -47.2673780346
232.7000000000 -47.3592541969
232.8000000000 -47.4511228027
232.9000000000 -47.5429827643
233.0000000000 -47.6348330068
233.1000000000 -47.7266724684
233.2000000000 -47.8185001002
233.3000000000 -47.9103148663
233.4000000000 -48.0021157439
233.5000000000 -48.0939017234
233.6000000000 -48.1856718080
233.7000000000 -48.2774250141
233.8000000000 -48.3691603713
233.9000000000 -48.4608769219
234.0000000000 -48.5525737217
234.1000000000 -48.6442498392
234.2000000000 -48.7359043560
234.3000000000 -48.8275363668
234.4000000000 -48.9191449791
234.5000000000 -49.0107293135
234.6000000000 -49.1022885034
234.7000000000 -49.1938216949
234.8000000000 -49.2853280472
234.9000000000 -49.3768067319
235.0000000000 -49.4682569336
235.1000000000 -49.5596778495
235.2000000000 -49.6510686890
235.3000000000 -49.7424286744
235.4000000000 -49.8337570402
235.5000000000 -49.9250530334
235.6000000000 -50.0163159132
235.7000000000 -50.1075449508
235.8000000000 -50.1987394297
235.9000000000 -50.2898986453
236.0000000000 -50.3810219050
236.1000000000 -50.4721085278
236.2000000000 -50.5631578446
236.3000000000 -50.6541691977
236.4000000000 -50.7451419411
236.5000000000 -50.8360754398
236.6000000000 -50.9269690703
236.7000000000 -51.0178222203
236.8000000000 -51.1086342881
236.9000000000 -51.1994046832
237.0000000000 -51.2901328258
237.1000000000 -51.3808181465
237.2000000000 -51.4714600864
237.3000000000 -51.5620580971
237.4000000000 -51.6526116402
237.5000000000 -51.7431201872
237.6000000000 -51.8335832198
237.7000000000 -51.9240002291
237.8000000000 -52.0143707158
237.9000000000 -52.1046941903
238.0000000000 -52.1949701717
238.1000000000 -52.2851981888
238.2000000000 -52.3753777787
238.3000000000 -52.4655084877
238.4000000000 -52.5555898704
238.5000000000 -52.6456214899
238.6000000000 -52.7356029174
238.7000000000 -52.8255337323
238.8000000000 -52.9154135218
238.9000000000 -53.0052418806
239.0000000000 -53.0950184112
239.1000000000 -53.1847427232
239.2000000000 -53.2744144333
239.3000000000 -53.3640331652
239.4000000000 -53.4535985493
239.5000000000 -53.5431102226
239.6000000000 -53.6325678284
239.7000000000 -53.7219710161
239.8000000000 -53.8113194411
239.9000000000 -53.9006127646
