0 -87 0.01
5 35.69272707 0.924069953
10 32.72205326 0.9998343342
15 20.58504163 0.9984539698
20 12.09955095 0.9931141613
25 6.751187705 0.983297732
30 3.703355377 0.9730870738
35 2.088845689 0.965702697
40 1.260309458 0.9612811416
45 0.8295738628 0.9588031092
50 0.5877619299 0.9573615192
55 0.4286424153 0.9563975666
60 0.2999302744 0.9556109342
65 0.1763854724 0.9548489723
70 0.04595895994 0.9540350042
75 -0.09704570007 0.9531295945
80 -0.2552579084 0.9521111937
85 -0.4297937119 0.9509668308
90 -0.620986818 0.9496877283
95 -0.8287360825 0.9482672539
100 -1.052676716 0.9466999656
105 -1.292271245 0.944981161
110 -1.54686399 0.9431066585
115 -1.815718601 0.9410726824
120 -2.098047147 0.9388757948
125 -2.393034325 0.936512848
130 -2.699858191 0.933980943
135 -3.017707955 0.93127739
140 -3.345799061 0.9283996685
145 -3.683385714 0.9253453839
150 -4.029771025 0.9221122222
155 -4.384314999 0.9186979001
160 -4.746440632 0.9151001131
165 -5.115638405 0.9113164783
170 -5.491469505 0.9073444735
175 -5.873568058 0.9031813707
180 -6.261642704 0.8988241648
185 -6.655477804 0.8942694942
190 13.27042914 0.9936182615
195 12.35101604 0.9934239741
200 6.081053655 0.981854008
205 -0.3678944876 0.952831968
210 -4.918504717 0.9147132646
215 -7.759048871 0.8817384563
220 -9.577985653 0.8569530347
225 -10.85477133 0.8380090887
230 -11.85227745 0.8224198603
235 -12.70928291 0.8085272667
240 -13.50194613 0.7953008659
245 -14.27592161 0.7820649605
250 -15.06265265 0.768315154
255 -15.88815896 0.753602581
260 -16.77851769 0.7374523651
265 -17.76415454 0.7192937444
270 -18.88408136 0.6983892531
275 -20.19063423 0.6737613332
280 -21.75451555 0.6441359581
285 -23.66829358 0.6079694961
290 -26.04302197 0.5637078442
295 -28.98758519 0.5104922478
300 -32.56039921 0.4493306275
305 -36.70492139 0.3839934449
310 -41.22369434 0.3202386976
315 -45.84364683 0.2632635237
320 -50.33207489 0.2156116121
325 -54.56409104 0.1772017299
330 -58.50980357 0.146622471
335 -62.18209571 0.1222694039
340 -65.58736941 0.1028656131
345 -68.70055778 0.08752341288
350 -71.47088278 0.07559895498
355 -73.84849994 0.06653715168
360 -75.81024291 0.0598045464
365 -77.36872209 0.05489929606
370 -78.56522371 0.05138298891
375 39.67349905 0.9995446818
380 24.7563841 0.9993081324
385 5.830695811 0.9817456996
390 -4.269049368 0.9222981617
395 -9.11165154 0.8646357237
400 -11.84998494 0.8233587545
405 -13.72844312 0.7921390636
410 -15.22672517 0.7659185649
415 -16.56340317 0.7417596471
420 -17.86035797 0.7177969891
425 -19.20354939 0.6926018327
430 -20.67077234 0.6648280561
435 -22.34790447 0.633001285
440 -24.33969067 0.5954326313
445 -26.77273313 0.550370791
450 -29.7797412 0.496635139
455 -33.44993888 0.4348546921
460 -37.75266257 0.3686145748
465 -42.49790477 0.3038342412
470 -47.40602042 0.2459781395
475 -52.24173073 0.1976656057
480 -56.88484304 0.1587635408
485 -61.29592095 0.1279160623
490 -65.4357183 0.1037572401
495 -69.21354486 0.08526409399
500 -72.50586463 0.07157604004
505 -75.21987578 0.0617991016
510 -77.337569 0.05502109513
515 -78.91161146 0.05042594876
520 -80.03368194 0.04736552974
525 -80.80347598 0.04536418597
530 -81.31024011 0.04408834697
535 -81.62586538 0.04330945073
540 -81.80477798 0.04287242366
545 -81.88668064 0.04267228076
550 -81.89991269 0.04263779377
555 -81.86446206 0.04272041824
