0 -87 0.01
5 -84.77216347 0.03618725031
10 -83.04343688 0.03991476921
15 -81.63004664 0.0432195578
20 -80.41576507 0.04625538174
25 -44.59015945 0.208444161
30 34.79113487 0.9998868944
35 22.79206942 0.9989645022
40 13.3203692 0.9944217485
45 7.266885501 0.9846398752
50 3.895859512 0.9738747612
55 2.167763144 0.9661017223
60 1.305792537 0.9615335999
65 0.8666896708 0.9590184893
70 0.6239886908 0.9575770983
75 0.4668622651 0.9566288424
80 0.3418866501 0.9558683051
85 0.2233693032 0.9551410406
90 0.09890657609 0.9543688623
95 -0.03751488456 0.9535108969
100 -0.1887890581 0.952544378
105 -0.3562400266 0.9514553918
110 -0.5403602414 0.9502344577
115 -0.7411683143 0.948874421
120 -0.958389085 0.9473694441
125 -1.191550933 0.9457145178
130 -1.440044499 0.9439052182
135 -1.703163109 0.941937579
140 -1.980134016 0.9398080169
145 -2.270144416 0.9375132811
150 -2.572363867 0.9350504118
155 -2.885963704 0.9324167015
160 -3.210133694 0.9296096551
165 -3.544096046 0.9266269486
170 -3.887116913 0.9234663845
175 -4.238515558 0.9201258438
180 -4.597671437 0.9166032348
185 -4.964029453 0.912896439
190 -5.337103704 0.9090032528
195 -5.716479786 0.9049213275
200 -6.101814828 0.900648121
205 -6.492836675 0.8961808518
210 -6.889349939 0.8915163667
215 -7.291245059 0.8866509484
220 -7.698495865 0.8815802409
225 -8.111151865 0.87629925
230 -8.529336787 0.8708022779
235 -8.953253114 0.865082777
240 -9.383189401 0.8591331567
245 -9.819528736 0.8529445621
250 -10.26275815 0.8465066297
255 -10.71347966 0.8398072083
260 -11.17242394 0.8328320321
265 -11.64046794 0.825564323
270 -12.11865775 0.8179843002
275 -12.60823809 0.8100685673
280 -13.11069063 0.8017893401
285 -13.62778357 0.7931134671
290 -14.1616364 0.7840011756
295 -14.71480474 0.7744044507
300 -15.2903927 0.7642649226
305 -15.89220301 0.7535110858
310 -16.52493967 0.742054604
315 -17.19448459 0.72978536
320 -17.90827943 0.716564776
325 -18.67585764 0.7022167614
330 -19.50959169 0.6865154641
335 -20.42574467 0.6691688986
340 -21.44593759 0.6497978046
345 -22.59913608 0.6279105816
350 -23.92413978 0.6028798452
355 -25.47212353 0.5739381684
360 -27.30765333 0.5402354944
365 -29.50445423 0.5010360202
370 -32.13003218 0.4561357566
375 -35.21577005 0.4064408131
380 -38.72290201 0.3543083781
385 -42.53262093 0.3030921018
390 -46.48069772 0.2559360131
395 -50.41434967 0.2147367409
400 -54.2051541 0.1801744456
405 -57.6932955 0.1524932432
410 -60.73728613 0.1313122778
415 -63.34168509 0.1152287946
420 -65.62538383 0.1025609815
425 -67.70643685 0.09209822545
430 -69.6453297 0.08320830469
435 -71.45010195 0.07562368714
440 -73.10173389 0.06922668578
445 -74.57647094 0.06392691545
450 -75.85888243 0.05961650521
455 -76.94635289 0.05616776023
460 -77.8479087 0.05344595712
465 -78.58048659 0.05132252864
470 -79.16490417 0.04968343471
475 -79.62268121 0.04843255631
480 -79.97401245 0.04749165542
485 -80.23674372 0.046798494
490 -80.42605603 0.04630423764
495 -80.55457268 0.04597080136
500 -80.63267208 0.04576846827
505 -80.66886213 0.0456739141
510 -80.67013398 0.04566865877
515 -80.64225828 0.04573790512
520 -80.59001669 0.04586969481
525 -80.51737718 0.04605430432
530 -80.42762684 0.04628381105
535 -80.32347548 0.04655177462
540 -80.20713956 0.04685299429
545 -80.08041272 0.04718331761
550 -79.94472621 0.04753948515
555 -79.80120105 0.0479190028
