0 -8.292545121 0.8757122705
1 -8.985289758 0.8662752037
2 -9.605065045 0.8574950588
3 -10.16343279 0.8493223192
4 -10.66990881 0.8417023681
5 -11.13234582 0.8345802574
6 -11.55724885 0.8279033907
7 -11.95003096 0.8216228854
8 -12.31521898 0.8156941318
9 -12.65661837 0.8100768798
10 -12.9774452 0.8047350668
11 -13.28043196 0.7996365123
12 -13.56791258 0.7947525573
13 -13.84189103 0.7900576933
14 -14.10409681 0.7855292045
15 -14.35603017 0.7811468354
16 -14.59899898 0.7768924904
17 -14.8341491 0.7727499645
18 -15.06248935 0.7687047056
19 -15.28491231 0.7647436052
20 -15.50221162 0.7608548151
21 -15.71509641 0.7570275864
22 -15.92420359 0.7532521296
23 -16.13010808 0.7495194918
24 -16.33333164 0.7458214488
25 -16.53435031 0.7421504113
26 -16.73360087 0.7384993415
27 -16.93148635 0.7348616806
28 -17.12838086 0.7312312837
29 -17.32463374 0.7276023628
30 -17.52057326 0.7239694361
31 -17.71650983 0.7203272819
32 -17.91273887 0.7166708984
33 -18.10954333 0.7129954668
34 -18.30719604 0.7092963176
35 -18.5059617 0.7055689013
36 -18.70609881 0.7018087601
37 -18.90786138 0.698011503
38 -19.11150053 0.6941727824
39 -19.31726591 0.6902882732
40 -19.52540716 0.686353652
41 -19.73617515 0.6823645795
42 -19.94982326 0.6783166831
43 -20.16660851 0.6742055408
44 -20.38679273 0.6700266669
45 -20.61064365 0.665775498
46 -20.83843593 0.6614473806
47 -21.07045221 0.6570375605
48 -21.30698407 0.6525411721
49 -21.548333 0.647953231
50 -21.79481134 0.6432686262
51 -22.04674314 0.6384821163
52 -22.304465 0.6335883259
53 -22.56832683 0.628581746
54 -22.83869261 0.6234567365
55 -23.11594092 0.6182075322
56 -23.40046555 0.6128282526
57 -23.69267581 0.6073129165
58 -23.99299678 0.6016554614
59 -24.30186932 0.5958497688
60 -24.61974991 0.5898896963
61 -24.94711011 0.5837691167
62 -25.28443583 0.577481966
63 -25.6322261 0.5710223003
64 -25.99099152 0.5643843623
65 -26.36125212 0.5575626589
66 -26.74353474 0.5505520499
67 -27.13836975 0.5433478484
68 -27.54628714 0.5359459328
69 -27.96781181 0.5283428704
70 -28.40345819 0.5205360512
71 -28.85372395 0.5125238319
72 -29.31908305 0.5043056856
73 -29.79997787 0.4958823575
74 -30.29681073 0.4872560194
75 -30.80993475 0.4784304214
76 -31.33964423 0.4694110334
77 -31.88616483 0.4602051709
78 -32.4496436 0.4508220977
79 -33.03013943 0.4412730994
80 -33.62761402 0.4315715192
81 -34.24192393 0.4217327502
82 -34.87281398 0.4117741784
83 -35.51991255 0.4017150721
84 -36.18272892 0.3915764155
85 -36.86065329 0.3813806884
86 -37.5529594 0.3711515922
87 -38.25881015 0.3609137317
88 -38.97726607 0.3506922595
89 -39.70729656 0.3405124951
90 -40.44779373 0.3303995315
91 -41.19758825 0.3203778445
92 -41.95546696 0.3104709179
93 -42.7201914 0.3007008984
94 -43.49051681 0.2910882933
95 -44.26521083 0.281651719
96 -45.04307141 0.2724077073
97 -45.82294319 0.2633705738
98 -46.60373209 0.2545523475
99 -47.38441756 0.2459627605
100 -48.16406242 0.2376092911
101 -48.94181999 0.2294972557
102 -49.71693862 0.2216299393
103 -50.48876359 0.2140087584
104 -51.25673666 0.2066334455
105 -52.02039323 0.1995022492
106 -52.77935757 0.1926121409
107 -53.53333622 0.1859590224
108 -54.28210991 0.1795379287
109 -55.02552415 0.1733432227
110 -55.76347879 0.1673687763
111 -56.4959168 0.1616081386
112 -57.22281247 0.1560546854
113 -57.9441593 0.1507017539
114 -58.65995767 0.1455427568
115 -59.37020278 0.1405712797
116 -60.07487287 0.1357811591
117 -60.77391811 0.1311665436
118 -61.46725039 0.1267219359
119 -62.15473429 0.1224422191
120 -62.83617955 0.1183226667
121 -63.51133522 0.1143589377
122 -64.17988575 0.1105470586
123 -64.84144926 0.1068833931
124 -65.49557804 0.1033646032
125 -66.14176132 0.09998760222
126 -66.77943034 0.0967495028
127 -67.40796551 0.09364756283
128 -68.02670546 0.09067913097
129 -68.63495772 0.08784159458
130 -69.23201057 0.08513233199
131 -69.81714568 0.08254867076
132 -70.38965109 0.08008785329
133 -70.9488341 0.07774701061
134 -71.49403356 0.07552314457
135 -72.02463127 0.07341311848
136 -72.5400621 0.07141365555
137 -73.03982261 0.06952134445
138 -73.52347803 0.06773265081
139 -73.9906674 0.06604393362
140 -74.44110701 0.06445146521
141 -74.87459203 0.06295145359
142 -75.29099661 0.06154006611
143 -75.6902724 0.06021345341
144 -76.07244591 0.05896777277
145 -76.43761465 0.05779921028
146 -76.78594255 0.05670400128
147 -77.11765456 0.05567844866
148 -77.43303088 0.05471893896
149 -77.7324009 0.053821956
150 -78.01613697 0.0529840922
151 -78.28464824 0.05220205752
152 -78.5383746 0.05147268631
153 -78.77778092 0.05079294212
154 -79.00335151 0.05015992077
155 -79.215585 0.04957085179
156 -79.41498949 0.04902309887
157 -79.60207699 0.04851416147
158 -79.77734925 0.04804169538
159 -79.94120798 0.04760369726
160 -80.09322642 0.04720006373
161 -80.22602324 0.04684568909
162 -80.273331 0.04668117265
163 -79.66798248 0.04793355349
164 -73.58785851 0.06289970269
165 -23.56779252 0.380229874
166 37.25239768 0.9993199567
167 38.0958729 0.9999372997
168 36.44505121 0.999917085
169 33.66402075 0.9998631645
170 30.06588879 0.9997363299
171 26.02488707 0.9994487433
172 21.86752829 0.9988290305
173 17.81595131 0.9975851248
174 14.00309587 0.9952945514
175 10.5031221 0.9914615572
176 7.352615896 0.9856557046
177 4.561576547 0.9776807564
178 2.119631054 0.9676728059
179 0.001538828367 0.9560627098
180 -1.826949617 0.9434347661
181 -3.403624981 0.930371204
182 -4.76566379 0.9173497312
183 -5.947096667 0.904707295
184 -6.977660111 0.8926493519
185 -7.882580404 0.8812788444
186 -8.682873883 0.8706276679
187 -9.395872223 0.8606828758
188 -10.03580096 0.8514057852
189 -10.61432441 0.8427447892
190 -11.14102136 0.8346434231
191 -11.62378324 0.8270451568
192 -12.06913943 0.8198960505
193 -12.4825195 0.8131460738
194 -12.86846311 0.8067496201
195 -13.23078739 0.8006655543
196 -13.57272054 0.7948570089
197 -13.89700865 0.7892910526
198 -14.20600121 0.7839383107
199 -14.50172005 0.7787725782
200 -14.78591503 0.7737704503
201 -15.06010929 0.7689109817
202 -15.32563618 0.7641753778
203 -15.58366959 0.7595467206
204 -15.83524903 0.7550097258
205 -16.08130035 0.7505505294
206 -16.32265307 0.7461565005
207 -16.56005497 0.7418160777
208 -16.79418429 0.7375186255
209 -17.02566016 0.7332543082
210 -17.25505149 0.7290139796
211 -17.48288453 0.7247890855
212 -17.70964952 0.7205715776
213 -17.93580632 0.7163538375
214 -18.16178947 0.7121286085
215 -18.38801255 0.7078889351
216 -18.61487209 0.703628109
217 -18.84275105 0.6993396194
218 -19.07202195 0.6950171097
219 -19.30304969 0.6906543364
220 -19.5361942 0.6862451332
221 -19.77181276 0.6817833777
222 -20.01026222 0.6772629606
223 -20.25190111 0.6726777587
224 -20.49709152 0.6680216092
225 -20.74620092 0.6632882877
226 -20.99960389 0.6584714882
227 -21.25768372 0.6535648054
228 -21.52083394 0.6485617208
229 -21.78945971 0.6434555913
230 -22.06397917 0.6382396411
231 -22.34482458 0.6329069585
232 -22.63244341 0.6274504964
233 -22.92729918 0.6218630788
234 -23.22987218 0.6161374131
235 -23.54065986 0.6102661092
236 -23.86017703 0.6042417076
237 -24.18895568 0.5980567161
238 -24.52754432 0.5917036569
239 -24.87650702 0.5851751264
240 -25.2364217 0.5784638666
241 -25.60787793 0.5715628525
242 -25.99147396 0.564465393
243 -26.38781295 0.5571652495
244 -26.7974983 0.5496567695
245 -27.22112804 0.5419350378
246 -27.65928828 0.5339960416
247 -28.11254548 0.5258368508
248 -28.58143787 0.5174558075
249 -29.06646579 0.5088527233
250 -29.56808121 0.5000290775
251 -30.08667654 0.4909882097
252 -30.62257303 0.4817354998
253 -31.17600892 0.4722785252
254 -31.74712794 0.4626271863
255 -32.33596836 0.4527937904
256 -32.94245318 0.4427930841
257 -33.56638202 0.4326422265
258 -34.20742501 0.4223606966
259 -34.8651193 0.4119701308
260 -35.53886855 0.4014940911
261 -36.22794558 0.3909577666
262 -36.9314984 0.3803876152
263 -37.64855957 0.3698109574
264 -38.37805873 0.359255536
265 -39.118838 0.3487490567
266 -39.86966959 0.3383187292
267 -40.62927525 0.3279908256
268 -41.39634675 0.3177902713
269 -42.16956662 0.3077402857
270 -42.94762855 0.2978620809
271 -43.72925676 0.2881746277
272 -44.51322365 0.2786944927
273 -45.29836543 0.2694357463
274 -46.0835952 0.2604099383
275 -46.86791344 0.251626136
276 -47.65041559 0.2430910162
277 -48.43029695 0.2348090025
278 -49.20685479 0.2267824378
279 -49.97948798 0.2190117833
280 -50.74769431 0.2114958334
281 -51.51106568 0.2042319398
282 -52.26928151 0.197216237
283 -53.02210059 0.1904438628
284 -53.76935164 0.1839091708
285 -54.51092276 0.1776059285
286 -55.24675023 0.1715275007
287 -55.97680656 0.1656670154
288 -56.70108838 0.1600175101
289 -57.41960418 0.1545720594
290 -58.13236218 0.1493238821
291 -58.83935876 0.144266429
292 -59.54056741 0.1393934504
293 -60.23592878 0.134699045
294 -60.9253419 0.130177691
295 -61.60865681 0.1258242592
296 -62.28566902 0.1216340114
297 -62.95611575 0.117602584
298 -63.61967423 0.1137259598
299 -64.27596206 0.1100004306
300 -64.92453973 0.1064225515
301 -65.56491504 0.1029890907
302 -66.19654943 0.09969697754
303 -66.8188659 0.09654324966
304 -67.43125825 0.09352500341
305 -68.03310132 0.09063934819
306 -68.62376175 0.08788336664
307 -69.20260909 0.08525408201
308 -69.76902667 0.08274843298
309 -70.32242203 0.08036325654
310 -70.86223659 0.07809527841
311 -71.3879542 0.07594111078
312 -71.89910864 0.07389725638
313 -72.39528956 0.07196011802
314 -72.87614723 0.07012601244
315 -73.34139571 0.06839118754
316 -73.79081477 0.0667518417
317 -74.2242504 0.06520414439
318 -74.64161422 0.06374425706
319 -75.04288187 0.06236835372
320 -75.42809034 0.06107264043
321 -75.79733481 0.05985337342
322 -76.15076466 0.05870687545
323 -76.4885792 0.0576295502
324 -76.81102304 0.05661789457
325 -77.11838128 0.05566850898
326 -77.41097469 0.05477810564
327 -77.68915485 0.05394351489
328 -77.95329947 0.05316168979
329 -78.20380787 0.05242970912
330 -78.44109664 0.05174477893
331 -78.66559567 0.05110423284
332 -78.87774436 0.05050553129
333 -79.07798827 0.04994625983
334 -79.26677592 0.0494241267
335 -79.44455608 0.04893695976
336 -79.61177526 0.04848270295
337 -79.76887555 0.0480594124
338 -79.9162927 0.04766525222
339 -80.05445452 0.04729849019
340 -80.18377934 0.0469574936
341 -80.30467342 0.04664072784
342 -80.41751725 0.04634677888
343 -80.52255232 0.04607458564
344 -80.61889046 0.04582551019
345 -80.69580873 0.04562150549
346 -80.65629307 0.04566478125
347 -79.64682522 0.04778542682
348 -70.23797296 0.07245201819
349 3.644206404 0.6792902373
350 38.03319578 0.9998386868
351 37.97373982 0.9999364336
352 36.12480105 0.9999122284
353 33.22893409 0.9998518379
354 29.59052341 0.9997121498
355 25.57360731 0.9994008018
356 21.4810551 0.9987427851
357 17.51337989 0.9974481985
358 13.78911573 0.9951091033
359 10.37411378 0.9912599116
360 7.300611608 0.9855097278
361 4.576777021 0.9776955601
362 2.192088519 0.9679654493
363 0.1222388847 0.9567376791
364 -1.665534038 0.9445684718
365 -3.207404964 0.9320090627
366 -4.539076308 0.919511751
367 -5.693367213 0.9073964103
368 -6.699083131 0.8958588334
369 -7.580765297 0.8849975267
370 -8.35893966 0.8748431239
371 -9.050592355 0.8653831135
372 -9.66970706 0.8565800293
373 -10.22777859 0.8483837524
374 -10.73426579 0.8407393218
375 -11.19697367 0.833591615
376 -11.62236757 0.8268879676
377 -12.01582776 0.8205794931
378 -12.38185407 0.8146216132
379 -12.72422979 0.8089741272
380 -13.04615283 0.8036010279
381 -13.35034086 0.7984701893
382 -13.63911574 0.7935530022
383 -13.91447166 0.7888240008
384 -14.1781303 0.7842605036
385 -14.43158567 0.7798422813
386 -14.67614079 0.7755512556
387 -14.91293781 0.771371231
388 -15.14298285 0.767287657
389 -15.36716665 0.7632874193
390 -15.58628171 0.759358657
391 -15.80103675 0.7554906024
392 -16.0120688 0.7516734407
393 -16.21995343 0.7478981881
394 -16.42521355 0.7441565842
395 -16.62832675 0.740440998
396 -16.82973179 0.7367443452
397 -17.02983406 0.7330600152
398 -17.22901038 0.729381807
399 -17.4276132 0.7257038714
400 -17.62597421 0.7220206607
401 -17.82440757 0.7183268827
402 -18.02321283 0.7146174605
403 -18.2226774 0.7108874949
404 -18.4230789 0.707132232
405 -18.62468721 0.7033470324
406 -18.82776637 0.6995273436
407 -19.03257629 0.6956686752
408 -19.23937437 0.691766575
409 -19.44841701 0.6878166079
410 -19.65996093 0.6838143361
411 -19.87426458 0.6797553004
412 -20.09158933 0.6756350036
413 -20.31220068 0.6714488941
414 -20.5363694 0.6671923518
415 -20.76437266 0.6628606751
416 -20.99649505 0.658449068
417 -21.23302966 0.6539526303
418 -21.47427902 0.6493663483
419 -21.72055612 0.644685087
420 -21.97218525 0.6399035846
421 -22.22950294 0.6350164492
422 -22.49285871 0.6300181576
423 -22.76261584 0.6249030571
424 -23.03915203 0.6196653704
425 -23.32285992 0.6142992049
426 -23.61414754 0.6087985655
427 -23.91343859 0.6031573729
428 -24.22117246 0.5973694878
429 -24.53780419 0.5914287408
430 -24.86380396 0.5853289708
431 -25.19965645 0.5790640702
432 -25.54585971 0.5726280401
433 -25.90292371 0.5660150547
434 -26.2713683 0.5592195368
435 -26.65172071 0.5522362441
436 -27.04451244 0.5450603669
437 -27.45027547 0.5376876381
438 -27.86953771 0.5301144544
439 -28.30281776 0.5223380088
440 -28.75061887 0.5143564316
441 -29.21342201 0.5061689408
442 -29.69167826 0.4977759959
443 -30.18580044 0.489179454
444 -30.69615405 0.4803827223
445 -31.22304774 0.4713909029
446 -31.76672345 0.4622109223
447 -32.32734653 0.4528516401
448 -32.90499594 0.4433239292
449 -33.49965513 0.4336407199
450 -34.11120375 0.4238170021
451 -34.73941081 0.4138697789
452 -35.3839294 0.4038179669
453 -36.04429366 0.3936822416
454 -36.71991817 0.3834848273
455 -37.41010001 0.3732492331
456 -38.11402376 0.362999943
457 -38.83076938 0.352762066
458 -39.55932291 0.3425609582
459 -40.29858984 0.3324218304
460 -41.04741064 0.3223693543
461 -41.80457802 0.3124272822
462 -42.56885545 0.3026180939
463 -43.33899612 0.2929626841
464 -44.11376185 0.2834800987
465 -44.89194119 0.2741873288
466 -45.67236629 0.2650991657
467 -46.45392787 0.2562281181
468 -47.23558805 0.2475843899
469 -48.01639067 0.2391759131
470 -48.79546904 0.2310084308
471 -49.572051 0.2230856215
472 -50.34546131 0.215409256
473 -51.11512166 0.2079793797
474 -51.88054829 0.2007945103
475 -52.64134753 0.1938518447
476 -53.39720956 0.1871474676
477 -54.14790047 0.1806765564
478 -54.89325313 0.174433578
479 -55.63315686 0.1684124741
480 -56.3675463 0.1626068314
481 -57.09638964 0.1570100369
482 -57.81967648 0.1516154143
483 -58.53740556 0.1464163434
484 -59.24957249 0.1414063603
485 -59.95615792 0.1365792397
486 -60.65711623 0.1319290588
487 -61.35236512 0.1274502431
488 -62.04177632 0.1231375956
489 -62.72516774 0.1189863094
490 -63.40229732 0.1149919653
491 -64.07285877 0.1111505158
492 -64.73647945 0.1074582571
493 -65.39272049 0.1039117909
494 -66.04107921 0.1005079787
495 -66.68099384 0.09724389051
496 -67.31185036 0.09411675038
497 -67.93299134 0.09112388204
498 -68.54372639 0.08826265607
499 -69.14334388 0.08553044118
500 -69.73112359 0.08292456133
501 -70.3063497 0.0804422601
502 -70.86832374 0.07808067301
503 -71.4163771 0.07583680842
504 -71.94988262 0.07370753682
505 -72.46826497 0.07168958821
506 -72.97100958 0.06977955658
507 -73.45766985 0.06797391072
508 -73.92787267 0.06626900996
509 -74.38132206 0.06466112382
510 -74.81780114 0.06314645413
511 -75.23717237 0.06172115868
512 -75.63937638 0.06038137528
513 -76.02442939 0.0591232453
514 -76.39241956 0.05794293618
515 -76.74350241 0.05683666218
516 -77.07789555 0.05580070311
517 -77.39587294 0.0548314208
518 -77.69775874 0.0539252731
519 -77.98392116 0.05307882562
520 -78.25476618 0.05228876096
521 -78.51073149 0.05155188591
522 -78.7522806 0.05086513655
523 -78.97989729 0.05022558146
524 -79.19408038 0.04963042345
525 -79.39533894 0.04907699979
526 -79.58418777 0.0485627816
527 -79.76114214 0.04808537474
528 -79.92670338 0.04764254067
529 -80.08126447 0.04723239005
530 -80.22433752 0.04685502636
531 -80.34803596 0.04652639962
532 -80.38167685 0.04639577215
533 -79.71911958 0.0477696818
534 -73.19663184 0.06392310225
535 -19.97935948 0.4187544372
536 37.4144692 0.9994742893
537 38.08257856 0.999937264
538 36.3966753 0.9999163751
539 33.59451148 0.9998614226
540 29.98628735 0.9997324456
541 25.94520094 0.9994406159
542 21.79455415 0.998813351
543 17.7533512 0.9975577895
544 13.95237574 0.9952522386
545 10.46448549 0.9914043991
546 7.325498064 0.9855898129
547 4.544969741 0.9776187067
548 2.11231421 0.9676312811
549 0.002255061993 0.9560585945
550 -1.819367696 0.9434818663
551 -3.390185875 0.9304788084
552 -4.747195118 0.9175228258
553 -5.924254058 0.9049476068
554 -6.950951091 0.8929565193
555 -7.852392317 0.8816513648
