0 -81.07192905 0.0446742879
1 -81.12859621 0.04453190596
2 -81.18029143 0.04440233648
3 -81.22728758 0.04428480032
4 -81.26984424 0.04417856722
5 -81.30820803 0.04408295292
6 -81.342613 0.04399731626
7 -81.37328112 0.04392105657
8 -81.40042268 0.04385361111
9 -81.42423675 0.04379445274
10 -81.44491166 0.04374308763
11 -81.46262546 0.0436990532
12 -81.47754637 0.04366191612
13 -81.48983326 0.04363127045
14 -81.49963607 0.0436067359
15 -81.50709624 0.04358795618
16 -81.5123472 0.04357459748
17 -81.51551469 0.04356634702
18 -81.51671723 0.0435629117
19 -81.51606648 0.04356401686
20 -81.51366761 0.04356940505
21 -81.50961963 0.043578835
22 -81.50401578 0.04359208052
23 -81.49694381 0.04360892955
24 -81.4884863 0.04362918329
25 -81.47872095 0.0436526553
26 -81.46772086 0.04367917078
27 -81.45555474 0.04370856589
28 -81.4422867 0.04374068803
29 -81.42797226 0.04377540363
30 -81.41262036 0.04381267464
31 -81.39584672 0.0438532579
32 -81.37372629 0.04390506278
33 -81.31023629 0.04404097637
34 -80.8783171 0.04493108235
35 -77.11965592 0.05329034454
36 -44.11917372 0.1980065262
37 36.13908083 0.9964045111
38 38.58322615 0.9999418118
39 37.41141548 0.9999301756
40 35.18233199 0.9998958547
41 32.13390905 0.9998184576
42 28.57617057 0.9996515875
43 24.81585755 0.9993073122
44 21.07473101 0.9986361307
45 17.48878499 0.9974134516
46 14.13565721 0.9953484394
47 11.05805439 0.9921302878
48 8.276803441 0.9875101744
49 5.796820131 0.9813887616
50 3.610228957 0.973863605
51 1.699174297 0.9652095387
52 0.03904893206 0.9558054106
53 -1.398197286 0.946046819
54 -2.641239778 0.9362796819
55 -3.717384316 0.9267675286
56 -4.651411548 0.9176871485
57 -5.465087907 0.9091405683
58 -6.177119959 0.9011728845
59 -6.803360181 0.8937896593
60 -7.357128462 0.886971175
61 -7.849565576 0.8806829956
62 -8.289972973 0.8748832701
63 -8.686117619 0.8695275112
64 -9.044494788 0.8645715593
65 -9.370549245 0.859973307
66 -9.668858688 0.8556936089
67 -9.9432846 0.8516966732
68 -10.19709574 0.8479501373
69 -10.43306905 0.8444249578
70 -10.65357211 0.8410952006
71 -10.86063061 0.8379377831
72 -11.05598369 0.8349322015
73 -11.24112951 0.8320602628
74 -11.41736274 0.82930583
75 -11.58580577 0.8266545887
76 -11.7474345 0.8240938344
77 -11.90309998 0.821612282
78 -12.05354646 0.8191998968
79 -12.19942659 0.8168477447
80 -12.34131425 0.8145478594
81 -12.47971537 0.812293127
82 -12.61507721 0.810077183
83 -12.74779613 0.8078943231
84 -12.87822437 0.8057394239
85 -13.0066758 0.8036078742
86 -13.13343082 0.8014955139
87 -13.2587407 0.7993985807
88 -13.38283123 0.7973136627
89 -13.5059059 0.7952376574
90 -13.62814875 0.7931677348
91 -13.74972672 0.7911013051
92 -13.87079182 0.7890359902
93 -13.99148295 0.7869695983
94 -14.11192754 0.7849001014
95 -14.23224301 0.7828256151
96 -14.35253796 0.7807443811
97 -14.47291339 0.7786547511
98 -14.59346359 0.7765551721
99 -14.71427709 0.7744441744
100 -14.83543744 0.7723203592
101 -14.95702388 0.7701823889
102 -15.07911201 0.768028977
103 -15.20177434 0.7658588799
104 -15.32508083 0.7636708889
105 -15.44909933 0.761463823
106 -15.57389605 0.7592365223
107 -15.69953591 0.7569878415
108 -15.82608297 0.7547166447
109 -15.95360071 0.7524217994
110 -16.08215237 0.7501021719
111 -16.21180128 0.7477566222
112 -16.34261111 0.7453839994
113 -16.47464616 0.742983137
114 -16.60797163 0.740552849
115 -16.74265387 0.7380919256
116 -16.87876066 0.7355991287
117 -17.0163614 0.7330731879
118 -17.15552742 0.7305127965
119 -17.29633223 0.7279166076
120 -17.4388517 0.7252832295
121 -17.58316442 0.7226112216
122 -17.72935187 0.7198990904
123 -17.87749874 0.7171452851
124 -18.02769321 0.7143481929
125 -18.1800272 0.7115061346
126 -18.33459669 0.7086173598
127 -18.49150203 0.7056800424
128 -18.65084828 0.7026922751
129 -18.8127455 0.6996520647
130 -18.97730915 0.6965573265
131 -19.14466045 0.693405879
132 -19.31492673 0.6901954381
133 -19.48824193 0.6869236116
134 -19.66474692 0.6835878931
135 -19.84459003 0.6801856559
136 -20.02792748 0.6767141473
137 -20.21492389 0.6731704818
138 -20.4057528 0.6695516355
139 -20.60059718 0.6658544395
140 -20.79965 0.6620755744
141 -21.00311482 0.6582115642
142 -21.21120636 0.654258771
143 -21.42415109 0.6502133899
144 -21.6421879 0.646071445
145 -21.86556866 0.6418287853
146 -22.09455887 0.6374810832
147 -22.32943828 0.6330238324
148 -22.5705014 0.6284523492
149 -22.81805817 0.6237617748
150 -23.07243435 0.6189470801
151 -23.33397204 0.6140030741
152 -23.60302998 0.6089244147
153 -23.87998381 0.6037056247
154 -24.16522614 0.5983411114
155 -24.4591665 0.5928251928
156 -24.76223099 0.5871521291
157 -25.07486177 0.5813161616
158 -25.39751616 0.57531156
159 -25.73066543 0.5691326779
160 -26.07479311 0.562774018
161 -26.43039296 0.5562303082
162 -26.79796619 0.5494965883
163 -27.17801829 0.5425683081
164 -27.57105508 0.5354414373
165 -27.97757805 0.5281125868
166 -28.39807903 0.5205791399
167 -28.83303401 0.5128393943
168 -29.28289621 0.5048927095
169 -29.74808845 0.4967396603
170 -30.22899475 0.4883821902
171 -30.72595141 0.4798237616
172 -31.23923762 0.4710694969
173 -31.76906587 0.4621263044
174 -32.31557233 0.4530029823
175 -32.87880757 0.4437102938
176 -33.45872788 0.4342610067
177 -34.05518767 0.4246698903
178 -34.6679332 0.4149536646
179 -35.29659813 0.405130898
180 -35.94070113 0.3952218507
181 -36.59964603 0.3852482657
182 -37.27272445 0.3752331091
183 -37.95912129 0.365200266
184 -38.65792291 0.3551742015
185 -39.36812792 0.3451795959
186 -40.08866038 0.3352409688
187 -40.8183849 0.3253823028
188 -41.55612327 0.3156266838
189 -42.30067206 0.3059959666
190 -43.05082052 0.2965104816
191 -43.80536835 0.2871887871
192 -44.56314256 0.2780474768
193 -45.32301314 0.2691010445
194 -46.08390691 0.2603618062
195 -46.84481944 0.2518398786
196 -47.60482458 0.243543209
197 -48.36308171 0.2354776503
198 -49.11884057 0.2276470749
199 -49.87144367 0.2200535186
200 -50.62032654 0.2126973484
201 -51.3650159 0.205577444
202 -52.10512596 0.1986913898
203 -52.84035306 0.1920356675
204 -53.57046891 0.1856058476
205 -54.2953126 0.1793967733
206 -55.01478159 0.1734027351
207 -55.7288219 0.1676176325
208 -56.43741773 0.1620351225
209 -57.1405806 0.1566487522
210 -57.83833824 0.1514520759
211 -58.53072351 0.1464387561
212 -59.21776338 0.1416026481
213 -59.8994683 0.1369378681
214 -60.57582221 0.1324388465
215 -61.24677326 0.1281003639
216 -61.91222572 0.123917574
217 -62.57203301 0.1198860111
218 -63.22599246 0.1160015852
219 -63.87384158 0.1122605646
220 -64.5152563 0.1086595485
221 -65.14985121 0.1051954309
222 -65.77718171 0.1018653567
223 -66.39674823 0.09866667474
224 -67.00800228 0.09559688688
225 -67.61035415 0.09265359735
226 -68.20318208 0.08983446359
227 -68.78584251 0.08713715077
228 -69.35768109 0.08455929119
229 -69.91804406 0.08209845022
230 -70.46628964 0.07975209917
231 -71.00179902 0.0775175958
232 -71.52398666 0.07539217236
233 -72.03230961 0.07337293079
234 -72.52627561 0.07145684457
235 -73.00544983 0.06964076625
236 -73.46946009 0.06792143984
237 -73.91800069 0.06629551678
238 -74.3508346 0.06475957471
239 -74.76779438 0.06331013781
240 -75.16878171 0.06194369792
241 -75.55376579 0.06065673557
242 -75.92278076 0.05944574044
243 -76.27592217 0.05830723045
244 -76.61334297 0.05723776935
245 -76.93524879 0.0562339825
246 -77.24189304 0.05529257054
247 -77.53357172 0.05441032109
248 -77.81061815 0.05358411843
249 -78.07339778 0.0528109512
250 -78.3223031 0.05208791825
251 -78.55774873 0.05141223286
252 -78.7801668 0.0507812254
253 -78.99000259 0.05019234467
254 -79.18771058 0.04964315808
255 -79.37375072 0.04913135075
256 -79.5485852 0.04865472392
257 -79.71267543 0.04821119249
258 -79.86647951 0.04779878212
259 -80.0104499 0.04741562586
260 -80.14503152 0.0470599604
261 -80.27066006 0.04673012214
262 -80.38776064 0.04642454306
263 -80.49674666 0.04614174652
264 -80.59801891 0.04588034296
265 -80.69196491 0.0456390257
266 -80.77895839 0.04541656672
267 -80.85935895 0.04521181256
268 -80.93351192 0.04502368024
269 -81.0017482 0.04485115346
270 -81.06438442 0.04469327875
271 -81.12172298 0.0445491619
272 -81.17405231 0.04441796451
273 -81.22164713 0.04429890064
274 -81.26476878 0.04419123368
275 -81.30366561 0.04409427339
276 -81.33857335 0.04400737301
277 -81.36971557 0.04392992659
278 -81.39730408 0.0438613665
279 -81.42153946 0.04380116095
280 -81.44261144 0.04374881183
281 -81.46069943 0.0437038525
282 -81.47597293 0.04366584584
283 -81.48859203 0.04363438239
284 -81.49870784 0.04360907853
285 -81.50646293 0.04358957488
286 -81.51199174 0.04357553473
287 -81.51542103 0.0435666426
288 -81.51687026 0.04356260285
289 -81.51645197 0.04356313845
290 -81.51427217 0.04356798975
291 -81.51043067 0.04357691338
292 -81.50502147 0.04358968122
293 -81.498133 0.04360607941
294 -81.48984853 0.04362590745
295 -81.48024638 0.04364897731
296 -81.46940024 0.0436751127
297 -81.45737938 0.04370414841
298 -81.44424843 0.04373593051
299 -81.43006342 0.04377032421
300 -81.4148339 0.04380729002
301 -81.39817732 0.04384758099
302 -81.37618134 0.04389907977
303 -81.3129394 0.04403442924
304 -80.88247969 0.04492137542
305 -77.13663223 0.05324851534
306 -44.24983929 0.1971287641
307 36.11704928 0.9963542612
308 38.58361472 0.9999418049
309 37.41353741 0.9999302018
310 35.18533481 0.999895912
311 32.13714282 0.9998185672
312 28.57898136 0.999651773
313 24.81779428 0.9993075719
314 21.07557449 0.9986363728
315 17.48848566 0.9974133869
316 14.1342687 0.9953474574
317 11.05568722 0.9921273821
318 8.273595078 0.9875039957
319 5.792914255 0.9813778233
320 3.605760364 0.973846565
321 1.694259091 0.965185429
322 0.03378003041 0.955773727
323 -1.403750153 0.9460074742
324 -2.647027173 0.9362328853
325 -3.723372958 0.9267136564
326 -4.657580122 0.917626642
327 -5.47142346 0.9090738685
328 -6.183615079 0.9011003984
329 -6.810010935 0.8937117465
330 -7.363932959 0.8868881464
331 -7.856523008 0.8805951177
332 -8.297082999 0.8747907718
333 -8.693379985 0.8694305901
334 -9.051909117 0.8644703879
335 -9.378114923 0.8598680378
336 -9.676574822 0.8555843777
337 -9.95115002 0.8515836027
338 -10.20510902 0.8478333392
339 -10.44122855 0.8443045344
340 -10.66187601 0.8409712461
341 -10.86907695 0.8378103846
342 -11.06457045 0.8348014399
343 -11.2498546 0.8319262127
344 -11.42622407 0.8291685608
345 -11.59480126 0.8265141645
346 -11.75656213 0.8239503141
347 -11.91235779 0.8214657198
348 -12.0629326 0.8190503423
349 -12.20893932 0.8166952428
350 -12.35095194 0.8143924506
351 -12.48947655 0.8121348474
352 -12.62496053 0.8099160645
353 -12.75780042 0.8077303932
354 -12.88834862 0.8055727063
355 -13.01691915 0.8034383883
356 -13.14379261 0.8013232753
357 -13.26922043 0.7992236009
358 -13.39342856 0.7971359495
359 -13.51662069 0.7950572147
360 -13.63898104 0.7929845627
361 -13.76067672 0.7909154001
362 -13.88185993 0.7888473451
363 -14.00266975 0.7867782022
364 -14.12323381 0.7847059396
365 -14.24366969 0.7826286696
366 -14.3640862 0.78054463
367 -14.4845845 0.7784521689
368 -14.6052591 0.7763497298
369 -14.72619871 0.7742358392
370 -14.84748707 0.7721090947
371 -14.96920363 0.7699681548
372 -15.09142418 0.7678117293
373 -15.21422145 0.7656385708
374 -15.33766559 0.7634474665
375 -15.46182469 0.7612372316
376 -15.58676515 0.7590067018
377 -15.71255216 0.7567547277
378 -15.83924997 0.7544801691
379 -15.96692233 0.752181889
380 -16.09563273 0.749858749
381 -16.22544474 0.7475096043
382 -16.35642232 0.745133299
383 -16.48863004 0.7427286615
384 -16.62213341 0.7402945005
385 -16.75699908 0.7378296004
386 -16.89329514 0.7353327173
387 -17.03109134 0.7328025748
388 -17.17045937 0.7302378598
389 -17.31147308 0.7276372185
390 -17.45420876 0.7249992524
391 -17.5987454 0.7223225136
392 -17.74516491 0.7196055009
393 -17.89355246 0.7168466553
394 -18.04399667 0.7140443555
395 -18.19659 0.7111969134
396 -18.35142897 0.7083025694
397 -18.50861449 0.7053594873
398 -18.66825221 0.7023657497
399 -18.83045285 0.6993193522
400 -18.99533252 0.696218199
401 -19.16301317 0.6930600963
402 -19.33362291 0.6898427476
403 -19.50729643 0.6865637473
404 -19.68417549 0.6832205752
405 -19.8644093 0.6798105902
406 -20.04815504 0.6763310241
407 -20.23557835 0.6727789757
408 -20.42685381 0.6691514043
409 -20.62216553 0.6654451241
410 -20.82170768 0.6616567975
411 -21.02568506 0.6577829301
412 -21.23431371 0.6538198647
413 -21.44782151 0.6497637769
414 -21.66644881 0.6456106704
415 -21.890449 0.641356374
416 -22.1200892 0.6369965392
417 -22.35565082 0.6325266389
418 -22.59743012 0.6279419689
419 -22.84573882 0.6232376499
420 -23.10090455 0.6184086335
421 -23.36327131 0.6134497099
422 -23.63319977 0.6083555202
423 -23.91106753 0.6031205719
424 -24.19726917 0.59773926
425 -24.49221615 0.5922058928
426 -24.79633647 0.5865147252
427 -25.11007412 0.5806599981
428 -25.4338881 0.5746359863
429 -25.76825122 0.5684370554
430 -26.11364837 0.5620577281
431 -26.47057433 0.5554927616
432 -26.83953107 0.5487372354
433 -27.22102438 0.5417866508
434 -27.6155599 0.5346370422
435 -28.0236384 0.5272850996
436 -28.44575031 0.5197283014
437 -28.88236945 0.5119650564
438 -29.3339461 0.5039948528
439 -29.80089914 0.4958184116
440 -30.28360772 0.4874378402
441 -30.78240217 0.4788567817
442 -31.29755466 0.4700805545
443 -31.82926952 0.4611162764
444 -32.37767368 0.4519729656
445 -32.94280742 0.442661612
446 -33.52461583 0.4331952126
447 -34.12294129 0.4235887629
448 -34.7375174 0.4138592004
449 -35.36796478 0.4040252966
450 -36.01378895 0.3941074938
451 -36.67438068 0.3841276906
452 -37.34901907 0.374108976
453 -38.03687723 0.3640753215
454 -38.73703084 0.3540512381
455 -39.44846924 0.3440614099
456 -40.17010881 0.3341303166
457 -40.90080833 0.3242818595
458 -41.63938571 0.3145390027
459 -42.38463569 0.3049234441
460 -43.13534775 0.2954553258
461 -43.89032379 0.2861529928
462 -44.6483949 0.2770328072
463 -45.40843681 0.2681090188
464 -46.16938357 0.2593936946
465 -46.93023917 0.2508967025
466 -47.69008689 0.2426257475
467 -48.44809617 0.2345864509
468 -49.20352722 0.2267824686
469 -49.95573316 0.2192156377
470 -50.70416005 0.2118861463
471 -51.44834479 0.204792717
472 -52.18791126 0.1979327985
473 -52.92256475 0.1913027592
474 -53.6520851 0.1848980773
475 -54.37631851 0.178713524
476 -55.0951685 0.1727433373
477 -55.808586 0.1669813813
478 -56.5165589 0.1614212939
479 -57.21910114 0.156056617
480 -57.91624162 0.150880912
481 -58.6080131 0.1458878592
482 -59.29444122 0.1410713399
483 -59.97553394 0.1364255037
484 -60.65127161 0.1319448187
485 -61.32159779 0.1276241071
486 -61.98641133 0.1234585653
487 -62.64555954 0.1194437707
488 -63.29883314 0.1155756749
489 -63.94596272 0.1118505852
490 -64.58661725 0.1082651361
491 -65.2204045 0.1048162521
492 -65.84687345 0.1015011037
493 -66.46551868 0.09831705938
494 -67.07578668 0.09526163506
495 -67.67708371 0.09233244319
496 -68.26878508 0.08952714411
497 -68.85024554 0.08684340095
498 -69.42081033 0.08427883984
499 -69.97982658 0.08183101647
500 -70.52665469 0.07949738993
501 -71.06067922 0.07727530405
502 -71.5813191 0.07516197626
503 -72.08803684 0.07315449361
504 -72.58034648 0.07124981529
505 -73.05782011 0.06944478079
506 -73.520093 0.06773612274
507 -73.9668672 0.06612048322
508 -74.39791357 0.06459443282
509 -74.81307258 0.06315449102
510 -75.21225365 0.0617971474
511 -75.5954335 0.06051888265
512 -75.96265337 0.0593161888
513 -76.31401551 0.05818558825
514 -76.64967902 0.05712365112
515 -76.96985514 0.05612701077
516 -77.27480229 0.05519237729
517 -77.56482089 0.05431654896
518 -77.84024809 0.05349642166
519 -78.10145255 0.05272899639
520 -78.34882943 0.05201138489
521 -78.58279546 0.05134081374
522 -78.80378438 0.05071462677
523 -79.01224263 0.05013028635
524 -79.20862539 0.04958537334
525 -79.39339294 0.04907758623
526 -79.56700742 0.04860473929
527 -79.72992994 0.04816476021
528 -79.88261798 0.04775568704
529 -80.02552317 0.04737566479
530 -80.15908939 0.04702294168
531 -80.28375116 0.04669586517
532 -80.39993224 0.04639287782
533 -80.50804461 0.04611251307
534 -80.60848755 0.04585339097
535 -80.70164699 0.04561421395
536 -80.78789503 0.04539376263
537 -80.86758966 0.04519089171
538 -80.94107451 0.04500452595
539 -81.00867888 0.04483365631
540 -81.07071773 0.04467733621
541 -81.12749186 0.0445346779
542 -81.17928812 0.04440484903
543 -81.22637969 0.04428706939
544 -81.26902642 0.04418060773
545 -81.30747519 0.04408477883
546 -81.34196034 0.04399894066
547 -81.37270408 0.04392249169
548 -81.39991694 0.04385486841
549 -81.42379823 0.04379554295
550 -81.44453651 0.0437440208
551 -81.46231003 0.04369983874
552 -81.47728724 0.04366256283
553 -81.48962718 0.04363178657
554 -81.49947998 0.04360712915
555 -81.50698727 0.04358823378
556 -81.51228262 0.04357476619
557 -81.51549195 0.04356641318
558 -81.51673392 0.04356288125
559 -81.51612034 0.04356389534
560 -81.5137565 0.04356919768
561 -81.50974155 0.04357854665
562 -81.50416884 0.04359171575
563 -81.49712623 0.04360849265
564 -81.48869641 0.04362867826
565 -81.47895719 0.0436520859
566 -81.46798175 0.04367854053
567 -81.4558389 0.04370787809
568 -81.44259281 0.04373994577
569 -81.42829911 0.04377460981
570 -81.41296682 0.04381183192
571 -81.39621194 0.04385236837
572 -81.37411138 0.04390412435
573 -81.31066041 0.04403994904
574 -80.87896838 0.04492956281
575 -77.12229879 0.05328382881
576 -44.13949431 0.1978698404
577 36.13566925 0.9963967529
578 38.58328546 0.9999418107
579 37.41174246 0.9999301796
580 35.18279351 0.9998958635
581 32.13440351 0.9998184744
582 28.57659612 0.9996516157
583 24.81614417 0.9993073509
584 21.07484488 0.9986361642
585 17.4887188 0.9974134328
586 14.13541971 0.9953482697
587 11.05766325 0.9921298062
588 8.276280484 0.9875091659
589 5.7961881 0.9813869903
590 3.609509138 0.9738608589
591 1.698384979 0.9652056661
592 0.0382047094 0.9558003334
593 -1.399085499 0.9460405252
594 -2.642164281 0.9362722064
595 -3.718339957 0.9267589323
596 -4.652395059 0.917677502
597 -5.46609733 0.9091299421
598 -6.178154202 0.9011613434
599 -6.80441869 0.8937772603
600 -7.358210997 0.8869579674
601 -7.850672058 0.8806690216
602 -8.291103391 0.8748685658
603 -8.687271967 0.8695121077
604 -9.045673037 0.8645554839
605 -9.371751323 0.8599565837
606 -9.670084475 0.855676259
607 -9.944533931 0.851678716
608 -10.19836841 0.8479315903
609 -10.4343648 0.8444058372
610 -10.65489067 0.8410755212
611 -10.86197168 0.8379175585
612 -11.05734696 0.8349114446
613 -11.24251465 0.8320389852
614 -11.41876943 0.8292840427
615 -11.58723368 0.8266323018
616 -11.74888332 0.8240710571
617 -11.90456941 0.8215890228
618 -12.0550362 0.8191761637
619 -12.20093637 0.8168235446
620 -12.34284382 0.8145231988
621 -12.4812645 0.8122680115
622 -12.61664568 0.8100516177
623 -12.74938376 0.8078683122
624 -12.879831 0.8057129713
625 -13.0083013 0.8035809829
626 -13.13507508 0.8014681863
627 -13.26040365 0.7993708187
628 -13.38451281 0.7972854675
629 -13.50760609 0.7952090296
630 -13.62986756 0.7931386744
631 -13.75146418 0.7910718115
632 -13.87254799 0.7890060623
633 -13.99325793 0.7869392344
634 -14.11372145 0.7848692991
635 -14.23405599 0.7827943716
636 -14.35437021 0.7807126929
637 -14.47476511 0.7786226142
638 -14.59533502 0.7765225819
639 -14.7161685 0.7744111256
640 -14.83734913 0.7722868462
641 -14.95895619 0.7701484052
642 -15.0810653 0.7679945157
643 -15.20374901 0.7658239335
644 -15.3270773 0.7636354491
645 -15.45111808 0.761427881
646 -15.57593757 0.7592000686
647 -15.70160075 0.7569508659
648 -15.82817169 0.7546791364
649 -15.95571392 0.7523837469
650 -16.08429072 0.7500635629
651 -16.21396547 0.7477174436
652 -16.34480186 0.7453442373
653 -16.47686426 0.7429427768
654 -16.61021791 0.7405118753
655 -16.7449292 0.7380503219
656 -16.88106596 0.7355568777
657 -17.01869765 0.7330302713
658 -17.15789567 0.7304691951
659 -17.29873355 0.727872301
660 -17.44128726 0.7252381962
661 -17.58563543 0.722565439
662 -17.73185962 0.7198525348
663 -17.88004459 0.7170979313
664 -18.0302786 0.7143000145
665 -18.18265364 0.7114571036
666 -18.33726579 0.7085674471
667 -18.49421548 0.7056292169
668 -18.65360786 0.7026405044
669 -18.81555311 0.6995993145
670 -18.98016677 0.6965035608
671 -19.14757019 0.6933510597
672 -19.31789083 0.6901395254
673 -19.49126272 0.6868665635
674 -19.6678269 0.6835296653
675 -19.84773182 0.6801262019
676 -20.03113387 0.6766534182
677 -20.21819782 0.6731084261
678 -20.40909737 0.6694881992
679 -20.60401568 0.6657895658
680 -20.8031459 0.6620092037
681 -21.00669179 0.658143634
682 -21.21486827 0.6541892157
683 -21.42790206 0.6501421409
684 -21.64603225 0.6459984303
685 -21.86951096 0.64175393
686 -22.09860396 0.6374043088
687 -22.33359122 0.6329450573
688 -22.57476758 0.6283714885
689 -22.82244323 0.6236787404
690 -23.07694424 0.6188617808
691 -23.33861299 0.6139154157
692 -23.60780854 0.6088343005
693 -23.88490684 0.6036129553
694 -24.1703008 0.5982457857
695 -24.46440027 0.592727108
696 -24.76763164 0.5870511816
697 -25.08043736 0.5812122478
698 -25.40327503 0.5752045769
699 -25.73661614 0.5690225244
700 -26.08094447 0.5626605962
701 -26.43675391 0.5561135248
702 -26.80454581 0.5493763561
703 -27.18482571 0.542444548
704 -27.57809939 0.5353140805
705 -27.98486825 0.5279815767
706 -28.40562389 0.5204444351
707 -28.84084197 0.5127009706
708 -29.29097525 0.5047505631
709 -29.75644593 0.4965938103
710 -30.23763727 0.4882326817
711 -30.73488462 0.479670668
712 -31.24846609 0.4709129226
713 -31.77859288 0.4619663868
714 -32.32539971 0.4528398935
715 -32.88893551 0.4435442418
716 -33.46915484 0.4340922356
717 -34.06591018 0.4244986802
718 -34.67894582 0.4147803299
719 -35.30789334 0.4049557854
720 -35.95226935 0.3950453359
721 -36.6114756 0.3850707491
722 -37.28480173 0.3750550109
723 -37.97143077 0.3650220202
724 -38.67044738 0.3549962497
725 -39.38084871 0.3450023807
726 -40.10155758 0.3350649267
727 -40.83143766 0.3252078578
728 -41.56931011 0.3154542407
729 -42.31397121 0.3058259059
730 -43.06421022 0.296343154
731 -43.81882718 0.2870245099
732 -44.57664973 0.2778865307
733 -45.33654875 0.2689436717
734 -46.09745221 0.2602082095
735 -46.85835698 0.2516902215
736 -47.61833839 0.2433976165
737 -48.37655744 0.2353362108
738 -49.1322655 0.2275098422
739 -49.88480676 0.2199205153
740 -50.63361841 0.2125685682
741 -51.37822879 0.205452856
742 -52.11825365 0.1985709413
743 -52.85339074 0.1919192876
744 -53.58341308 0.1854934508
745 -54.30816086 0.1792882625
746 -55.02753253 0.1732980047
747 -55.7414749 0.1675165714
748 -56.44997275 0.1619376162
749 -57.15303798 0.1565546853
750 -57.85069854 0.1513613343
751 -58.54298727 0.1463512281
752 -59.22993093 0.1415182263
753 -59.91153959 0.1368564503
754 -60.58779663 0.1323603364
755 -61.25864949 0.1280246717
756 -61.92400156 0.1238446168
757 -62.58370532 0.1198157128
758 -63.23755703 0.1159338761
759 -63.88529312 0.1121953815
760 -64.52658842 0.1085968337
761 -65.16105641 0.1051351315
762 -65.78825149 0.1018074239
763 -66.40767316 0.09861106302
764 -67.0187721 0.09554355286
765 -67.62095797 0.09260249903
766 -68.21360852 0.08978555949
767 -68.79607991 0.08709039909
768 -69.36771773 0.08451464921
769 -69.92786833 0.08205587367
770 -70.47589028 0.07971154187
771 -71.01116526 0.07747900938
772 -71.53310846 0.07535550608
773 -72.04117777 0.07333813155
774 -72.53488193 0.07142385699
775 -73.01378718 0.06960953286
776 -73.47752255 0.06789190134
777 -73.92578353 0.06626761237
778 -74.35833437 0.06473324244
779 -74.77500886 0.06328531496
780 -75.17570993 0.06192032136
781 -75.56040796 0.0606347422
782 -75.92913822 0.05942506749
783 -76.28199734 0.05828781582
784 -76.61913924 0.05721955196
785 -76.94077045 0.05621690249
786 -77.24714519 0.05527656953
787 -77.53856015 0.05439534238
788 -77.81534927 0.05357010715
789 -78.07787853 0.05279785441
790 -78.32654083 0.05207568505
791 -78.56175115 0.05140081446
792 -78.78394186 0.05077057512
793 -78.99355846 0.05018241799
794 -79.19105552 0.0496339126
795 -79.37689307 0.04912274619
796 -79.55153328 0.04864672206
797 -79.71543752 0.04820375714
798 -79.8690638 0.04779187905
799 -80.01286446 0.04740922273
800 -80.14728424 0.04705402672
801 -80.27275867 0.04672462916
802 -80.38971263 0.04641946371
803 -80.49855932 0.04613705534
804 -80.59969928 0.045876016
805 -80.69351979 0.04563504047
806 -80.78039431 0.04541290211
807 -80.8606822 0.04520844873
808 -80.9347285 0.04502059861
809 -81.00286389 0.04484833658
810 -81.06540471 0.04469071028
