0 -21.7835665 0.6433861647
1 -22.01049607 0.6390769675
2 -22.24321191 0.6346598713
3 -22.48200317 0.630130256
4 -22.72717414 0.6254833253
5 -22.97904483 0.6207141107
6 -23.23795137 0.6158174783
7 -23.50424648 0.6107881388
8 -23.77829965 0.6056206616
9 -24.06049736 0.6003094931
10 -24.35124303 0.59484898
11 -24.65095682 0.5892333994
12 -24.96007514 0.5834569947
13 -25.27904992 0.5775140195
14 -25.60834751 0.5713987905
15 -25.94844719 0.5651057489
16 -26.29983922 0.5586295327
17 -26.66302241 0.551965059
18 -27.03850102 0.5451076186
19 -27.42678113 0.5380529815
20 -27.82836624 0.5307975137
21 -28.24375222 0.5233383056
22 -28.67342134 0.51567331
23 -29.11783574 0.5078014875
24 -29.57742993 0.4997229587
25 -30.05260272 0.4914391578
26 -30.54370847 0.4829529844
27 -31.05104784 0.4742689488
28 -31.57485826 0.4653933035
29 -32.11530428 0.4563341563
30 -32.67246815 0.4471015566
31 -33.24634088 0.4377075479
32 -33.83681422 0.4281661815
33 -34.44367386 0.4184934825
34 -35.0665943 0.408707367
35 -35.7051357 0.398827505
36 -36.35874306 0.3888751298
37 -37.02674795 0.378872796
38 -37.70837298 0.3688440913
39 -38.402739 0.3588133081
40 -39.10887498 0.3488050875
41 -39.8257304 0.3388440455
42 -40.55218964 0.3289543959
43 -41.2870882 0.3191595827
44 -42.02922992 0.3094819359
45 -42.77740491 0.299942362
46 -43.53040738 0.2905600794
47 -44.28705289 0.2813524053
48 -45.04619449 0.2723345997
49 -45.80673726 0.2635197671
50 -46.56765096 0.254918815
51 -47.32798044 0.2465404656
52 -48.08685373 0.2383913157
53 -48.84348769 0.2304759369
54 -49.59719132 0.2227970098
55 -50.34736682 0.2153554838
56 -51.0935084 0.2081507545
57 -51.83519931 0.2011808523
58 -52.57210706 0.1944426356
59 -53.30397711 0.1879319829
60 -54.03062534 0.1816439798
61 -54.75192938 0.1755730973
62 -55.46781911 0.1697133582
63 -56.17826645 0.1640584908
64 -56.88327463 0.1586020667
65 -57.58286724 0.1533376241
66 -58.27707705 0.1482587745
67 -58.96593497 0.143359293
68 -59.64945928 0.1386331932
69 -60.32764533 0.1340747845
70 -61.00045604 0.1296787159
71 -61.66781327 0.1254400026
72 -62.32959044 0.1213540395
73 -62.98560664 0.1174166006
74 -63.63562228 0.1136238265
75 -64.27933658 0.1099721998
76 -64.91638709 0.1064585126
77 -65.5463511 0.1030798251
78 -66.16874907 0.09983341942
79 -66.78305004 0.09671675005
80 -67.38867876 0.0937273927
81 -67.98502429 0.0908629944
82 -68.57144993 0.0881212264
83 -69.14730397 0.0854997416
84 -69.71193099 0.08299613784
85 -70.26468327 0.08060792812
86 -70.80493201 0.07833251821
87 -71.33207789 0.07616719187
88 -71.84556084 0.07410910339
89 -72.34486856 0.07215527702
90 -72.82954383 0.07030261252
91 -73.29919031 0.06854789578
92 -73.75347689 0.0668878136
93 -74.19214045 0.06531897152
94 -74.61498732 0.0638379137
95 -75.02189326 0.06244114383
96 -75.41280231 0.06112514628
97 -75.78772448 0.0598864069
98 -76.14673267 0.05872143258
99 -76.48995873 0.05762676957
100 -76.81758904 0.05659901987
101 -77.1298596 0.05563485577
102 -77.427051 0.05473103227
103 -77.70948312 0.05388439755
104 -77.97750993 0.05309190135
105 -78.2315143 0.05235060157
106 -78.47190308 0.05165766908
107 -78.69910231 0.05101039089
108 -78.9135528 0.05040617207
109 -79.11570599 0.04984253626
110 -79.30602015 0.04931712521
111 -79.48495695 0.04882769743
112 -79.65297841 0.04837212603
113 -79.81054409 0.04794839601
114 -79.9581088 0.047554601
115 -80.09612045 0.0471889397
116 -80.22501834 0.04684971197
117 -80.34523165 0.04653531479
118 -80.45717827 0.04624423808
119 -80.56126377 0.04597506042
120 -80.65788067 0.04572644485
121 -80.74740789 0.0454971346
122 -80.83021033 0.04528594895
123 -80.90663862 0.04509177922
124 -80.97702907 0.04491358474
125 -81.04170358 0.04475038913
126 -81.10096984 0.04460127656
127 -81.15512145 0.04446538828
128 -81.2044382 0.04434191921
129 -81.24918636 0.04423011477
130 -81.28961909 0.04412926782
131 -81.32597675 0.04403871575
132 -81.35848737 0.04395783776
133 -81.38736712 0.04388605226
134 -81.41282067 0.0438228144
135 -81.43504174 0.04376761382
136 -81.45421352 0.04371997242
137 -81.47050915 0.04367944234
138 -81.48409216 0.04364560406
139 -81.49511694 0.04361806455
140 -81.50372918 0.04359645563
141 -81.5100663 0.04358043234
142 -81.51425785 0.04356967147
143 -81.51642597 0.04356387017
144 -81.51668572 0.04356274466
145 -81.51514548 0.04356602896
146 -81.51190734 0.0435734738
147 -81.50706739 0.04358484551
148 -81.50071611 0.04359992506
149 -81.49293864 0.04361850708
150 -81.4838151 0.04364039903
151 -81.47342086 0.04366542035
152 -81.46182683 0.04369340177
153 -81.44909947 0.04372418496
154 -81.43529934 0.04375762534
155 -81.42046565 0.04379362306
156 -81.40447419 0.04383240942
157 -81.38574629 0.04387715302
158 -81.34953472 0.0439576447
159 -81.16168176 0.04434654954
160 -79.60651895 0.04762336894
161 -65.79737855 0.08694365712
162 25.58803661 0.9010337234
163 38.57991502 0.9999228548
164 38.02967905 0.9999372743
165 36.1955232 0.9999132668
166 33.44505172 0.9998571453
167 30.05244317 0.9997341815
168 26.34114082 0.9994755536
169 22.57089399 0.9989588242
170 18.90959527 0.9979901596
171 15.45511573 0.9963019948
172 12.26217049 0.9935830893
173 9.359422139 0.9895481526
174 6.75775312 0.9840284884
175 4.45411892 0.9770407525
176 2.434310039 0.9687950868
177 0.6760175741 0.9596394182
178 -0.8478157431 0.9499726304
179 -2.165918683 0.9401667742
180 -3.30634564 0.9305206118
181 -4.294996201 0.9212451693
182 -5.154884312 0.9124706186
183 -5.905940314 0.9042627748
184 -6.565135551 0.8966411821
185 -7.146770449 0.8895948011
186 -7.662822785 0.8830940479
187 -8.123296941 0.8770993307
188 -8.536544496 0.8715667563
189 -8.90954436 0.8664517468
190 -9.248140484 0.8617112045
191 -9.557239986 0.8573047061
192 -9.840976538 0.8531950745
193 -10.10284429 0.8493485613
194 -10.34580738 0.8457347994
195 -10.57238935 0.8423266245
196 -10.78474629 0.8390998316
197 -10.98472678 0.8360329058
198 -11.17392113 0.8331067496
199 -11.35370193 0.8303044228
200 -11.52525764 0.8276108993
201 -11.68962039 0.825012846
202 -11.84768926 0.8224984239
203 -12.00024962 0.8200571099
204 -12.14798946 0.8176795397
205 -12.29151306 0.8153573688
206 -12.43135267 0.8130831495
207 -12.56797827 0.8108502235
208 -12.70180598 0.8086526275
209 -12.83320519 0.8064850098
210 -12.96250472 0.8043425577
211 -13.08999804 0.8022209331
212 -13.21594781 0.8001162164
213 -13.34058979 0.7980248571
214 -13.46413625 0.7959436299
215 -13.58677889 0.7938695963
216 -13.70869138 0.7918000705
217 -13.83003167 0.7897325898
218 -13.95094385 0.7876648875
219 -14.07155993 0.7855948693
220 -14.19200134 0.7835205928
221 -14.31238022 0.781440248
222 -14.43280066 0.7793521416
223 -14.55335966 0.7772546811
224 -14.67414813 0.775146362
225 -14.79525167 0.7730257556
226 -14.91675132 0.7708914981
227 -15.03872422 0.7687422808
228 -15.16124421 0.7665768408
229 -15.28438237 0.7643939536
230 -15.40820751 0.7621924248
231 -15.53278659 0.7599710839
232 -15.6581852 0.7577287773
233 -15.78446785 0.7554643629
234 -15.91169839 0.7531767042
235 -16.03994031 0.7508646652
236 -16.16925705 0.7485271056
237 -16.2997123 0.7461628757
238 -16.43137028 0.7437708123
239 -16.56429601 0.7413497339
240 -16.69855557 0.7388984367
241 -16.83421635 0.7364156902
242 -16.97134731 0.7339002332
243 -17.11001924 0.7313507697
244 -17.25030499 0.7287659645
245 -17.39227974 0.7261444395
246 -17.53602124 0.7234847691
247 -17.68161008 0.7207854762
248 -17.82912996 0.7180450277
249 -17.97866796 0.7152618302
250 -18.13031481 0.7124342256
251 -18.28416521 0.709560486
252 -18.44031812 0.7066388093
253 -18.59887708 0.7036673143
254 -18.75995055 0.7006440351
255 -18.92365226 0.6975669165
256 -19.09010156 0.6944338079
257 -19.25942381 0.6912424585
258 -19.4317508 0.6879905108
259 -19.60722117 0.6846754952
260 -19.78598081 0.681294824
261 -19.96818339 0.6778457851
262 -20.1539908 0.6743255359
263 -20.34357367 0.6707310973
264 -20.53711189 0.6670593473
265 -20.7347952 0.6633070151
266 -20.93682368 0.6594706753
267 -21.14340842 0.6555467423
268 -21.35477208 0.6515314651
269 -21.57114948 0.6474209229
270 -21.79278829 0.643211021
271 -22.01994955 0.6388974886
272 -22.25290836 0.6344758767
273 -22.49195446 0.6299415583
274 -22.73739276 0.6252897304
275 -22.98954388 0.6205154179
276 -23.24874461 0.6156134808
277 -23.51534832 0.6105786243
278 -23.78972517 0.6054054127
279 -24.0722623 0.6000882885
280 -24.36336379 0.5946215954
281 -24.66345043 0.5889996091
282 -24.97295925 0.5832165729
283 -25.29234275 0.5772667426
284 -25.62206781 0.5711444393
285 -25.96261416 0.5648441114
286 -26.31447241 0.5583604069
287 -26.67814161 0.5516882572
288 -27.05412614 0.5448229706
289 -27.44293203 0.5377603395
290 -27.84506254 0.5304967572
291 -28.26101306 0.5230293466
292 -28.69126517 0.5153560986
293 -29.13628001 0.5074760181
294 -29.59649078 0.4993892756
295 -30.07229466 0.4910973614
296 -30.56404403 0.4826032373
297 -31.07203718 0.4739114805
298 -31.5965088 0.4650284159
299 -32.13762034 0.4559622269
300 -32.69545056 0.4467230415
301 -33.2699867 0.4373229826
302 -33.8611164 0.4277761802
303 -34.46862105 0.4180987358
304 -35.09217067 0.4083086373
305 -35.73132089 0.3984256194
306 -36.3855122 0.3884709715
307 -37.05407179 0.3784672937
308 -37.73621814 0.3684382064
309 -38.43106829 0.3584080213
310 -39.1376479 0.348401384
311 -39.85490362 0.3384429002
312 -40.58171765 0.3285567584
313 -41.31692395 0.3187663633
314 -42.05932554 0.3090939929
315 -42.80771242 0.2995604903
316 -43.56087935 0.2901850009
317 -44.31764313 0.2809847623
318 -45.07685862 0.2719749498
319 -45.83743329 0.2631685806
320 -46.59833971 0.2545764746
321 -47.35862588 0.2462072681
322 -48.11742329 0.2380674751
323 -48.87395238 0.2301615895
324 -49.62752587 0.2224922201
325 -50.37754961 0.2150602514
326 -51.12352141 0.2078650211
327 -51.86502794 0.2009045099
328 -52.60173993 0.1941755337
329 -53.33340575 0.1876739362
330 -54.05984389 0.1813947757
331 -54.78093423 0.1753325025
332 -55.49660849 0.1694811252
333 -56.20684002 0.1638343632
334 -56.91163307 0.158385785
335 -57.61101178 0.1531289298
336 -58.30500905 0.1480574142
337 -58.99365548 0.1431650217
338 -59.67696862 0.1384457763
339 -60.35494273 0.1338940007
340 -61.02753923 0.1295043577
341 -61.69467819 0.1252718776
342 -62.35623099 0.1211919705
343 -63.01201445 0.1172604254
344 -63.66178658 0.1134733966
345 -64.30524418 0.1098273801
346 -64.94202233 0.1063191793
347 -65.57169599 0.1029458642
348 -66.19378346 0.09970472474
349 -66.80775187 0.09659322129
350 -67.41302434 0.09360893337
351 -68.00898869 0.09074950997
352 -68.5950074 0.08801262247
353 -69.17042835 0.08539592235
354 -69.73459617 0.08289700474
355 -70.28686366 0.08051337887
356 -70.82660294 0.07824244605
357 -71.35321603 0.07608148509
358 -71.86614455 0.07402764522
359 -72.36487823 0.07207794572
360 -72.84896212 0.07022928168
361 -73.31800238 0.06847843484
362 -73.7716705 0.06682208849
363 -74.2097061 0.06525684541
364 -74.63191826 0.06377924779
365 -75.03818546 0.06238579816
366 -75.4284544 0.06107298062
367 -75.80273768 0.05983728145
368 -76.1611106 0.0586752088
369 -76.50370729 0.0575833108
370 -76.83071621 0.05655819197
371 -77.14237527 0.05559652763
372 -77.43896673 0.05469507627
373 -77.72081197 0.05385068993
374 -77.98826621 0.05306032251
375 -78.24171344 0.05232103627
376 -78.48156137 0.05163000662
377 -78.70823677 0.05098452521
378 -78.92218096 0.05038200177
379 -79.12384578 0.04981996463
380 -79.31368973 0.04929606021
381 -79.49217459 0.04880805157
382 -79.65976235 0.04835381632
383 -79.81691248 0.04793134382
384 -79.96407956 0.04753873194
385 -80.10171124 0.04717418346
386 -80.23024645 0.04683600217
387 -80.35011399 0.04652258884
388 -80.46173128 0.04623243697
389 -80.56550342 0.04596412861
390 -80.66182241 0.04571633004
391 -80.75106663 0.04548778761
392 -80.83360044 0.04527732356
393 -80.90977392 0.04508383197
394 -80.97992279 0.04490627484
395 -81.04436842 0.04474367827
396 -81.10341793 0.04459512877
397 -81.15736438 0.0444597698
398 -81.20648701 0.04433679837
399 -81.25105158 0.04422546187
400 -81.29131071 0.04412505498
401 -81.32750428 0.04403491684
402 -81.35985985 0.04395442827
403 -81.3885931 0.04388300919
404 -81.41390828 0.04382011621
405 -81.43599866 0.04376524029
406 -81.45504703 0.04371790459
407 -81.47122613 0.04367766245
408 -81.48469911 0.04364409543
409 -81.49562002 0.04361681155
410 -81.50413419 0.0435954436
411 -81.51037873 0.04357964753
412 -81.51448288 0.04356910099
413 -81.51656847 0.04356350192
414 -81.5167503 0.04356256728
415 -81.51513648 0.04356603181
416 -81.51182886 0.04357364689
417 -81.50692329 0.04358517946
418 -81.50051002 0.04360041107
419 -81.49267399 0.04361913689
420 -81.48349511 0.04364116488
421 -81.47304858 0.04366631497
422 -81.46140512 0.04369441832
423 -81.44863103 0.04372531702
424 -81.43478672 0.04375886686
425 -81.41991137 0.04379496811
426 -81.4038817 0.04383385026
427 -81.38512857 0.04387866286
428 -81.34899176 0.04395902171
429 -81.16209946 0.04434599496
430 -79.61585765 0.0476034571
431 -65.88588997 0.0866259662
432 25.41453503 0.8990692092
433 38.57781217 0.9999223998
434 38.03327977 0.9999373126
435 36.20197719 0.9999133673
436 33.45385808 0.9998573742
437 30.06280718 0.9997346847
438 26.35228182 0.9994766165
439 22.58224255 0.9989609515
440 18.92078438 0.9979941454
441 15.46591193 0.9963089271
442 12.27242016 0.9935942261
443 9.369024992 0.989564655
444 6.766652839 0.984051097
445 4.462299444 0.9770695673
446 2.441790525 0.9688295641
447 0.6828442457 0.9596785673
448 -0.8415793956 0.9500152878
449 -2.160201135 0.940211837
450 -3.301074503 0.9305671719
451 -4.290102944 0.9212925571
452 -5.150306828 0.9125183876
453 -5.901623947 0.9043106591
454 -6.561033139 0.8966890492
455 -7.142841827 0.88964261
456 -7.659034035 0.8831418164
457 -8.11961958 0.8771471115
458 -8.532954678 0.8716146201
459 -8.906022161 0.8664997721
460 -9.244669269 0.8617594701
461 -9.553805867 0.8573532874
462 -9.837567917 0.8532440411
463 -10.09945148 0.8493979762
464 -10.34242228 0.8457847183
465 -10.56900518 0.8423770965
466 -10.78135737 0.8391508993
467 -10.98132836 0.8360846059
468 -11.17050922 0.8331591139
469 -11.35027318 0.8303574783
470 -11.52180922 0.8276646692
471 -11.68614992 0.8250673503
472 -11.84419473 0.8225536795
473 -11.99672932 0.8201131315
474 -12.14444192 0.8177363401
475 -12.28793705 0.8154149592
476 -12.4277471 0.8131415398
477 -12.56434219 0.8109094227
478 -12.69813855 0.8087126439
479 -12.82950567 0.8065458513
480 -12.95877243 0.8044042317
481 -13.08623235 0.8022834471
482 -13.21214811 0.8001795778
483 -13.33675552 0.7980890735
484 -13.46026685 0.7960087092
485 -13.58287379 0.7939355466
486 -13.70475003 0.7918669006
487 -13.82605349 0.7898003088
488 -13.94692826 0.787733505
489 -14.06750631 0.7856643959
490 -14.18790905 0.7835910396
491 -14.30824859 0.781511627
492 -14.42862897 0.7794244653
493 -14.54914717 0.7773279632
494 -14.66989404 0.7752206171
495 -14.79095514 0.7731009991
496 -14.91241146 0.7709677464
497 -15.0343401 0.7688195513
498 -15.15681483 0.7666551523
499 -15.27990667 0.7644733257
500 -15.40368437 0.7622728784
501 -15.52821485 0.7600526412
502 -15.65356359 0.7578114617
503 -15.77979506 0.7555481991
504 -15.90697302 0.7532617184
505 -16.03516089 0.7509508851
506 -16.16442202 0.7486145602
507 -16.29482003 0.7462515959
508 -16.42641904 0.7438608303
509 -16.55928398 0.7414410839
510 -16.69348082 0.7389911545
511 -16.82907686 0.7365098137
512 -16.96614094 0.7339958023
513 -17.10474374 0.7314478261
514 -17.244958 0.7288645525
515 -17.38685875 0.7262446053
516 -17.53052361 0.7235865615
517 -17.67603305 0.7208889465
518 -17.82347059 0.7181502298
519 -17.97292317 0.7153688209
520 -18.12448134 0.7125430645
521 -18.27823964 0.7096712359
522 -18.43429684 0.7067515362
523 -18.59275627 0.7037820875
524 -18.75372619 0.7007609276
525 -18.9173201 0.6976860049
526 -19.08365711 0.6945551729
527 -19.25286236 0.6913661848
528 -19.42506736 0.6881166874
529 -19.60041046 0.6848042159
530 -19.77903727 0.681426187
531 -19.96110115 0.6779798936
532 -20.14676365 0.6744624985
533 -20.33619506 0.6708710278
534 -20.52957491 0.6672023651
535 -20.72709253 0.6634532455
536 -20.92894762 0.6596202495
537 -21.13535082 0.6556997976
538 -21.34652434 0.6516881453
539 -21.56270255 0.6475813782
540 -21.78413258 0.6433754082
541 -22.01107499 0.6390659711
542 -22.24380433 0.6346486246
543 -22.48260977 0.6301187483
544 -22.72779564 0.6254715455
545 -22.97968197 0.6207020474
546 -23.23860495 0.6158051198
547 -23.50491731 0.6107754732
548 -23.77898858 0.6056076769
549 -24.06120528 0.6002961768
550 -24.35197087 0.5948353199
551 -24.65170552 0.5892193831
552 -24.96084568 0.5834426098
553 -25.27984332 0.5774992539
554 -25.6091648 0.5713836326
555 -25.94928942 0.5650901874
556 -26.30070748 0.5586135569
557 -26.66391777 0.5519486593
558 -27.03942456 0.5450907865
559 -27.42773392 0.5380357096
560 -27.82934935 0.5307797963
561 -28.24476666 0.5233201391
562 -28.6744681 0.5156546928
563 -29.11891573 0.5077824206
564 -29.578544 0.499703446
565 -30.05375161 0.4914192064
566 -30.54489282 0.4829326048
567 -31.05226815 0.4742481552
568 -31.57611487 0.4653721142
569 -32.11659737 0.4563125939
570 -32.6737977 0.4470796477
571 -33.24770666 0.4376853238
572 -33.83821577 0.4281436774
573 -34.4451105 0.4184707379
574 -35.0680651 0.4086844252
575 -35.70663948 0.3988044127
576 -36.3602784 0.3888519366
577 -37.0283132 0.378849554
578 -37.70996627 0.368820854
579 -38.40435824 0.35879013
580 -39.11051794 0.348782023
581 -39.82739467 0.3388211484
582 -40.55387272 0.3289317184
583 -41.28878749 0.3191371746
584 -42.03094281 0.3094598441
585 -42.77912877 0.2999206297
586 -43.53213962 0.2905387457
587 -44.288791 0.2813315049
588 -45.04793605 0.2723141625
589 -45.80847999 0.2634998182
590 -46.56939274 0.2548993746
591 -47.32971933 0.2465215493
592 -48.08858796 0.2383729343
593 -48.84521569 0.2304580972
594 -49.59891175 0.2227797145
595 -50.34907851 0.2153387321
596 -51.09521039 0.2081345425
597 -51.83689083 0.2011651733
598 -52.5737875 0.1944274807
599 -53.30564603 0.1879173412
600 -54.03228243 0.1816298391
601 -54.75357447 0.1755594442
602 -55.46945212 0.1697001785
603 -56.17988736 0.1640457699
604 -56.88488351 0.1585897899
605 -57.58446416 0.1533257766
606 -58.2786621 0.148247342
607 -58.96750822 0.1433482616
608 -59.65102075 0.1386225495
609 -60.329195 0.1340645161
610 -61.0019938 0.1296688109
611 -61.6693389 0.12543045
612 -62.33110364 0.1213448291
613 -62.98710696 0.1174077233
614 -63.63710913 0.1136152736
615 -64.28080927 0.1099639636
616 -64.91784478 0.1064505858
617 -65.54779281 0.1030722012
618 -66.17017371 0.0998260922
619 -66.78445643 0.0967097137
620 -67.39006561 0.09372064159
621 -67.98639023 0.09085652305
622 -68.57279356 0.08811502937
623 -69.14862386 0.08549381337
624 -69.71322569 0.08299047277
625 -70.26595138 0.0806025204
626 -70.80617216 0.0783273618
627 -71.33328878 0.07616228047
628 -71.84674125 0.07410443045
629 -72.34601738 0.07215083575
630 -72.83066008 0.07029839587
631 -73.30027313 0.0685438965
632 -73.75452556 0.06688402425
633 -74.1931544 0.06531538454
634 -74.61596612 0.06383452141
635 -75.02283664 0.06243793848
636 -75.41371012 0.06112212015
637 -75.78859674 0.05988355226
638 -76.14756952 0.05871874179
639 -76.49076044 0.05762423509
640 -76.81835598 0.05659663429
641 -77.13059227 0.05563261185
642 -77.42774998 0.05472892295
643 -77.71014908 0.05388241598
644 -77.97814361 0.05309004092
645 -78.23211651 0.05234885589
646 -78.47247467 0.051656032
647 -78.69964418 0.05100885654
648 -78.91406589 0.0504047348
649 -79.11619126 0.04984119068
650 -79.30647858 0.0493158662
651 -79.48538953 0.04882652011
652 -79.65338612 0.04837102576
653 -79.81092793 0.04794736838
654 -79.95846975 0.04755364185
655 -80.09645947 0.04718804507
656 -80.22533638 0.04684887813
657 -80.34552966 0.04653453822
658 -80.45745714 0.04624351544
659 -80.5615244 0.04597438858
660 -80.65812392 0.04572582085
661 -80.7476346 0.04549655564
662 -80.83042129 0.04528541241
663 -80.90683462 0.04509128262
664 -80.97721084 0.04491312576
665 -81.04187185 0.04474996558
666 -81.1011253 0.04460088638
667 -81.15526475 0.04446502953
668 -81.20456997 0.04434159007
669 -81.24930721 0.04422981353
670 -81.28972959 0.04412899287
671 -81.32607743 0.04403846559
672 -81.35857878 0.04395761096
673 -81.38744972 0.04388584748
674 -81.41289495 0.0438226304
675 -81.43510814 0.04376744941
676 -81.45427247 0.0437198265
677 -81.47056104 0.04367931387
678 -81.48413738 0.04364549206
679 -81.49515584 0.0436179681
680 -81.50376211 0.04359637387
681 -81.51009357 0.04358036445
682 -81.51427978 0.0435696167
683 -81.51644284 0.0435638278
684 -81.5166978 0.04356271402
685 -81.51515303 0.04356600941
686 -81.5119106 0.04357346474
687 -81.5070666 0.04358484639
688 -81.50071148 0.04359993534
689 -81.49293037 0.04361852628
690 -81.48380339 0.04364042667
691 -81.4734059 0.04366545601
692 -81.46180878 0.04369344502
693 -81.4490785 0.04372423542
694 -81.4352756 0.04375768264
695 -81.42043932 0.0437936868
696 -81.40444561 0.04383247884
697 -81.38571762 0.04387722375
698 -81.34952429 0.04395767968
699 -81.16185464 0.04434621234
700 -79.60836601 0.04761938264
701 -65.81411017 0.08688347145
702 25.55567116 0.9006666497
703 38.57951381 0.9999227698
704 38.03033616 0.9999372813
705 36.19669543 0.999913285
706 33.44663509 0.9998571865
707 30.05428179 0.999734271
708 26.34308577 0.9994757397
709 22.57283965 0.9989591901
710 18.91147649 0.9979908321
711 15.45689397 0.9963031409
712 12.263823 0.9935848919
713 9.36093635 0.9895507658
714 6.75912431 0.9840319873
715 4.455349016 0.9770451061
716 2.435406376 0.9688001657
717 0.6769913062 0.959645033
718 -0.846951343 0.9499785776
719 -2.165149712 0.9401728725
720 -3.305658641 0.9305267196
721 -4.294378819 0.9212511885
722 -5.154325593 0.9124764893
723 -5.905430771 0.9042684667
724 -6.564667101 0.8966466857
725 -7.146336264 0.8896001207
726 -7.662417136 0.8830991959
727 -8.122915033 0.8771043242
728 -8.53618232 0.8715716141
729 -8.909198564 0.8664564882
730 -9.247808261 0.8617158481
731 -9.556918983 0.8573092693
732 -9.840664773 0.8531995731
733 -10.1025401 0.8493530099
734 -10.34550935 0.8457392108
735 -10.57209629 0.8423310101
736 -10.78445718 0.8391042017
737 -10.98444076 0.8360372691
738 -11.17363747 0.8331111142
739 -11.35341999 0.8303087954
740 -11.52497688 0.8276152861
741 -11.68934035 0.8250172523
742 -11.84740953 0.8225028544
743 -11.99996986 0.8200615688
744 -12.14770935 0.8176840308
745 -12.29123235 0.8153618952
746 -12.43107112 0.8130877142
747 -12.56769568 0.8108548291
748 -12.70152216 0.8086572764
749 -12.83291999 0.8064897041
750 -12.96221799 0.8043472993
751 -13.08970965 0.8022257239
752 -13.21565764 0.8001210581
753 -13.34029774 0.7980297513
754 -13.46384221 0.795948578
755 -13.58648276 0.7938745998
756 -13.70839308 0.7918051308
757 -13.8297311 0.7897377083
758 -13.95064094 0.7876700654
759 -14.0712546 0.7856001081
760 -14.19169351 0.7835258936
761 -14.31206982 0.7814456123
762 -14.43248759 0.7793575707
763 -14.55304386 0.7772601763
764 -14.67382951 0.7751519248
765 -14.79493015 0.7730313875
766 -14.91642682 0.7708972005
767 -15.03839666 0.7687480552
768 -15.1609135 0.7665826889
769 -15.28404842 0.764399877
770 -15.40787022 0.7621984252
771 -15.53244587 0.7599771631
772 -15.65784095 0.7577349373
773 -15.78411996 0.7554706055
774 -15.91134675 0.7531830315
775 -16.0395848 0.7508710794
776 -16.16889756 0.7485336089
777 -16.29934869 0.7461694705
778 -16.43100243 0.743777501
779 -16.56392378 0.7413565191
780 -16.69817881 0.738905321
781 -16.83383491 0.7364226765
782 -16.97096103 0.7339073246
783 -17.10962796 0.7313579691
784 -17.24990853 0.7287732753
785 -17.39187791 0.7261518651
786 -17.53561384 0.7234923131
787 -17.68119692 0.7207931423
788 -17.82871082 0.7180528199
789 -17.97824261 0.7152697526
790 -18.12988301 0.7124422826
791 -18.28372672 0.7095686822
792 -18.43987267 0.7066471495
793 -18.59842439 0.7036758035
794 -18.75949034 0.7006526786
795 -18.92318421 0.6975757198
796 -19.08962534 0.694442777
797 -19.25893909 0.6912515994
798 -19.43125722 0.6879998299
799 -19.60671833 0.6846849994
800 -19.78546833 0.6813045203
801 -19.96766084 0.6778556809
802 -20.15345773 0.6743356391
803 -20.3430296 0.670741416
804 -20.53655634 0.66706989
805 -20.73422763 0.6633177909
806 -20.93624354 0.6594816935
807 -21.14281513 0.6555580128
808 -21.35416502 0.6515429981
809 -21.57052801 0.647432729
810 -21.79215172 0.6432231115
