0.0000000000 -75.0884743741
0.1000000000 -75.1345785478
0.2000000000 -75.1804731539
0.3000000000 -75.2261582409
0.4000000000 -75.2716338678
0.5000000000 -75.3169001035
0.6000000000 -75.3619570267
0.7000000000 -75.4068047258
0.8000000000 -75.4514432990
0.9000000000 -75.4958728542
1.0000000000 -75.5400935089
1.1000000000 -75.5841053901
1.2000000000 -75.6279086344
1.3000000000 -75.6715033875
1.4000000000 -75.7148898049
1.5000000000 -75.7580680510
1.6000000000 -75.8010382995
1.7000000000 -75.8438007334
1.8000000000 -75.8863555445
1.9000000000 -75.9287029338
2.0000000000 -75.9708431111
2.1000000000 -76.0127762951
2.2000000000 -76.0545027131
2.3000000000 -76.0960226013
2.4000000000 -76.1373362044
2.5000000000 -76.1784437757
2.6000000000 -76.2193455767
2.7000000000 -76.2600418775
2.8000000000 -76.3005329565
2.9000000000 -76.3408191001
3.0000000000 -76.3809006031
3.1000000000 -76.4207777679
3.2000000000 -76.4604509054
3.3000000000 -76.4999203338
3.4000000000 -76.5391863795
3.5000000000 -76.5782493764
3.6000000000 -76.6171096661
3.7000000000 -76.6557675976
3.8000000000 -76.6942235273
3.9000000000 -76.7324778191
4.0000000000 -76.7705308441
4.1000000000 -76.8083829805
4.2000000000 -76.8460346136
4.3000000000 -76.8834861356
4.4000000000 -76.9207379459
4.5000000000 -76.9577904502
4.6000000000 -76.9946440614
4.7000000000 -77.0312991988
4.8000000000 -77.0677562880
4.9000000000 -77.1040157615
5.0000000000 -77.1400780578
5.1000000000 -77.1759436216
5.2000000000 -77.2116129041
5.3000000000 -77.2470863622
5.4000000000 -77.2823644588
5.5000000000 -77.3174476628
5.6000000000 -77.3523364486
5.7000000000 -77.3870312966
5.8000000000 -77.4215326922
5.9000000000 -77.4558411267
6.0000000000 -77.4899570963
6.1000000000 -77.5238811027
6.2000000000 -77.5576136523
6.3000000000 -77.5911552567
6.4000000000 -77.6245064319
6.5000000000 -77.6576676989
6.6000000000 -77.6906395826
6.7000000000 -77.7234226126
6.8000000000 -77.7560173222
6.9000000000 -77.7884242485
7.0000000000 -77.8206439325
7.1000000000 -77.8526769179
7.2000000000 -77.8845237518
7.3000000000 -77.9161849837
7.4000000000 -77.9476611653
7.5000000000 -77.9789528502
7.6000000000 -78.0100605930
7.7000000000 -78.0409849492
7.8000000000 -78.0717264742
7.9000000000 -78.1022857226
8.0000000000 -78.1326632473
8.1000000000 -78.1628595985
8.2000000000 -78.1928753226
8.3000000000 -78.2227109606
8.4000000000 -78.2523670467
8.5000000000 -78.2818441063
8.6000000000 -78.3111426540
8.7000000000 -78.3402631907
8.8000000000 -78.3692062010
8.9000000000 -78.3979721497
9.0000000000 -78.4265614774
9.1000000000 -78.4549745964
9.2000000000 -78.4832118845
9.3000000000 -78.5112736788
9.4000000000 -78.5391602683
9.5000000000 -78.5668718847
9.6000000000 -78.5944086921
9.7000000000 -78.6217707747
9.8000000000 -78.6489581227
9.9000000000 -78.6759706151
10.0000000000 -78.7028080002
10.1000000000 -78.7294698726
10.2000000000 -78.7559556457
10.3000000000 -78.7822645200
10.4000000000 -78.8083954457
10.5000000000 -78.8343470787
10.6000000000 -78.8601177293
10.7000000000 -78.8857053013
10.8000000000 -78.9111072210
10.9000000000 -78.9363203541
11.0000000000 -78.9613409074
11.1000000000 -78.9861643137
11.2000000000 -79.0107850968
11.3000000000 -79.0351967129
11.4000000000 -79.0593913640
11.5000000000 -79.0833597791
11.6000000000 -79.1070909571
11.7000000000 -79.1305718648
11.8000000000 -79.1537870820
11.9000000000 -79.1767183852
12.0000000000 -79.1993442577
12.1000000000 -79.2216393146
12.2000000000 -79.2435736278
12.3000000000 -79.2651119319
12.4000000000 -79.2862126920
12.5000000000 -79.3068270086
12.6000000000 -79.3268973308
12.7000000000 -79.3463559443
12.8000000000 -79.3651231947
12.9000000000 -79.3831054012
13.0000000000 -79.4001924034
13.1000000000 -79.4162546803
13.2000000000 -79.4311399645
13.3000000000 -79.4446692634
13.4000000000 -79.4566321845
13.5000000000 -79.4667814418
13.6000000000 -79.4748264006
13.7000000000 -79.4804254914
13.8000000000 -79.4831772960
13.9000000000 -79.4826100719
14.0000000000 -79.4781694429
14.1000000000 -79.4692039327
14.2000000000 -79.4549479668
14.3000000000 -79.4345018967
14.4000000000 -79.4068085276
14.5000000000 -79.3706255373
14.6000000000 -79.3244930683
14.7000000000 -79.2666956510
14.8000000000 -79.1952174690
14.9000000000 -79.1076898056
15.0000000000 -79.0013293127
15.1000000000 -78.8728655065
15.2000000000 -78.7184556216
15.3000000000 -78.5335846363
15.4000000000 -78.3129479089
15.5000000000 -78.0503134270
15.6000000000 -77.7383601687
15.7000000000 -77.3684884760
15.8000000000 -76.9305976475
15.9000000000 -76.4128251298
16.0000000000 -75.8012407010
16.1000000000 -75.0794878254
16.2000000000 -74.2283628120
16.3000000000 -73.2253203333
16.4000000000 -72.0438908671
16.5000000000 -70.6529909534
16.6000000000 -69.0160992851
16.7000000000 -67.0902574751
16.8000000000 -64.8248275606
16.9000000000 -62.1598861820
17.0000000000 -59.0240326835
17.1000000000 -55.3311877241
17.2000000000 -50.9755808111
17.3000000000 -45.8234694884
17.4000000000 -39.6991782789
17.5000000000 -32.3621060439
17.6000000000 -23.4713840150
17.7000000000 -12.5412570156
17.8000000000 1.0366340547
17.9000000000 17.3025354977
18.0000000000 32.7326803918
18.1000000000 40.4746695569
18.2000000000 40.9739649141
18.3000000000 39.7697214625
18.4000000000 39.0436334195
18.5000000000 38.7249531529
18.6000000000 38.5962064163
18.7000000000 38.5447019482
18.8000000000 38.5176732852
18.9000000000 38.4909607495
19.0000000000 38.4538786728
19.1000000000 38.4020598340
19.2000000000 38.3340505332
19.3000000000 38.2496850648
19.4000000000 38.1493153117
19.5000000000 38.0334547803
19.6000000000 37.9026237085
19.7000000000 37.7572907394
19.8000000000 37.5978596472
19.9000000000 37.4246757354
20.0000000000 37.2380395347
20.1000000000 37.0382219308
20.2000000000 36.8254780983
20.3000000000 36.6000592231
20.4000000000 36.3622217691
20.5000000000 36.1122344019
20.6000000000 35.8503828311
20.7000000000 35.5769728752
20.8000000000 35.2923320540
20.9000000000 34.9968099888
21.0000000000 34.6907778573
21.1000000000 34.3746271225
21.2000000000 34.0487677170
21.3000000000 33.7136258378
21.4000000000 33.3696414694
21.5000000000 33.0172657104
21.6000000000 32.6569579003
21.7000000000 32.2891823971
21.8000000000 31.9144047499
21.9000000000 31.5330874932
22.0000000000 31.1456864784
22.1000000000 30.7526485492
22.2000000000 30.3544106377
22.3000000000 29.9513997631
22.4000000000 29.5440332902
22.5000000000 29.1327190122
22.6000000000 28.7178548980
22.7000000000 28.2998285391
22.8000000000 27.8790164191
22.9000000000 27.4557831375
23.0000000000 27.0304806902
23.1000000000 26.6034478693
23.2000000000 26.1750098143
23.3000000000 25.7454777204
23.4000000000 25.3151486962
23.5000000000 24.8843057548
23.6000000000 24.4532179196
23.7000000000 24.0221404253
23.8000000000 23.5913149967
23.9000000000 23.1609701884
24.0000000000 22.7313217721
24.1000000000 22.3025731593
24.2000000000 21.8749158495
24.3000000000 21.4485298955
24.4000000000 21.0235843795
24.5000000000 20.6002378937
24.6000000000 20.1786390212
24.7000000000 19.7589268141
24.8000000000 19.3412312654
24.9000000000 18.9256737722
25.0000000000 18.5123675890
25.1000000000 18.1014182693
25.2000000000 17.6929240951
25.3000000000 17.2869764915
25.4000000000 16.8836604290
25.5000000000 16.4830548093
25.6000000000 16.0852328367
25.7000000000 15.6902623741
25.8000000000 15.2982062828
25.9000000000 14.9091227461
26.0000000000 14.5230655767
26.1000000000 14.1400845083
26.2000000000 13.7602254691
26.3000000000 13.3835308408
26.4000000000 13.0100396990
26.5000000000 12.6397880384
26.6000000000 12.2728089815
26.7000000000 11.9091329706
26.8000000000 11.5487879449
26.9000000000 11.1917995012
27.0000000000 10.8381910406
27.1000000000 10.4879839001
27.2000000000 10.1411974705
27.3000000000 9.7978493015
27.4000000000 9.4579551942
27.5000000000 9.1215292814
27.6000000000 8.7885840978
27.7000000000 8.4591306400
27.8000000000 8.1331784166
27.9000000000 7.8107354915
28.0000000000 7.4918085182
28.1000000000 7.1764027686
28.2000000000 6.8645221559
28.3000000000 6.5561692524
28.4000000000 6.2513453034
28.5000000000 5.9500502383
28.6000000000 5.6522826780
28.7000000000 5.3580399420
28.8000000000 5.0673180532
28.9000000000 4.7801117418
29.0000000000 4.4964144507
29.1000000000 4.2162183393
29.2000000000 3.9395142895
29.3000000000 3.6662919123
29.4000000000 3.3965395558
29.5000000000 3.1302443155
29.6000000000 2.8673920457
29.7000000000 2.6079673736
29.8000000000 2.3519537158
29.9000000000 2.0993332966
30.0000000000 1.8500871687
30.1000000000 1.6041952368
30.2000000000 1.3616362830
30.3000000000 1.1223879943
30.4000000000 0.8864269934
30.5000000000 0.6537288702
30.6000000000 0.4242682158
30.7000000000 0.1980186588
30.8000000000 -0.0250470974
30.9000000000 -0.2449572354
31.0000000000 -0.4617407837
31.1000000000 -0.6754275747
31.2000000000 -0.8860482027
31.3000000000 -1.0936339802
31.4000000000 -1.2982168940
31.5000000000 -1.4998295609
31.6000000000 -1.6985051829
31.7000000000 -1.8942775028
31.8000000000 -2.0871807589
31.9000000000 -2.2772496406
32.0000000000 -2.4645192446
32.1000000000 -2.6490250309
32.2000000000 -2.8308027796
32.3000000000 -3.0098885487
32.4000000000 -3.1863186323
32.5000000000 -3.3601295205
32.6000000000 -3.5313578590
32.7000000000 -3.7000404115
32.8000000000 -3.8662140214
32.9000000000 -4.0299155764
33.0000000000 -4.1911819732
33.1000000000 -4.3500500842
33.2000000000 -4.5065567250
33.3000000000 -4.6607386240
33.4000000000 -4.8126323925
33.5000000000 -4.9622744967
33.6000000000 -5.1097012316
33.7000000000 -5.2549486950
33.8000000000 -5.3980527642
33.9000000000 -5.5390490734
34.0000000000 -5.6779729924
34.1000000000 -5.8148596073
34.2000000000 -5.9497437019
34.3000000000 -6.0826597402
34.4000000000 -6.2136418514
34.5000000000 -6.3427238146
34.6000000000 -6.4699390456
34.7000000000 -6.5953205849
34.8000000000 -6.7189010863
34.9000000000 -6.8407128069
35.0000000000 -6.9607875983
35.1000000000 -7.0791568985
35.2000000000 -7.1958517250
35.3000000000 -7.3109026685
35.4000000000 -7.4243398878
35.5000000000 -7.5361931055
35.6000000000 -7.6464916043
35.7000000000 -7.7552642244
35.8000000000 -7.8625393608
35.9000000000 -7.9683449627
36.0000000000 -8.0727085320
36.1000000000 -8.1756571234
36.2000000000 -8.2772173447
36.3000000000 -8.3774153579
36.4000000000 -8.4762768800
36.5000000000 -8.5738271855
36.6000000000 -8.6700911083
36.7000000000 -8.7650930445
36.8000000000 -8.8588569551
36.9000000000 -8.9514063700
37.0000000000 -9.0427643909
37.1000000000 -9.1329536960
37.2000000000 -9.2219965436
37.3000000000 -9.3099147770
37.4000000000 -9.3967298288
37.5000000000 -9.4824627261
37.6000000000 -9.5671340953
37.7000000000 -9.6507641674
37.8000000000 -9.7333727832
37.9000000000 -9.8149793989
38.0000000000 -9.8956030914
38.1000000000 -9.9752625642
38.2000000000 -10.0539761530
38.3000000000 -10.1317618311
38.4000000000 -10.2086372159
38.5000000000 -10.2846195741
38.6000000000 -10.3597258279
38.7000000000 -10.4339725608
38.8000000000 -10.5073760233
38.9000000000 -10.5799521391
39.0000000000 -10.6517165108
39.1000000000 -10.7226844255
39.2000000000 -10.7928708610
39.3000000000 -10.8622904914
39.4000000000 -10.9309576928
39.5000000000 -10.9988865492
39.6000000000 -11.0660908579
39.7000000000 -11.1325841351
39.8000000000 -11.1983796217
39.9000000000 -11.2634902885
40.0000000000 -11.3279288419
40.1000000000 -11.3917077288
40.2000000000 -11.4548391423
40.3000000000 -11.5173350268
40.4000000000 -11.5792070830
40.5000000000 -11.6404667730
40.6000000000 -11.7011253256
40.7000000000 -11.7611937405
40.8000000000 -11.8206827938
40.9000000000 -11.8796030426
41.0000000000 -11.9379648292
41.1000000000 -11.9957782863
41.2000000000 -12.0530533413
41.3000000000 -12.1097997204
41.4000000000 -12.1660269534
41.5000000000 -12.2217443777
41.6000000000 -12.2769611425
41.7000000000 -12.3316862130
41.8000000000 -12.3859283744
41.9000000000 -12.4396962357
42.0000000000 -12.4929982337
42.1000000000 -12.5458426367
42.2000000000 -12.5982375484
42.3000000000 -12.6501909112
42.4000000000 -12.7017105100
42.5000000000 -12.7528039757
42.6000000000 -12.8034787885
42.7000000000 -12.8537422811
42.8000000000 -12.9036016424
42.9000000000 -12.9530639202
43.0000000000 -13.0021360246
43.1000000000 -13.0508247310
43.2000000000 -13.0991366833
43.3000000000 -13.1470783962
43.4000000000 -13.1946562588
43.5000000000 -13.2418765369
43.6000000000 -13.2887453761
43.7000000000 -13.3352688039
43.8000000000 -13.3814527331
43.9000000000 -13.4273029637
44.0000000000 -13.4728251855
44.1000000000 -13.5180249811
44.2000000000 -13.5629078273
44.3000000000 -13.6074790984
44.4000000000 -13.6517440678
44.5000000000 -13.6957079106
44.6000000000 -13.7393757056
44.7000000000 -13.7827524373
44.8000000000 -13.8258429984
44.9000000000 -13.8686521914
45.0000000000 -13.9111847308
45.1000000000 -13.9534452447
45.2000000000 -13.9954382774
45.3000000000 -14.0371682903
45.4000000000 -14.0786396646
45.5000000000 -14.1198567024
45.6000000000 -14.1608236288
45.7000000000 -14.2015445932
45.8000000000 -14.2420236714
45.9000000000 -14.2822648670
46.0000000000 -14.3222721128
46.1000000000 -14.3620492724
46.2000000000 -14.4016001421
46.3000000000 -14.4409284515
46.4000000000 -14.4800378659
46.5000000000 -14.5189319870
46.6000000000 -14.5576143544
46.7000000000 -14.5960884472
46.8000000000 -14.6343576850
46.9000000000 -14.6724254291
47.0000000000 -14.7102949843
47.1000000000 -14.7479695993
47.2000000000 -14.7854524684
47.3000000000 -14.8227467327
47.4000000000 -14.8598554808
47.5000000000 -14.8967817504
47.6000000000 -14.9335285290
47.7000000000 -14.9700987550
47.8000000000 -15.0064953190
47.9000000000 -15.0427210644
48.0000000000 -15.0787787887
48.1000000000 -15.1146712444
48.2000000000 -15.1504011398
48.3000000000 -15.1859711400
48.4000000000 -15.2213838676
48.5000000000 -15.2566419042
48.6000000000 -15.2917477903
48.7000000000 -15.3267040270
48.8000000000 -15.3615130762
48.9000000000 -15.3961773619
49.0000000000 -15.4306992706
49.1000000000 -15.4650811521
49.2000000000 -15.4993253205
49.3000000000 -15.5334340547
49.4000000000 -15.5674095991
49.5000000000 -15.6012541644
49.6000000000 -15.6349699283
49.7000000000 -15.6685590361
49.8000000000 -15.7020236014
49.9000000000 -15.7353657065
50.0000000000 -15.7685874034
50.1000000000 -15.8016907143
50.2000000000 -15.8346776319
50.3000000000 -15.8675501204
50.4000000000 -15.9003101157
50.5000000000 -15.9329595262
50.6000000000 -15.9655002335
50.7000000000 -15.9979340923
50.8000000000 -16.0302629316
50.9000000000 -16.0624885549
51.0000000000 -16.0946127407
51.1000000000 -16.1266372431
51.2000000000 -16.1585637921
51.3000000000 -16.1903940944
51.4000000000 -16.2221298333
51.5000000000 -16.2537726697
51.6000000000 -16.2853242424
51.7000000000 -16.3167861682
51.8000000000 -16.3481600429
51.9000000000 -16.3794474410
52.0000000000 -16.4106499169
52.1000000000 -16.4417690047
52.2000000000 -16.4728062186
52.3000000000 -16.5037630538
52.4000000000 -16.5346409862
52.5000000000 -16.5654414735
52.6000000000 -16.5961659546
52.7000000000 -16.6268158510
52.8000000000 -16.6573925664
52.9000000000 -16.6878974872
53.0000000000 -16.7183319831
53.1000000000 -16.7486974072
53.2000000000 -16.7789950962
53.3000000000 -16.8092263710
53.4000000000 -16.8393925367
53.5000000000 -16.8694948832
53.6000000000 -16.8995346852
53.7000000000 -16.9295132028
53.8000000000 -16.9594316815
53.9000000000 -16.9892913526
54.0000000000 -17.0190934334
54.1000000000 -17.0488391276
54.2000000000 -17.0785296255
54.3000000000 -17.1081661041
54.4000000000 -17.1377497275
54.5000000000 -17.1672816473
54.6000000000 -17.1967630024
54.7000000000 -17.2261949197
54.8000000000 -17.2555785140
54.9000000000 -17.2849148885
55.0000000000 -17.3142051347
55.1000000000 -17.3434503329
55.2000000000 -17.3726515522
55.3000000000 -17.4018098510
55.4000000000 -17.4309262768
55.5000000000 -17.4600018669
55.6000000000 -17.4890376481
55.7000000000 -17.5180346371
55.8000000000 -17.5469938409
55.9000000000 -17.5759162566
56.0000000000 -17.6048028719
56.1000000000 -17.6336546651
56.2000000000 -17.6624726054
56.3000000000 -17.6912576531
56.4000000000 -17.7200107593
56.5000000000 -17.7487328670
56.6000000000 -17.7774249103
56.7000000000 -17.8060878152
56.8000000000 -17.8347224994
56.9000000000 -17.8633298727
57.0000000000 -17.8919108370
57.1000000000 -17.9204662866
57.2000000000 -17.9489971082
57.3000000000 -17.9775041810
57.4000000000 -18.0059883771
57.5000000000 -18.0344505614
57.6000000000 -18.0628915918
57.7000000000 -18.0913123195
57.8000000000 -18.1197135888
57.9000000000 -18.1480962377
58.0000000000 -18.1764610975
58.1000000000 -18.2048089933
58.2000000000 -18.2331407441
58.3000000000 -18.2614571625
58.4000000000 -18.2897590557
58.5000000000 -18.3180472245
58.6000000000 -18.3463224645
58.7000000000 -18.3745855654
58.8000000000 -18.4028373116
58.9000000000 -18.4310784819
59.0000000000 -18.4593098501
59.1000000000 -18.4875321849
59.2000000000 -18.5157462497
59.3000000000 -18.5439528031
59.4000000000 -18.5721525989
59.5000000000 -18.6003463863
59.6000000000 -18.6285349096
59.7000000000 -18.6567189088
59.8000000000 -18.6848991194
59.9000000000 -18.7130762726
60.0000000000 -18.7412510953
60.1000000000 -18.7694243103
60.2000000000 -18.7975966364
60.3000000000 -18.8257687883
60.4000000000 -18.8539414771
60.5000000000 -18.8821154099
60.6000000000 -18.9102912901
60.7000000000 -18.9384698176
60.8000000000 -18.9666516887
60.9000000000 -18.9948375964
61.0000000000 -19.0230282301
61.1000000000 -19.0512242761
61.2000000000 -19.0794264175
61.3000000000 -19.1076353341
61.4000000000 -19.1358517030
61.5000000000 -19.1640761981
61.6000000000 -19.1923094903
61.7000000000 -19.2205522479
61.8000000000 -19.2488051364
61.9000000000 -19.2770688185
62.0000000000 -19.3053439546
62.1000000000 -19.3336312022
62.2000000000 -19.3619312167
62.3000000000 -19.3902446507
62.4000000000 -19.4185721549
62.5000000000 -19.4469143774
62.6000000000 -19.4752719643
62.7000000000 -19.5036455595
62.8000000000 -19.5320358049
62.9000000000 -19.5604433403
63.0000000000 -19.5888688037
63.1000000000 -19.6173128311
63.2000000000 -19.6457760567
63.3000000000 -19.6742591130
63.4000000000 -19.7027626307
63.5000000000 -19.7312872391
63.6000000000 -19.7598335656
63.7000000000 -19.7884022363
63.8000000000 -19.8169938758
63.9000000000 -19.8456091071
64.0000000000 -19.8742485522
64.1000000000 -19.9029128315
64.2000000000 -19.9316025643
64.3000000000 -19.9603183686
64.4000000000 -19.9890608613
64.5000000000 -20.0178306583
64.6000000000 -20.0466283744
64.7000000000 -20.0754546233
64.8000000000 -20.1043100179
64.9000000000 -20.1331951702
65.0000000000 -20.1621106913
65.1000000000 -20.1910571916
65.2000000000 -20.2200352806
65.3000000000 -20.2490455673
65.4000000000 -20.2780886598
65.5000000000 -20.3071651659
65.6000000000 -20.3362756926
65.7000000000 -20.3654208466
65.8000000000 -20.3946012338
65.9000000000 -20.4238174600
66.0000000000 -20.4530701305
66.1000000000 -20.4823598502
66.2000000000 -20.5116872238
66.3000000000 -20.5410528558
66.4000000000 -20.5704573502
66.5000000000 -20.5999013112
66.6000000000 -20.6293853427
66.7000000000 -20.6589100483
66.8000000000 -20.6884760320
66.9000000000 -20.7180838974
67.0000000000 -20.7477342483
67.1000000000 -20.7774276886
67.2000000000 -20.8071648221
67.3000000000 -20.8369462531
67.4000000000 -20.8667725856
67.5000000000 -20.8966444243
67.6000000000 -20.9265623738
67.7000000000 -20.9565270392
67.8000000000 -20.9865390258
67.9000000000 -21.0165989393
68.0000000000 -21.0467073858
68.1000000000 -21.0768649718
68.2000000000 -21.1070723043
68.3000000000 -21.1373299907
68.4000000000 -21.1676386391
68.5000000000 -21.1979988580
68.6000000000 -21.2284112566
68.7000000000 -21.2588764446
68.8000000000 -21.2893950324
68.9000000000 -21.3199676313
69.0000000000 -21.3505948529
69.1000000000 -21.3812773100
69.2000000000 -21.4120156157
69.3000000000 -21.4428103844
69.4000000000 -21.4736622310
69.5000000000 -21.5045717713
69.6000000000 -21.5355396222
69.7000000000 -21.5665664012
69.8000000000 -21.5976527270
69.9000000000 -21.6287992192
70.0000000000 -21.6600064984
70.1000000000 -21.6912751863
70.2000000000 -21.7226059054
70.3000000000 -21.7539992796
70.4000000000 -21.7854559337
70.5000000000 -21.8169764938
70.6000000000 -21.8485615869
70.7000000000 -21.8802118414
70.8000000000 -21.9119278869
70.9000000000 -21.9437103540
71.0000000000 -21.9755598749
71.1000000000 -22.0074770827
71.2000000000 -22.0394626120
71.3000000000 -22.0715170988
71.4000000000 -22.1036411802
71.5000000000 -22.1358354948
71.6000000000 -22.1681006826
71.7000000000 -22.2004373849
71.8000000000 -22.2328462444
71.9000000000 -22.2653279055
72.0000000000 -22.2978830137
72.1000000000 -22.3305122162
72.2000000000 -22.3632161616
72.3000000000 -22.3959955000
72.4000000000 -22.4288508831
72.5000000000 -22.4617829641
72.6000000000 -22.4947923978
72.7000000000 -22.5278798404
72.8000000000 -22.5610459500
72.9000000000 -22.5942913859
73.0000000000 -22.6276168095
73.1000000000 -22.6610228834
73.2000000000 -22.6945102720
73.3000000000 -22.7280796415
73.4000000000 -22.7617316597
73.5000000000 -22.7954669958
73.6000000000 -22.8292863212
73.7000000000 -22.8631903086
73.8000000000 -22.8971796325
73.9000000000 -22.9312549693
74.0000000000 -22.9654169969
74.1000000000 -22.9996663951
74.2000000000 -23.0340038455
74.3000000000 -23.0684300312
74.4000000000 -23.1029456374
74.5000000000 -23.1375513509
74.6000000000 -23.1722478601
74.7000000000 -23.2070358556
74.8000000000 -23.2419160294
74.9000000000 -23.2768890756
75.0000000000 -23.3119556899
75.1000000000 -23.3471165699
75.2000000000 -23.3823724149
75.3000000000 -23.4177239261
75.4000000000 -23.4531718064
75.5000000000 -23.4887167608
75.6000000000 -23.5243594958
75.7000000000 -23.5601007197
75.8000000000 -23.5959411429
75.9000000000 -23.6318814772
76.0000000000 -23.6679224367
76.1000000000 -23.7040647367
76.2000000000 -23.7403090949
76.3000000000 -23.7766562304
76.4000000000 -23.8131068642
76.5000000000 -23.8496617190
76.6000000000 -23.8863215194
76.7000000000 -23.9230869917
76.8000000000 -23.9599588640
76.9000000000 -23.9969378661
77.0000000000 -24.0340247295
77.1000000000 -24.0712201876
77.2000000000 -24.1085249752
77.3000000000 -24.1459398291
77.4000000000 -24.1834654877
77.5000000000 -24.2211026911
77.6000000000 -24.2588521809
77.7000000000 -24.2967147005
77.8000000000 -24.3346909950
77.9000000000 -24.3727818108
78.0000000000 -24.4109878963
78.1000000000 -24.4493100013
78.2000000000 -24.4877488769
78.3000000000 -24.5263052762
78.4000000000 -24.5649799534
78.5000000000 -24.6037736645
78.6000000000 -24.6426871667
78.7000000000 -24.6817212189
78.8000000000 -24.7208765813
78.9000000000 -24.7601540153
79.0000000000 -24.7995542840
79.1000000000 -24.8390781516
79.2000000000 -24.8787263837
79.3000000000 -24.9184997471
79.4000000000 -24.9583990100
79.5000000000 -24.9984249415
79.6000000000 -25.0385783122
79.7000000000 -25.0788598937
79.8000000000 -25.1192704587
79.9000000000 -25.1598107809
80.0000000000 -25.2004816352
80.1000000000 -25.2412837973
80.2000000000 -25.2822180440
80.3000000000 -25.3232851529
80.4000000000 -25.3644859025
80.5000000000 -25.4058210721
80.6000000000 -25.4472914419
80.7000000000 -25.4888977926
80.8000000000 -25.5306409057
80.9000000000 -25.5725215635
81.0000000000 -25.6145405485
81.1000000000 -25.6566986441
81.2000000000 -25.6989966339
81.3000000000 -25.7414353022
81.4000000000 -25.7840154334
81.5000000000 -25.8267378123
81.6000000000 -25.8696032241
81.7000000000 -25.9126124539
81.8000000000 -25.9557662873
81.9000000000 -25.9990655096
82.0000000000 -26.0425109064
82.1000000000 -26.0861032632
82.2000000000 -26.1298433652
82.3000000000 -26.1737319976
82.4000000000 -26.2177699452
82.5000000000 -26.2619579927
82.6000000000 -26.3062969241
82.7000000000 -26.3507875232
82.8000000000 -26.3954305732
82.9000000000 -26.4402268565
83.0000000000 -26.4851771549
83.1000000000 -26.5302822497
83.2000000000 -26.5755429209
83.3000000000 -26.6209599478
83.4000000000 -26.6665341088
83.5000000000 -26.7122661810
83.6000000000 -26.7581569404
83.7000000000 -26.8042071616
83.8000000000 -26.8504176181
83.9000000000 -26.8967890817
84.0000000000 -26.9433223229
84.1000000000 -26.9900181103
84.2000000000 -27.0368772109
84.3000000000 -27.0839003899
84.4000000000 -27.1310884106
84.5000000000 -27.1784420342
84.6000000000 -27.2259620198
84.7000000000 -27.2736491243
84.8000000000 -27.3215041023
84.9000000000 -27.3695277059
85.0000000000 -27.4177206848
85.1000000000 -27.4660837859
85.2000000000 -27.5146177534
85.3000000000 -27.5633233287
85.4000000000 -27.6122012501
85.5000000000 -27.6612522530
85.6000000000 -27.7104770694
85.7000000000 -27.7598764282
85.8000000000 -27.8094510545
85.9000000000 -27.8592016704
86.0000000000 -27.9091289937
86.1000000000 -27.9592337389
86.2000000000 -28.0095166163
86.3000000000 -28.0599783323
86.4000000000 -28.1106195890
86.5000000000 -28.1614410843
86.6000000000 -28.2124435117
86.7000000000 -28.2636275601
86.8000000000 -28.3149939135
86.9000000000 -28.3665432515
87.0000000000 -28.4182762484
87.1000000000 -28.4701935735
87.2000000000 -28.5222958910
87.3000000000 -28.5745838596
87.4000000000 -28.6270581324
87.5000000000 -28.6797193571
87.6000000000 -28.7325681754
87.7000000000 -28.7856052233
87.8000000000 -28.8388311304
87.9000000000 -28.8922465204
88.0000000000 -28.9458520105
88.1000000000 -28.9996482113
88.2000000000 -29.0536357269
88.3000000000 -29.1078151545
88.4000000000 -29.1621870844
88.5000000000 -29.2167520996
88.6000000000 -29.2715107762
88.7000000000 -29.3264636826
88.8000000000 -29.3816113798
88.9000000000 -29.4369544208
89.0000000000 -29.4924933510
89.1000000000 -29.5482287078
89.2000000000 -29.6041610202
89.3000000000 -29.6602908090
89.4000000000 -29.7166185864
89.5000000000 -29.7731448561
89.6000000000 -29.8298701127
89.7000000000 -29.8867948422
89.8000000000 -29.9439195212
89.9000000000 -30.0012446171
90.0000000000 -30.0587705877
90.1000000000 -30.1164978814
90.2000000000 -30.1744269367
90.3000000000 -30.2325581822
90.4000000000 -30.2908920364
90.5000000000 -30.3494289075
90.6000000000 -30.4081691933
90.7000000000 -30.4671132811
90.8000000000 -30.5262615473
90.9000000000 -30.5856143576
91.0000000000 -30.6451720664
91.1000000000 -30.7049350171
91.2000000000 -30.7649035416
91.3000000000 -30.8250779602
91.4000000000 -30.8854585817
91.5000000000 -30.9460457029
91.6000000000 -31.0068396086
91.7000000000 -31.0678405714
91.8000000000 -31.1290488517
91.9000000000 -31.1904646973
92.0000000000 -31.2520883433
92.1000000000 -31.3139200122
92.2000000000 -31.3759599134
92.3000000000 -31.4382082433
92.4000000000 -31.5006651849
92.5000000000 -31.5633309081
92.6000000000 -31.6262055689
92.7000000000 -31.6892893099
92.8000000000 -31.7525822597
92.9000000000 -31.8160845329
93.0000000000 -31.8797962301
93.1000000000 -31.9437174377
93.2000000000 -32.0078482273
93.3000000000 -32.0721886565
93.4000000000 -32.1367387678
93.5000000000 -32.2014985892
93.6000000000 -32.2664681335
93.7000000000 -32.3316473986
93.8000000000 -32.3970363673
93.9000000000 -32.4626350067
94.0000000000 -32.5284432690
94.1000000000 -32.5944610903
94.2000000000 -32.6606883913
94.3000000000 -32.7271250771
94.4000000000 -32.7937710364
94.5000000000 -32.8606261424
94.6000000000 -32.9276902518
94.7000000000 -32.9949632052
94.8000000000 -33.0624448270
94.9000000000 -33.1301349250
95.0000000000 -33.1980332906
95.1000000000 -33.2661396985
95.2000000000 -33.3344539068
95.3000000000 -33.4029756567
95.4000000000 -33.4717046727
95.5000000000 -33.5406406622
95.6000000000 -33.6097833156
95.7000000000 -33.6791323063
95.8000000000 -33.7486872904
95.9000000000 -33.8184479071
96.0000000000 -33.8884137779
96.1000000000 -33.9585845072
96.2000000000 -34.0289596820
96.3000000000 -34.0995388719
96.4000000000 -34.1703216288
96.5000000000 -34.2413074874
96.6000000000 -34.3124959645
96.7000000000 -34.3838865596
96.8000000000 -34.4554787545
96.9000000000 -34.5272720133
97.0000000000 -34.5992657824
97.1000000000 -34.6714594907
97.2000000000 -34.7438525493
97.3000000000 -34.8164443516
97.4000000000 -34.8892342734
97.5000000000 -34.9622216727
97.6000000000 -35.0354058899
97.7000000000 -35.1087862478
97.8000000000 -35.1823620514
97.9000000000 -35.2561325881
98.0000000000 -35.3300971279
98.1000000000 -35.4042549230
98.2000000000 -35.4786052083
98.3000000000 -35.5531472010
98.4000000000 -35.6278801009
98.5000000000 -35.7028030906
98.6000000000 -35.7779153352
98.7000000000 -35.8532159825
98.8000000000 -35.9287041634
98.9000000000 -36.0043789912
99.0000000000 -36.0802395626
99.1000000000 -36.1562849572
99.2000000000 -36.2325142374
99.3000000000 -36.3089264494
99.4000000000 -36.3855206221
99.5000000000 -36.4622957683
99.6000000000 -36.5392508841
99.7000000000 -36.6163849492
99.8000000000 -36.6936969271
99.9000000000 -36.7711857651
100.0000000000 -36.8488503948
100.1000000000 -36.9266897314
100.2000000000 -37.0047026748
100.3000000000 -37.0828881093
100.4000000000 -37.1612449033
100.5000000000 -37.2397719105
100.6000000000 -37.3184679691
100.7000000000 -37.3973319024
100.8000000000 -37.4763625189
100.9000000000 -37.5555586125
101.0000000000 -37.6349189625
101.1000000000 -37.7144423340
101.2000000000 -37.7941274780
101.3000000000 -37.8739731317
101.4000000000 -37.9539780183
101.5000000000 -38.0341408478
101.6000000000 -38.1144603166
101.7000000000 -38.1949351080
101.8000000000 -38.2755638927
101.9000000000 -38.3563453284
102.0000000000 -38.4372780603
102.1000000000 -38.5183607217
102.2000000000 -38.5995919334
102.3000000000 -38.6809703048
102.4000000000 -38.7624944334
102.5000000000 -38.8441629058
102.6000000000 -38.9259742970
102.7000000000 -39.0079271715
102.8000000000 -39.0900200832
102.9000000000 -39.1722515755
103.0000000000 -39.2546201818
103.1000000000 -39.3371244256
103.2000000000 -39.4197628209
103.3000000000 -39.5025338723
103.4000000000 -39.5854360755
103.5000000000 -39.6684679173
103.6000000000 -39.7516278760
103.7000000000 -39.8349144217
103.8000000000 -39.9183260164
103.9000000000 -40.0018611147
104.0000000000 -40.0855181636
104.1000000000 -40.1692956030
104.2000000000 -40.2531918659
104.3000000000 -40.3372053790
104.4000000000 -40.4213345623
104.5000000000 -40.5055778303
104.6000000000 -40.5899335915
104.7000000000 -40.6744002491
104.8000000000 -40.7589762012
104.9000000000 -40.8436598411
105.0000000000 -40.9284495576
105.1000000000 -41.0133437351
105.2000000000 -41.0983407544
105.3000000000 -41.1834389924
105.4000000000 -41.2686368228
105.5000000000 -41.3539326162
105.6000000000 -41.4393247405
105.7000000000 -41.5248115612
105.8000000000 -41.6103914416
105.9000000000 -41.6960627431
106.0000000000 -41.7818238258
106.1000000000 -41.8676730483
106.2000000000 -41.9536087684
106.3000000000 -42.0396293430
106.4000000000 -42.1257331290
106.5000000000 -42.2119184830
106.6000000000 -42.2981837619
106.7000000000 -42.3845273231
106.8000000000 -42.4709475247
106.9000000000 -42.5574427262
107.0000000000 -42.6440112881
107.1000000000 -42.7306515729
107.2000000000 -42.8173619450
107.3000000000 -42.9041407708
107.4000000000 -42.9909864195
107.5000000000 -43.0778972629
107.6000000000 -43.1648716762
107.7000000000 -43.2519080375
107.8000000000 -43.3390047289
107.9000000000 -43.4261601363
108.0000000000 -43.5133726497
108.1000000000 -43.6006406634
108.2000000000 -43.6879625768
108.3000000000 -43.7753367939
108.4000000000 -43.8627617240
108.5000000000 -43.9502357820
108.6000000000 -44.0377573883
108.7000000000 -44.1253249694
108.8000000000 -44.2129369579
108.9000000000 -44.3005917931
109.0000000000 -44.3882879207
109.1000000000 -44.4760237935
109.2000000000 -44.5637978713
109.3000000000 -44.6516086214
109.4000000000 -44.7394545187
109.5000000000 -44.8273340459
109.6000000000 -44.9152456937
109.7000000000 -45.0031879612
109.8000000000 -45.0911593556
109.9000000000 -45.1791583933
110.0000000000 -45.2671835991
110.1000000000 -45.3552335071
110.2000000000 -45.4433066605
110.3000000000 -45.5314016122
110.4000000000 -45.6195169244
110.5000000000 -45.7076511693
110.6000000000 -45.7958029290
110.7000000000 -45.8839707959
110.8000000000 -45.9721533725
110.9000000000 -46.0603492719
111.0000000000 -46.1485571177
111.1000000000 -46.2367755446
111.2000000000 -46.3250031978
111.3000000000 -46.4132387340
111.4000000000 -46.5014808208
111.5000000000 -46.5897281373
111.6000000000 -46.6779793741
111.7000000000 -46.7662332332
111.8000000000 -46.8544884286
111.9000000000 -46.9427436861
112.0000000000 -47.0309977432
112.1000000000 -47.1192493497
112.2000000000 -47.2074972675
112.3000000000 -47.2957402707
112.4000000000 -47.3839771459
112.5000000000 -47.4722066920
112.6000000000 -47.5604277205
112.7000000000 -47.6486390553
112.8000000000 -47.7368395333
112.9000000000 -47.8250280038
113.0000000000 -47.9132033292
113.1000000000 -48.0013643846
113.2000000000 -48.0895100581
113.3000000000 -48.1776392506
113.4000000000 -48.2657508763
113.5000000000 -48.3538438621
113.6000000000 -48.4419171483
113.7000000000 -48.5299696882
113.8000000000 -48.6180004482
113.9000000000 -48.7060084080
114.0000000000 -48.7939925604
114.1000000000 -48.8819519114
114.2000000000 -48.9698854803
114.3000000000 -49.0577922995
114.4000000000 -49.1456714147
114.5000000000 -49.2335218847
114.6000000000 -49.3213427817
114.7000000000 -49.4091331911
114.8000000000 -49.4968922112
114.9000000000 -49.5846189537
115.0000000000 -49.6723125434
115.1000000000 -49.7599721181
115.2000000000 -49.8475968289
115.3000000000 -49.9351858396
115.4000000000 -50.0227383273
115.5000000000 -50.1102534818
115.6000000000 -50.1977305061
115.7000000000 -50.2851686158
115.8000000000 -50.3725670393
115.9000000000 -50.4599250179
116.0000000000 -50.5472418053
116.1000000000 -50.6345166681
116.2000000000 -50.7217488852
116.3000000000 -50.8089377481
116.4000000000 -50.8960825606
116.5000000000 -50.9831826387
116.6000000000 -51.0702373108
116.7000000000 -51.1572459174
116.8000000000 -51.2442078107
116.9000000000 -51.3311223553
117.0000000000 -51.4179889274
117.1000000000 -51.5048069148
117.2000000000 -51.5915757172
117.3000000000 -51.6782947456
117.4000000000 -51.7649634225
117.5000000000 -51.8515811817
117.6000000000 -51.9381474682
117.7000000000 -52.0246617380
117.8000000000 -52.1111234579
117.9000000000 -52.1975321058
118.0000000000 -52.2838871702
118.1000000000 -52.3701881499
118.2000000000 -52.4564345545
118.3000000000 -52.5426259035
118.4000000000 -52.6287617269
118.5000000000 -52.7148415645
118.6000000000 -52.8008649659
118.7000000000 -52.8868314907
118.8000000000 -52.9727407077
118.9000000000 -53.0585921954
119.0000000000 -53.1443855414
119.1000000000 -53.2301203427
119.2000000000 -53.3157962048
119.3000000000 -53.4014127425
119.4000000000 -53.4869695788
119.5000000000 -53.5724663454
119.6000000000 -53.6579026825
119.7000000000 -53.7432782381
119.8000000000 -53.8285926683
119.9000000000 -53.9138456372
120.0000000000 -53.9990368164
120.1000000000 -54.0841658850
120.2000000000 -54.1692325293
120.3000000000 -54.2542364430
120.4000000000 -54.3391773264
120.5000000000 -54.4240548870
120.6000000000 -54.5088688387
120.7000000000 -54.5936189016
120.8000000000 -54.6783048025
120.9000000000 -54.7629262738
121.0000000000 -54.8474830542
121.1000000000 -54.9319748879
121.2000000000 -55.0164015246
121.3000000000 -55.1007627193
121.4000000000 -55.1850582324
121.5000000000 -55.2692878288
121.6000000000 -55.3534512788
121.7000000000 -55.4375483566
121.8000000000 -55.5215788414
121.9000000000 -55.6055425162
122.0000000000 -55.6894391683
122.1000000000 -55.7732685886
122.2000000000 -55.8570305718
122.3000000000 -55.9407249161
122.4000000000 -56.0243514228
122.5000000000 -56.1079098963
122.6000000000 -56.1914001440
122.7000000000 -56.2748219760
122.8000000000 -56.3581752047
122.9000000000 -56.4414596451
123.0000000000 -56.5246751142
123.1000000000 -56.6078214308
123.2000000000 -56.6908984156
123.3000000000 -56.7739058909
123.4000000000 -56.8568436802
123.5000000000 -56.9397116083
123.6000000000 -57.0225095010
123.7000000000 -57.1052371850
123.8000000000 -57.1878944872
123.9000000000 -57.2704812355
124.0000000000 -57.3529972577
124.1000000000 -57.4354423816
124.2000000000 -57.5178164352
124.3000000000 -57.6001192460
124.4000000000 -57.6823506409
124.5000000000 -57.7645104463
124.6000000000 -57.8465984878
124.7000000000 -57.9286145899
124.8000000000 -58.0105585757
124.9000000000 -58.0924302673
125.0000000000 -58.1742294850
125.1000000000 -58.2559560474
125.2000000000 -58.3376097712
125.3000000000 -58.4191904711
125.4000000000 -58.5006979595
125.5000000000 -58.5821320463
125.6000000000 -58.6634925390
125.7000000000 -58.7447792423
125.8000000000 -58.8259919579
125.9000000000 -58.9071304844
126.0000000000 -58.9881946175
126.1000000000 -59.0691841492
126.2000000000 -59.1500988680
126.3000000000 -59.2309385587
126.4000000000 -59.3117030025
126.5000000000 -59.3923919762
126.6000000000 -59.4730052527
126.7000000000 -59.5535426007
126.8000000000 -59.6340037842
126.9000000000 -59.7143885629
127.0000000000 -59.7946966915
127.1000000000 -59.8749279202
127.2000000000 -59.9550819938
127.3000000000 -60.0351586523
127.4000000000 -60.1151576304
127.5000000000 -60.1950786574
127.6000000000 -60.2749214570
127.7000000000 -60.3546857475
127.8000000000 -60.4343712413
127.9000000000 -60.5139776450
128.0000000000 -60.5935046593
128.1000000000 -60.6729519786
128.2000000000 -60.7523192915
128.3000000000 -60.8316062800
128.4000000000 -60.9108126199
128.5000000000 -60.9899379804
128.6000000000 -61.0689820242
128.7000000000 -61.1479444073
128.8000000000 -61.2268247789
128.9000000000 -61.3056227815
129.0000000000 -61.3843380506
129.1000000000 -61.4629702145
129.2000000000 -61.5415188948
129.3000000000 -61.6199837057
129.4000000000 -61.6983642543
129.5000000000 -61.7766601401
129.6000000000 -61.8548709558
129.7000000000 -61.9329962862
129.8000000000 -62.0110357089
129.9000000000 -62.0889887940
130.0000000000 -62.1668551038
130.1000000000 -62.2446341932
130.2000000000 -62.3223256094
130.3000000000 -62.3999288920
130.4000000000 -62.4774435727
130.5000000000 -62.5548691756
130.6000000000 -62.6322052169
130.7000000000 -62.7094512052
130.8000000000 -62.7866066410
130.9000000000 -62.8636710172
131.0000000000 -62.9406438188
131.1000000000 -63.0175245228
131.2000000000 -63.0943125985
131.3000000000 -63.1710075074
131.4000000000 -63.2476087029
131.5000000000 -63.3241156308
131.6000000000 -63.4005277289
131.7000000000 -63.4768444272
131.8000000000 -63.5530651479
131.9000000000 -63.6291893055
132.0000000000 -63.7052163066
132.1000000000 -63.7811455501
132.2000000000 -63.8569764274
132.3000000000 -63.9327083220
132.4000000000 -64.0083406097
132.5000000000 -64.0838726591
132.6000000000 -64.1593038309
132.7000000000 -64.2346334786
132.8000000000 -64.3098609479
132.9000000000 -64.3849855776
133.0000000000 -64.4600066989
133.1000000000 -64.5349236358
133.2000000000 -64.6097357052
133.3000000000 -64.6844422168
133.4000000000 -64.7590424734
133.5000000000 -64.8335357708
133.6000000000 -64.9079213979
133.7000000000 -64.9821986370
133.8000000000 -65.0563667634
133.9000000000 -65.1304250462
134.0000000000 -65.2043727476
134.1000000000 -65.2782091238
134.2000000000 -65.3519334244
134.3000000000 -65.4255448930
134.4000000000 -65.4990427671
134.5000000000 -65.5724262782
134.6000000000 -65.6456946519
134.7000000000 -65.7188471081
134.8000000000 -65.7918828612
134.9000000000 -65.8648011201
135.0000000000 -65.9376010881
135.1000000000 -66.0102819635
135.2000000000 -66.0828429396
135.3000000000 -66.1552832044
135.4000000000 -66.2276019413
135.5000000000 -66.2997983291
135.6000000000 -66.3718715418
135.7000000000 -66.4438207492
135.8000000000 -66.5156451168
135.9000000000 -66.5873438060
136.0000000000 -66.6589159742
136.1000000000 -66.7303607750
136.2000000000 -66.8016773584
136.3000000000 -66.8728648711
136.4000000000 -66.9439224560
136.5000000000 -67.0148492534
136.6000000000 -67.0856444001
136.7000000000 -67.1563070305
136.8000000000 -67.2268362760
136.9000000000 -67.2972312657
137.0000000000 -67.3674911262
137.1000000000 -67.4376149822
137.2000000000 -67.5076019561
137.3000000000 -67.5774511687
137.4000000000 -67.6471617391
137.5000000000 -67.7167327850
137.6000000000 -67.7861634227
137.7000000000 -67.8554527674
137.8000000000 -67.9245999335
137.9000000000 -67.9936040345
138.0000000000 -68.0624641834
138.1000000000 -68.1311794929
138.2000000000 -68.1997490753
138.3000000000 -68.2681720431
138.4000000000 -68.3364475087
138.5000000000 -68.4045745851
138.6000000000 -68.4725523856
138.7000000000 -68.5403800243
138.8000000000 -68.6080566163
138.9000000000 -68.6755812777
139.0000000000 -68.7429531256
139.1000000000 -68.8101712790
139.2000000000 -68.8772348582
139.3000000000 -68.9441429853
139.4000000000 -69.0108947846
139.5000000000 -69.0774893825
139.6000000000 -69.1439259075
139.7000000000 -69.2102034910
139.8000000000 -69.2763212668
139.9000000000 -69.3422783718
140.0000000000 -69.4080739459
140.1000000000 -69.4737071323
140.2000000000 -69.5391770774
140.3000000000 -69.6044829315
140.4000000000 -69.6696238485
140.5000000000 -69.7345989863
140.6000000000 -69.7994075069
140.7000000000 -69.8640485765
140.8000000000 -69.9285213659
140.9000000000 -69.9928250506
141.0000000000 -70.0569588106
141.1000000000 -70.1209218312
141.2000000000 -70.1847133025
141.3000000000 -70.2483324202
141.4000000000 -70.3117783852
141.5000000000 -70.3750504042
141.6000000000 -70.4381476894
141.7000000000 -70.5010694593
141.8000000000 -70.5638149381
141.9000000000 -70.6263833564
142.0000000000 -70.6887739512
142.1000000000 -70.7509859660
142.2000000000 -70.8130186510
142.3000000000 -70.8748712630
142.4000000000 -70.9365430660
142.5000000000 -70.9980333309
142.6000000000 -71.0593413361
142.7000000000 -71.1204663670
142.8000000000 -71.1814077168
142.9000000000 -71.2421646861
143.0000000000 -71.3027365835
143.1000000000 -71.3631227251
143.2000000000 -71.4233224354
143.3000000000 -71.4833350467
143.4000000000 -71.5431598998
143.5000000000 -71.6027963436
143.6000000000 -71.6622437357
143.7000000000 -71.7215014420
143.8000000000 -71.7805688374
143.9000000000 -71.8394453053
144.0000000000 -71.8981302380
144.1000000000 -71.9566230371
144.2000000000 -72.0149231130
144.3000000000 -72.0730298852
144.4000000000 -72.1309427827
144.5000000000 -72.1886612438
144.6000000000 -72.2461847161
144.7000000000 -72.3035126569
144.8000000000 -72.3606445330
144.9000000000 -72.4175798209
145.0000000000 -72.4743180069
145.1000000000 -72.5308585870
145.2000000000 -72.5872010672
145.3000000000 -72.6433449635
145.4000000000 -72.6992898018
145.5000000000 -72.7550351182
145.6000000000 -72.8105804589
145.7000000000 -72.8659253803
145.8000000000 -72.9210694491
145.9000000000 -72.9760122423
146.0000000000 -73.0307533471
146.1000000000 -73.0852923612
146.2000000000 -73.1396288929
146.3000000000 -73.1937625606
146.4000000000 -73.2476929937
146.5000000000 -73.3014198317
146.6000000000 -73.3549427249
146.7000000000 -73.4082613341
146.8000000000 -73.4613753309
146.9000000000 -73.5142843974
147.0000000000 -73.5669882265
147.1000000000 -73.6194865215
147.2000000000 -73.6717789969
147.3000000000 -73.7238653774
147.4000000000 -73.7757453988
147.5000000000 -73.8274188075
147.6000000000 -73.8788853605
147.7000000000 -73.9301448259
147.8000000000 -73.9811969823
147.9000000000 -74.0320416190
148.0000000000 -74.0826785362
148.1000000000 -74.1331075447
148.2000000000 -74.1833284661
148.3000000000 -74.2333411328
148.4000000000 -74.2831453876
148.5000000000 -74.3327410843
148.6000000000 -74.3821280871
148.7000000000 -74.4313062712
148.8000000000 -74.4802755221
148.9000000000 -74.5290357359
149.0000000000 -74.5775868195
149.1000000000 -74.6259286902
149.2000000000 -74.6740612757
149.3000000000 -74.7219845144
149.4000000000 -74.7696983551
149.5000000000 -74.8172027568
149.6000000000 -74.8644976890
149.7000000000 -74.9115831317
149.8000000000 -74.9584590749
149.9000000000 -75.0051255190
150.0000000000 -75.0515824745
150.1000000000 -75.0978299622
150.2000000000 -75.1438680128
150.3000000000 -75.1896966672
150.4000000000 -75.2353159763
150.5000000000 -75.2807260008
150.6000000000 -75.3259268113
150.7000000000 -75.3709184884
150.8000000000 -75.4157011224
150.9000000000 -75.4602748131
151.0000000000 -75.5046396702
151.1000000000 -75.5487958129
151.2000000000 -75.5927433700
151.3000000000 -75.6364824795
151.4000000000 -75.6800132890
151.5000000000 -75.7233359555
151.6000000000 -75.7664506450
151.7000000000 -75.8093575328
151.8000000000 -75.8520568034
151.9000000000 -75.8945486501
152.0000000000 -75.9368332754
152.1000000000 -75.9789108906
152.2000000000 -76.0207817157
152.3000000000 -76.0624459797
152.4000000000 -76.1039039200
152.5000000000 -76.1451557826
152.6000000000 -76.1862018221
152.7000000000 -76.2270423015
152.8000000000 -76.2676774922
152.9000000000 -76.3081076736
153.0000000000 -76.3483331336
153.1000000000 -76.3883541680
153.2000000000 -76.4281710805
153.3000000000 -76.4677841831
153.4000000000 -76.5071937952
153.5000000000 -76.5464002442
153.6000000000 -76.5854038652
153.7000000000 -76.6242050006
153.8000000000 -76.6628040007
153.9000000000 -76.7012012228
154.0000000000 -76.7393970318
154.1000000000 -76.7773917997
154.2000000000 -76.8151859056
154.3000000000 -76.8527797357
154.4000000000 -76.8901736832
154.5000000000 -76.9273681481
154.6000000000 -76.9643635372
154.7000000000 -77.0011602640
154.8000000000 -77.0377587485
154.9000000000 -77.0741594173
155.0000000000 -77.1103627033
155.1000000000 -77.1463690459
155.2000000000 -77.1821788904
155.3000000000 -77.2177926885
155.4000000000 -77.2532108977
155.5000000000 -77.2884339816
155.6000000000 -77.3234624095
155.7000000000 -77.3582966563
155.8000000000 -77.3929372027
155.9000000000 -77.4273845347
156.0000000000 -77.4616391437
156.1000000000 -77.4957015264
156.2000000000 -77.5295721844
156.3000000000 -77.5632516246
156.4000000000 -77.5967403583
156.5000000000 -77.6300389017
156.6000000000 -77.6631477755
156.7000000000 -77.6960675045
156.8000000000 -77.7287986177
156.9000000000 -77.7613416479
157.0000000000 -77.7936971316
157.1000000000 -77.8258656085
157.2000000000 -77.8578476215
157.3000000000 -77.8896437159
157.4000000000 -77.9212544395
157.5000000000 -77.9526803418
157.6000000000 -77.9839219737
157.7000000000 -78.0149798868
157.8000000000 -78.0458546326
157.9000000000 -78.0765467621
158.0000000000 -78.1070568245
158.1000000000 -78.1373853665
158.2000000000 -78.1675329310
158.3000000000 -78.1975000554
158.4000000000 -78.2272872706
158.5000000000 -78.2568950987
158.6000000000 -78.2863240508
158.7000000000 -78.3155746248
158.8000000000 -78.3446473020
158.9000000000 -78.3735425442
159.0000000000 -78.4022607888
159.1000000000 -78.4308024452
159.2000000000 -78.4591678880
159.3000000000 -78.4873574517
159.4000000000 -78.5153714223
159.5000000000 -78.5432100286
159.6000000000 -78.5708734320
159.7000000000 -78.5983617141
159.8000000000 -78.6256748621
159.9000000000 -78.6528127526
160.0000000000 -78.6797751313
160.1000000000 -78.7065615901
160.2000000000 -78.7331715400
160.3000000000 -78.7596041790
160.4000000000 -78.7858584550
160.5000000000 -78.8119330217
160.6000000000 -78.8378261868
160.7000000000 -78.8635358521
160.8000000000 -78.8890594419
160.9000000000 -78.9143938199
161.0000000000 -78.9395351911
161.1000000000 -78.9644789867
161.2000000000 -78.9892197292
161.3000000000 -79.0137508736
161.4000000000 -79.0380646212
161.5000000000 -79.0621517009
161.6000000000 -79.0860011117
161.7000000000 -79.1095998214
161.8000000000 -79.1329324118
161.9000000000 -79.1559806621
162.0000000000 -79.1787230599
162.1000000000 -79.2011342264
162.2000000000 -79.2231842411
162.3000000000 -79.2448378491
162.4000000000 -79.2660535289
162.5000000000 -79.2867823984
162.6000000000 -79.3069669282
162.7000000000 -79.3265394315
162.8000000000 -79.3454202883
162.9000000000 -79.3635158602
163.0000000000 -79.3807160397
163.1000000000 -79.3968913711
163.2000000000 -79.4118896672
163.3000000000 -79.4255320339
163.4000000000 -79.4376081995
163.5000000000 -79.4478710254
163.6000000000 -79.4560300567
163.7000000000 -79.4617439431
163.8000000000 -79.4646115329
163.9000000000 -79.4641614071
164.0000000000 -79.4598395816
164.1000000000 -79.4509950556
164.2000000000 -79.4368628295
164.3000000000 -79.4165439497
164.4000000000 -79.3889820609
164.5000000000 -79.3529358531
164.6000000000 -79.3069466895
164.7000000000 -79.2493005704
164.8000000000 -79.1779834484
164.9000000000 -79.0906287348
165.0000000000 -78.9844556383
165.1000000000 -78.8561967458
165.2000000000 -78.7020129775
165.3000000000 -78.5173937323
165.4000000000 -78.2970396670
165.5000000000 -78.0347251168
165.6000000000 -77.7231366592
165.7000000000 -77.3536837293
165.8000000000 -76.9162764996
165.9000000000 -76.3990654134
166.0000000000 -75.7881357746
166.1000000000 -75.0671495861
166.2000000000 -74.2169252850
166.3000000000 -73.2149439531
166.4000000000 -72.0347675921
166.5000000000 -70.6453504017
166.6000000000 -69.0102161503
166.7000000000 -67.0864606075
166.8000000000 -64.8235113461
166.9000000000 -62.1615253354
167.0000000000 -59.0292025658
167.1000000000 -55.3405943275
167.2000000000 -50.9901085957
167.3000000000 -45.8442627783
167.4000000000 -39.7277841135
167.5000000000 -32.4007217688
167.6000000000 -23.5232628755
167.7000000000 -12.6112487109
167.8000000000 0.9424775807
167.9000000000 17.1862192583
168.0000000000 32.6324351907
168.1000000000 40.4303764397
168.2000000000 40.9641240749
168.3000000000 39.7655669838
168.4000000000 39.0391338900
168.5000000000 38.7203236932
168.6000000000 38.5917928409
168.7000000000 38.5406411125
168.8000000000 38.5139882490
168.9000000000 38.4876241266
169.0000000000 38.4508442845
169.1000000000 38.3992775801
169.2000000000 38.3314729336
169.3000000000 38.2472697560
169.4000000000 38.1470256377
169.5000000000 38.0312595392
169.6000000000 37.9004965728
169.7000000000 37.7552095965
169.8000000000 37.5958059698
169.9000000000 37.4226340235
170.0000000000 37.2359968404
170.1000000000 37.0361674609
170.2000000000 36.8234028856
170.3000000000 36.5979558551
170.4000000000 36.3600841641
170.5000000000 36.1100576230
170.6000000000 35.8481629310
170.7000000000 35.5747067651
170.8000000000 35.2900173929
170.9000000000 34.9944450877
171.0000000000 34.6883615970
171.1000000000 34.3721588815
171.2000000000 34.0462473086
171.3000000000 33.7110534546
171.4000000000 33.3670176344
171.5000000000 33.0145912343
171.6000000000 32.6542338452
171.7000000000 32.2864100484
171.8000000000 31.9115855959
171.9000000000 31.5302232063
172.0000000000 31.1427788882
172.1000000000 30.7496996022
172.2000000000 30.3514223493
172.3000000000 29.9483741697
172.4000000000 29.5409724096
172.5000000000 29.1296248154
172.6000000000 28.7147292924
172.7000000000 28.2966733609
172.8000000000 27.8758334318
172.9000000000 27.4525740347
173.0000000000 27.0272470995
173.1000000000 26.6001913570
173.2000000000 26.1717318901
173.3000000000 25.7421798413
173.4000000000 25.3118322695
173.5000000000 24.8809721412
173.6000000000 24.4498684350
173.7000000000 24.0187763430
173.8000000000 23.5879375485
173.9000000000 23.1575805662
174.0000000000 22.7279211289
174.1000000000 22.2991626104
174.2000000000 21.8714964735
174.3000000000 21.4451027356
174.4000000000 21.0201504442
174.5000000000 20.5967981581
174.6000000000 20.1751944280
174.7000000000 19.7554782748
174.8000000000 19.3377796612
174.9000000000 18.9222199551
175.0000000000 18.5089123828
175.1000000000 18.0979624708
175.2000000000 17.6894684748
175.3000000000 17.2835217950
175.4000000000 16.8802073774
175.5000000000 16.4796041003
175.6000000000 16.0817851457
175.7000000000 15.6868183545
175.8000000000 15.2947665671
175.9000000000 14.9056879462
176.0000000000 14.5196362852
176.1000000000 14.1366612982
176.2000000000 13.7568088952
176.3000000000 13.3801214395
176.4000000000 13.0066379891
176.5000000000 12.6363945214
176.6000000000 12.2694241419
176.7000000000 11.9057572764
176.8000000000 11.5454218474
176.9000000000 11.1884434357
177.0000000000 10.8348454263
177.1000000000 10.4846491404
177.2000000000 10.1378739531
177.3000000000 9.7945373985
177.4000000000 9.4546552620
177.5000000000 9.1182416610
177.6000000000 8.7853091147
177.7000000000 8.4558686043
177.8000000000 8.1299296230
177.9000000000 7.8075002192
178.0000000000 7.4885870311
178.1000000000 7.1731953153
178.2000000000 6.8613289693
178.3000000000 6.5529905502
178.4000000000 6.2481812880
178.5000000000 5.9469010965
178.6000000000 5.6491485816
178.7000000000 5.3549210475
178.8000000000 5.0642145017
178.9000000000 4.7770236596
179.0000000000 4.4933419488
179.1000000000 4.2131615140
179.2000000000 3.9364732223
179.3000000000 3.6632666701
179.4000000000 3.3935301911
179.5000000000 3.1272508665
179.6000000000 2.8644145365
179.7000000000 2.6050058148
179.8000000000 2.3490081043
179.9000000000 2.0964036160
180.0000000000 1.8471733896
180.1000000000 1.6012973172
180.2000000000 1.3587541684
180.3000000000 1.1195216184
180.4000000000 0.8835762781
180.5000000000 0.6508937260
180.6000000000 0.4214485424
180.7000000000 0.1952143452
180.8000000000 -0.0278361723
180.9000000000 -0.2477312026
181.0000000000 -0.4644997834
181.1000000000 -0.6781717564
181.2000000000 -0.8887777242
181.3000000000 -1.0963490076
181.4000000000 -1.3009176011
181.5000000000 -1.5025161290
181.6000000000 -1.7011778002
181.7000000000 -1.8969363639
181.8000000000 -2.0898260646
181.9000000000 -2.2798815976
182.0000000000 -2.4671380649
182.1000000000 -2.6516309313
182.2000000000 -2.8333959817
182.3000000000 -3.0124692782
182.4000000000 -3.1888871189
182.5000000000 -3.3626859973
182.6000000000 -3.5339025624
182.7000000000 -3.7025735806
182.8000000000 -3.8687358979
182.9000000000 -4.0324264041
183.0000000000 -4.1936819979
183.1000000000 -4.3525395532
183.2000000000 -4.5090358872
183.3000000000 -4.6632077290
183.4000000000 -4.8150916908
183.5000000000 -4.9647242395
183.6000000000 -5.1121416703
183.7000000000 -5.2573800811
183.8000000000 -5.4004753491
183.9000000000 -5.5414631081
184.0000000000 -5.6803787274
184.1000000000 -5.8172572925
184.2000000000 -5.9521335860
184.3000000000 -6.0850420713
184.4000000000 -6.2160168760
184.5000000000 -6.3450917781
184.6000000000 -6.4723001918
184.7000000000 -6.5976751560
184.8000000000 -6.7212493228
184.9000000000 -6.8430549474
185.0000000000 -6.9631238796
185.1000000000 -7.0814875553
185.2000000000 -7.1981769898
185.3000000000 -7.3132227717
185.4000000000 -7.4266550575
185.5000000000 -7.5385035675
185.6000000000 -7.6487975820
185.7000000000 -7.7575659386
185.8000000000 -7.8648370301
185.9000000000 -7.9706388029
186.0000000000 -8.0749987564
186.1000000000 -8.1779439428
186.2000000000 -8.2795009672
186.3000000000 -8.3796959889
186.4000000000 -8.4785547224
186.5000000000 -8.5761024393
186.6000000000 -8.6723639710
186.7000000000 -8.7673637107
186.8000000000 -8.8611256170
186.9000000000 -8.9536732168
187.0000000000 -9.0450296093
187.1000000000 -9.1352174698
187.2000000000 -9.2242590542
187.3000000000 -9.3121762029
187.4000000000 -9.3989903459
187.5000000000 -9.4847225078
187.6000000000 -9.5693933122
187.7000000000 -9.6530229875
187.8000000000 -9.7356313720
187.9000000000 -9.8172379193
188.0000000000 -9.8978617038
188.1000000000 -9.9775214265
188.2000000000 -10.0562354204
188.3000000000 -10.1340216567
188.4000000000 -10.2108977501
188.5000000000 -10.2868809650
188.6000000000 -10.3619882211
188.7000000000 -10.4362360997
188.8000000000 -10.5096408491
188.9000000000 -10.5822183904
189.0000000000 -10.6539843241
189.1000000000 -10.7249539352
189.2000000000 -10.7951421992
189.3000000000 -10.8645637880
189.4000000000 -10.9332330758
189.5000000000 -11.0011641443
189.6000000000 -11.0683707888
189.7000000000 -11.1348665235
189.8000000000 -11.2006645873
189.9000000000 -11.2657779492
190.0000000000 -11.3302193134
190.1000000000 -11.3940011251
190.2000000000 -11.4571355756
190.3000000000 -11.5196346074
190.4000000000 -11.5815099194
190.5000000000 -11.6427729721
190.6000000000 -11.7034349923
190.7000000000 -11.7635069783
190.8000000000 -11.8229997044
190.9000000000 -11.8819237260
191.0000000000 -11.9402893840
191.1000000000 -11.9981068095
191.2000000000 -12.0553859282
191.3000000000 -12.1121364650
191.4000000000 -12.1683679481
191.5000000000 -12.2240897136
191.6000000000 -12.2793109091
191.7000000000 -12.3340404987
191.8000000000 -12.3882872659
191.9000000000 -12.4420598186
192.0000000000 -12.4953665923
192.1000000000 -12.5482158539
192.2000000000 -12.6006157060
192.3000000000 -12.6525740897
192.4000000000 -12.7040987888
192.5000000000 -12.7551974329
192.6000000000 -12.8058775012
192.7000000000 -12.8561463252
192.8000000000 -12.9060110927
192.9000000000 -12.9554788505
193.0000000000 -13.0045565076
193.1000000000 -13.0532508385
193.2000000000 -13.1015684858
193.3000000000 -13.1495159636
193.4000000000 -13.1970996599
193.5000000000 -13.2443258395
193.6000000000 -13.2912006471
193.7000000000 -13.3377301095
193.8000000000 -13.3839201384
193.9000000000 -13.4297765331
194.0000000000 -13.4753049826
194.1000000000 -13.5205110685
194.2000000000 -13.5654002670
194.3000000000 -13.6099779516
194.4000000000 -13.6542493949
194.5000000000 -13.6982197713
194.6000000000 -13.7418941588
194.7000000000 -13.7852775414
194.8000000000 -13.8283748110
194.9000000000 -13.8711907694
195.0000000000 -13.9137301305
195.1000000000 -13.9559975218
195.2000000000 -13.9979974869
195.3000000000 -14.0397344868
195.4000000000 -14.0812129019
195.5000000000 -14.1224370339
195.6000000000 -14.1634111071
195.7000000000 -14.2041392707
195.8000000000 -14.2446255998
195.9000000000 -14.2848740974
196.0000000000 -14.3248886959
196.1000000000 -14.3646732586
196.2000000000 -14.4042315810
196.3000000000 -14.4435673925
196.4000000000 -14.4826843578
196.5000000000 -14.5215860783
196.6000000000 -14.5602760931
196.7000000000 -14.5987578808
196.8000000000 -14.6370348608
196.9000000000 -14.6751103940
197.0000000000 -14.7129877847
197.1000000000 -14.7506702813
197.2000000000 -14.7881610779
197.3000000000 -14.8254633150
197.4000000000 -14.8625800811
197.5000000000 -14.8995144134
197.6000000000 -14.9362692991
197.7000000000 -14.9728476765
197.8000000000 -15.0092524358
197.9000000000 -15.0454864201
198.0000000000 -15.0815524267
198.1000000000 -15.1174532077
198.2000000000 -15.1531914713
198.3000000000 -15.1887698823
198.4000000000 -15.2241910631
198.5000000000 -15.2594575950
198.6000000000 -15.2945720184
198.7000000000 -15.3295368341
198.8000000000 -15.3643545040
198.9000000000 -15.3990274516
199.0000000000 -15.4335580634
199.1000000000 -15.4679486891
199.2000000000 -15.5022016425
199.3000000000 -15.5363192023
199.4000000000 -15.5703036128
199.5000000000 -15.6041570847
199.6000000000 -15.6378817955
199.7000000000 -15.6714798902
199.8000000000 -15.7049534825
199.9000000000 -15.7383046544
200.0000000000 -15.7715354580
200.1000000000 -15.8046479153
200.2000000000 -15.8376440188
200.3000000000 -15.8705257327
200.4000000000 -15.9032949929
200.5000000000 -15.9359537076
200.6000000000 -15.9685037583
200.7000000000 -16.0009469998
200.8000000000 -16.0332852610
200.9000000000 -16.0655203453
201.0000000000 -16.0976540311
201.1000000000 -16.1296880726
201.2000000000 -16.1616241996
201.3000000000 -16.1934641189
201.4000000000 -16.2252095137
201.5000000000 -16.2568620450
201.6000000000 -16.2884233514
201.7000000000 -16.3198950499
201.8000000000 -16.3512787361
201.9000000000 -16.3825759848
202.0000000000 -16.4137883500
202.1000000000 -16.4449173661
202.2000000000 -16.4759645472
202.3000000000 -16.5069313886
202.4000000000 -16.5378193662
202.5000000000 -16.5686299377
202.6000000000 -16.5993645421
202.7000000000 -16.6300246008
202.8000000000 -16.6606115177
202.9000000000 -16.6911266792
203.0000000000 -16.7215714551
203.1000000000 -16.7519471985
203.2000000000 -16.7822552461
203.3000000000 -16.8124969190
203.4000000000 -16.8426735223
203.5000000000 -16.8727863459
203.6000000000 -16.9028366648
203.7000000000 -16.9328257390
203.8000000000 -16.9627548142
203.9000000000 -16.9926251217
204.0000000000 -17.0224378789
204.1000000000 -17.0521942897
204.2000000000 -17.0818955443
204.3000000000 -17.1115428201
204.4000000000 -17.1411372811
204.5000000000 -17.1706800790
204.6000000000 -17.2001723530
204.7000000000 -17.2296152299
204.8000000000 -17.2590098249
204.9000000000 -17.2883572410
205.0000000000 -17.3176585701
205.1000000000 -17.3469148924
205.2000000000 -17.3761272775
205.3000000000 -17.4052967836
205.4000000000 -17.4344244585
205.5000000000 -17.4635113396
205.6000000000 -17.4925584539
205.7000000000 -17.5215668182
205.8000000000 -17.5505374397
205.9000000000 -17.5794713157
206.0000000000 -17.6083694341
206.1000000000 -17.6372327732
206.2000000000 -17.6660623026
206.3000000000 -17.6948589825
206.4000000000 -17.7236237645
206.5000000000 -17.7523575915
206.6000000000 -17.7810613979
206.7000000000 -17.8097361099
206.8000000000 -17.8383826455
206.9000000000 -17.8670019145
207.0000000000 -17.8955948191
207.1000000000 -17.9241622538
207.2000000000 -17.9527051055
207.3000000000 -17.9812242536
207.4000000000 -18.0097205704
207.5000000000 -18.0381949211
207.6000000000 -18.0666481637
207.7000000000 -18.0950811497
207.8000000000 -18.1234947237
207.9000000000 -18.1518897237
208.0000000000 -18.1802669814
208.1000000000 -18.2086273221
208.2000000000 -18.2369715649
208.3000000000 -18.2653005229
208.4000000000 -18.2936150034
208.5000000000 -18.3219158075
208.6000000000 -18.3502037309
208.7000000000 -18.3784795637
208.8000000000 -18.4067440904
208.9000000000 -18.4349980903
209.0000000000 -18.4632423373
209.1000000000 -18.4914776003
209.2000000000 -18.5197046431
209.3000000000 -18.5479242245
209.4000000000 -18.5761370987
209.5000000000 -18.6043440149
209.6000000000 -18.6325457179
209.7000000000 -18.6607429479
209.8000000000 -18.6889364408
209.9000000000 -18.7171269278
210.0000000000 -18.7453151364
210.1000000000 -18.7735017895
210.2000000000 -18.8016876062
210.3000000000 -18.8298733017
210.4000000000 -18.8580595872
210.5000000000 -18.8862471700
210.6000000000 -18.9144367541
210.7000000000 -18.9426290395
210.8000000000 -18.9708247228
210.9000000000 -18.9990244974
211.0000000000 -19.0272290531
211.1000000000 -19.0554390763
211.2000000000 -19.0836552505
211.3000000000 -19.1118782560
211.4000000000 -19.1401087700
211.5000000000 -19.1683474667
211.6000000000 -19.1965950176
211.7000000000 -19.2248520911
211.8000000000 -19.2531193530
211.9000000000 -19.2813974666
212.0000000000 -19.3096870924
212.1000000000 -19.3379888884
212.2000000000 -19.3663035101
212.3000000000 -19.3946316108
212.4000000000 -19.4229738413
212.5000000000 -19.4513308501
212.6000000000 -19.4797032837
212.7000000000 -19.5080917864
212.8000000000 -19.5364970004
212.9000000000 -19.5649195659
213.0000000000 -19.5933601211
213.1000000000 -19.6218193026
213.2000000000 -19.6502977449
213.3000000000 -19.6787960808
213.4000000000 -19.7073149416
213.5000000000 -19.7358549566
213.6000000000 -19.7644167539
213.7000000000 -19.7930009599
213.8000000000 -19.8216081995
213.9000000000 -19.8502390963
214.0000000000 -19.8788942725
214.1000000000 -19.9075743490
214.2000000000 -19.9362799453
214.3000000000 -19.9650116801
214.4000000000 -19.9937701705
214.5000000000 -20.0225560329
214.6000000000 -20.0513698824
214.7000000000 -20.0802123333
214.8000000000 -20.1090839988
214.9000000000 -20.1379854912
215.0000000000 -20.1669174222
215.1000000000 -20.1958804026
215.2000000000 -20.2248750422
215.3000000000 -20.2539019505
215.4000000000 -20.2829617362
215.5000000000 -20.3120550073
215.6000000000 -20.3411823712
215.7000000000 -20.3703444352
215.8000000000 -20.3995418056
215.9000000000 -20.4287750886
216.0000000000 -20.4580448900
216.1000000000 -20.4873518151
216.2000000000 -20.5166964691
216.3000000000 -20.5460794568
216.4000000000 -20.5755013829
216.5000000000 -20.6049628518
216.6000000000 -20.6344644680
216.7000000000 -20.6640068356
216.8000000000 -20.6935905590
216.9000000000 -20.7232162422
217.0000000000 -20.7528844896
217.1000000000 -20.7825959055
217.2000000000 -20.8123510942
217.3000000000 -20.8421506604
217.4000000000 -20.8719952087
217.5000000000 -20.9018853441
217.6000000000 -20.9318216719
217.7000000000 -20.9618047975
217.8000000000 -20.9918353268
217.9000000000 -21.0219138660
218.0000000000 -21.0520410216
218.1000000000 -21.0822174006
218.2000000000 -21.1124436105
218.3000000000 -21.1427202593
218.4000000000 -21.1730479555
218.5000000000 -21.2034273081
218.6000000000 -21.2338589268
218.7000000000 -21.2643434219
218.8000000000 -21.2948814043
218.9000000000 -21.3254734856
219.0000000000 -21.3561202782
219.1000000000 -21.3868223951
219.2000000000 -21.4175804502
219.3000000000 -21.4483950583
219.4000000000 -21.4792668348
219.5000000000 -21.5101963961
219.6000000000 -21.5411843594
219.7000000000 -21.5722313431
219.8000000000 -21.6033379661
219.9000000000 -21.6345048487
220.0000000000 -21.6657326120
220.1000000000 -21.6970218780
220.2000000000 -21.7283732702
220.3000000000 -21.7597874126
220.4000000000 -21.7912649308
220.5000000000 -21.8228064513
220.6000000000 -21.8544126017
220.7000000000 -21.8860840109
220.8000000000 -21.9178213090
220.9000000000 -21.9496251274
221.0000000000 -21.9814960984
221.1000000000 -22.0134348561
221.2000000000 -22.0454420354
221.3000000000 -22.0775182728
221.4000000000 -22.1096642061
221.5000000000 -22.1418804744
221.6000000000 -22.1741677182
221.7000000000 -22.2065265794
221.8000000000 -22.2389577014
221.9000000000 -22.2714617288
222.0000000000 -22.3040393080
222.1000000000 -22.3366910865
222.2000000000 -22.3694177136
222.3000000000 -22.4022198400
222.4000000000 -22.4350981179
222.5000000000 -22.4680532009
222.6000000000 -22.5010857446
222.7000000000 -22.5341964056
222.8000000000 -22.5673858426
222.9000000000 -22.6006547156
223.0000000000 -22.6340036863
223.1000000000 -22.6674334181
223.2000000000 -22.7009445759
223.3000000000 -22.7345378264
223.4000000000 -22.7682138379
223.5000000000 -22.8019732803
223.6000000000 -22.8358168255
223.7000000000 -22.8697451467
223.8000000000 -22.9037589191
223.9000000000 -22.9378588195
224.0000000000 -22.9720455265
224.1000000000 -23.0063197205
224.2000000000 -23.0406820834
224.3000000000 -23.0751332991
224.4000000000 -23.1096740533
224.5000000000 -23.1443050332
224.6000000000 -23.1790269280
224.7000000000 -23.2138404286
224.8000000000 -23.2487462278
224.9000000000 -23.2837450201
225.0000000000 -23.3188375018
225.1000000000 -23.3540243709
225.2000000000 -23.3893063275
225.3000000000 -23.4246840732
225.4000000000 -23.4601583115
225.5000000000 -23.4957297478
225.6000000000 -23.5313990893
225.7000000000 -23.5671670448
225.8000000000 -23.6030343251
225.9000000000 -23.6390016428
226.0000000000 -23.6750697122
226.1000000000 -23.7112392495
226.2000000000 -23.7475109726
226.3000000000 -23.7838856012
226.4000000000 -23.8203638569
226.5000000000 -23.8569464629
226.6000000000 -23.8936341442
226.7000000000 -23.9304276278
226.8000000000 -23.9673276421
226.9000000000 -24.0043349175
227.0000000000 -24.0414501861
227.1000000000 -24.0786741815
227.2000000000 -24.1160076393
227.3000000000 -24.1534512967
227.4000000000 -24.1910058924
227.5000000000 -24.2286721671
227.6000000000 -24.2664508630
227.7000000000 -24.3043427238
227.8000000000 -24.3423484950
227.9000000000 -24.3804689237
228.0000000000 -24.4187047586
228.1000000000 -24.4570567498
228.2000000000 -24.4955256491
228.3000000000 -24.5341122099
228.4000000000 -24.5728171869
228.5000000000 -24.6116413364
228.6000000000 -24.6505854162
228.7000000000 -24.6896501854
228.8000000000 -24.7288364046
228.9000000000 -24.7681448358
229.0000000000 -24.8075762423
229.1000000000 -24.8471313888
229.2000000000 -24.8868110412
229.3000000000 -24.9266159667
229.4000000000 -24.9665469337
229.5000000000 -25.0066047119
229.6000000000 -25.0467900722
229.7000000000 -25.0871037863
229.8000000000 -25.1275466274
229.9000000000 -25.1681193695
230.0000000000 -25.2088227877
230.1000000000 -25.2496576582
230.2000000000 -25.2906247579
230.3000000000 -25.3317248647
230.4000000000 -25.3729587574
230.5000000000 -25.4143272156
230.6000000000 -25.4558310197
230.7000000000 -25.4974709506
230.8000000000 -25.5392477900
230.9000000000 -25.5811623205
231.0000000000 -25.6232153247
231.1000000000 -25.6654075863
231.2000000000 -25.7077398890
231.3000000000 -25.7502130172
231.4000000000 -25.7928277555
231.5000000000 -25.8355848889
231.6000000000 -25.8784852026
231.7000000000 -25.9215294820
231.8000000000 -25.9647185126
231.9000000000 -26.0080530799
232.0000000000 -26.0515339695
232.1000000000 -26.0951619670
232.2000000000 -26.1389378576
232.3000000000 -26.1828624265
232.4000000000 -26.2269364586
232.5000000000 -26.2711607385
232.6000000000 -26.3155360503
232.7000000000 -26.3600631776
232.8000000000 -26.4047429036
232.9000000000 -26.4495760107
233.0000000000 -26.4945632806
233.1000000000 -26.5397054944
233.2000000000 -26.5850034320
233.3000000000 -26.6304578727
233.4000000000 -26.6760695946
233.5000000000 -26.7218393746
233.6000000000 -26.7677679885
233.7000000000 -26.8138562109
233.8000000000 -26.8601048149
233.9000000000 -26.9065145720
234.0000000000 -26.9530862524
234.1000000000 -26.9998206245
234.2000000000 -27.0467184551
234.3000000000 -27.0937805088
234.4000000000 -27.1410075488
234.5000000000 -27.1884003357
234.6000000000 -27.2359596284
234.7000000000 -27.2836861832
234.8000000000 -27.3315807545
234.9000000000 -27.3796440937
235.0000000000 -27.4278769500
235.1000000000 -27.4762800699
235.2000000000 -27.5248541971
235.3000000000 -27.5736000724
235.4000000000 -27.6225184335
235.5000000000 -27.6716100152
235.6000000000 -27.7208755488
235.7000000000 -27.7703157626
235.8000000000 -27.8199313812
235.9000000000 -27.8697231256
236.0000000000 -27.9196917132
236.1000000000 -27.9698378577
236.2000000000 -28.0201622685
236.3000000000 -28.0706656512
236.4000000000 -28.1213487072
236.5000000000 -28.1722121334
236.6000000000 -28.2232566225
236.7000000000 -28.2744828623
236.8000000000 -28.3258915361
236.9000000000 -28.3774833224
237.0000000000 -28.4292588944
237.1000000000 -28.4812189206
237.2000000000 -28.5333640640
237.3000000000 -28.5856949821
237.4000000000 -28.6382123271
237.5000000000 -28.6909167455
237.6000000000 -28.7438088778
237.7000000000 -28.7968893586
237.8000000000 -28.8501588165
237.9000000000 -28.9036178739
238.0000000000 -28.9572671466
238.1000000000 -29.0111072440
238.2000000000 -29.0651387687
238.3000000000 -29.1193623165
238.4000000000 -29.1737784764
238.5000000000 -29.2283878300
238.6000000000 -29.2831909517
238.7000000000 -29.3381884084
238.8000000000 -29.3933807596
238.9000000000 -29.4487685568
239.0000000000 -29.5043523438
239.1000000000 -29.5601326561
239.2000000000 -29.6161100213
239.3000000000 -29.6722849582
239.4000000000 -29.7286579776
239.5000000000 -29.7852295810
239.6000000000 -29.8420002617
239.7000000000 -29.8989705033
239.8000000000 -29.9561407809
239.9000000000 -30.0135115597
240.0000000000 -30.0710832959
240.1000000000 -30.1288564356
240.2000000000 -30.1868314154
240.3000000000 -30.2450086619
240.4000000000 -30.3033885914
240.5000000000 -30.3619716101
240.6000000000 -30.4207581136
240.7000000000 -30.4797484869
240.8000000000 -30.5389431044
240.9000000000 -30.5983423293
241.0000000000 -30.6579465139
241.1000000000 -30.7177559992
241.2000000000 -30.7777711147
241.3000000000 -30.8379921785
241.4000000000 -30.8984194967
241.5000000000 -30.9590533639
241.6000000000 -31.0198940622
241.7000000000 -31.0809418619
241.8000000000 -31.1421970207
241.9000000000 -31.2036597838
242.0000000000 -31.2653303837
242.1000000000 -31.3272090403
242.2000000000 -31.3892959603
242.3000000000 -31.4515913374
242.4000000000 -31.5140953518
242.5000000000 -31.5768081706
242.6000000000 -31.6397299471
242.7000000000 -31.7028608210
242.8000000000 -31.7662009180
242.9000000000 -31.8297503498
243.0000000000 -31.8935092142
243.1000000000 -31.9574775943
243.2000000000 -32.0216555592
243.3000000000 -32.0860431631
243.4000000000 -32.1506404456
243.5000000000 -32.2154474316
243.6000000000 -32.2804641308
243.7000000000 -32.3456905381
243.8000000000 -32.4111266328
243.9000000000 -32.4767723793
244.0000000000 -32.5426277261
244.1000000000 -32.6086926064
244.2000000000 -32.6749669376
244.3000000000 -32.7414506213
244.4000000000 -32.8081435432
244.5000000000 -32.8750455729
244.6000000000 -32.9421565640
244.7000000000 -33.0094763535
244.8000000000 -33.0770047626
244.9000000000 -33.1447415956
245.0000000000 -33.2126866404
245.1000000000 -33.2808396683
245.2000000000 -33.3492004339
245.3000000000 -33.4177686750
245.4000000000 -33.4865441125
245.5000000000 -33.5555264503
245.6000000000 -33.6247153753
245.7000000000 -33.6941105573
245.8000000000 -33.7637116489
245.9000000000 -33.8335182855
246.0000000000 -33.9035300853
246.1000000000 -33.9737466489
246.2000000000 -34.0441675597
246.3000000000 -34.1147923837
246.4000000000 -34.1856206693
246.5000000000 -34.2566519472
246.6000000000 -34.3278857310
246.7000000000 -34.3993215162
246.8000000000 -34.4709587809
246.9000000000 -34.5427969858
247.0000000000 -34.6148355734
247.1000000000 -34.6870739691
247.2000000000 -34.7595115801
247.3000000000 -34.8321477963
247.4000000000 -34.9049819897
247.5000000000 -34.9780135146
247.6000000000 -35.0512417079
247.7000000000 -35.1246658885
247.8000000000 -35.1982853578
247.9000000000 -35.2720993997
248.0000000000 -35.3461072802
248.1000000000 -35.4203082482
248.2000000000 -35.4947015346
248.3000000000 -35.5692863531
248.4000000000 -35.6440619000
248.5000000000 -35.7190273541
248.6000000000 -35.7941818769
248.7000000000 -35.8695246128
248.8000000000 -35.9450546887
248.9000000000 -36.0207712149
249.0000000000 -36.0966732841
249.1000000000 -36.1727599724
249.2000000000 -36.2490303389
249.3000000000 -36.3254834261
249.4000000000 -36.4021182595
249.5000000000 -36.4789338485
249.6000000000 -36.5559291856
249.7000000000 -36.6331032472
249.8000000000 -36.7104549934
249.9000000000 -36.7879833682
250.0000000000 -36.8656872997
250.1000000000 -36.9435656999
250.2000000000 -37.0216174654
250.3000000000 -37.0998414772
250.4000000000 -37.1782366006
250.5000000000 -37.2568016860
250.6000000000 -37.3355355684
250.7000000000 -37.4144370681
250.8000000000 -37.4935049904
250.9000000000 -37.5727381262
251.0000000000 -37.6521352518
251.1000000000 -37.7316951293
251.2000000000 -37.8114165068
251.3000000000 -37.8912981185
251.4000000000 -37.9713386849
251.5000000000 -38.0515369129
251.6000000000 -38.1318914963
251.7000000000 -38.2124011159
251.8000000000 -38.2930644392
251.9000000000 -38.3738801216
252.0000000000 -38.4548468057
252.1000000000 -38.5359631220
252.2000000000 -38.6172276891
252.3000000000 -38.6986391137
252.4000000000 -38.7801959911
252.5000000000 -38.8618969053
252.6000000000 -38.9437404292
252.7000000000 -39.0257251249
252.8000000000 -39.1078495442
252.9000000000 -39.1901122283
253.0000000000 -39.2725117084
253.1000000000 -39.3550465061
253.2000000000 -39.4377151334
253.3000000000 -39.5205160930
253.4000000000 -39.6034478785
253.5000000000 -39.6865089751
253.6000000000 -39.7696978592
253.7000000000 -39.8530129992
253.8000000000 -39.9364528556
253.9000000000 -40.0200158813
254.0000000000 -40.1037005216
254.1000000000 -40.1875052152
254.2000000000 -40.2714283936
254.3000000000 -40.3554684820
254.4000000000 -40.4396238994
254.5000000000 -40.5238930588
254.6000000000 -40.6082743676
254.7000000000 -40.6927662279
254.8000000000 -40.7773670368
254.9000000000 -40.8620751865
255.0000000000 -40.9468890649
255.1000000000 -41.0318070557
255.2000000000 -41.1168275387
255.3000000000 -41.2019488902
255.4000000000 -41.2871694832
255.5000000000 -41.3724876876
255.6000000000 -41.4579018709
255.7000000000 -41.5434103979
255.8000000000 -41.6290116317
255.9000000000 -41.7147039333
256.0000000000 -41.8004856624
256.1000000000 -41.8863551774
256.2000000000 -41.9723108359
256.3000000000 -42.0583509949
256.4000000000 -42.1444740110
256.5000000000 -42.2306782409
256.6000000000 -42.3169620415
256.7000000000 -42.4033237705
256.8000000000 -42.4897617863
256.9000000000 -42.5762744483
257.0000000000 -42.6628601176
257.1000000000 -42.7495171571
257.2000000000 -42.8362439314
257.3000000000 -42.9230388076
257.4000000000 -43.0099001555
257.5000000000 -43.0968263476
257.6000000000 -43.1838157594
257.7000000000 -43.2708667701
257.8000000000 -43.3579777626
257.9000000000 -43.4451471234
258.0000000000 -43.5323732435
258.1000000000 -43.6196545184
258.2000000000 -43.7069893484
258.3000000000 -43.7943761384
258.4000000000 -43.8818132991
258.5000000000 -43.9692992464
258.6000000000 -44.0568324021
258.7000000000 -44.1444111939
258.8000000000 -44.2320340559
258.9000000000 -44.3196994285
259.0000000000 -44.4074057591
259.1000000000 -44.4951515019
259.2000000000 -44.5829351184
259.3000000000 -44.6707550773
259.4000000000 -44.7586098553
259.5000000000 -44.8464979367
259.6000000000 -44.9344178140
259.7000000000 -45.0223679880
259.8000000000 -45.1103469679
259.9000000000 -45.1983532717
260.0000000000 -45.2863854264
260.1000000000 -45.3744419679
260.2000000000 -45.4625214415
260.3000000000 -45.5506224019
260.4000000000 -45.6387434137
260.5000000000 -45.7268830511
260.6000000000 -45.8150398983
260.7000000000 -45.9032125499
260.8000000000 -45.9913996106
260.9000000000 -46.0795996958
261.0000000000 -46.1678114316
261.1000000000 -46.2560334546
261.2000000000 -46.3442644127
261.3000000000 -46.4325029648
261.4000000000 -46.5207477811
261.5000000000 -46.6089975429
261.6000000000 -46.6972509435
261.7000000000 -46.7855066873
261.8000000000 -46.8737634909
261.9000000000 -46.9620200825
262.0000000000 -47.0502752024
262.1000000000 -47.1385276028
262.2000000000 -47.2267760483
262.3000000000 -47.3150193157
262.4000000000 -47.4032561941
262.5000000000 -47.4914854852
262.6000000000 -47.5797060031
262.7000000000 -47.6679165746
262.8000000000 -47.7561160392
262.9000000000 -47.8443032490
263.0000000000 -47.9324770690
263.1000000000 -48.0206363773
263.2000000000 -48.1087800645
263.3000000000 -48.1969070347
263.4000000000 -48.2850162044
263.5000000000 -48.3731065038
263.6000000000 -48.4611768757
263.7000000000 -48.5492262763
263.8000000000 -48.6372536749
263.9000000000 -48.7252580540
264.0000000000 -48.8132384092
264.1000000000 -48.9011937494
264.2000000000 -48.9891230966
264.3000000000 -49.0770254862
264.4000000000 -49.1648999667
264.5000000000 -49.2527455998
264.6000000000 -49.3405614605
264.7000000000 -49.4283466370
264.8000000000 -49.5161002304
264.9000000000 -49.6038213554
265.0000000000 -49.6915091394
265.1000000000 -49.7791627233
265.2000000000 -49.8667812607
265.3000000000 -49.9543639184
265.4000000000 -50.0419098762
265.5000000000 -50.1294183269
265.6000000000 -50.2168884760
265.7000000000 -50.3043195419
265.8000000000 -50.3917107559
265.9000000000 -50.4790613619
266.0000000000 -50.5663706164
266.1000000000 -50.6536377887
266.2000000000 -50.7408621604
266.3000000000 -50.8280430257
266.4000000000 -50.9151796909
266.5000000000 -51.0022714748
266.6000000000 -51.0893177084
266.7000000000 -51.1763177347
266.8000000000 -51.2632709087
266.9000000000 -51.3501765973
267.0000000000 -51.4370341793
267.1000000000 -51.5238430452
267.2000000000 -51.6106025971
267.3000000000 -51.6973122484
267.4000000000 -51.7839714241
267.5000000000 -51.8705795604
267.6000000000 -51.9571361047
267.7000000000 -52.0436405153
267.8000000000 -52.1300922616
267.9000000000 -52.2164908236
268.0000000000 -52.3028356920
268.1000000000 -52.3891263681
268.2000000000 -52.4753623636
268.3000000000 -52.5615432003
268.4000000000 -52.6476684102
268.5000000000 -52.7337375353
268.6000000000 -52.8197501274
268.7000000000 -52.9057057481
268.8000000000 -52.9916039683
268.9000000000 -53.0774443685
269.0000000000 -53.1632265383
269.1000000000 -53.2489500765
269.2000000000 -53.3346145908
269.3000000000 -53.4202196975
269.4000000000 -53.5057650217
269.5000000000 -53.5912501970
269.6000000000 -53.6766748651
269.7000000000 -53.7620386758
269.8000000000 -53.8473412871
269.9000000000 -53.9325823646
270.0000000000 -54.0177615815
270.1000000000 -54.1028786185
270.2000000000 -54.1879331635
270.3000000000 -54.2729249117
270.4000000000 -54.3578535650
270.5000000000 -54.4427188322
270.6000000000 -54.5275204284
270.7000000000 -54.6122580755
270.8000000000 -54.6969315012
270.9000000000 -54.7815404395
271.0000000000 -54.8660846302
271.1000000000 -54.9505638187
271.2000000000 -55.0349777558
271.3000000000 -55.1193261978
271.4000000000 -55.2036089059
271.5000000000 -55.2878256463
271.6000000000 -55.3719761901
271.7000000000 -55.4560603127
271.8000000000 -55.5400777940
271.9000000000 -55.6240284179
272.0000000000 -55.7079119726
272.1000000000 -55.7917282497
272.2000000000 -55.8754770448
272.3000000000 -55.9591581566
272.4000000000 -56.0427713872
272.5000000000 -56.1263165417
272.6000000000 -56.2097934279
272.7000000000 -56.2932018565
272.8000000000 -56.3765416406
272.9000000000 -56.4598125953
273.0000000000 -56.5430145382
273.1000000000 -56.6261472885
273.2000000000 -56.7092106672
273.3000000000 -56.7922044969
273.4000000000 -56.8751286013
273.5000000000 -56.9579828055
273.6000000000 -57.0407669354
273.7000000000 -57.1234808178
273.8000000000 -57.2061242798
273.9000000000 -57.2886971492
274.0000000000 -57.3711992538
274.1000000000 -57.4536304216
274.2000000000 -57.5359904802
274.3000000000 -57.6182792571
274.4000000000 -57.7004965792
274.5000000000 -57.7826422726
274.6000000000 -57.8647161626
274.7000000000 -57.9467180734
274.8000000000 -58.0286478279
274.9000000000 -58.1105052478
275.0000000000 -58.1922901530
275.1000000000 -58.2740023616
275.2000000000 -58.3556416900
275.3000000000 -58.4372079522
275.4000000000 -58.5187009601
275.5000000000 -58.6001205232
275.6000000000 -58.6814664482
275.7000000000 -58.7627385391
275.8000000000 -58.8439365971
275.9000000000 -58.9250604200
276.0000000000 -59.0061098027
276.1000000000 -59.0870845363
276.2000000000 -59.1679844087
276.3000000000 -59.2488092038
276.4000000000 -59.3295587016
276.5000000000 -59.4102326784
276.6000000000 -59.4908309059
276.7000000000 -59.5713531518
276.8000000000 -59.6517991792
276.9000000000 -59.7321687465
277.0000000000 -59.8124616076
277.1000000000 -59.8926775114
277.2000000000 -59.9728162016
277.3000000000 -60.0528774171
277.4000000000 -60.1328608913
277.5000000000 -60.2127663523
277.6000000000 -60.2925935226
277.7000000000 -60.3723421191
277.8000000000 -60.4520118529
277.9000000000 -60.5316024293
278.0000000000 -60.6111135477
278.1000000000 -60.6905449011
278.2000000000 -60.7698961766
278.3000000000 -60.8491670548
278.4000000000 -60.9283572101
278.5000000000 -61.0074663102
278.6000000000 -61.0864940162
278.7000000000 -61.1654399828
278.8000000000 -61.2443038575
278.9000000000 -61.3230852813
279.0000000000 -61.4017838880
279.1000000000 -61.4803993046
279.2000000000 -61.5589311508
279.3000000000 -61.6373790394
279.4000000000 -61.7157425756
279.5000000000 -61.7940213575
279.6000000000 -61.8722149760
279.7000000000 -61.9503230144
279.8000000000 -62.0283450484
279.9000000000 -62.1062806464
280.0000000000 -62.1841293691
280.1000000000 -62.2618907697
280.2000000000 -62.3395643936
280.3000000000 -62.4171497786
280.4000000000 -62.4946464548
280.5000000000 -62.5720539444
280.6000000000 -62.6493717620
280.7000000000 -62.7265994142
280.8000000000 -62.8037364000
280.9000000000 -62.8807822104
281.0000000000 -62.9577363286
281.1000000000 -63.0345982300
281.2000000000 -63.1113673819
281.3000000000 -63.1880432441
281.4000000000 -63.2646252683
281.5000000000 -63.3411128983
281.6000000000 -63.4175055704
281.7000000000 -63.4938027128
281.8000000000 -63.5700037458
281.9000000000 -63.6461080822
282.0000000000 -63.7221151269
282.1000000000 -63.7980242770
282.2000000000 -63.8738349222
282.3000000000 -63.9495464441
282.4000000000 -64.0251582171
282.5000000000 -64.1006696079
282.6000000000 -64.1760799754
282.7000000000 -64.2513886716
282.8000000000 -64.3265950405
282.9000000000 -64.4016984191
283.0000000000 -64.4766981370
283.1000000000 -64.5515935167
283.2000000000 -64.6263838733
283.3000000000 -64.7010685151
283.4000000000 -64.7756467431
283.5000000000 -64.8501178517
283.6000000000 -64.9244811281
283.7000000000 -64.9987358532
283.8000000000 -65.0728813008
283.9000000000 -65.1469167383
284.0000000000 -65.2208414267
284.1000000000 -65.2946546206
284.2000000000 -65.3683555683
284.3000000000 -65.4419435119
284.4000000000 -65.5154176875
284.5000000000 -65.5887773252
284.6000000000 -65.6620216495
284.7000000000 -65.7351498790
284.8000000000 -65.8081612266
284.9000000000 -65.8810549000
285.0000000000 -65.9538301014
285.1000000000 -66.0264860279
285.2000000000 -66.0990218716
285.3000000000 -66.1714368194
285.4000000000 -66.2437300536
285.5000000000 -66.3159007519
285.6000000000 -66.3879480874
285.7000000000 -66.4598712287
285.8000000000 -66.5316693405
285.9000000000 -66.6033415831
286.0000000000 -66.6748871132
286.1000000000 -66.7463050834
286.2000000000 -66.8175946430
286.3000000000 -66.8887549377
286.4000000000 -66.9597851098
286.5000000000 -67.0306842988
286.6000000000 -67.1014516409
286.7000000000 -67.1720862698
286.8000000000 -67.2425873162
286.9000000000 -67.3129539088
287.0000000000 -67.3831851735
287.1000000000 -67.4532802346
287.2000000000 -67.5232382140
287.3000000000 -67.5930582321
287.4000000000 -67.6627394076
287.5000000000 -67.7322808577
287.6000000000 -67.8016816987
287.7000000000 -67.8709410453
287.8000000000 -67.9400580118
287.9000000000 -68.0090317115
288.0000000000 -68.0778612573
288.1000000000 -68.1465457616
288.2000000000 -68.2150843368
288.3000000000 -68.2834760953
288.4000000000 -68.3517201496
288.5000000000 -68.4198156127
288.6000000000 -68.4877615980
288.7000000000 -68.5555572198
288.8000000000 -68.6232015932
288.9000000000 -68.6906938347
289.0000000000 -68.7580330616
289.1000000000 -68.8252183932
289.2000000000 -68.8922489502
289.3000000000 -68.9591238551
289.4000000000 -69.0258422324
289.5000000000 -69.0924032092
289.6000000000 -69.1588059144
289.7000000000 -69.2250494800
289.8000000000 -69.2911330404
289.9000000000 -69.3570557331
290.0000000000 -69.4228166987
290.1000000000 -69.4884150809
290.2000000000 -69.5538500271
290.3000000000 -69.6191206883
290.4000000000 -69.6842262192
290.5000000000 -69.7491657786
290.6000000000 -69.8139385293
290.7000000000 -69.8785436385
290.8000000000 -69.9429802781
290.9000000000 -70.0072476245
291.0000000000 -70.0713448587
291.1000000000 -70.1352711671
291.2000000000 -70.1990257411
291.3000000000 -70.2626077774
291.4000000000 -70.3260164781
291.5000000000 -70.3892510511
291.6000000000 -70.4523107100
291.7000000000 -70.5151946744
291.8000000000 -70.5779021701
291.9000000000 -70.6404324290
292.0000000000 -70.7027846894
292.1000000000 -70.7649581962
292.2000000000 -70.8269522012
292.3000000000 -70.8887659626
292.4000000000 -70.9503987460
292.5000000000 -71.0118498240
292.6000000000 -71.0731184762
292.7000000000 -71.1342039901
292.8000000000 -71.1951056602
292.9000000000 -71.2558227889
293.0000000000 -71.3163546865
293.1000000000 -71.3767006709
293.2000000000 -71.4368600683
293.3000000000 -71.4968322129
293.4000000000 -71.5566164471
293.5000000000 -71.6162121219
293.6000000000 -71.6756185965
293.7000000000 -71.7348352390
293.8000000000 -71.7938614260
293.9000000000 -71.8526965429
294.0000000000 -71.9113399841
294.1000000000 -71.9697911530
294.2000000000 -72.0280494620
294.3000000000 -72.0861143328
294.4000000000 -72.1439851964
294.5000000000 -72.2016614930
294.6000000000 -72.2591426726
294.7000000000 -72.3164281943
294.8000000000 -72.3735175273
294.9000000000 -72.4304101500
295.0000000000 -72.4871055509
295.1000000000 -72.5436032284
295.2000000000 -72.5999026905
295.3000000000 -72.6560034554
295.4000000000 -72.7119050513
295.5000000000 -72.7676070166
295.6000000000 -72.8231088996
295.7000000000 -72.8784102591
295.8000000000 -72.9335106639
295.9000000000 -72.9884096934
296.0000000000 -73.0431069371
296.1000000000 -73.0976019951
296.2000000000 -73.1518944778
296.3000000000 -73.2059840062
296.4000000000 -73.2598702117
296.5000000000 -73.3135527363
296.6000000000 -73.3670312327
296.7000000000 -73.4203053641
296.8000000000 -73.4733748044
296.9000000000 -73.5262392380
297.0000000000 -73.5788983601
297.1000000000 -73.6313518767
297.2000000000 -73.6835995043
297.3000000000 -73.7356409703
297.4000000000 -73.7874760127
297.5000000000 -73.8391043802
297.6000000000 -73.8905258326
297.7000000000 -73.9417401399
297.8000000000 -73.9927470833
297.9000000000 -74.0435464546
298.0000000000 -74.0941380562
298.1000000000 -74.1445217014
298.2000000000 -74.1946972142
298.3000000000 -74.2446644292
298.4000000000 -74.2944231918
298.5000000000 -74.3439733581
298.6000000000 -74.3933147947
298.7000000000 -74.4424473791
298.8000000000 -74.4913709992
298.9000000000 -74.5400855536
299.0000000000 -74.5885909513
299.1000000000 -74.6368871120
299.2000000000 -74.6849739659
299.3000000000 -74.7328514537
299.4000000000 -74.7805195263
299.5000000000 -74.8279781453
299.6000000000 -74.8752272825
299.7000000000 -74.9222669200
299.8000000000 -74.9690970502
299.9000000000 -75.0157176758
