0.0000000000 -74.6977707714
0.1000000000 -74.7461529389
0.2000000000 -74.7943169995
0.3000000000 -74.8422629628
0.4000000000 -74.8899908490
0.5000000000 -74.9375006892
0.6000000000 -74.9847925252
0.7000000000 -75.0318664095
0.8000000000 -75.0787224050
0.9000000000 -75.1253605856
1.0000000000 -75.1717810352
1.1000000000 -75.2179838485
1.2000000000 -75.2639691305
1.3000000000 -75.3097369963
1.4000000000 -75.3552875714
1.5000000000 -75.4006209916
1.6000000000 -75.4457374025
1.7000000000 -75.4906369599
1.8000000000 -75.5353198296
1.9000000000 -75.5797861871
2.0000000000 -75.6240362179
2.1000000000 -75.6680701171
2.2000000000 -75.7118880894
2.3000000000 -75.7554903493
2.4000000000 -75.7988771205
2.5000000000 -75.8420486363
2.6000000000 -75.8850051392
2.7000000000 -75.9277468810
2.8000000000 -75.9702741227
2.9000000000 -76.0125871342
3.0000000000 -76.0546861947
3.1000000000 -76.0965715918
3.2000000000 -76.1382436224
3.3000000000 -76.1797025918
3.4000000000 -76.2209488140
3.5000000000 -76.2619826117
3.6000000000 -76.3028043157
3.7000000000 -76.3434142654
3.8000000000 -76.3838128084
3.9000000000 -76.4240003006
4.0000000000 -76.4639771056
4.1000000000 -76.5037435954
4.2000000000 -76.5433001495
4.3000000000 -76.5826471555
4.4000000000 -76.6217850085
4.5000000000 -76.6607141112
4.6000000000 -76.6994348739
4.7000000000 -76.7379477142
4.8000000000 -76.7762530570
4.9000000000 -76.8143513344
5.0000000000 -76.8522429858
5.1000000000 -76.8899284573
5.2000000000 -76.9274082021
5.3000000000 -76.9646826801
5.4000000000 -77.0017523581
5.5000000000 -77.0386177092
5.6000000000 -77.0752792133
5.7000000000 -77.1117373565
5.8000000000 -77.1479926315
5.9000000000 -77.1840455369
6.0000000000 -77.2198965775
6.1000000000 -77.2555462644
6.2000000000 -77.2909951141
6.3000000000 -77.3262436495
6.4000000000 -77.3612923987
6.5000000000 -77.3961418959
6.6000000000 -77.4307926803
6.7000000000 -77.4652452971
6.8000000000 -77.4995002963
6.9000000000 -77.5335582336
7.0000000000 -77.5674196694
7.1000000000 -77.6010851695
7.2000000000 -77.6345553045
7.3000000000 -77.6678306498
7.4000000000 -77.7009117855
7.5000000000 -77.7337992966
7.6000000000 -77.7664937724
7.7000000000 -77.7989958068
7.8000000000 -77.8313059980
7.9000000000 -77.8634249485
8.0000000000 -77.8953532650
8.1000000000 -77.9270915581
8.2000000000 -77.9586404427
8.3000000000 -77.9900005373
8.4000000000 -78.0211724643
8.5000000000 -78.0521568500
8.6000000000 -78.0829543239
8.7000000000 -78.1135655193
8.8000000000 -78.1439910728
8.9000000000 -78.1742316245
9.0000000000 -78.2042878174
9.1000000000 -78.2341602979
9.2000000000 -78.2638497152
9.3000000000 -78.2933567217
9.4000000000 -78.3226819723
9.5000000000 -78.3518261248
9.6000000000 -78.3807898395
9.7000000000 -78.4095737794
9.8000000000 -78.4381786097
9.9000000000 -78.4666049978
10.0000000000 -78.4948536132
10.1000000000 -78.5229251277
10.2000000000 -78.5508202147
10.3000000000 -78.5785395492
10.4000000000 -78.6060838079
10.5000000000 -78.6334536688
10.6000000000 -78.6606498111
10.7000000000 -78.6876729148
10.8000000000 -78.7145236607
10.9000000000 -78.7412027299
11.0000000000 -78.7677108037
11.1000000000 -78.7940485633
11.2000000000 -78.8202166889
11.3000000000 -78.8462158602
11.4000000000 -78.8720467549
11.5000000000 -78.8977100487
11.6000000000 -78.9232064146
11.7000000000 -78.9485365219
11.8000000000 -78.9737010357
11.9000000000 -78.9987006152
12.0000000000 -79.0235359134
12.1000000000 -79.0482075750
12.2000000000 -79.0727162351
12.3000000000 -79.0970625171
12.4000000000 -79.1212470310
12.5000000000 -79.1452703700
12.6000000000 -79.1691331084
12.7000000000 -79.1928357974
12.8000000000 -79.2163789613
12.9000000000 -79.2397630926
13.0000000000 -79.2629886464
13.1000000000 -79.2860560337
13.2000000000 -79.3089656135
13.3000000000 -79.3317176840
13.4000000000 -79.3543124718
13.5000000000 -79.3767501190
13.6000000000 -79.3990306690
13.7000000000 -79.4211540489
13.8000000000 -79.4431200493
13.9000000000 -79.4649283005
14.0000000000 -79.4865782443
14.1000000000 -79.5080691015
14.2000000000 -79.5293998331
14.3000000000 -79.5505690953
14.4000000000 -79.5715751857
14.5000000000 -79.5924159815
14.6000000000 -79.6130888657
14.7000000000 -79.6335906410
14.8000000000 -79.6539174286
14.9000000000 -79.6740645491
15.0000000000 -79.6940263828
15.1000000000 -79.7137962054
15.2000000000 -79.7333659955
15.3000000000 -79.7527262074
15.4000000000 -79.7718655047
15.5000000000 -79.7907704481
15.6000000000 -79.8094251269
15.7000000000 -79.8278107272
15.8000000000 -79.8459050238
15.9000000000 -79.8636817839
16.0000000000 -79.8811100652
16.1000000000 -79.8981533916
16.2000000000 -79.9147687848
16.3000000000 -79.9309056250
16.4000000000 -79.9465043123
16.5000000000 -79.9614946939
16.6000000000 -79.9757942138
16.7000000000 -79.9893057389
16.8000000000 -80.0019150025
16.9000000000 -80.0134875997
17.0000000000 -80.0238654532
17.1000000000 -80.0328626600
17.2000000000 -80.0402606056
17.3000000000 -80.0458022204
17.4000000000 -80.0491852245
17.5000000000 -80.0500541839
17.6000000000 -80.0479911670
17.7000000000 -80.0425047550
17.8000000000 -80.0330171156
17.9000000000 -80.0188487953
18.0000000000 -79.9992008291
18.1000000000 -79.9731336889
18.2000000000 -79.9395425125
18.3000000000 -79.8971279493
18.4000000000 -79.8443618436
18.5000000000 -79.7794468340
18.6000000000 -79.7002687802
18.7000000000 -79.6043407299
18.8000000000 -79.4887369029
18.9000000000 -79.3500148829
19.0000000000 -79.1841238708
19.1000000000 -78.9862964398
19.2000000000 -78.7509207275
19.3000000000 -78.4713893863
19.4000000000 -78.1399208333
19.5000000000 -77.7473473550
19.6000000000 -77.2828633344
19.7000000000 -76.7337251365
19.8000000000 -76.0848917902
19.9000000000 -75.3185921496
20.0000000000 -74.4137990544
20.1000000000 -73.3455829710
20.2000000000 -72.0843046283
20.3000000000 -70.5945844881
20.4000000000 -68.8339495155
20.5000000000 -66.7509914331
20.6000000000 -64.2827501279
20.7000000000 -61.3508122309
20.8000000000 -57.8551940892
20.9000000000 -53.6642862115
21.0000000000 -48.5976860143
21.1000000000 -42.3963373113
21.2000000000 -34.6715552253
21.3000000000 -24.8266168176
21.4000000000 -11.9810237207
21.5000000000 4.8272863112
21.6000000000 24.5481856208
21.7000000000 38.0786372077
21.8000000000 39.6398881285
21.9000000000 39.5360655557
22.0000000000 39.5012656265
22.1000000000 39.4467570953
22.2000000000 39.3865099364
22.3000000000 39.3198780613
22.4000000000 39.2463798193
22.5000000000 39.1654349205
22.6000000000 39.0764276596
22.7000000000 38.9787208199
22.8000000000 38.8716629247
22.9000000000 38.7545951226
23.0000000000 38.6268586645
23.1000000000 38.4878030149
23.2000000000 38.3367944473
23.3000000000 38.1732249203
23.4000000000 37.9965209998
23.5000000000 37.8061525860
23.6000000000 37.6016412045
23.7000000000 37.3825676336
23.8000000000 37.1485786618
23.9000000000 36.8993928028
24.0000000000 36.6348048308
24.1000000000 36.3546890419
24.2000000000 36.0590011900
24.3000000000 35.7477790895
24.4000000000 35.4211419168
24.5000000000 35.0792882799
24.6000000000 34.7224931566
24.7000000000 34.3511038255
24.8000000000 33.9655349343
24.9000000000 33.5662628606
25.0000000000 33.1538195248
25.1000000000 32.7287858163
25.2000000000 32.2917847879
25.3000000000 31.8434747614
25.4000000000 31.3845424801
25.5000000000 30.9156964203
25.6000000000 30.4376603672
25.7000000000 29.9511673332
25.8000000000 29.4569538875
25.9000000000 28.9557549439
26.0000000000 28.4482990405
26.1000000000 27.9353041296
26.2000000000 27.4174738849
26.3000000000 26.8954945189
26.4000000000 26.3700320992
26.5000000000 25.8417303389
26.6000000000 25.3112088362
26.7000000000 24.7790617299
26.8000000000 24.2458567357
26.9000000000 23.7121345287
27.0000000000 23.1784084321
27.1000000000 22.6451643781
27.2000000000 22.1128611022
27.3000000000 21.5819305387
27.4000000000 21.0527783831
27.5000000000 20.5257847920
27.6000000000 20.0013051917
27.7000000000 19.4796711712
27.8000000000 18.9611914360
27.9000000000 18.4461528026
28.0000000000 17.9348212157
28.1000000000 17.4274427744
28.2000000000 16.9242447514
28.3000000000 16.4254365976
28.4000000000 15.9312109199
28.5000000000 15.4417444277
28.6000000000 14.9571988406
28.7000000000 14.4777217541
28.8000000000 14.0034474601
28.9000000000 13.5344977203
29.0000000000 13.0709824918
29.1000000000 12.6130006055
29.2000000000 12.1606403968
29.3000000000 11.7139802912
29.4000000000 11.2730893463
29.5000000000 10.8380277516
29.6000000000 10.4088472905
29.7000000000 9.9855917645
29.8000000000 9.5682973861
29.9000000000 9.1569931393
30.0000000000 8.7517011146
30.1000000000 8.3524368185
30.2000000000 7.9592094623
30.3000000000 7.5720222318
30.4000000000 7.1908725415
30.5000000000 6.8157522754
30.6000000000 6.4466480157
30.7000000000 6.0835412641
30.8000000000 5.7264086544
30.9000000000 5.3752221601
31.0000000000 5.0299492985
31.1000000000 4.6905533305
31.2000000000 4.3569934600
31.3000000000 4.0292250306
31.4000000000 3.7071997229
31.5000000000 3.3908657505
31.6000000000 3.0801680566
31.7000000000 2.7750485102
31.8000000000 2.4754461022
31.9000000000 2.1812971412
32.0000000000 1.8925354481
32.1000000000 1.6090925510
32.2000000000 1.3308978767
32.3000000000 1.0578789414
32.4000000000 0.7899615389
32.5000000000 0.5270699249
32.6000000000 0.2691269983
32.7000000000 0.0160544783
32.8000000000 -0.2322269235
32.9000000000 -0.4757973353
33.0000000000 -0.7147375642
33.1000000000 -0.9491289397
33.2000000000 -1.1790531644
33.3000000000 -1.4045921709
33.4000000000 -1.6258279855
33.5000000000 -1.8428425990
33.6000000000 -2.0557178442
33.7000000000 -2.2645352806
33.8000000000 -2.4693760868
33.9000000000 -2.6703209592
34.0000000000 -2.8674500185
34.1000000000 -3.0608427227
34.2000000000 -3.2505777874
34.3000000000 -3.4367331121
34.4000000000 -3.6193857139
34.5000000000 -3.7986116669
34.6000000000 -3.9744860477
34.7000000000 -4.1470828871
34.8000000000 -4.3164751270
34.9000000000 -4.4827345828
35.0000000000 -4.6459319107
35.1000000000 -4.8061365801
35.2000000000 -4.9634168502
35.3000000000 -5.1178397508
35.4000000000 -5.2694710672
35.5000000000 -5.4183753291
35.6000000000 -5.5646158022
35.7000000000 -5.7082544836
35.8000000000 -5.8493521000
35.9000000000 -5.9879681085
36.0000000000 -6.1241607002
36.1000000000 -6.2579868054
36.2000000000 -6.3895021019
36.3000000000 -6.5187610241
36.4000000000 -6.6458167747
36.5000000000 -6.7707213373
36.6000000000 -6.8935254906
36.7000000000 -7.0142788240
36.8000000000 -7.1330297538
36.9000000000 -7.2498255408
37.0000000000 -7.3647123084
37.1000000000 -7.4777350615
37.2000000000 -7.5889377061
37.3000000000 -7.6983630691
37.4000000000 -7.8060529188
37.5000000000 -7.9120479854
37.6000000000 -8.0163879820
37.7000000000 -8.1191116257
37.8000000000 -8.2202566589
37.9000000000 -8.3198598700
38.0000000000 -8.4179571152
38.1000000000 -8.5145833391
38.2000000000 -8.6097725962
38.3000000000 -8.7035580714
38.4000000000 -8.7959721009
38.5000000000 -8.8870461925
38.6000000000 -8.9768110463
38.7000000000 -9.0652965740
38.8000000000 -9.1525319195
38.9000000000 -9.2385454774
39.0000000000 -9.3233649127
39.1000000000 -9.4070171794
39.2000000000 -9.4895285391
39.3000000000 -9.5709245788
39.4000000000 -9.6512302288
39.5000000000 -9.7304697800
39.6000000000 -9.8086669011
39.7000000000 -9.8858446551
39.8000000000 -9.9620255155
39.9000000000 -10.0372313824
40.0000000000 -10.1114835977
40.1000000000 -10.1848029608
40.2000000000 -10.2572097428
40.3000000000 -10.3287237015
40.4000000000 -10.3993640950
40.5000000000 -10.4691496956
40.6000000000 -10.5380988034
40.7000000000 -10.6062292588
40.8000000000 -10.6735584559
40.9000000000 -10.7401033539
41.0000000000 -10.8058804902
41.1000000000 -10.8709059911
41.2000000000 -10.9351955838
41.3000000000 -10.9987646073
41.4000000000 -11.0616280231
41.5000000000 -11.1238004255
41.6000000000 -11.1852960522
41.7000000000 -11.2461287939
41.8000000000 -11.3063122036
41.9000000000 -11.3658595067
42.0000000000 -11.4247836093
42.1000000000 -11.4830971075
42.2000000000 -11.5408122956
42.3000000000 -11.5979411748
42.4000000000 -11.6544954608
42.5000000000 -11.7104865922
42.6000000000 -11.7659257374
42.7000000000 -11.8208238027
42.8000000000 -11.8751914390
42.9000000000 -11.9290390489
43.0000000000 -11.9823767936
43.1000000000 -12.0352145993
43.2000000000 -12.0875621634
43.3000000000 -12.1394289613
43.4000000000 -12.1908242517
43.5000000000 -12.2417570829
43.6000000000 -12.2922362981
43.7000000000 -12.3422705413
43.8000000000 -12.3918682623
43.9000000000 -12.4410377222
44.0000000000 -12.4897869980
44.1000000000 -12.5381239878
44.2000000000 -12.5860564156
44.3000000000 -12.6335918355
44.4000000000 -12.6807376367
44.5000000000 -12.7275010473
44.6000000000 -12.7738891390
44.7000000000 -12.8199088308
44.8000000000 -12.8655668933
44.9000000000 -12.9108699522
45.0000000000 -12.9558244924
45.1000000000 -13.0004368614
45.2000000000 -13.0447132729
45.3000000000 -13.0886598103
45.4000000000 -13.1322824299
45.5000000000 -13.1755869643
45.6000000000 -13.2185791254
45.7000000000 -13.2612645075
45.8000000000 -13.3036485903
45.9000000000 -13.3457367417
46.0000000000 -13.3875342208
46.1000000000 -13.4290461804
46.2000000000 -13.4702776697
46.3000000000 -13.5112336370
46.4000000000 -13.5519189322
46.5000000000 -13.5923383088
46.6000000000 -13.6324964270
46.7000000000 -13.6723978554
46.8000000000 -13.7120470735
46.9000000000 -13.7514484736
47.0000000000 -13.7906063635
47.1000000000 -13.8295249678
47.2000000000 -13.8682084305
47.3000000000 -13.9066608168
47.4000000000 -13.9448861145
47.5000000000 -13.9828882366
47.6000000000 -14.0206710227
47.7000000000 -14.0582382407
47.8000000000 -14.0955935884
47.9000000000 -14.1327406955
48.0000000000 -14.1696831251
48.1000000000 -14.2064243750
48.2000000000 -14.2429678794
48.3000000000 -14.2793170105
48.4000000000 -14.3154750796
48.5000000000 -14.3514453390
48.6000000000 -14.3872309828
48.7000000000 -14.4228351487
48.8000000000 -14.4582609190
48.9000000000 -14.4935113219
49.0000000000 -14.5285893331
49.1000000000 -14.5634978763
49.2000000000 -14.5982398250
49.3000000000 -14.6328180033
49.4000000000 -14.6672351871
49.5000000000 -14.7014941051
49.6000000000 -14.7355974400
49.7000000000 -14.7695478296
49.8000000000 -14.8033478673
49.9000000000 -14.8370001037
50.0000000000 -14.8705070471
50.1000000000 -14.9038711647
50.2000000000 -14.9370948834
50.3000000000 -14.9701805905
50.4000000000 -15.0031306350
50.5000000000 -15.0359473279
50.6000000000 -15.0686329434
50.7000000000 -15.1011897197
50.8000000000 -15.1336198594
50.9000000000 -15.1659255307
51.0000000000 -15.1981088680
51.1000000000 -15.2301719723
51.2000000000 -15.2621169125
51.3000000000 -15.2939457255
51.4000000000 -15.3256604174
51.5000000000 -15.3572629636
51.6000000000 -15.3887553100
51.7000000000 -15.4201393732
51.8000000000 -15.4514170412
51.9000000000 -15.4825901744
52.0000000000 -15.5136606054
52.1000000000 -15.5446301403
52.2000000000 -15.5755005590
52.3000000000 -15.6062736154
52.4000000000 -15.6369510385
52.5000000000 -15.6675345327
52.6000000000 -15.6980257780
52.7000000000 -15.7284264310
52.8000000000 -15.7587381250
52.9000000000 -15.7889624708
53.0000000000 -15.8191010566
53.1000000000 -15.8491554493
53.2000000000 -15.8791271940
53.3000000000 -15.9090178153
53.4000000000 -15.9388288170
53.5000000000 -15.9685616831
53.6000000000 -15.9982178777
53.7000000000 -16.0277988458
53.8000000000 -16.0573060134
53.9000000000 -16.0867407880
54.0000000000 -16.1161045592
54.1000000000 -16.1453986984
54.2000000000 -16.1746245599
54.3000000000 -16.2037834809
54.4000000000 -16.2328767817
54.5000000000 -16.2619057664
54.6000000000 -16.2908717227
54.7000000000 -16.3197759230
54.8000000000 -16.3486196239
54.9000000000 -16.3774040669
55.0000000000 -16.4061304788
55.1000000000 -16.4348000716
55.2000000000 -16.4634140433
55.3000000000 -16.4919735779
55.4000000000 -16.5204798453
55.5000000000 -16.5489340025
55.6000000000 -16.5773371929
55.7000000000 -16.6056905472
55.8000000000 -16.6339951834
55.9000000000 -16.6622522069
56.0000000000 -16.6904627112
56.1000000000 -16.7186277777
56.2000000000 -16.7467484761
56.3000000000 -16.7748258647
56.4000000000 -16.8028609904
56.5000000000 -16.8308548892
56.6000000000 -16.8588085863
56.7000000000 -16.8867230961
56.8000000000 -16.9145994229
56.9000000000 -16.9424385606
57.0000000000 -16.9702414932
57.1000000000 -16.9980091948
57.2000000000 -17.0257426300
57.3000000000 -17.0534427539
57.4000000000 -17.0811105125
57.5000000000 -17.1087468426
57.6000000000 -17.1363526723
57.7000000000 -17.1639289208
57.8000000000 -17.1914764990
57.9000000000 -17.2189963092
58.0000000000 -17.2464892457
58.1000000000 -17.2739561948
58.2000000000 -17.3013980347
58.3000000000 -17.3288156362
58.4000000000 -17.3562098623
58.5000000000 -17.3835815688
58.6000000000 -17.4109316041
58.7000000000 -17.4382608095
58.8000000000 -17.4655700194
58.9000000000 -17.4928600613
59.0000000000 -17.5201317562
59.1000000000 -17.5473859183
59.2000000000 -17.5746233555
59.3000000000 -17.6018448696
59.4000000000 -17.6290512559
59.5000000000 -17.6562433039
59.6000000000 -17.6834217972
59.7000000000 -17.7105875136
59.8000000000 -17.7377412251
59.9000000000 -17.7648836984
60.0000000000 -17.7920156947
60.1000000000 -17.8191379698
60.2000000000 -17.8462512744
60.3000000000 -17.8733563541
60.4000000000 -17.9004539495
60.5000000000 -17.9275447965
60.6000000000 -17.9546296260
60.7000000000 -17.9817091645
60.8000000000 -18.0087841337
60.9000000000 -18.0358552511
61.0000000000 -18.0629232296
61.1000000000 -18.0899887782
61.2000000000 -18.1170526013
61.3000000000 -18.1441153998
61.4000000000 -18.1711778700
61.5000000000 -18.1982407049
61.6000000000 -18.2253045935
61.7000000000 -18.2523702209
61.8000000000 -18.2794382690
61.9000000000 -18.3065094160
62.0000000000 -18.3335843366
62.1000000000 -18.3606637023
62.2000000000 -18.3877481812
62.3000000000 -18.4148384383
62.4000000000 -18.4419351357
62.5000000000 -18.4690389321
62.6000000000 -18.4961504836
62.7000000000 -18.5232704433
62.8000000000 -18.5503994614
62.9000000000 -18.5775381858
63.0000000000 -18.6046872613
63.1000000000 -18.6318473305
63.2000000000 -18.6590190332
63.3000000000 -18.6862030072
63.4000000000 -18.7133998875
63.5000000000 -18.7406103072
63.6000000000 -18.7678348971
63.7000000000 -18.7950742857
63.8000000000 -18.8223290997
63.9000000000 -18.8495999635
64.0000000000 -18.8768874999
64.1000000000 -18.9041923296
64.2000000000 -18.9315150717
64.3000000000 -18.9588563432
64.4000000000 -18.9862167598
64.5000000000 -19.0135969354
64.6000000000 -19.0409974825
64.7000000000 -19.0684190118
64.8000000000 -19.0958621328
64.9000000000 -19.1233274537
65.0000000000 -19.1508155812
65.1000000000 -19.1783271207
65.2000000000 -19.2058626766
65.3000000000 -19.2334228521
65.4000000000 -19.2610082492
65.5000000000 -19.2886194688
65.6000000000 -19.3162571112
65.7000000000 -19.3439217753
65.8000000000 -19.3716140594
65.9000000000 -19.3993345609
66.0000000000 -19.4270838765
66.1000000000 -19.4548626020
66.2000000000 -19.4826713328
66.3000000000 -19.5105106635
66.4000000000 -19.5383811880
66.5000000000 -19.5662835001
66.6000000000 -19.5942181927
66.7000000000 -19.6221858585
66.8000000000 -19.6501870898
66.9000000000 -19.6782224785
67.0000000000 -19.7062926162
67.1000000000 -19.7343980946
67.2000000000 -19.7625395047
67.3000000000 -19.7907174377
67.4000000000 -19.8189324845
67.5000000000 -19.8471852363
67.6000000000 -19.8754762838
67.7000000000 -19.9038062180
67.8000000000 -19.9321756301
67.9000000000 -19.9605851112
68.0000000000 -19.9890352526
68.1000000000 -20.0175266458
68.2000000000 -20.0460598828
68.3000000000 -20.0746355555
68.4000000000 -20.1032542563
68.5000000000 -20.1319165781
68.6000000000 -20.1606231140
68.7000000000 -20.1893744576
68.8000000000 -20.2181712031
68.9000000000 -20.2470139452
69.0000000000 -20.2759032790
69.1000000000 -20.3048398003
69.2000000000 -20.3338241057
69.3000000000 -20.3628567923
69.4000000000 -20.3919384579
69.5000000000 -20.4210697012
69.6000000000 -20.4502511215
69.7000000000 -20.4794833192
69.8000000000 -20.5087668952
69.9000000000 -20.5381024517
70.0000000000 -20.5674905914
70.1000000000 -20.5969319184
70.2000000000 -20.6264270375
70.3000000000 -20.6559765547
70.4000000000 -20.6855810770
70.5000000000 -20.7152412124
70.6000000000 -20.7449575703
70.7000000000 -20.7747307611
70.8000000000 -20.8045613964
70.9000000000 -20.8344500890
71.0000000000 -20.8643974532
71.1000000000 -20.8944041043
71.2000000000 -20.9244706591
71.3000000000 -20.9545977358
71.4000000000 -20.9847859538
71.5000000000 -21.0150359342
71.6000000000 -21.0453482992
71.7000000000 -21.0757236729
71.8000000000 -21.1061626806
71.9000000000 -21.1366659492
72.0000000000 -21.1672341073
72.1000000000 -21.1978677850
72.2000000000 -21.2285676140
72.3000000000 -21.2593342277
72.4000000000 -21.2901682613
72.5000000000 -21.3210703514
72.6000000000 -21.3520411368
72.7000000000 -21.3830812575
72.8000000000 -21.4141913558
72.9000000000 -21.4453720756
73.0000000000 -21.4766240626
73.1000000000 -21.5079479644
73.2000000000 -21.5393444306
73.3000000000 -21.5708141125
73.4000000000 -21.6023576636
73.5000000000 -21.6339757393
73.6000000000 -21.6656689967
73.7000000000 -21.6974380954
73.8000000000 -21.7292836966
73.9000000000 -21.7612064639
74.0000000000 -21.7932070627
74.1000000000 -21.8252861607
74.2000000000 -21.8574444276
74.3000000000 -21.8896825353
74.4000000000 -21.9220011580
74.5000000000 -21.9544009717
74.6000000000 -21.9868826551
74.7000000000 -22.0194468887
74.8000000000 -22.0520943555
74.9000000000 -22.0848257407
75.0000000000 -22.1176417317
75.1000000000 -22.1505430184
75.2000000000 -22.1835302928
75.3000000000 -22.2166042493
75.4000000000 -22.2497655847
75.5000000000 -22.2830149982
75.6000000000 -22.3163531911
75.7000000000 -22.3497808676
75.8000000000 -22.3832987338
75.9000000000 -22.4169074985
76.0000000000 -22.4506078730
76.1000000000 -22.4844005708
76.2000000000 -22.5182863080
76.3000000000 -22.5522658034
76.4000000000 -22.5863397778
76.5000000000 -22.6205089548
76.6000000000 -22.6547740607
76.7000000000 -22.6891358239
76.8000000000 -22.7235949755
76.9000000000 -22.7581522493
77.0000000000 -22.7928083815
77.1000000000 -22.8275641108
77.2000000000 -22.8624201785
77.3000000000 -22.8973773286
77.4000000000 -22.9324363075
77.5000000000 -22.9675978642
77.6000000000 -23.0028627504
77.7000000000 -23.0382317204
77.8000000000 -23.0737055308
77.9000000000 -23.1092849412
78.0000000000 -23.1449707135
78.1000000000 -23.1807636123
78.2000000000 -23.2166644048
78.3000000000 -23.2526738607
78.4000000000 -23.2887927526
78.5000000000 -23.3250218553
78.6000000000 -23.3613619464
78.7000000000 -23.3978138060
78.8000000000 -23.4343782170
78.9000000000 -23.4710559646
79.0000000000 -23.5078478367
79.1000000000 -23.5447546238
79.2000000000 -23.5817771190
79.3000000000 -23.6189161176
79.4000000000 -23.6561724180
79.5000000000 -23.6935468208
79.6000000000 -23.7310401291
79.7000000000 -23.7686531485
79.8000000000 -23.8063866874
79.9000000000 -23.8442415563
80.0000000000 -23.8822185684
80.1000000000 -23.9203185393
80.2000000000 -23.9585422870
80.3000000000 -23.9968906319
80.4000000000 -24.0353643970
80.5000000000 -24.0739644074
80.6000000000 -24.1126914907
80.7000000000 -24.1515464769
80.8000000000 -24.1905301983
80.9000000000 -24.2296434893
81.0000000000 -24.2688871868
81.1000000000 -24.3082621299
81.2000000000 -24.3477691598
81.3000000000 -24.3874091199
81.4000000000 -24.4271828560
81.5000000000 -24.4670912157
81.6000000000 -24.5071350489
81.7000000000 -24.5473152075
81.8000000000 -24.5876325454
81.9000000000 -24.6280879185
82.0000000000 -24.6686821848
82.1000000000 -24.7094162039
82.2000000000 -24.7502908375
82.3000000000 -24.7913069492
82.4000000000 -24.8324654042
82.5000000000 -24.8737670696
82.6000000000 -24.9152128141
82.7000000000 -24.9568035081
82.8000000000 -24.9985400236
82.9000000000 -25.0404232341
83.0000000000 -25.0824540148
83.1000000000 -25.1246332422
83.2000000000 -25.1669617941
83.3000000000 -25.2094405498
83.4000000000 -25.2520703900
83.5000000000 -25.2948521963
83.6000000000 -25.3377868518
83.7000000000 -25.3808752405
83.8000000000 -25.4241182475
83.9000000000 -25.4675167589
84.0000000000 -25.5110716617
84.1000000000 -25.5547838437
84.2000000000 -25.5986541936
84.3000000000 -25.6426836006
84.4000000000 -25.6868729548
84.5000000000 -25.7312231466
84.6000000000 -25.7757350669
84.7000000000 -25.8204096072
84.8000000000 -25.8652476592
84.9000000000 -25.9102501146
85.0000000000 -25.9554178657
85.1000000000 -26.0007518046
85.2000000000 -26.0462528233
85.3000000000 -26.0919218139
85.4000000000 -26.1377596680
85.5000000000 -26.1837672774
85.6000000000 -26.2299455329
85.7000000000 -26.2762953252
85.8000000000 -26.3228175444
85.9000000000 -26.3695130797
86.0000000000 -26.4163828197
86.1000000000 -26.4634276519
86.2000000000 -26.5106484631
86.3000000000 -26.5580461386
86.4000000000 -26.6056215628
86.5000000000 -26.6533756185
86.6000000000 -26.7013091873
86.7000000000 -26.7494231490
86.8000000000 -26.7977183818
86.9000000000 -26.8461957622
87.0000000000 -26.8948561645
87.1000000000 -26.9437004611
87.2000000000 -26.9927295223
87.3000000000 -27.0419442160
87.4000000000 -27.0913454074
87.5000000000 -27.1409339596
87.6000000000 -27.1907107325
87.7000000000 -27.2406765836
87.8000000000 -27.2908323670
87.9000000000 -27.3411789338
88.0000000000 -27.3917171319
88.1000000000 -27.4424478058
88.2000000000 -27.4933717963
88.3000000000 -27.5444899404
88.4000000000 -27.5958030715
88.5000000000 -27.6473120187
88.6000000000 -27.6990176070
88.7000000000 -27.7509206572
88.8000000000 -27.8030219854
88.9000000000 -27.8553224030
89.0000000000 -27.9078227168
89.1000000000 -27.9605237284
89.2000000000 -28.0134262344
89.3000000000 -28.0665310259
89.4000000000 -28.1198388885
89.5000000000 -28.1733506023
89.6000000000 -28.2270669413
89.7000000000 -28.2809886738
89.8000000000 -28.3351165615
89.9000000000 -28.3894513599
90.0000000000 -28.4439938181
90.1000000000 -28.4987446780
90.2000000000 -28.5537046751
90.3000000000 -28.6088745373
90.4000000000 -28.6642549853
90.5000000000 -28.7198467326
90.6000000000 -28.7756504845
90.7000000000 -28.8316669388
90.8000000000 -28.8878967850
90.9000000000 -28.9443407044
91.0000000000 -29.0009993697
91.1000000000 -29.0578734450
91.2000000000 -29.1149635855
91.3000000000 -29.1722704374
91.4000000000 -29.2297946374
91.5000000000 -29.2875368129
91.6000000000 -29.3454975814
91.7000000000 -29.4036775506
91.8000000000 -29.4620773182
91.9000000000 -29.5206974713
92.0000000000 -29.5795385867
92.1000000000 -29.6386012304
92.2000000000 -29.6978859573
92.3000000000 -29.7573933112
92.4000000000 -29.8171238247
92.5000000000 -29.8770780185
92.6000000000 -29.9372564018
92.7000000000 -29.9976594715
92.8000000000 -30.0582877124
92.9000000000 -30.1191415969
93.0000000000 -30.1802215846
93.1000000000 -30.2415281224
93.2000000000 -30.3030616438
93.3000000000 -30.3648225693
93.4000000000 -30.4268113058
93.5000000000 -30.4890282464
93.6000000000 -30.5514737703
93.7000000000 -30.6141482424
93.8000000000 -30.6770520134
93.9000000000 -30.7401854194
94.0000000000 -30.8035487815
94.1000000000 -30.8671424061
94.2000000000 -30.9309665841
94.3000000000 -30.9950215911
94.4000000000 -31.0593076871
94.5000000000 -31.1238251161
94.6000000000 -31.1885741063
94.7000000000 -31.2535548693
94.8000000000 -31.3187676006
94.9000000000 -31.3842124788
95.0000000000 -31.4498896658
95.1000000000 -31.5157993063
95.2000000000 -31.5819415279
95.3000000000 -31.6483164408
95.4000000000 -31.7149241372
95.5000000000 -31.7817646920
95.6000000000 -31.8488381617
95.7000000000 -31.9161445848
95.8000000000 -31.9836839815
95.9000000000 -32.0514563531
96.0000000000 -32.1194616827
96.1000000000 -32.1876999340
96.2000000000 -32.2561710520
96.3000000000 -32.3248749622
96.4000000000 -32.3938115711
96.5000000000 -32.4629807651
96.6000000000 -32.5323824113
96.7000000000 -32.6020163569
96.8000000000 -32.6718824290
96.9000000000 -32.7419804345
97.0000000000 -32.8123101601
97.1000000000 -32.8828713720
97.2000000000 -32.9536638161
97.3000000000 -33.0246872172
97.4000000000 -33.0959412796
97.5000000000 -33.1674256866
97.6000000000 -33.2391401003
97.7000000000 -33.3110841620
97.8000000000 -33.3832574914
97.9000000000 -33.4556596870
98.0000000000 -33.5282903259
98.1000000000 -33.6011489636
98.2000000000 -33.6742351340
98.3000000000 -33.7475483492
98.4000000000 -33.8210880998
98.5000000000 -33.8948538544
98.6000000000 -33.9688450596
98.7000000000 -34.0430611404
98.8000000000 -34.1175014994
98.9000000000 -34.1921655174
99.0000000000 -34.2670525532
99.1000000000 -34.3421619433
99.2000000000 -34.4174930021
99.3000000000 -34.4930450221
99.4000000000 -34.5688172734
99.5000000000 -34.6448090039
99.6000000000 -34.7210194396
99.7000000000 -34.7974477842
99.8000000000 -34.8740932193
99.9000000000 -34.9509549043
100.0000000000 -35.0280319767
100.1000000000 -35.1053235519
100.2000000000 -35.1828287231
100.3000000000 -35.2605465619
100.4000000000 -35.3384761177
100.5000000000 -35.4166164183
100.6000000000 -35.4949664696
100.7000000000 -35.5735252559
100.8000000000 -35.6522917398
100.9000000000 -35.7312648627
101.0000000000 -35.8104435442
101.1000000000 -35.8898266829
101.2000000000 -35.9694131562
101.3000000000 -36.0492018202
101.4000000000 -36.1291915103
101.5000000000 -36.2093810411
101.6000000000 -36.2897692066
101.7000000000 -36.3703547802
101.8000000000 -36.4511365149
101.9000000000 -36.5321131437
102.0000000000 -36.6132833795
102.1000000000 -36.6946459155
102.2000000000 -36.7761994250
102.3000000000 -36.8579425622
102.4000000000 -36.9398739619
102.5000000000 -37.0219922397
102.6000000000 -37.1042959928
102.7000000000 -37.1867837993
102.8000000000 -37.2694542194
102.9000000000 -37.3523057948
103.0000000000 -37.4353370496
103.1000000000 -37.5185464900
103.2000000000 -37.6019326050
103.3000000000 -37.6854938664
103.4000000000 -37.7692287290
103.5000000000 -37.8531356313
103.6000000000 -37.9372129952
103.7000000000 -38.0214592267
103.8000000000 -38.1058727161
103.9000000000 -38.1904518382
104.0000000000 -38.2751949527
104.1000000000 -38.3601004044
104.2000000000 -38.4451665236
104.3000000000 -38.5303916264
104.4000000000 -38.6157740150
104.5000000000 -38.7013119782
104.6000000000 -38.7870037913
104.7000000000 -38.8728477170
104.8000000000 -38.9588420053
104.9000000000 -39.0449848940
105.0000000000 -39.1312746091
105.1000000000 -39.2177093650
105.2000000000 -39.3042873653
105.3000000000 -39.3910068023
105.4000000000 -39.4778658584
105.5000000000 -39.5648627057
105.6000000000 -39.6519955066
105.7000000000 -39.7392624144
105.8000000000 -39.8266615734
105.9000000000 -39.9141911192
106.0000000000 -40.0018491795
106.1000000000 -40.0896338742
106.2000000000 -40.1775433156
106.3000000000 -40.2655756093
106.4000000000 -40.3537288542
106.5000000000 -40.4420011430
106.6000000000 -40.5303905624
106.7000000000 -40.6188951940
106.8000000000 -40.7075131142
106.9000000000 -40.7962423949
107.0000000000 -40.8850811037
107.1000000000 -40.9740273043
107.2000000000 -41.0630790571
107.3000000000 -41.1522344194
107.4000000000 -41.2414914461
107.5000000000 -41.3308481895
107.6000000000 -41.4203027004
107.7000000000 -41.5098530279
107.8000000000 -41.5994972203
107.9000000000 -41.6892333251
108.0000000000 -41.7790593896
108.1000000000 -41.8689734614
108.2000000000 -41.9589735883
108.3000000000 -42.0490578194
108.4000000000 -42.1392242049
108.5000000000 -42.2294707968
108.6000000000 -42.3197956491
108.7000000000 -42.4101968183
108.8000000000 -42.5006723637
108.9000000000 -42.5912203480
109.0000000000 -42.6818388374
109.1000000000 -42.7725259019
109.2000000000 -42.8632796160
109.3000000000 -42.9540980590
109.4000000000 -43.0449793149
109.5000000000 -43.1359214736
109.6000000000 -43.2269226302
109.7000000000 -43.3179808865
109.8000000000 -43.4090943502
109.9000000000 -43.5002611362
110.0000000000 -43.5914793663
110.1000000000 -43.6827471700
110.2000000000 -43.7740626841
110.3000000000 -43.8654240542
110.4000000000 -43.9568294337
110.5000000000 -44.0482769851
110.6000000000 -44.1397648798
110.7000000000 -44.2312912986
110.8000000000 -44.3228544319
110.9000000000 -44.4144524801
111.0000000000 -44.5060836537
111.1000000000 -44.5977461737
111.2000000000 -44.6894382722
111.3000000000 -44.7811581918
111.4000000000 -44.8729041868
111.5000000000 -44.9646745228
111.6000000000 -45.0564674776
111.7000000000 -45.1482813405
111.8000000000 -45.2401144135
111.9000000000 -45.3319650111
112.0000000000 -45.4238314603
112.1000000000 -45.5157121014
112.2000000000 -45.6076052875
112.3000000000 -45.6995093854
112.4000000000 -45.7914227754
112.5000000000 -45.8833438516
112.6000000000 -45.9752710221
112.7000000000 -46.0672027089
112.8000000000 -46.1591373487
112.9000000000 -46.2510733926
113.0000000000 -46.3430093061
113.1000000000 -46.4349435699
113.2000000000 -46.5268746795
113.3000000000 -46.6188011453
113.4000000000 -46.7107214934
113.5000000000 -46.8026342648
113.6000000000 -46.8945380163
113.7000000000 -46.9864313203
113.8000000000 -47.0783127648
113.9000000000 -47.1701809536
114.0000000000 -47.2620345066
114.1000000000 -47.3538720596
114.2000000000 -47.4456922645
114.3000000000 -47.5374937895
114.4000000000 -47.6292753188
114.5000000000 -47.7210355532
114.6000000000 -47.8127732095
114.7000000000 -47.9044870214
114.8000000000 -47.9961757387
114.9000000000 -48.0878381278
115.0000000000 -48.1794729717
115.1000000000 -48.2710790700
115.2000000000 -48.3626552387
115.3000000000 -48.4542003106
115.4000000000 -48.5457131350
115.5000000000 -48.6371925779
115.6000000000 -48.7286375219
115.7000000000 -48.8200468662
115.8000000000 -48.9114195265
115.9000000000 -49.0027544352
116.0000000000 -49.0940505413
116.1000000000 -49.1853068100
116.2000000000 -49.2765222234
116.3000000000 -49.3676957797
116.4000000000 -49.4588264937
116.5000000000 -49.5499133965
116.6000000000 -49.6409555354
116.7000000000 -49.7319519740
116.8000000000 -49.8229017920
116.9000000000 -49.9138040853
117.0000000000 -50.0046579656
117.1000000000 -50.0954625606
117.2000000000 -50.1862170140
117.3000000000 -50.2769204850
117.4000000000 -50.3675721485
117.5000000000 -50.4581711950
117.6000000000 -50.5487168305
117.7000000000 -50.6392082762
117.8000000000 -50.7296447684
117.9000000000 -50.8200255589
118.0000000000 -50.9103499140
118.1000000000 -51.0006171151
118.2000000000 -51.0908264583
118.3000000000 -51.1809772543
118.4000000000 -51.2710688281
118.5000000000 -51.3611005191
118.6000000000 -51.4510716808
118.7000000000 -51.5409816807
118.8000000000 -51.6308299003
118.9000000000 -51.7206157346
119.0000000000 -51.8103385922
119.1000000000 -51.8999978951
119.2000000000 -51.9895930784
119.3000000000 -52.0791235904
119.4000000000 -52.1685888921
119.5000000000 -52.2579884573
119.6000000000 -52.3473217723
119.7000000000 -52.4365883355
119.8000000000 -52.5257876579
119.9000000000 -52.6149192620
120.0000000000 -52.7039826823
120.1000000000 -52.7929774649
120.2000000000 -52.8819031671
120.3000000000 -52.9707593577
120.4000000000 -53.0595456161
120.5000000000 -53.1482615328
120.6000000000 -53.2369067089
120.7000000000 -53.3254807555
120.8000000000 -53.4139832943
120.9000000000 -53.5024139569
121.0000000000 -53.5907723844
121.1000000000 -53.6790582277
121.2000000000 -53.7672711469
121.3000000000 -53.8554108115
121.4000000000 -53.9434768994
121.5000000000 -54.0314690977
121.6000000000 -54.1193871016
121.7000000000 -54.2072306147
121.8000000000 -54.2949993488
121.9000000000 -54.3826930232
122.0000000000 -54.4703113649
122.1000000000 -54.5578541083
122.2000000000 -54.6453209950
122.3000000000 -54.7327117734
122.4000000000 -54.8200261985
122.5000000000 -54.9072640319
122.6000000000 -54.9944250414
122.7000000000 -55.0815090009
122.8000000000 -55.1685156898
122.9000000000 -55.2554448933
123.0000000000 -55.3422964018
123.1000000000 -55.4290700108
123.2000000000 -55.5157655207
123.3000000000 -55.6023827363
123.4000000000 -55.6889214672
123.5000000000 -55.7753815268
123.6000000000 -55.8617627327
123.7000000000 -55.9480649059
123.8000000000 -56.0342878711
123.9000000000 -56.1204314563
124.0000000000 -56.2064954924
124.1000000000 -56.2924798130
124.2000000000 -56.3783842544
124.3000000000 -56.4642086553
124.4000000000 -56.5499528563
124.5000000000 -56.6356167001
124.6000000000 -56.7212000309
124.7000000000 -56.8067026944
124.8000000000 -56.8921245375
124.9000000000 -56.9774654080
125.0000000000 -57.0627251547
125.1000000000 -57.1479036267
125.2000000000 -57.2330006736
125.3000000000 -57.3180161450
125.4000000000 -57.4029498905
125.5000000000 -57.4878017592
125.6000000000 -57.5725715998
125.7000000000 -57.6572592604
125.8000000000 -57.7418645877
125.9000000000 -57.8263874278
126.0000000000 -57.9108276249
126.1000000000 -57.9951850220
126.2000000000 -58.0794594601
126.3000000000 -58.1636507784
126.4000000000 -58.2477588137
126.5000000000 -58.3317834005
126.6000000000 -58.4157243708
126.7000000000 -58.4995815538
126.8000000000 -58.5833547757
126.9000000000 -58.6670438595
127.0000000000 -58.7506486250
127.1000000000 -58.8341688883
127.2000000000 -58.9176044619
127.3000000000 -59.0009551544
127.4000000000 -59.0842207704
127.5000000000 -59.1674011102
127.6000000000 -59.2504959695
127.7000000000 -59.3335051398
127.8000000000 -59.4164284076
127.9000000000 -59.4992655545
128.0000000000 -59.5820163571
128.1000000000 -59.6646805867
128.2000000000 -59.7472580094
128.3000000000 -59.8297483854
128.4000000000 -59.9121514697
128.5000000000 -59.9944670110
128.6000000000 -60.0766947522
128.7000000000 -60.1588344303
128.8000000000 -60.2408857758
128.9000000000 -60.3228485129
129.0000000000 -60.4047223592
129.1000000000 -60.4865070259
129.2000000000 -60.5682022171
129.3000000000 -60.6498076304
129.4000000000 -60.7313229560
129.5000000000 -60.8127478774
129.6000000000 -60.8940820707
129.7000000000 -60.9753252046
129.8000000000 -61.0564769406
129.9000000000 -61.1375369324
130.0000000000 -61.2185048263
130.1000000000 -61.2993802610
130.2000000000 -61.3801628672
130.3000000000 -61.4608522679
130.4000000000 -61.5414480779
130.5000000000 -61.6219499044
130.6000000000 -61.7023573462
130.7000000000 -61.7826699942
130.8000000000 -61.8628874308
130.9000000000 -61.9430092304
131.0000000000 -62.0230349589
131.1000000000 -62.1029641741
131.2000000000 -62.1827964251
131.3000000000 -62.2625312527
131.4000000000 -62.3421681893
131.5000000000 -62.4217067586
131.6000000000 -62.5011464758
131.7000000000 -62.5804868478
131.8000000000 -62.6597273725
131.9000000000 -62.7388675396
132.0000000000 -62.8179068298
132.1000000000 -62.8968447156
132.2000000000 -62.9756806607
132.3000000000 -63.0544141201
132.4000000000 -63.1330445402
132.5000000000 -63.2115713591
132.6000000000 -63.2899940060
132.7000000000 -63.3683119017
132.8000000000 -63.4465244585
132.9000000000 -63.5246310800
133.0000000000 -63.6026311616
133.1000000000 -63.6805240901
133.2000000000 -63.7583092440
133.3000000000 -63.8359859934
133.4000000000 -63.9135537000
133.5000000000 -63.9910117176
133.6000000000 -64.0683593914
133.7000000000 -64.1455960589
133.8000000000 -64.2227210492
133.9000000000 -64.2997336835
134.0000000000 -64.3766332754
134.1000000000 -64.4534191302
134.2000000000 -64.5300905458
134.3000000000 -64.6066468122
134.4000000000 -64.6830872122
134.5000000000 -64.7594110207
134.6000000000 -64.8356175055
134.7000000000 -64.9117059270
134.8000000000 -64.9876755386
134.9000000000 -65.0635255865
135.0000000000 -65.1392553099
135.1000000000 -65.2148639413
135.2000000000 -65.2903507066
135.3000000000 -65.3657148249
135.4000000000 -65.4409555088
135.5000000000 -65.5160719649
135.6000000000 -65.5910633934
135.7000000000 -65.6659289884
135.8000000000 -65.7406679382
135.9000000000 -65.8152794253
136.0000000000 -65.8897626265
136.1000000000 -65.9641167133
136.2000000000 -66.0383408518
136.3000000000 -66.1124342028
136.4000000000 -66.1863959224
136.5000000000 -66.2602251615
136.6000000000 -66.3339210665
136.7000000000 -66.4074827794
136.8000000000 -66.4809094376
136.9000000000 -66.5542001746
137.0000000000 -66.6273541196
137.1000000000 -66.7003703981
137.2000000000 -66.7732481321
137.3000000000 -66.8459864400
137.4000000000 -66.9185844367
137.5000000000 -66.9910412345
137.6000000000 -67.0633559422
137.7000000000 -67.1355276662
137.8000000000 -67.2075555104
137.9000000000 -67.2794385761
138.0000000000 -67.3511759627
138.1000000000 -67.4227667674
138.2000000000 -67.4942100856
138.3000000000 -67.5655050115
138.4000000000 -67.6366506374
138.5000000000 -67.7076460547
138.6000000000 -67.7784903538
138.7000000000 -67.8491826242
138.8000000000 -67.9197219549
138.9000000000 -67.9901074344
139.0000000000 -68.0603381511
139.1000000000 -68.1304131934
139.2000000000 -68.2003316498
139.3000000000 -68.2700926093
139.4000000000 -68.3396951616
139.5000000000 -68.4091383970
139.6000000000 -68.4784214069
139.7000000000 -68.5475432841
139.8000000000 -68.6165031225
139.9000000000 -68.6853000179
140.0000000000 -68.7539330677
140.1000000000 -68.8224013715
140.2000000000 -68.8907040311
140.3000000000 -68.9588401505
140.4000000000 -69.0268088366
140.5000000000 -69.0946091991
140.6000000000 -69.1622403505
140.7000000000 -69.2297014067
140.8000000000 -69.2969914869
140.9000000000 -69.3641097140
141.0000000000 -69.4310552146
141.1000000000 -69.4978271195
141.2000000000 -69.5644245633
141.3000000000 -69.6308466854
141.4000000000 -69.6970926294
141.5000000000 -69.7631615438
141.6000000000 -69.8290525820
141.7000000000 -69.8947649027
141.8000000000 -69.9602976694
141.9000000000 -70.0256500517
142.0000000000 -70.0908212243
142.1000000000 -70.1558103681
142.2000000000 -70.2206166697
142.3000000000 -70.2852393222
142.4000000000 -70.3496775247
142.5000000000 -70.4139304830
142.6000000000 -70.4779974096
142.7000000000 -70.5418775238
142.8000000000 -70.6055700517
142.9000000000 -70.6690742268
143.0000000000 -70.7323892898
143.1000000000 -70.7955144888
143.2000000000 -70.8584490798
143.3000000000 -70.9211923261
143.4000000000 -70.9837434993
143.5000000000 -71.0461018789
143.6000000000 -71.1082667525
143.7000000000 -71.1702374161
143.8000000000 -71.2320131742
143.9000000000 -71.2935933398
144.0000000000 -71.3549772348
144.1000000000 -71.4161641897
144.2000000000 -71.4771535442
144.3000000000 -71.5379446468
144.4000000000 -71.5985368555
144.5000000000 -71.6589295376
144.6000000000 -71.7191220695
144.7000000000 -71.7791138375
144.8000000000 -71.8389042375
144.9000000000 -71.8984926749
145.0000000000 -71.9578785653
145.1000000000 -72.0170613339
145.2000000000 -72.0760404162
145.3000000000 -72.1348152577
145.4000000000 -72.1933853141
145.5000000000 -72.2517500515
145.6000000000 -72.3099089464
145.7000000000 -72.3678614855
145.8000000000 -72.4256071663
145.9000000000 -72.4831454968
146.0000000000 -72.5404759957
146.1000000000 -72.5975981925
146.2000000000 -72.6545116273
146.3000000000 -72.7112158513
146.4000000000 -72.7677104264
146.5000000000 -72.8239949257
146.6000000000 -72.8800689330
146.7000000000 -72.9359320436
146.8000000000 -72.9915838635
146.9000000000 -73.0470240100
147.0000000000 -73.1022521117
147.1000000000 -73.1572678083
147.2000000000 -73.2120707508
147.3000000000 -73.2666606015
147.4000000000 -73.3210370339
147.5000000000 -73.3751997329
147.6000000000 -73.4291483950
147.7000000000 -73.4828827276
147.8000000000 -73.5364024498
147.9000000000 -73.5897072920
148.0000000000 -73.6427969962
148.1000000000 -73.6956713155
148.2000000000 -73.7483300146
148.3000000000 -73.8007728696
148.4000000000 -73.8529996680
148.5000000000 -73.9050102087
148.6000000000 -73.9568043021
148.7000000000 -74.0083817698
148.8000000000 -74.0597424449
148.9000000000 -74.1108861720
149.0000000000 -74.1618128067
149.1000000000 -74.2125222164
149.2000000000 -74.2630142793
149.3000000000 -74.3132888853
149.4000000000 -74.3633459353
149.5000000000 -74.4131853415
149.6000000000 -74.4628070274
149.7000000000 -74.5122109276
149.8000000000 -74.5613969876
149.9000000000 -74.6103651643
150.0000000000 -74.6591154256
150.1000000000 -74.7076477502
150.2000000000 -74.7559621280
150.3000000000 -74.8040585596
150.4000000000 -74.8519370567
150.5000000000 -74.8995976416
150.6000000000 -74.9470403474
150.7000000000 -74.9942652180
150.8000000000 -75.0412723079
150.9000000000 -75.0880616822
151.0000000000 -75.1346334165
151.1000000000 -75.1809875970
151.2000000000 -75.2271243201
151.3000000000 -75.2730436927
151.4000000000 -75.3187458319
151.5000000000 -75.3642308651
151.6000000000 -75.4094989297
151.7000000000 -75.4545501734
151.8000000000 -75.4993847536
151.9000000000 -75.5440028379
152.0000000000 -75.5884046035
152.1000000000 -75.6325902377
152.2000000000 -75.6765599371
152.3000000000 -75.7203139083
152.4000000000 -75.7638523672
152.5000000000 -75.8071755393
152.6000000000 -75.8502836592
152.7000000000 -75.8931769712
152.8000000000 -75.9358557285
152.9000000000 -75.9783201935
153.0000000000 -76.0205706378
153.1000000000 -76.0626073417
153.2000000000 -76.1044305945
153.3000000000 -76.1460406943
153.4000000000 -76.1874379479
153.5000000000 -76.2286226705
153.6000000000 -76.2695951860
153.7000000000 -76.3103558267
153.8000000000 -76.3509049331
153.9000000000 -76.3912428541
154.0000000000 -76.4313699465
154.1000000000 -76.4712865755
154.2000000000 -76.5109931139
154.3000000000 -76.5504899424
154.4000000000 -76.5897774497
154.5000000000 -76.6288560319
154.6000000000 -76.6677260927
154.7000000000 -76.7063880435
154.8000000000 -76.7448423027
154.9000000000 -76.7830892963
155.0000000000 -76.8211294573
155.1000000000 -76.8589632258
155.2000000000 -76.8965910489
155.3000000000 -76.9340133805
155.4000000000 -76.9712306816
155.5000000000 -77.0082434194
155.6000000000 -77.0450520680
155.7000000000 -77.0816571079
155.8000000000 -77.1180590261
155.9000000000 -77.1542583156
156.0000000000 -77.1902554760
156.1000000000 -77.2260510127
156.2000000000 -77.2616454371
156.3000000000 -77.2970392666
156.4000000000 -77.3322330244
156.5000000000 -77.3672272393
156.6000000000 -77.4020224457
156.7000000000 -77.4366191837
156.8000000000 -77.4710179986
156.9000000000 -77.5052194411
157.0000000000 -77.5392240670
157.1000000000 -77.5730324374
157.2000000000 -77.6066451181
157.3000000000 -77.6400626803
157.4000000000 -77.6732856995
157.5000000000 -77.7063147563
157.6000000000 -77.7391504357
157.7000000000 -77.7717933275
157.8000000000 -77.8042440255
157.9000000000 -77.8365031284
158.0000000000 -77.8685712386
158.1000000000 -77.9004489630
158.2000000000 -77.9321369125
158.3000000000 -77.9636357018
158.4000000000 -77.9949459497
158.5000000000 -78.0260682787
158.6000000000 -78.0570033147
158.7000000000 -78.0877516876
158.8000000000 -78.1183140305
158.9000000000 -78.1486909799
159.0000000000 -78.1788831759
159.1000000000 -78.2088912613
159.2000000000 -78.2387158823
159.3000000000 -78.2683576881
159.4000000000 -78.2978173307
159.5000000000 -78.3270954648
159.6000000000 -78.3561927479
159.7000000000 -78.3851098399
159.8000000000 -78.4138474035
159.9000000000 -78.4424061032
160.0000000000 -78.4707866061
160.1000000000 -78.4989895811
160.2000000000 -78.5270156992
160.3000000000 -78.5548656330
160.4000000000 -78.5825400568
160.5000000000 -78.6100396463
160.6000000000 -78.6373650782
160.7000000000 -78.6645170306
160.8000000000 -78.6914961819
160.9000000000 -78.7183032112
161.0000000000 -78.7449387979
161.1000000000 -78.7714036209
161.2000000000 -78.7976983589
161.3000000000 -78.8238236894
161.4000000000 -78.8497802884
161.5000000000 -78.8755688299
161.6000000000 -78.9011899852
161.7000000000 -78.9266444221
161.8000000000 -78.9519328037
161.9000000000 -78.9770557882
162.0000000000 -79.0020140267
162.1000000000 -79.0268081627
162.2000000000 -79.0514388298
162.3000000000 -79.0759066502
162.4000000000 -79.1002122325
162.5000000000 -79.1243561689
162.6000000000 -79.1483390323
162.7000000000 -79.1721613729
162.8000000000 -79.1958237139
162.9000000000 -79.2193265467
163.0000000000 -79.2426703255
163.1000000000 -79.2658554603
163.2000000000 -79.2888823094
163.3000000000 -79.3117511700
163.4000000000 -79.3344622679
163.5000000000 -79.3570157445
163.6000000000 -79.3794116427
163.7000000000 -79.4016498889
163.8000000000 -79.4237302730
163.9000000000 -79.4456524250
164.0000000000 -79.4674157864
164.1000000000 -79.4890195777
164.2000000000 -79.5104627596
164.3000000000 -79.5317439884
164.4000000000 -79.5528615618
164.5000000000 -79.5738133573
164.6000000000 -79.5945967585
164.7000000000 -79.6152085688
164.8000000000 -79.6356449107
164.9000000000 -79.6559011061
165.0000000000 -79.6759715374
165.1000000000 -79.6958494830
165.2000000000 -79.7155269245
165.3000000000 -79.7349943204
165.4000000000 -79.7542403396
165.5000000000 -79.7732515490
165.6000000000 -79.7920120458
165.7000000000 -79.8105030259
165.8000000000 -79.8287022762
165.9000000000 -79.8465835783
166.0000000000 -79.8641160080
166.1000000000 -79.8812631111
166.2000000000 -79.8979819360
166.3000000000 -79.9142218952
166.4000000000 -79.9299234284
166.5000000000 -79.9450164306
166.6000000000 -79.9594184039
166.7000000000 -79.9730322852
166.8000000000 -79.9857438930
166.9000000000 -79.9974189248
167.0000000000 -80.0078994274
167.1000000000 -80.0169996471
167.2000000000 -80.0245011496
167.3000000000 -80.0301470822
167.4000000000 -80.0336354263
167.5000000000 -80.0346110619
167.6000000000 -80.0326564346
167.7000000000 -80.0272805795
167.8000000000 -80.0179062083
167.9000000000 -80.0038545208
168.0000000000 -79.9843273352
168.1000000000 -79.9583860624
168.2000000000 -79.9249269647
168.3000000000 -79.8826520383
168.4000000000 -79.8300347395
168.5000000000 -79.7652796357
168.6000000000 -79.6862748932
168.7000000000 -79.5905363178
168.8000000000 -79.4751414253
168.9000000000 -79.3366517377
169.0000000000 -79.1710211608
169.1000000000 -78.9734878867
169.2000000000 -78.7384467628
169.3000000000 -78.4592984542
169.4000000000 -78.1282709458
169.5000000000 -77.7362079529
169.6000000000 -77.2723175143
169.7000000000 -76.7238723236
169.8000000000 -76.0758509558
169.9000000000 -75.3105057023
170.0000000000 -74.4068375778
170.1000000000 -73.3399510501
170.2000000000 -72.0802481167
170.3000000000 -70.5923997570
170.4000000000 -68.8339955549
170.5000000000 -66.7537062781
170.6000000000 -64.2886742082
170.7000000000 -61.3606233996
170.8000000000 -57.8697632820
170.9000000000 -53.6847708528
171.0000000000 -48.6256936543
171.1000000000 -42.4342178224
171.2000000000 -34.7229084059
171.3000000000 -24.8970591085
171.4000000000 -12.0787081490
171.5000000000 4.6957026468
171.6000000000 24.4084395644
171.7000000000 38.0257407274
171.8000000000 39.6434498235
171.9000000000 39.5351372748
172.0000000000 39.5011789592
172.1000000000 39.4466128362
172.2000000000 39.3863523810
172.3000000000 39.3197039630
172.4000000000 39.2461873000
172.5000000000 39.1652221932
172.6000000000 39.0761928616
172.7000000000 38.9784619903
172.8000000000 38.8713780076
172.9000000000 38.7542819778
173.0000000000 38.6265150811
173.1000000000 38.4874267272
173.2000000000 38.3363831533
173.3000000000 38.1727763008
173.4000000000 37.9960327395
173.5000000000 37.8056223954
173.6000000000 37.6010668416
173.7000000000 37.3819469253
173.8000000000 37.1479095249
173.9000000000 36.8986732633
174.0000000000 36.6340330417
174.1000000000 36.3538632993
174.2000000000 36.0581199462
174.3000000000 35.7468409642
174.4000000000 35.4201457055
174.5000000000 35.0782329598
174.6000000000 34.7213778896
174.7000000000 34.3499279592
174.8000000000 33.9642980006
174.9000000000 33.5649645720
175.0000000000 33.1524597689
175.1000000000 32.7273646493
175.2000000000 32.2903024257
175.3000000000 31.8419315710
175.4000000000 31.3829389689
175.5000000000 30.9140332261
175.6000000000 30.4359382470
175.7000000000 29.9493871524
175.8000000000 29.4551166089
175.9000000000 28.9538616172
176.0000000000 28.4463507921
176.1000000000 27.9333021530
176.2000000000 27.4154194309
176.3000000000 26.8933888879
176.4000000000 26.3678766324
176.5000000000 25.8395264117
176.6000000000 25.3089578513
176.7000000000 24.7767651112
176.8000000000 24.2435159235
176.9000000000 23.7097509744
177.0000000000 23.1759835945
177.1000000000 22.6426997196
177.2000000000 22.1103580856
177.3000000000 21.5793906248
177.4000000000 21.0502030283
177.5000000000 20.5231754460
177.6000000000 19.9986632965
177.7000000000 19.4769981594
177.8000000000 18.9584887295
177.9000000000 18.4434218117
178.0000000000 17.9320633386
178.1000000000 17.4246593960
178.2000000000 16.9214372431
178.3000000000 16.4226063163
178.4000000000 15.9283592077
178.5000000000 15.4388726114
178.6000000000 14.9543082310
178.7000000000 14.4748136456
178.8000000000 14.0005231299
178.9000000000 13.5315584280
179.0000000000 13.0680294787
179.1000000000 12.6100350937
179.2000000000 12.1576635885
179.3000000000 11.7109933681
179.4000000000 11.2700934684
179.5000000000 10.8350240565
179.6000000000 10.4058368923
179.7000000000 9.9825757532
179.8000000000 9.5652768260
179.9000000000 9.1539690686
180.0000000000 8.7486745438
180.1000000000 8.3494087299
180.2000000000 7.9561808087
180.3000000000 7.5689939357
180.4000000000 7.1878454942
180.5000000000 6.8127273359
180.6000000000 6.4436260101
180.7000000000 6.0805229848
180.8000000000 5.7233948593
180.9000000000 5.3722135724
181.0000000000 5.0269466058
181.1000000000 4.6875571847
181.2000000000 4.3540044767
181.3000000000 4.0262437893
181.4000000000 3.7042267666
181.5000000000 3.3879015859
181.6000000000 3.0772131543
181.7000000000 2.7721033047
181.8000000000 2.4725109924
181.9000000000 2.1783724907
182.0000000000 1.8896215863
182.1000000000 1.6061897728
182.2000000000 1.3280064440
182.3000000000 1.0549990836
182.4000000000 0.7870934537
182.5000000000 0.5242137792
182.6000000000 0.2662829295
182.7000000000 0.0132225950
182.8000000000 -0.2350465402
182.9000000000 -0.4786046311
183.0000000000 -0.7175325100
183.1000000000 -0.9519115305
183.2000000000 -1.1818234184
183.3000000000 -1.4073501282
183.4000000000 -1.6285737070
183.5000000000 -1.8455761649
183.6000000000 -2.0584393532
183.7000000000 -2.2672448487
183.8000000000 -2.4720738461
183.9000000000 -2.6730070569
184.0000000000 -2.8701246156
184.1000000000 -3.0635059933
184.2000000000 -3.2532299172
184.3000000000 -3.4393742980
184.4000000000 -3.6220161626
184.5000000000 -3.8012315943
184.6000000000 -3.9770956777
184.7000000000 -4.1496824511
184.8000000000 -4.3190648629
184.9000000000 -4.4853147343
185.0000000000 -4.6485027266
185.1000000000 -4.8086983136
185.2000000000 -4.9659697582
185.3000000000 -5.1203840935
185.4000000000 -5.2720071073
185.5000000000 -5.4209033312
185.6000000000 -5.5671360326
185.7000000000 -5.7107672096
185.8000000000 -5.8518575896
185.9000000000 -5.9904666298
186.0000000000 -6.1266525213
186.1000000000 -6.2604721938
186.2000000000 -6.3919813242
186.3000000000 -6.5212343460
186.4000000000 -6.6482844603
186.5000000000 -6.7731836491
186.6000000000 -6.8959826893
186.7000000000 -7.0167311680
186.8000000000 -7.1354774995
186.9000000000 -7.2522689420
187.0000000000 -7.3671516163
187.1000000000 -7.4801705246
187.2000000000 -7.5913695701
187.3000000000 -7.7007915766
187.4000000000 -7.8084783094
187.5000000000 -7.9144704956
187.6000000000 -8.0188078451
187.7000000000 -8.1215290718
187.8000000000 -8.2226719146
187.9000000000 -8.3222731587
188.0000000000 -8.4203686569
188.1000000000 -8.5169933503
188.2000000000 -8.6121812901
188.3000000000 -8.7059656577
188.4000000000 -8.7983787859
188.5000000000 -8.8894521791
188.6000000000 -8.9792165339
188.7000000000 -9.0677017588
188.8000000000 -9.1549369940
188.9000000000 -9.2409506309
189.0000000000 -9.3257703313
189.1000000000 -9.4094230459
189.2000000000 -9.4919350328
189.3000000000 -9.5733318758
189.4000000000 -9.6536385020
189.5000000000 -9.7328791994
189.6000000000 -9.8110776333
189.7000000000 -9.8882568637
189.8000000000 -9.9644393611
189.9000000000 -10.0396470225
190.0000000000 -10.1139011871
190.1000000000 -10.1872226511
190.2000000000 -10.2596316830
190.3000000000 -10.3311480377
190.4000000000 -10.4017909705
190.5000000000 -10.4715792511
190.6000000000 -10.5405311768
190.7000000000 -10.6086645856
190.8000000000 -10.6759968689
190.9000000000 -10.7425449835
191.0000000000 -10.8083254642
191.1000000000 -10.8733544350
191.2000000000 -10.9376476208
191.3000000000 -11.0012203582
191.4000000000 -11.0640876064
191.5000000000 -11.1262639576
191.6000000000 -11.1877636473
191.7000000000 -11.2486005640
191.8000000000 -11.3087882588
191.9000000000 -11.3683399549
192.0000000000 -11.4272685565
192.1000000000 -11.4855866577
192.2000000000 -11.5433065510
192.3000000000 -11.6004402357
192.4000000000 -11.6569994258
192.5000000000 -11.7129955578
192.6000000000 -11.7684397988
192.7000000000 -11.8233430531
192.8000000000 -11.8777159701
192.9000000000 -11.9315689509
193.0000000000 -11.9849121549
193.1000000000 -12.0377555068
193.2000000000 -12.0901087027
193.3000000000 -12.1419812164
193.4000000000 -12.1933823052
193.5000000000 -12.2443210159
193.6000000000 -12.2948061906
193.7000000000 -12.3448464718
193.8000000000 -12.3944503081
193.9000000000 -12.4436259592
194.0000000000 -12.4923815010
194.1000000000 -12.5407248304
194.2000000000 -12.5886636702
194.3000000000 -12.6362055735
194.4000000000 -12.6833579281
194.5000000000 -12.7301279614
194.6000000000 -12.7765227437
194.7000000000 -12.8225491933
194.8000000000 -12.8682140795
194.9000000000 -12.9135240273
195.0000000000 -12.9584855205
195.1000000000 -13.0031049057
195.2000000000 -13.0473883958
195.3000000000 -13.0913420732
195.4000000000 -13.1349718935
195.5000000000 -13.1782836884
195.6000000000 -13.2212831689
195.7000000000 -13.2639759287
195.8000000000 -13.3063674465
195.9000000000 -13.3484630898
196.0000000000 -13.3902681167
196.1000000000 -13.4317876795
196.2000000000 -13.4730268266
196.3000000000 -13.5139905057
196.4000000000 -13.5546835660
196.5000000000 -13.5951107605
196.6000000000 -13.6352767486
196.7000000000 -13.6751860985
196.8000000000 -13.7148432890
196.9000000000 -13.7542527120
197.0000000000 -13.7934186746
197.1000000000 -13.8323454011
197.2000000000 -13.8710370348
197.3000000000 -13.9094976404
197.4000000000 -13.9477312054
197.5000000000 -13.9857416422
197.6000000000 -14.0235327900
197.7000000000 -14.0611084162
197.8000000000 -14.0984722184
197.9000000000 -14.1356278257
198.0000000000 -14.1725788008
198.1000000000 -14.2093286413
198.2000000000 -14.2458807808
198.3000000000 -14.2822385914
198.4000000000 -14.3184053839
198.5000000000 -14.3543844103
198.6000000000 -14.3901788644
198.7000000000 -14.4257918836
198.8000000000 -14.4612265498
198.9000000000 -14.4964858913
199.0000000000 -14.5315728830
199.1000000000 -14.5664904487
199.2000000000 -14.6012414615
199.3000000000 -14.6358287453
199.4000000000 -14.6702550758
199.5000000000 -14.7045231815
199.6000000000 -14.7386357448
199.7000000000 -14.7725954033
199.8000000000 -14.8064047503
199.9000000000 -14.8400663361
200.0000000000 -14.8735826690
200.1000000000 -14.9069562159
200.2000000000 -14.9401894036
200.3000000000 -14.9732846192
200.4000000000 -15.0062442115
200.5000000000 -15.0390704915
200.6000000000 -15.0717657333
200.7000000000 -15.1043321749
200.8000000000 -15.1367720187
200.9000000000 -15.1690874330
201.0000000000 -15.2012805520
201.1000000000 -15.2333534766
201.2000000000 -15.2653082756
201.3000000000 -15.2971469859
201.4000000000 -15.3288716135
201.5000000000 -15.3604841337
201.6000000000 -15.3919864924
201.7000000000 -15.4233806062
201.8000000000 -15.4546683630
201.9000000000 -15.4858516231
202.0000000000 -15.5169322192
202.1000000000 -15.5479119573
202.2000000000 -15.5787926173
202.3000000000 -15.6095759531
202.4000000000 -15.6402636937
202.5000000000 -15.6708575434
202.6000000000 -15.7013591824
202.7000000000 -15.7317702672
202.8000000000 -15.7620924312
202.9000000000 -15.7923272850
203.0000000000 -15.8224764171
203.1000000000 -15.8525413942
203.2000000000 -15.8825237616
203.3000000000 -15.9124250439
203.4000000000 -15.9422467451
203.5000000000 -15.9719903489
203.6000000000 -16.0016573198
203.7000000000 -16.0312491027
203.8000000000 -16.0607671236
203.9000000000 -16.0902127904
204.0000000000 -16.1195874923
204.1000000000 -16.1488926012
204.2000000000 -16.1781294713
204.3000000000 -16.2072994399
204.4000000000 -16.2364038274
204.5000000000 -16.2654439380
204.6000000000 -16.2944210596
204.7000000000 -16.3233364645
204.8000000000 -16.3521914096
204.9000000000 -16.3809871365
205.0000000000 -16.4097248720
205.1000000000 -16.4384058284
205.2000000000 -16.4670312037
205.3000000000 -16.4956021820
205.4000000000 -16.5241199336
205.5000000000 -16.5525856153
205.6000000000 -16.5810003708
205.7000000000 -16.6093653310
205.8000000000 -16.6376816139
205.9000000000 -16.6659503253
206.0000000000 -16.6941725587
206.1000000000 -16.7223493956
206.2000000000 -16.7504819060
206.3000000000 -16.7785711483
206.4000000000 -16.8066181696
206.5000000000 -16.8346240062
206.6000000000 -16.8625896832
206.7000000000 -16.8905162155
206.8000000000 -16.9184046074
206.9000000000 -16.9462558530
207.0000000000 -16.9740709365
207.1000000000 -17.0018508323
207.2000000000 -17.0295965051
207.3000000000 -17.0573089103
207.4000000000 -17.0849889940
207.5000000000 -17.1126376933
207.6000000000 -17.1402559365
207.7000000000 -17.1678446429
207.8000000000 -17.1954047238
207.9000000000 -17.2229370817
208.0000000000 -17.2504426111
208.1000000000 -17.2779221985
208.2000000000 -17.3053767224
208.3000000000 -17.3328070538
208.4000000000 -17.3602140560
208.5000000000 -17.3875985849
208.6000000000 -17.4149614892
208.7000000000 -17.4423036106
208.8000000000 -17.4696257836
208.9000000000 -17.4969288361
209.0000000000 -17.5242135892
209.1000000000 -17.5514808575
209.2000000000 -17.5787314492
209.3000000000 -17.6059661661
209.4000000000 -17.6331858041
209.5000000000 -17.6603911528
209.6000000000 -17.6875829961
209.7000000000 -17.7147621121
209.8000000000 -17.7419292732
209.9000000000 -17.7690852462
210.0000000000 -17.7962307927
210.1000000000 -17.8233666688
210.2000000000 -17.8504936255
210.3000000000 -17.8776124087
210.4000000000 -17.9047237593
210.5000000000 -17.9318284135
210.6000000000 -17.9589271025
210.7000000000 -17.9860205530
210.8000000000 -18.0131094873
210.9000000000 -18.0401946230
211.0000000000 -18.0672766735
211.1000000000 -18.0943563479
211.2000000000 -18.1214343512
211.3000000000 -18.1485113843
211.4000000000 -18.1755881442
211.5000000000 -18.2026653240
211.6000000000 -18.2297436130
211.7000000000 -18.2568236970
211.8000000000 -18.2839062578
211.9000000000 -18.3109919742
212.0000000000 -18.3380815212
212.1000000000 -18.3651755707
212.2000000000 -18.3922747911
212.3000000000 -18.4193798479
212.4000000000 -18.4464914034
212.5000000000 -18.4736101167
212.6000000000 -18.5007366443
212.7000000000 -18.5278716397
212.8000000000 -18.5550157535
212.9000000000 -18.5821696339
213.0000000000 -18.6093339261
213.1000000000 -18.6365092731
213.2000000000 -18.6636963153
213.3000000000 -18.6908956905
213.4000000000 -18.7181080344
213.5000000000 -18.7453339803
213.6000000000 -18.7725741595
213.7000000000 -18.7998292010
213.8000000000 -18.8270997318
213.9000000000 -18.8543863768
214.0000000000 -18.8816897590
214.1000000000 -18.9090104998
214.2000000000 -18.9363492184
214.3000000000 -18.9637065326
214.4000000000 -18.9910830583
214.5000000000 -19.0184794098
214.6000000000 -19.0458962001
214.7000000000 -19.0733340404
214.8000000000 -19.1007935406
214.9000000000 -19.1282753093
215.0000000000 -19.1557799536
215.1000000000 -19.1833080796
215.2000000000 -19.2108602919
215.3000000000 -19.2384371941
215.4000000000 -19.2660393889
215.5000000000 -19.2936674776
215.6000000000 -19.3213220607
215.7000000000 -19.3490037380
215.8000000000 -19.3767131079
215.9000000000 -19.4044507685
216.0000000000 -19.4322173169
216.1000000000 -19.4600133494
216.2000000000 -19.4878394619
216.3000000000 -19.5156962493
216.4000000000 -19.5435843063
216.5000000000 -19.5715042269
216.6000000000 -19.5994566047
216.7000000000 -19.6274420328
216.8000000000 -19.6554611040
216.9000000000 -19.6835144108
217.0000000000 -19.7116025453
217.1000000000 -19.7397260994
217.2000000000 -19.7678856651
217.3000000000 -19.7960818338
217.4000000000 -19.8243151970
217.5000000000 -19.8525863464
217.6000000000 -19.8808958732
217.7000000000 -19.9092443692
217.8000000000 -19.9376324257
217.9000000000 -19.9660606346
218.0000000000 -19.9945295877
218.1000000000 -20.0230398771
218.2000000000 -20.0515920951
218.3000000000 -20.0801868344
218.4000000000 -20.1088246879
218.5000000000 -20.1375062490
218.6000000000 -20.1662321113
218.7000000000 -20.1950028692
218.8000000000 -20.2238191172
218.9000000000 -20.2526814506
219.0000000000 -20.2815904652
219.1000000000 -20.3105467574
219.2000000000 -20.3395509242
219.3000000000 -20.3686035633
219.4000000000 -20.3977052732
219.5000000000 -20.4268566531
219.6000000000 -20.4560583030
219.7000000000 -20.4853108236
219.8000000000 -20.5146148168
219.9000000000 -20.5439708850
220.0000000000 -20.5733796318
220.1000000000 -20.6028416618
220.2000000000 -20.6323575803
220.3000000000 -20.6619279940
220.4000000000 -20.6915535105
220.5000000000 -20.7212347385
220.6000000000 -20.7509722879
220.7000000000 -20.7807667697
220.8000000000 -20.8106187962
220.9000000000 -20.8405289808
221.0000000000 -20.8704979384
221.1000000000 -20.9005262849
221.2000000000 -20.9306146379
221.3000000000 -20.9607636159
221.4000000000 -20.9909738393
221.5000000000 -21.0212459297
221.6000000000 -21.0515805099
221.7000000000 -21.0819782046
221.8000000000 -21.1124396399
221.9000000000 -21.1429654432
222.0000000000 -21.1735562439
222.1000000000 -21.2042126726
222.2000000000 -21.2349353617
222.3000000000 -21.2657249454
222.4000000000 -21.2965820593
222.5000000000 -21.3275073410
222.6000000000 -21.3585014296
222.7000000000 -21.3895649660
222.8000000000 -21.4206985932
222.9000000000 -21.4519029555
223.0000000000 -21.4831786996
223.1000000000 -21.5145264736
223.2000000000 -21.5459469278
223.3000000000 -21.5774407142
223.4000000000 -21.6090084870
223.5000000000 -21.6406509022
223.6000000000 -21.6723686178
223.7000000000 -21.7041622937
223.8000000000 -21.7360325922
223.9000000000 -21.7679801773
224.0000000000 -21.8000057153
224.1000000000 -21.8321098744
224.2000000000 -21.8642933251
224.3000000000 -21.8965567401
224.4000000000 -21.9289007940
224.5000000000 -21.9613261638
224.6000000000 -21.9938335287
224.7000000000 -22.0264235701
224.8000000000 -22.0590969715
224.9000000000 -22.0918544189
225.0000000000 -22.1246966005
225.1000000000 -22.1576242067
225.2000000000 -22.1906379303
225.3000000000 -22.2237384664
225.4000000000 -22.2569265126
225.5000000000 -22.2902027686
225.6000000000 -22.3235679367
225.7000000000 -22.3570227215
225.8000000000 -22.3905678300
225.9000000000 -22.4242039717
226.0000000000 -22.4579318585
226.1000000000 -22.4917522047
226.2000000000 -22.5256657272
226.3000000000 -22.5596731451
226.4000000000 -22.5937751804
226.5000000000 -22.6279725573
226.6000000000 -22.6622660026
226.7000000000 -22.6966562455
226.8000000000 -22.7311440180
226.9000000000 -22.7657300543
227.0000000000 -22.8004150914
227.1000000000 -22.8351998687
227.2000000000 -22.8700851284
227.3000000000 -22.9050716149
227.4000000000 -22.9401600755
227.5000000000 -22.9753512599
227.6000000000 -23.0106459204
227.7000000000 -23.0460448120
227.8000000000 -23.0815486920
227.9000000000 -23.1171583207
228.0000000000 -23.1528744607
228.1000000000 -23.1886978773
228.2000000000 -23.2246293384
228.3000000000 -23.2606696143
228.4000000000 -23.2968194783
228.5000000000 -23.3330797059
228.6000000000 -23.3694510753
228.7000000000 -23.4059343674
228.8000000000 -23.4425303657
228.9000000000 -23.4792398559
229.0000000000 -23.5160636269
229.1000000000 -23.5530024695
229.2000000000 -23.5900571775
229.3000000000 -23.6272285472
229.4000000000 -23.6645173772
229.5000000000 -23.7019244689
229.6000000000 -23.7394506260
229.7000000000 -23.7770966549
229.8000000000 -23.8148633643
229.9000000000 -23.8527515656
230.0000000000 -23.8907620725
230.1000000000 -23.9288957011
230.2000000000 -23.9671532701
230.3000000000 -24.0055356005
230.4000000000 -24.0440435157
230.5000000000 -24.0826778416
230.6000000000 -24.1214394064
230.7000000000 -24.1603290404
230.8000000000 -24.1993475765
230.9000000000 -24.2384958499
231.0000000000 -24.2777746977
231.1000000000 -24.3171849598
231.2000000000 -24.3567274777
231.3000000000 -24.3964030955
231.4000000000 -24.4362126593
231.5000000000 -24.4761570174
231.6000000000 -24.5162370200
231.7000000000 -24.5564535195
231.8000000000 -24.5968073704
231.9000000000 -24.6372994289
232.0000000000 -24.6779305534
232.1000000000 -24.7187016040
232.2000000000 -24.7596134430
232.3000000000 -24.8006669341
232.4000000000 -24.8418629430
232.5000000000 -24.8832023372
232.6000000000 -24.9246859857
232.7000000000 -24.9663147594
232.8000000000 -25.0080895304
232.9000000000 -25.0500111728
233.0000000000 -25.0920805619
233.1000000000 -25.1342985746
233.2000000000 -25.1766660890
233.3000000000 -25.2191839846
233.4000000000 -25.2618531423
233.5000000000 -25.3046744441
233.6000000000 -25.3476487732
233.7000000000 -25.3907770138
233.8000000000 -25.4340600513
233.9000000000 -25.4774987718
234.0000000000 -25.5210940626
234.1000000000 -25.5648468116
234.2000000000 -25.6087579075
234.3000000000 -25.6528282398
234.4000000000 -25.6970586985
234.5000000000 -25.7414501741
234.6000000000 -25.7860035576
234.7000000000 -25.8307197405
234.8000000000 -25.8755996144
234.9000000000 -25.9206440712
235.0000000000 -25.9658540030
235.1000000000 -26.0112303017
235.2000000000 -26.0567738595
235.3000000000 -26.1024855682
235.4000000000 -26.1483663194
235.5000000000 -26.1944170046
235.6000000000 -26.2406385145
235.7000000000 -26.2870317397
235.8000000000 -26.3335975698
235.9000000000 -26.3803368939
236.0000000000 -26.4272506004
236.1000000000 -26.4743395764
236.2000000000 -26.5216047084
236.3000000000 -26.5690468813
236.4000000000 -26.6166669791
236.5000000000 -26.6644658844
236.6000000000 -26.7124444781
236.7000000000 -26.7606036396
236.8000000000 -26.8089442466
236.9000000000 -26.8574671751
237.0000000000 -26.9061732989
237.1000000000 -26.9550634898
237.2000000000 -27.0041386174
237.3000000000 -27.0533995489
237.4000000000 -27.1028471491
237.5000000000 -27.1524822800
237.6000000000 -27.2023058011
237.7000000000 -27.2523185689
237.8000000000 -27.3025214367
237.9000000000 -27.3529152550
238.0000000000 -27.4035008706
238.1000000000 -27.4542791270
238.2000000000 -27.5052508643
238.3000000000 -27.5564169184
238.4000000000 -27.6077781216
238.5000000000 -27.6593353021
238.6000000000 -27.7110892838
238.7000000000 -27.7630408862
238.8000000000 -27.8151909244
238.9000000000 -27.8675402085
239.0000000000 -27.9200895442
239.1000000000 -27.9728397316
239.2000000000 -28.0257915662
239.3000000000 -28.0789458375
239.4000000000 -28.1323033300
239.5000000000 -28.1858648221
239.6000000000 -28.2396310865
239.7000000000 -28.2936028898
239.8000000000 -28.3477809923
239.9000000000 -28.4021661478
240.0000000000 -28.4567591038
240.1000000000 -28.5115606006
240.2000000000 -28.5665713717
240.3000000000 -28.6217921435
240.4000000000 -28.6772236349
240.5000000000 -28.7328665572
240.6000000000 -28.7887216142
240.7000000000 -28.8447895014
240.8000000000 -28.9010709066
240.9000000000 -28.9575665088
241.0000000000 -29.0142769789
241.1000000000 -29.0712029787
241.2000000000 -29.1283451613
241.3000000000 -29.1857041705
241.4000000000 -29.2432806409
241.5000000000 -29.3010751976
241.6000000000 -29.3590884557
241.7000000000 -29.4173210205
241.8000000000 -29.4757734872
241.9000000000 -29.5344464406
242.0000000000 -29.5933404547
242.1000000000 -29.6524560929
242.2000000000 -29.7117939077
242.3000000000 -29.7713544401
242.4000000000 -29.8311382199
242.5000000000 -29.8911457651
242.6000000000 -29.9513775821
242.7000000000 -30.0118341648
242.8000000000 -30.0725159952
242.9000000000 -30.1334235427
243.0000000000 -30.1945572638
243.1000000000 -30.2559176024
243.2000000000 -30.3175049890
243.3000000000 -30.3793198408
243.4000000000 -30.4413625615
243.5000000000 -30.5036335410
243.6000000000 -30.5661331551
243.7000000000 -30.6288617656
243.8000000000 -30.6918197195
243.9000000000 -30.7550073497
244.0000000000 -30.8184249737
244.1000000000 -30.8820728944
244.2000000000 -30.9459513991
244.3000000000 -31.0100607599
244.4000000000 -31.0744012329
244.5000000000 -31.1389730587
244.6000000000 -31.2037764614
244.7000000000 -31.2688116492
244.8000000000 -31.3340788134
244.9000000000 -31.3995781289
245.0000000000 -31.4653097537
245.1000000000 -31.5312738285
245.2000000000 -31.5974704769
245.3000000000 -31.6638998049
245.4000000000 -31.7305619009
245.5000000000 -31.7974568355
245.6000000000 -31.8645846611
245.7000000000 -31.9319454119
245.8000000000 -31.9995391039
245.9000000000 -32.0673657343
246.0000000000 -32.1354252815
246.1000000000 -32.2037177053
246.2000000000 -32.2722429460
246.3000000000 -32.3410009250
246.4000000000 -32.4099915439
246.5000000000 -32.4792146850
246.6000000000 -32.5486702108
246.7000000000 -32.6183579638
246.8000000000 -32.6882777667
246.9000000000 -32.7584294217
247.0000000000 -32.8288127110
247.1000000000 -32.8994273962
247.2000000000 -32.9702732182
247.3000000000 -33.0413498975
247.4000000000 -33.1126571333
247.5000000000 -33.1841946044
247.6000000000 -33.2559619682
247.7000000000 -33.3279588609
247.8000000000 -33.4001848977
247.9000000000 -33.4726396721
248.0000000000 -33.5453227564
248.1000000000 -33.6182337013
248.2000000000 -33.6913720358
248.3000000000 -33.7647372672
248.4000000000 -33.8383288811
248.5000000000 -33.9121463412
248.6000000000 -33.9861890893
248.7000000000 -34.0604565454
248.8000000000 -34.1349481072
248.9000000000 -34.2096631506
249.0000000000 -34.2846010294
249.1000000000 -34.3597610752
249.2000000000 -34.4351425977
249.3000000000 -34.5107448841
249.4000000000 -34.5865671998
249.5000000000 -34.6626087878
249.6000000000 -34.7388688691
249.7000000000 -34.8153466425
249.8000000000 -34.8920412848
249.9000000000 -34.9689519505
250.0000000000 -35.0460777721
250.1000000000 -35.1234178602
250.2000000000 -35.2009713033
250.3000000000 -35.2787371680
250.4000000000 -35.3567144990
250.5000000000 -35.4349023193
250.6000000000 -35.5132996301
250.7000000000 -35.5919054108
250.8000000000 -35.6707186195
250.9000000000 -35.7497381927
251.0000000000 -35.8289630455
251.1000000000 -35.9083920718
251.2000000000 -35.9880241443
251.3000000000 -36.0678581147
251.4000000000 -36.1478928140
251.5000000000 -36.2281270521
251.6000000000 -36.3085596185
251.7000000000 -36.3891892823
251.8000000000 -36.4700147921
251.9000000000 -36.5510348767
252.0000000000 -36.6322482445
252.1000000000 -36.7136535845
252.2000000000 -36.7952495661
252.3000000000 -36.8770348390
252.4000000000 -36.9590080340
252.5000000000 -37.0411677628
252.6000000000 -37.1235126185
252.7000000000 -37.2060411754
252.8000000000 -37.2887519896
252.9000000000 -37.3716435992
253.0000000000 -37.4547145244
253.1000000000 -37.5379632678
253.2000000000 -37.6213883148
253.3000000000 -37.7049881334
253.4000000000 -37.7887611753
253.5000000000 -37.8727058752
253.6000000000 -37.9568206518
253.7000000000 -38.0411039078
253.8000000000 -38.1255540303
253.9000000000 -38.2101693908
254.0000000000 -38.2949483460
254.1000000000 -38.3798892377
254.2000000000 -38.4649903932
254.3000000000 -38.5502501259
254.4000000000 -38.6356667351
254.5000000000 -38.7212385068
254.6000000000 -38.8069637139
254.7000000000 -38.8928406163
254.8000000000 -38.9788674617
254.9000000000 -39.0650424855
255.0000000000 -39.1513639113
255.1000000000 -39.2378299514
255.2000000000 -39.3244388071
255.3000000000 -39.4111886689
255.4000000000 -39.4980777171
255.5000000000 -39.5851041218
255.6000000000 -39.6722660438
255.7000000000 -39.7595616346
255.8000000000 -39.8469890367
255.9000000000 -39.9345463846
256.0000000000 -40.0222318042
256.1000000000 -40.1100434142
256.2000000000 -40.1979793256
256.3000000000 -40.2860376428
256.4000000000 -40.3742164637
256.5000000000 -40.4625138798
256.6000000000 -40.5509279771
256.7000000000 -40.6394568364
256.8000000000 -40.7280985333
256.9000000000 -40.8168511390
257.0000000000 -40.9057127206
257.1000000000 -40.9946813414
257.2000000000 -41.0837550614
257.3000000000 -41.1729319378
257.4000000000 -41.2622100250
257.5000000000 -41.3515873755
257.6000000000 -41.4410620398
257.7000000000 -41.5306320674
257.8000000000 -41.6202955067
257.9000000000 -41.7100504053
258.0000000000 -41.7998948111
258.1000000000 -41.8898267719
258.2000000000 -41.9798443363
258.3000000000 -42.0699455538
258.4000000000 -42.1601284754
258.5000000000 -42.2503911538
258.6000000000 -42.3407316440
258.7000000000 -42.4311480034
258.8000000000 -42.5216382924
258.9000000000 -42.6122005748
259.0000000000 -42.7028329180
259.1000000000 -42.7935333933
259.2000000000 -42.8843000766
259.3000000000 -42.9751310486
259.4000000000 -43.0660243950
259.5000000000 -43.1569782071
259.6000000000 -43.2479905819
259.7000000000 -43.3390596227
259.8000000000 -43.4301834392
259.9000000000 -43.5213601483
260.0000000000 -43.6125878737
260.1000000000 -43.7038647468
260.2000000000 -43.7951889069
260.3000000000 -43.8865585014
260.4000000000 -43.9779716863
260.5000000000 -44.0694266263
260.6000000000 -44.1609214952
260.7000000000 -44.2524544763
260.8000000000 -44.3440237625
260.9000000000 -44.4356275568
261.0000000000 -44.5272640723
261.1000000000 -44.6189315330
261.2000000000 -44.7106281733
261.3000000000 -44.8023522390
261.4000000000 -44.8941019872
261.5000000000 -44.9858756865
261.6000000000 -45.0776716174
261.7000000000 -45.1694880726
261.8000000000 -45.2613233571
261.9000000000 -45.3531757884
262.0000000000 -45.4450436968
262.1000000000 -45.5369254258
262.2000000000 -45.6288193319
262.3000000000 -45.7207237851
262.4000000000 -45.8126371690
262.5000000000 -45.9045578813
262.6000000000 -45.9964843333
262.7000000000 -46.0884149507
262.8000000000 -46.1803481737
262.9000000000 -46.2722824568
263.0000000000 -46.3642162692
263.1000000000 -46.4561480952
263.2000000000 -46.5480764337
263.3000000000 -46.6399997992
263.4000000000 -46.7319167212
263.5000000000 -46.8238257445
263.6000000000 -46.9157254296
263.7000000000 -47.0076143527
263.8000000000 -47.0994911055
263.9000000000 -47.1913542958
264.0000000000 -47.2832025472
264.1000000000 -47.3750344994
264.2000000000 -47.4668488080
264.3000000000 -47.5586441451
264.4000000000 -47.6504191989
264.5000000000 -47.7421726739
264.6000000000 -47.8339032911
264.7000000000 -47.9256097877
264.8000000000 -48.0172909177
264.9000000000 -48.1089454513
265.0000000000 -48.2005721754
265.1000000000 -48.2921698936
265.2000000000 -48.3837374257
265.3000000000 -48.4752736085
265.4000000000 -48.5667772953
265.5000000000 -48.6582473558
265.6000000000 -48.7496826766
265.7000000000 -48.8410821608
265.8000000000 -48.9324447280
265.9000000000 -49.0237693145
266.0000000000 -49.1150548730
266.1000000000 -49.2063003728
266.2000000000 -49.2975047997
266.3000000000 -49.3886671558
266.4000000000 -49.4797864597
266.5000000000 -49.5708617463
266.6000000000 -49.6618920667
266.7000000000 -49.7528764882
266.8000000000 -49.8438140943
266.9000000000 -49.9347039846
267.0000000000 -50.0255452746
267.1000000000 -50.1163370956
267.2000000000 -50.2070785949
267.3000000000 -50.2977689354
267.4000000000 -50.3884072956
267.5000000000 -50.4789928696
267.6000000000 -50.5695248669
267.7000000000 -50.6600025123
267.8000000000 -50.7504250456
267.9000000000 -50.8407917220
268.0000000000 -50.9311018112
268.1000000000 -51.0213545981
268.2000000000 -51.1115493822
268.3000000000 -51.2016854773
268.4000000000 -51.2917622120
268.5000000000 -51.3817789287
268.6000000000 -51.4717349843
268.7000000000 -51.5616297495
268.8000000000 -51.6514626088
268.9000000000 -51.7412329605
269.0000000000 -51.8309402161
269.1000000000 -51.9205838007
269.2000000000 -52.0101631524
269.3000000000 -52.0996777224
269.4000000000 -52.1891269748
269.5000000000 -52.2785103860
269.6000000000 -52.3678274453
269.7000000000 -52.4570776539
269.8000000000 -52.5462605253
269.9000000000 -52.6353755850
270.0000000000 -52.7244223699
270.1000000000 -52.8134004289
270.2000000000 -52.9023093217
270.3000000000 -52.9911486197
270.4000000000 -53.0799179047
270.5000000000 -53.1686167697
270.6000000000 -53.2572448179
270.7000000000 -53.3458016631
270.8000000000 -53.4342869291
270.9000000000 -53.5227002495
271.0000000000 -53.6110412679
271.1000000000 -53.6993096371
271.2000000000 -53.7875050194
271.3000000000 -53.8756270861
271.4000000000 -53.9636755174
271.5000000000 -54.0516500020
271.6000000000 -54.1395502372
271.7000000000 -54.2273759283
271.8000000000 -54.3151267887
271.9000000000 -54.4028025397
272.0000000000 -54.4904029098
272.1000000000 -54.5779276350
272.2000000000 -54.6653764584
272.3000000000 -54.7527491299
272.4000000000 -54.8400454061
272.5000000000 -54.9272650499
272.6000000000 -55.0144078304
272.7000000000 -55.1014735228
272.8000000000 -55.1884619078
272.9000000000 -55.2753727716
273.0000000000 -55.3622059059
273.1000000000 -55.4489611072
273.2000000000 -55.5356381768
273.3000000000 -55.6222369208
273.4000000000 -55.7087571493
273.5000000000 -55.7951986769
273.6000000000 -55.8815613217
273.7000000000 -55.9678449056
273.8000000000 -56.0540492542
273.9000000000 -56.1401741958
274.0000000000 -56.2262195620
274.1000000000 -56.3121851870
274.2000000000 -56.3980709076
274.3000000000 -56.4838765629
274.4000000000 -56.5696019938
274.5000000000 -56.6552470434
274.6000000000 -56.7408115563
274.7000000000 -56.8262953782
274.8000000000 -56.9116983562
274.9000000000 -56.9970203385
275.0000000000 -57.0822611737
275.1000000000 -57.1674207110
275.2000000000 -57.2524988000
275.3000000000 -57.3374952902
275.4000000000 -57.4224100310
275.5000000000 -57.5072428714
275.6000000000 -57.5919936600
275.7000000000 -57.6766622443
275.8000000000 -57.7612484711
275.9000000000 -57.8457521857
276.0000000000 -57.9301732322
276.1000000000 -58.0145114531
276.2000000000 -58.0987666887
276.3000000000 -58.1829387778
276.4000000000 -58.2670275565
276.5000000000 -58.3510328589
276.6000000000 -58.4349545160
276.7000000000 -58.5187923564
276.8000000000 -58.6025462055
276.9000000000 -58.6862158856
277.0000000000 -58.7698012154
277.1000000000 -58.8533020103
277.2000000000 -58.9367180818
277.3000000000 -59.0200492375
277.4000000000 -59.1032952809
277.5000000000 -59.1864560113
277.6000000000 -59.2695312234
277.7000000000 -59.3525207073
277.8000000000 -59.4354242486
277.9000000000 -59.5182416275
278.0000000000 -59.6009726194
278.1000000000 -59.6836169944
278.2000000000 -59.7661745170
278.3000000000 -59.8486449464
278.4000000000 -59.9310280359
278.5000000000 -60.0133235330
278.6000000000 -60.0955311791
278.7000000000 -60.1776507096
278.8000000000 -60.2596818536
278.9000000000 -60.3416243336
279.0000000000 -60.4234778658
279.1000000000 -60.5052421596
279.2000000000 -60.5869169178
279.3000000000 -60.6685018360
279.4000000000 -60.7499966029
279.5000000000 -60.8314009002
279.6000000000 -60.9127144023
279.7000000000 -60.9939367762
279.8000000000 -61.0750676816
279.9000000000 -61.1561067703
280.0000000000 -61.2370536870
280.1000000000 -61.3179080683
280.2000000000 -61.3986695432
280.3000000000 -61.4793377328
280.4000000000 -61.5599122500
280.5000000000 -61.6403927001
280.6000000000 -61.7207786801
280.7000000000 -61.8010697786
280.8000000000 -61.8812655765
280.9000000000 -61.9613656459
281.0000000000 -62.0413695510
281.1000000000 -62.1212768474
281.2000000000 -62.2010870823
281.3000000000 -62.2807997945
281.4000000000 -62.3604145143
281.5000000000 -62.4399307636
281.6000000000 -62.5193480555
281.7000000000 -62.5986658947
281.8000000000 -62.6778837773
281.9000000000 -62.7570011908
282.0000000000 -62.8360176140
282.1000000000 -62.9149325174
282.2000000000 -62.9937453625
282.3000000000 -63.0724556024
282.4000000000 -63.1510626815
282.5000000000 -63.2295660358
282.6000000000 -63.3079650925
282.7000000000 -63.3862592704
282.8000000000 -63.4644479798
282.9000000000 -63.5425306224
283.0000000000 -63.6205065914
283.1000000000 -63.6983752718
283.2000000000 -63.7761360401
283.3000000000 -63.8537882643
283.4000000000 -63.9313313044
283.5000000000 -64.0087645121
283.6000000000 -64.0860872307
283.7000000000 -64.1632987958
283.8000000000 -64.2403985347
283.9000000000 -64.3173857667
284.0000000000 -64.3942598034
284.1000000000 -64.4710199485
284.2000000000 -64.5476654979
284.3000000000 -64.6241957401
284.4000000000 -64.7006099557
284.5000000000 -64.7769074181
284.6000000000 -64.8530873934
284.7000000000 -64.9291491403
284.8000000000 -65.0050919104
284.9000000000 -65.0809149483
285.0000000000 -65.1566174917
285.1000000000 -65.2321987714
285.2000000000 -65.3076580117
285.3000000000 -65.3829944302
285.4000000000 -65.4582072381
285.5000000000 -65.5332956403
285.6000000000 -65.6082588358
285.7000000000 -65.6830960171
285.8000000000 -65.7578063712
285.9000000000 -65.8323890792
286.0000000000 -65.9068433168
286.1000000000 -65.9811682539
286.2000000000 -66.0553630555
286.3000000000 -66.1294268814
286.4000000000 -66.2033588861
286.5000000000 -66.2771582197
286.6000000000 -66.3508240275
286.7000000000 -66.4243554502
286.8000000000 -66.4977516245
286.9000000000 -66.5710116826
287.0000000000 -66.6441347530
287.1000000000 -66.7171199602
287.2000000000 -66.7899664254
287.3000000000 -66.8626732661
287.4000000000 -66.9352395966
287.5000000000 -67.0076645282
287.6000000000 -67.0799471692
287.7000000000 -67.1520866254
287.8000000000 -67.2240820000
287.9000000000 -67.2959323938
288.0000000000 -67.3676369055
288.1000000000 -67.4391946321
288.2000000000 -67.5106046685
288.3000000000 -67.5818661083
288.4000000000 -67.6529780438
288.5000000000 -67.7239395659
288.6000000000 -67.7947497648
288.7000000000 -67.8654077298
288.8000000000 -67.9359125498
288.9000000000 -68.0062633131
289.0000000000 -68.0764591081
289.1000000000 -68.1464990231
289.2000000000 -68.2163821468
289.3000000000 -68.2861075682
289.4000000000 -68.3556743771
289.5000000000 -68.4250816640
289.6000000000 -68.4943285205
289.7000000000 -68.5634140396
289.8000000000 -68.6323373156
289.9000000000 -68.7010974446
290.0000000000 -68.7696935245
290.1000000000 -68.8381246552
290.2000000000 -68.9063899390
290.3000000000 -68.9744884807
290.4000000000 -69.0424193875
290.5000000000 -69.1101817698
290.6000000000 -69.1777747408
290.7000000000 -69.2451974171
290.8000000000 -69.3124489187
290.9000000000 -69.3795283694
291.0000000000 -69.4464348965
291.1000000000 -69.5131676316
291.2000000000 -69.5797257105
291.3000000000 -69.6461082734
291.4000000000 -69.7123144650
291.5000000000 -69.7783434348
291.6000000000 -69.8441943375
291.7000000000 -69.9098663327
291.8000000000 -69.9753585853
291.9000000000 -70.0406702659
292.0000000000 -70.1058005507
292.1000000000 -70.1707486218
292.2000000000 -70.2355136673
292.3000000000 -70.3000948814
292.4000000000 -70.3644914649
292.5000000000 -70.4287026251
292.6000000000 -70.4927275757
292.7000000000 -70.5565655377
292.8000000000 -70.6202157389
292.9000000000 -70.6836774143
293.0000000000 -70.7469498063
293.1000000000 -70.8100321646
293.2000000000 -70.8729237470
293.3000000000 -70.9356238186
293.4000000000 -70.9981316526
293.5000000000 -71.0604465304
293.6000000000 -71.1225677415
293.7000000000 -71.1844945839
293.8000000000 -71.2462263638
293.9000000000 -71.3077623962
294.0000000000 -71.3691020050
294.1000000000 -71.4302445227
294.2000000000 -71.4911892910
294.3000000000 -71.5519356605
294.4000000000 -71.6124829912
294.5000000000 -71.6728306525
294.6000000000 -71.7329780231
294.7000000000 -71.7929244914
294.8000000000 -71.8526694552
294.9000000000 -71.9122123225
295.0000000000 -71.9715525109
295.1000000000 -72.0306894479
295.2000000000 -72.0896225713
295.3000000000 -72.1483513288
295.4000000000 -72.2068751786
295.5000000000 -72.2651935889
295.6000000000 -72.3233060386
295.7000000000 -72.3812120168
295.8000000000 -72.4389110234
295.9000000000 -72.4964025689
296.0000000000 -72.5536861742
296.1000000000 -72.6107613713
296.2000000000 -72.6676277027
296.3000000000 -72.7242847222
296.4000000000 -72.7807319940
296.5000000000 -72.8369690938
296.6000000000 -72.8929956078
296.7000000000 -72.9488111338
296.8000000000 -73.0044152804
296.9000000000 -73.0598076674
297.0000000000 -73.1149879259
297.1000000000 -73.1699556981
297.2000000000 -73.2247106375
297.3000000000 -73.2792524091
297.4000000000 -73.3335806888
297.5000000000 -73.3876951642
297.6000000000 -73.4415955342
297.7000000000 -73.4952815089
297.8000000000 -73.5487528100
297.9000000000 -73.6020091704
298.0000000000 -73.6550503346
298.1000000000 -73.7078760583
298.2000000000 -73.7604861089
298.3000000000 -73.8128802651
298.4000000000 -73.8650583167
298.5000000000 -73.9170200655
298.6000000000 -73.9687653242
298.7000000000 -74.0202939172
298.8000000000 -74.0716056800
298.9000000000 -74.1227004598
299.0000000000 -74.1735781150
299.1000000000 -74.2242385151
299.2000000000 -74.2746815412
299.3000000000 -74.3249070856
299.4000000000 -74.3749150518
299.5000000000 -74.4247053545
299.6000000000 -74.4742779197
299.7000000000 -74.5236326846
299.8000000000 -74.5727695971
299.9000000000 -74.6216886168
