0 -73.75306739 0.066889234
1 -74.19161467 0.06532077632
2 -74.61435571 0.06384005117
3 -75.02116585 0.06244356716
4 -75.41198867 0.06112781328
5 -75.78683369 0.05988927967
6 -76.14577329 0.05872447728
7 -76.4889388 0.0576299561
8 -76.81651604 0.05660232156
9 -77.1287405 0.05563824909
10 -77.42589223 0.05473449659
11 -77.70829059 0.05388791483
12 -77.97628904 0.05309545593
13 -78.23026998 0.0523541799
14 -78.47063979 0.0516612595
15 -78.69782407 0.05101398346
16 -78.91226322 0.05040975835
17 -79.11440828 0.04984610913
18 -79.30471717 0.04932067876
19 -79.48365124 0.04883122679
20 -79.65167216 0.04837562723
21 -79.80923924 0.04795186588
22 -79.95680701 0.04755803707
23 -80.09482316 0.04719234011
24 -80.22372675 0.04685307538
25 -80.34394679 0.04653864032
26 -80.45590098 0.04624752523
27 -80.55999473 0.04597830903
28 -80.65662044 0.04572965504
29 -80.74615688 0.04550030671
30 -80.82896884 0.04528908355
31 -80.90540687 0.04509487702
32 -80.97580717 0.04491664661
33 -81.04049159 0.04475341604
34 -81.09976773 0.04460426957
35 -81.15392916 0.04446834852
36 -81.20325559 0.04434484787
37 -81.24801328 0.04423301308
38 -81.28845532 0.04413213702
39 -81.32482207 0.04404155712
40 -81.35734153 0.04396065257
41 -81.38622983 0.04388884178
42 -81.41169164 0.04382557992
43 -81.43392067 0.04377035658
44 -81.4531001 0.04372269366
45 -81.46940306 0.0436821433
46 -81.48299308 0.04364828592
47 -81.49402454 0.04362072849
48 -81.50264313 0.04359910279
49 -81.50898627 0.04358306383
50 -81.51318354 0.04357228838
51 -81.51535705 0.04356647356
52 -81.51562187 0.04356533555
53 -81.5140864 0.04356860834
54 -81.51085273 0.04357604262
55 -81.50601696 0.0435874047
56 -81.49966957 0.04360247552
57 -81.49189571 0.04362104967
58 -81.4827755 0.04364293458
59 -81.47238435 0.04366794966
60 -81.46079318 0.04369592555
61 -81.44806869 0.04372670342
62 -81.43427366 0.04376013425
63 -81.41946708 0.04379607829
64 -81.40370447 0.04383440441
65 -81.387038 0.04387498956
66 -81.36951676 0.04391771832
67 -81.35118687 0.04396248236
68 -81.33209171 0.04400918005
69 -81.31227191 0.04405771627
70 -81.29176457 0.04410800401
71 -81.27059428 0.04415998245
72 -81.24869039 0.04421378501
73 -81.22512964 0.04427127981
74 -81.19121639 0.04435016585
75 -81.06728829 0.04461329639
76 -80.12616498 0.04658685814
77 -71.77106697 0.06756060885
78 -2.852277574 0.6036745591
79 38.1995243 0.9998018756
80 38.32205062 0.9999402381
81 36.75448299 0.9999215221
82 34.23706054 0.9998762859
83 31.01734567 0.9997770788
84 27.41312186 0.999568393
85 23.69828305 0.9991500192
86 20.05640025 0.9983598894
87 16.59604866 0.9969670991
88 13.37838493 0.9946898321
89 10.43651348 0.9912483303
90 7.785332805 0.9864441444
91 5.425919368 0.9802329784
92 3.34809154 0.9727524648
93 1.533020529 0.9642898521
94 -0.04376345746 0.9552092641
95 -1.409385763 0.9458747025
96 -2.591160183 0.9365957843
97 -3.614886087 0.9276036255
98 -4.503888471 0.919050295
99 -5.278633537 0.911021123
100 -5.956722048 0.9035511653
101 -6.553094819 0.8966407883
102 -7.080334444 0.8902682972
103 -7.548991963 0.8843992572
104 -7.96789955 0.8789929396
105 -8.344451063 0.8740065442
106 -8.684844411 0.8693978242
107 -8.994286185 0.8651266125
108 -9.277162002 0.8611556255
109 -9.537177125 0.8574508036
110 -9.777472034 0.8539813674
111 -10.00071723 0.8507197068
112 -10.209191 0.8476411787
113 -10.40484329 0.8447238624
114 -10.58934824 0.8419483002
115 -10.76414761 0.8392972429
116 -10.93048666 0.8367554077
117 -11.08944399 0.8343092557
118 -11.24195638 0.8319467896
119 -11.3888396 0.8296573713
120 -11.53080586 0.8274315605
121 -11.66847849 0.8252609713
122 -11.80240436 0.8231381448
123 -11.93306442 0.8210564383
124 -12.06088265 0.8190099266
125 -12.18623367 0.816993316
126 -12.3094493 0.8150018688
127 -12.43082416 0.8130313365
128 -12.55062046 0.8110779014
129 -12.66907219 0.8091381255
130 -12.78638869 0.8072089053
131 -12.90275776 0.8052874318
132 -13.01834838 0.803371156
133 -13.13331303 0.8014577573
134 -13.24778978 0.799545117
135 -13.36190405 0.7976312935
136 -13.47577019 0.7957145013
137 -13.58949286 0.7937930922
138 -13.70316825 0.7918655379
139 -13.81688515 0.7899304155
140 -13.93072585 0.7879863939
141 -14.04476706 0.7860322221
142 -14.15908058 0.7840667182
143 -14.27373399 0.7820887597
144 -14.38879125 0.7800972754
145 -14.50431321 0.7780912368
146 -14.62035812 0.7760696518
147 -14.73698201 0.7740315576
148 -14.85423913 0.7719760149
149 -14.97218225 0.7699021029
150 -15.09086306 0.7678089138
151 -15.21033238 0.7656955483
152 -15.33064052 0.7635611116
153 -15.45183746 0.7614047086
154 -15.57397317 0.759225441
155 -15.69709777 0.7570224027
156 -15.82126176 0.754794677
157 -15.94651627 0.7525413329
158 -16.07291321 0.7502614218
159 -16.20050548 0.7479539744
160 -16.32934719 0.7456179975
161 -16.45949378 0.7432524709
162 -16.59100229 0.7408563441
163 -16.72393149 0.7384285333
164 -16.8583421 0.7359679181
165 -16.99429694 0.7334733387
166 -17.13186121 0.7309435917
167 -17.2711026 0.7283774276
168 -17.41209157 0.725773547
169 -17.55490151 0.7231305971
170 -17.69960901 0.7204471676
171 -17.84629408 0.7177217876
172 -17.99504038 0.7149529211
173 -18.14593552 0.7121389628
174 -18.29907126 0.7092782345
175 -18.45454387 0.7063689797
176 -18.61245439 0.7034093599
177 -18.77290893 0.7003974488
178 -18.93601906 0.6973312284
179 -19.1019021 0.6942085829
180 -19.27068151 0.6910272938
181 -19.44248733 0.6877850343
182 -19.61745649 0.6844793635
183 -19.79573335 0.6811077208
184 -19.97747007 0.6776674196
185 -20.16282713 0.6741556419
186 -20.35197385 0.6705694315
187 -20.54508883 0.6669056886
188 -20.74236059 0.6631611634
189 -20.94398806 0.6593324507
190 -21.15018119 0.6554159844
191 -21.36116155 0.6514080322
192 -21.5771629 0.6473046914
193 -21.79843187 0.6431018852
194 -22.0252285 0.6387953597
195 -22.2578269 0.6343806828
196 -22.49651581 0.6298532436
197 -22.74159916 0.6252082552
198 -22.99339662 0.620440758
199 -23.25224402 0.6155456274
200 -23.51849375 0.6105175832
201 -23.79251502 0.6053512046
202 -24.074694 0.6000409477
203 -24.36543382 0.5945811701
204 -24.66515429 0.5889661601
205 -24.97429151 0.5831901732
206 -25.29329701 0.5772474766
207 -25.62263674 0.5711324015
208 -25.9627895 0.5648394052
209 -26.31424503 0.5583631431
210 -26.67750152 0.5516985518
211 -27.05306256 0.5448409433
212 -27.44143343 0.5377861108
213 -27.84311677 0.5305304455
214 -28.2586074 0.5230710653
215 -28.68838651 0.5154059521
216 -29.13291494 0.5075340981
217 -29.59262581 0.4994556568
218 -30.0679164 0.4911720969
219 -30.5591394 0.4826863535
220 -31.06659366 0.474002973
221 -31.59051471 0.465128244
222 -32.13106507 0.4560703096
223 -32.68832491 0.4468392528
224 -33.26228309 0.4374471485
225 -33.85282923 0.4279080757
226 -34.45974688 0.4182380833
227 -35.08270851 0.4084551058
228 -35.72127234 0.3985788257
229 -36.37488161 0.3886304822
230 -37.04286633 0.378632629
231 -37.7244478 0.368608845
232 -38.41874585 0.358583407
233 -39.12478876 0.3485809332
234 -39.84152562 0.3386260099
235 -40.5678408 0.3287428155
236 -41.30257009 0.3189547535
237 -42.04451798 0.3092841098
238 -42.79247553 0.2997517438
239 -43.54523814 0.2903768254
240 -44.30162283 0.2811766229
241 -45.06048426 0.2721663486
242 -45.82072931 0.2633590609
243 -46.5813296 0.2547656238
244 -47.34133189 0.2463947199
245 -48.09986613 0.2382529098
246 -48.85615107 0.2303447334
247 -49.60949754 0.2226728442
248 -50.35930944 0.2152381687
249 -51.1050826 0.2080400841
250 -51.84640176 0.2010766062
251 -52.58293573 0.194344583
252 -53.31443119 0.1878398858
253 -54.04070503 0.1815575962
254 -54.76163579 0.1754921837
255 -55.47715411 0.169637672
256 -56.18723254 0.1639877921
257 -56.89187486 0.1585361197
258 -57.59110507 0.1532761984
259 -58.2849563 0.1482016459
260 -58.97345974 0.1433062441
261 -59.65663391 0.1385840135
262 -60.33447439 0.134029271
263 -61.00694427 0.1296366727
264 -61.67396561 0.1254012409
265 -62.33541205 0.1213183774
266 -62.99110289 0.1173838631
267 -63.64079879 0.1135938446
268 -64.28419928 0.1099448109
269 -64.92094222 0.1064335599
270 -65.55060524 0.1030571573
271 -66.17270921 0.09981289091
272 -66.78672356 0.09669822041
273 -67.39207345 0.09371072683
274 -67.98814837 0.09084806249
275 -68.57431202 0.08810790392
276 -69.14991308 0.08548790934
277 -69.7142965 0.08298568199
278 -70.26681488 0.08059874035
279 -70.80683967 0.07832449571
280 -71.33377178 0.07616023742
281 -71.84705126 0.07410312535
282 -72.34616591 0.07215018937
283 -72.83065853 0.07029833477
284 -73.30013273 0.06854435291
285 -73.75425727 0.06688493593
286 -74.19276887 0.06531669459
287 -74.61547364 0.06383617806
288 -75.02224706 0.06243989483
289 -75.41303284 0.06112433387
290 -75.78784067 0.05988598536
291 -76.14674307 0.05872136028
292 -76.48987148 0.05762700871
293 -76.81741186 0.05659953622
294 -77.12959981 0.05563561837
295 -77.42671549 0.05473201324
296 -77.70907836 0.05388557181
297 -77.97704195 0.05309324638
298 -78.23098876 0.05235209722
299 -78.47132521 0.05165929729
300 -78.69847696 0.05101213559
301 -78.91288447 0.05040801892
302 -79.11499881 0.04984447249
303 -79.30527793 0.04931913951
304 -79.48418319 0.04882977976
305 -79.65217628 0.0483742675
306 -79.80971653 0.04795058878
307 -79.95725845 0.04755683814
308 -80.09524973 0.0471912151
309 -80.22412943 0.04685202029
310 -80.34432655 0.04653765134
311 -80.45625876 0.04624659874
312 -80.56033147 0.04597744162
313 -80.65693704 0.04572884347
314 -80.74645423 0.04549954793
315 -80.8292478 0.04528837466
316 -80.90566827 0.04509421529
317 -80.97605182 0.04491602946
318 -81.04072027 0.04475284102
319 -81.0999812 0.04460373439
320 -81.15412813 0.044467851
321 -81.20344076 0.04434438595
322 -81.24818532 0.04423258483
323 -81.28861487 0.04413174062
324 -81.32496974 0.04404119085
325 -81.35747791 0.0439603148
326 -81.38635547 0.04388853097
327 -81.41180709 0.04382529463
328 -81.43402644 0.04377009544
329 -81.45319666 0.0437224554
330 -81.46949088 0.04368192668
331 -81.4830726 0.04364808981
332 -81.49409618 0.04362055181
333 -81.50270729 0.04359894452
334 -81.50904333 0.04358292301
335 -81.51323385 0.04357216411
336 -81.51540096 0.04356636498
337 -81.51565971 0.04356524184
338 -81.51411848 0.04356852875
339 -81.51087932 0.04357597643
340 -81.50603836 0.04358735124
341 -81.49968603 0.04360243413
342 -81.49190748 0.04362101976
343 -81.48278282 0.04364291557
344 -81.47238744 0.04366794102
345 -81.46079225 0.04369592677
346 -81.44806395 0.04372671401
347 -81.43426528 0.04376015377
348 -81.41945526 0.0437961063
349 -81.40368937 0.0438344405
350 -81.38701979 0.04387503337
351 -81.36949559 0.04391776947
352 -81.35116288 0.04396254051
353 -81.33206504 0.04400924488
354 -81.31224269 0.04405778748
355 -81.29173292 0.0441080813
356 -81.27056032 0.04416006554
357 -81.2486543 0.04421387351
358 -81.22509212 0.04427137228
359 -81.19118293 0.04435025111
360 -81.06730817 0.04461327381
361 -80.12668591 0.04658577034
362 -71.77612161 0.06754585841
363 -2.889763162 0.603266132
364 38.19892422 0.9998015747
365 38.3223112 0.9999402405
366 36.75501155 0.9999215295
367 34.23781085 0.9998763027
368 31.01824703 0.9997771156
369 27.41409886 0.9995684701
370 23.69927894 0.9991501726
371 20.05737885 0.9983601761
372 16.59698801 0.9969675987
373 13.37927149 0.9946906389
374 10.43733891 0.991249535
375 7.786092659 0.9864458099
376 5.426612524 0.9802351196
377 3.348719788 0.9727550451
378 1.533587937 0.964292795
379 -0.04325131246 0.9552124742
380 -1.408922565 0.9458780857
381 -2.590739492 0.9365992607
382 -3.614501766 0.9276071347
383 -4.503534927 0.9190537957
384 -5.278305823 0.9110245904
385 -5.95641588 0.9035545865
386 -6.552806536 0.8966441593
387 -7.080060944 0.8902716193
388 -7.548730632 0.8844025354
389 -7.967648195 0.8789961806
390 -8.344207842 0.8740097558
391 -8.684607782 0.869401014
392 -8.994054855 0.865129788
393 -9.276934885 0.8611587937
394 -9.536953309 0.857453971
395 -9.777250753 0.8539845397
396 -10.00049784 0.850722889
397 -10.20897295 0.8476443755
398 -10.40462612 0.8447270777
399 -10.58913157 0.8419515375
400 -10.7639311 0.8393005051
401 -10.93027004 0.8367586975
402 -11.08922701 0.8343125755
403 -11.24173885 0.8319501412
404 -11.38862134 0.8296607564
405 -11.53058672 0.8274349807
406 -11.66825835 0.8252644279
407 -11.8021831 0.8231416389
408 -11.93284196 0.8210599708
409 -12.0606589 0.8190134985
410 -12.18600856 0.8169969281
411 -12.30922277 0.8150055219
412 -12.43059614 0.8130350311
413 -12.55039091 0.8110816382
414 -12.66884106 0.8091419052
415 -12.78615593 0.8072127284
416 -12.90252334 0.8052912989
417 -13.01811226 0.8033750676
418 -13.13307517 0.801461714
419 -13.24755015 0.7995491193
420 -13.3616626 0.7976353419
421 -13.4755269 0.7957185966
422 -13.58924769 0.7937972348
423 -13.70292117 0.7918697285
424 -13.8166361 0.7899346547
425 -13.93047481 0.7879906825
426 -14.04451399 0.7860365608
427 -14.15882543 0.7840711076
428 -14.27347672 0.7820932008
429 -14.38853181 0.7801017689
430 -14.50405157 0.7780957837
431 -14.62009422 0.7760742529
432 -14.73671579 0.7740362138
433 -14.85397054 0.7719807274
434 -14.97191124 0.7699068727
435 -15.09058956 0.767813742
436 -15.21005633 0.7657004361
437 -15.33036186 0.7635660602
438 -15.45155612 0.7614097195
439 -15.57368907 0.7592305153
440 -15.69681083 0.757027542
441 -15.82097191 0.7547998828
442 -15.94622342 0.7525466067
443 -16.07261727 0.7502667653
444 -16.20020637 0.7479593894
445 -16.32904479 0.7456234857
446 -16.45918801 0.7432580343
447 -16.59069303 0.7408619847
448 -16.72361864 0.7384342531
449 -16.85802552 0.7359737195
450 -16.99397653 0.7334792238
451 -17.13153682 0.730949563
452 -17.27077411 0.7283834877
453 -17.41175882 0.7257796985
454 -17.55456436 0.7231368426
455 -17.6992673 0.7204535102
456 -17.84594765 0.7177282303
457 -17.99468905 0.714959467
458 -18.1455791 0.7121456154
459 -18.29870957 0.7092849972
460 -18.45417671 0.7063758562
461 -18.61208153 0.7034163539
462 -18.77253017 0.7004045645
463 -18.93563415 0.69733847
464 -19.10151079 0.6942159547
465 -19.27028355 0.6910348004
466 -19.44208244 0.6877926806
467 -19.61704439 0.6844871546
468 -19.79531373 0.6811156619
469 -19.97704261 0.6776755163
470 -20.16239152 0.6741638999
471 -20.35152971 0.6705778569
472 -20.54463581 0.6669142876
473 -20.74189829 0.6631699427
474 -20.94351607 0.6593414171
475 -21.14969909 0.655425145
476 -21.36066887 0.6514173944
477 -21.57665919 0.647314263
478 -21.79791661 0.6431116741
479 -22.02470118 0.6388053742
480 -22.25728697 0.6343909314
481 -22.49596269 0.6298637352
482 -22.74103226 0.6252189988
483 -22.9928153 0.620451763
484 -23.25164764 0.6155569031
485 -23.51788162 0.6105291394
486 -23.79188643 0.605363051
487 -24.07404823 0.6000530941
488 -24.36477009 0.5945936264
489 -24.66447183 0.5889789359
490 -24.9735895 0.5832032782
491 -25.29257463 0.5772609202
492 -25.62189314 0.5711461925
493 -25.96202383 0.5648535519
494 -26.31345642 0.5583776533
495 -26.67668911 0.5517134323
496 -27.05222547 0.5448561999
497 -27.44057083 0.537801748
498 -27.84222781 0.5305464664
499 -28.2576913 0.523087471
500 -28.6874425 0.5154227421
501 -29.13194233 0.5075512693
502 -29.59162397 0.4994732038
503 -30.06688479 0.4911900116
504 -30.55807757 0.4827046247
505 -31.06550129 0.4740215864
506 -31.58939158 0.4651471818
507 -32.12991114 0.4560895508
508 -32.68714027 0.4468587726
509 -33.26106803 0.4374669188
510 -33.8515842 0.4279280648
511 -34.45847253 0.4182582563
512 -35.08140568 0.4084754249
513 -35.71994208 0.3985992503
514 -36.37352513 0.3886509697
515 -37.04148505 0.378653135
516 -37.72304331 0.3686293242
517 -38.41731988 0.3586038134
518 -39.12334319 0.3486012211
519 -39.84006242 0.3386461346
520 -40.56636204 0.3287627336
521 -41.30107788 0.3189744241
522 -42.04301446 0.3093034942
523 -42.79096283 0.2997708068
524 -43.54371835 0.2903955351
525 -44.30009797 0.2811949513
526 -45.05895629 0.2721842716
527 -45.81920004 0.2633765585
528 -46.57980073 0.2547826801
529 -47.33980497 0.2464113227
530 -48.09834256 0.2382690507
531 -48.85463208 0.2303604077
532 -49.60798421 0.2226880502
533 -50.35780267 0.2152529076
534 -51.10358316 0.2080543597
535 -51.84491024 0.2010904246
536 -52.5814526 0.194357952
537 -53.31295677 0.1878528148
538 -54.03923955 0.1815700956
539 -54.76017939 0.1755042651
540 -55.47570683 0.1696493474
541 -56.18579436 0.1639990737
542 -56.89044573 0.15854702
543 -57.58968492 0.1532867298
544 -58.28354504 0.1482118205
545 -58.97205732 0.1433160736
546 -59.6552403 0.138593509
547 -60.33308962 0.1340384432
548 -61.00556843 0.1296455313
549 -61.67259889 0.1254097953
550 -62.33405471 0.1213266361
551 -62.98975532 0.1173918338
552 -63.63946148 0.1136015346
553 -64.28287284 0.1099522268
554 -64.91962737 0.1064407076
555 -65.54930281 0.1030640425
556 -66.17142013 0.09981951871
557 -66.78544887 0.0967045958
558 -67.39081427 0.09371685454
559 -67.98690588 0.09085394712
560 -68.57308745 0.08811355005
561 -69.1487077 0.08549332158
562 -69.71311158 0.08299086506
563 -70.26565169 0.08060369909
564 -70.80569944 0.07832923517
565 -71.33265571 0.07616476281
566 -71.84596047 0.07410744213
567 -72.34510145 0.07215430318
568 -72.82962135 0.07030225146
569 -73.29912367 0.06854807851
570 -73.75327708 0.06688847663
571 -74.19181816 0.0653200567
572 -74.61455291 0.06383936798
573 -75.02135668 0.06244291903
574 -75.41217307 0.06112719884
575 -75.78701163 0.05988869755
576 -76.14594477 0.05872392615
577 -76.48910383 0.0576294346
578 -76.81667466 0.05660182839
579 -77.12889277 0.05563778296
580 -77.42603822 0.05473405625
581 -77.70843039 0.05388749906
582 -77.97642276 0.05309506354
583 -78.23039774 0.05235380975
584 -78.47076171 0.05166091049
585 -78.6979403 0.05101365453
586 -78.9123739 0.05040944846
587 -79.11451358 0.04984581732
588 -79.30481724 0.04932040409
589 -79.48374625 0.04883096836
590 -79.65176227 0.0483753842
591 -79.80932463 0.04795163743
592 -79.95688784 0.04755782243
593 -80.09489959 0.04719213854
594 -80.22379897 0.04685288618
595 -80.34401495 0.04653846283
596 -80.45596525 0.04624735882
597 -80.56005527 0.04597815311
598 -80.6566774 0.04572950904
599 -80.74621042 0.0455001701
600 -80.82901911 0.04528895582
601 -80.90545401 0.04509475769
602 -80.97585132 0.04491653524
603 -81.04053289 0.04475331219
604 -81.09980632 0.04460417284
605 -81.15396515 0.04446825853
606 -81.20328911 0.04434476425
607 -81.24804445 0.04423293549
608 -81.28848425 0.04413206515
609 -81.32484886 0.04404149066
610 -81.35736629 0.04396059124
611 -81.38625266 0.0438887853
612 -81.41171264 0.04382552803
613 -81.43393993 0.04377030905
614 -81.4531177 0.04372265026
615 -81.46941907 0.0436821038
616 -81.48300759 0.04364825013
617 -81.49403762 0.04362069622
618 -81.50265486 0.04359907385
619 -81.50899672 0.04358303806
620 -81.51319276 0.04357226561
621 -81.5153651 0.04356645364
622 -81.51562882 0.04356531833
623 -81.51409231 0.04356859369
624 -81.51085764 0.04357603041
625 -81.50602092 0.04358739481
626 -81.49967263 0.04360246783
627 -81.49189791 0.04362104408
628 -81.48277689 0.04364293098
629 -81.47238497 0.04366794795
630 -81.46079306 0.04369592565
631 -81.44806788 0.04372670523
632 -81.43427217 0.0437601377
633 -81.41946497 0.0437960833
634 -81.40370175 0.0438344109
635 -81.38703471 0.04387499747
636 -81.36951293 0.04391772758
637 -81.35118252 0.0439624929
638 -81.33208687 0.04400919182
639 -81.3122666 0.04405772922
640 -81.29175881 0.04410801808
641 -81.27058809 0.04415999759
642 -81.24868381 0.04421380114
643 -81.22512282 0.04427129662
644 -81.19121055 0.04435018087
645 -81.06729434 0.04461328732
646 -80.1262822 0.04658661255
647 -71.77219007 0.06755733019
648 -2.860598693 0.6035839017
649 38.199391 0.9998018089
650 38.32210817 0.9999402386
651 36.75459971 0.9999215237
652 34.23722599 0.9998762896
653 31.01754405 0.9997770869
654 27.41333638 0.99956841
655 23.69850112 0.9991500528
656 20.05661389 0.998359952
657 16.59625309 0.9969672079
658 13.37857723 0.9946900072
659 10.43669189 0.9912485909
660 7.785496446 0.9864445033
661 5.426068075 0.9802334381
662 3.348225778 0.9727530165
663 1.533141249 0.9642904787
664 -0.04365498751 0.9552099446
665 -1.409288127 0.9458754164
666 -2.591071948 0.9365965142
667 -3.614805896 0.9276043584
668 -4.503815093 0.9190510223
669 -5.278565884 0.9110218396
670 -5.956659181 0.9035518685
671 -6.553035938 0.8966414776
672 -7.080278869 0.890268973
673 -7.548939124 0.8843999207
674 -7.967848968 0.8789935924
675 -8.344402336 0.8740071882
676 -8.684797202 0.8693984611
677 -8.994240212 0.865127244
678 -9.277117027 0.8611562533
679 -9.537132947 0.8574514292
680 -9.777428487 0.8539819921
681 -10.00067417 0.8507203317
682 -10.20914831 0.8476418049
683 -10.40480086 0.8447244908
684 -10.58930599 0.8419489317
685 -10.76410547 0.839297878
686 -10.93044457 0.8367560472
687 -11.08940189 0.8343099001
688 -11.24191422 0.8319474393
689 -11.38879735 0.8296580267
690 -11.53076349 0.8274322221
691 -11.66843596 0.8252616392
692 -11.80236165 0.8231388195
693 -11.93302151 0.8210571198
694 -12.06083951 0.8190106153
695 -12.1861903 0.816994012
696 -12.30940568 0.8150025723
697 -12.43078027 0.8130320477
698 -12.5505763 0.8110786204
699 -12.66902774 0.8091388525
700 -12.78634394 0.8072096403
701 -12.90271271 0.8052881751
702 -13.01830301 0.8033719076
703 -13.13326734 0.8014585174
704 -13.24774376 0.7995458856
705 -13.36185769 0.7976320708
706 -13.47572348 0.7957152875
707 -13.5894458 0.7937938873
708 -13.70312084 0.7918663421
709 -13.81683736 0.7899312289
710 -13.93067769 0.7879872167
711 -14.04471851 0.7860330544
712 -14.15903164 0.7840675601
713 -14.27368465 0.7820896115
714 -14.3887415 0.7800981371
715 -14.50426304 0.7780921087
716 -14.62030752 0.776070534
717 -14.73693097 0.7740324503
718 -14.85418764 0.7719769183
719 -14.9721303 0.7699030172
720 -15.09081063 0.7678098392
721 -15.21027947 0.7656964851
722 -15.33058711 0.76356206
723 -15.45178355 0.7614056689
724 -15.57391873 0.7592264134
725 -15.69704279 0.7570233875
726 -15.82120622 0.7547956745
727 -15.94646016 0.7525423433
728 -16.07285651 0.7502624455
729 -16.20044818 0.7479550117
730 -16.32928926 0.7456190488
731 -16.45943521 0.7432535365
732 -16.59094306 0.7408574244
733 -16.72387157 0.7384296287
734 -16.85828147 0.7359690292
735 -16.99423559 0.7334744657
736 -17.1317991 0.7309447351
737 -17.27103971 0.728378588
738 -17.41202786 0.7257747248
739 -17.55483696 0.7231317928
740 -17.69954359 0.7204483818
741 -17.84622776 0.7177230209
742 -17.99497314 0.714954174
743 -18.14586731 0.7121402361
744 -18.29900205 0.7092795287
745 -18.45447362 0.7063702956
746 -18.61238305 0.7034106981
747 -18.77283647 0.7003988102
748 -18.93594543 0.6973326138
749 -19.10182725 0.694209993
750 -19.2706054 0.6910287295
751 -19.4424099 0.6877864966
752 -19.61737769 0.6844808533
753 -19.79565312 0.6811092391
754 -19.97738835 0.6776689675
755 -20.16274387 0.6741572204
756 -20.35188897 0.6705710418
757 -20.54500227 0.6669073318
758 -20.74227227 0.6631628408
759 -20.9438979 0.6593341636
760 -21.15008911 0.6554177341
761 -21.36106746 0.6514098201
762 -21.57706673 0.6473065189
763 -21.79833351 0.6431037539
764 -22.02512786 0.6387972711
765 -22.25772388 0.6343826384
766 -22.49641029 0.6298552452
767 -22.74149103 0.6252103044
768 -22.99328577 0.6204428566
769 -23.25213033 0.615547777
770 -23.51837708 0.6105197858
771 -23.79239525 0.6053534619
772 -24.07457099 0.6000432615
773 -24.36530742 0.5945835423
774 -24.66502437 0.5889685924
775 -24.97415791 0.5831926674
776 -25.29315958 0.5772500344
777 -25.62249531 0.5711350245
778 -25.96264393 0.5648420949
779 -26.31409515 0.558365901
780 -26.67734718 0.551701379
781 -27.05290359 0.544843841
782 -27.44126968 0.5377890796
783 -27.84294807 0.5305334859
784 -28.25843363 0.5230741775
785 -28.68820751 0.5154091359
786 -29.13273059 0.5075373529
787 -29.59243601 0.4994589814
788 -30.06772104 0.4911754897
789 -30.5589384 0.4826898124
790 -31.06638697 0.4740064952
791 -31.59030228 0.4651318261
792 -32.13084691 0.4560739475
793 -32.68810103 0.4468429419
794 -33.26205356 0.4374508834
795 -33.85259412 0.4279118505
796 -34.45950633 0.4182418914
797 -35.08246268 0.40845894
798 -35.72102142 0.3985826785
799 -36.37462582 0.3886343456
800 -37.04260595 0.3786364947
801 -37.72418311 0.3686127045
802 -38.41847719 0.3585872518
803 -39.12451647 0.3485847547
804 -39.84125007 0.3386297999
805 -40.56756236 0.3287465659
806 -41.30228916 0.3189584567
807 -42.04423496 0.3092877587
808 -42.79219081 0.2997553318
809 -43.54495211 0.2903803466
810 -44.30133585 0.2811800723
811 -45.0601967 0.2721697216
812 -45.8204415 0.2633623538
813 -46.58104186 0.2547688339
814 -47.3410445 0.2463978448
815 -48.09957934 0.238255948
816 -48.85586511 0.2303476841
817 -49.60921261 0.2226757071
818 -50.3590257 0.215240944
819 -51.1048002 0.2080427725
820 -51.8461208 0.201079209
821 -52.58265631 0.1943471016
822 -53.31415335 0.187842322
823 -54.04042881 0.1815599519
824 -54.76136123 0.1754944611
825 -55.47688121 0.1696398734
826 -56.1869613 0.1639899197
827 -56.89160526 0.1585381759
828 -57.5908371 0.1532781855
829 -58.28468994 0.1482035661
830 -58.97319499 0.1433080996
831 -59.65637076 0.1385858064
832 -60.33421284 0.1340310033
833 -61.00668434 0.1296383462
834 -61.67370733 0.1254028573
835 -62.33515548 0.1213199384
836 -62.99084809 0.1173853701
837 -63.64054586 0.1135952989
838 -64.28394834 0.1099462138
839 -64.92069339 0.1064349125
840 -65.55035869 0.1030584606
841 -66.1724651 0.09981414592
842 -66.78648209 0.09669942804
843 -67.39183483 0.09371188797
844 -67.98791282 0.090849178
845 -68.57407977 0.08810897466
846 -69.14968438 0.08548893616
847 -69.71407158 0.08298666577
848 -70.26659398 0.08059968199
849 -70.80662302 0.07832539616
850 -71.33355961 0.07616109764
851 -71.84684378 0.07410394636
852 -72.34596333 0.07215097222
853 -72.83046103 0.07029908055
854 -73.29994046 0.06854506272
855 -73.75407038 0.06688561094
