0 -20.55187512 0.6677125814
1 -20.98884171 0.6593877736
2 -21.42911188 0.6509979449
3 -21.87392146 0.6425244121
4 -22.32446528 0.6339494078
5 -22.78190558 0.6252560344
6 -23.24737824 0.6164282529
7 -23.7219971 0.6074509067
8 -24.20685628 0.5983097784
9 -24.70303063 0.5889916824
10 -25.21157419 0.5794845906
11 -25.73351675 0.5697777928
12 -26.26985831 0.5598620885
13 -26.82156158 0.5497300082
14 -27.38954241 0.5393760599
15 -27.97465824 0.5287969943
16 -28.57769474 0.5179920796
17 -29.19935087 0.5069633762
18 -29.84022262 0.4957159967
19 -30.50078605 0.4842583357
20 -31.18138017 0.4726022531
21 -31.88219039 0.4607631913
22 -32.60323342 0.4487602103
23 -33.34434456 0.4366159237
24 -34.10516831 0.424356324
25 -34.8851531 0.4120104907
26 -35.68355108 0.3996101798
27 -36.49942335 0.3871893039
28 -37.33165099 0.3747833151
29 -38.17895182 0.3624285174
30 -39.03990255 0.3501613333
31 -39.91296539 0.3380175603
32 -40.79651834 0.3260316501
33 -41.68888766 0.3142360443
34 -42.58838116 0.3026605941
35 -43.49332097 0.2913320886
36 -44.40207433 0.2802739053
37 -45.31308115 0.2695057904
38 -46.22487755 0.2590437665
39 -47.13611461 0.2489001613
40 -48.04557182 0.2390837409
41 -48.95216538 0.2295999322
42 -49.85495116 0.2204511129
43 -50.75312289 0.21163695
44 -51.64600584 0.2031547672
45 -52.53304669 0.1949999239
46 -53.41380009 0.1871661908
47 -54.2879126 0.1796461105
48 -55.15510469 0.1724313335
49 -56.01515129 0.165512922
50 -56.8678618 0.158881618
51 -57.71305986 0.1525280716
52 -58.55056381 0.1464430295
53 -59.38016827 0.1406174828
54 -60.20162754 0.1350427749
55 -61.01464134 0.1297106729
56 -61.81884346 0.1246134044
57 -62.61379372 0.1197436629
58 -63.39897364 0.1150945884
59 -64.17378591 0.1106597248
60 -64.93755778 0.1064329632
61 -65.68954822 0.1024084728
62 -66.4289584 0.09858062848
63 -67.15494524 0.09494393745
64 -67.86663709 0.09149297073
65 -68.56315113 0.08822230309
66 -69.24361142 0.08512646395
67 -69.90716708 0.08219990103
68 -70.55300961 0.07943695745
69 -71.18038895 0.07683186191
70 -71.7886275 0.07437873107
71 -72.37713187 0.07207158242
72 -72.94540199 0.06990435589
73 -73.49303667 0.06787094409
74 -74.01973108 0.06596524246
75 -74.52523106 0.0641813149
76 -75.00898897 0.06251437086
77 -75.46764483 0.06096756682
78 -75.87653566 0.05960083069
79 -76.05359199 0.058886425
80 -74.65746234 0.062453261
81 -61.93783374 0.1072391942
82 14.40046904 0.8397019143
83 36.54976644 0.9998596008
84 36.46122051 0.9999159356
85 34.02920033 0.9998716633
86 30.44889514 0.9997547628
87 26.22699216 0.9994714808
88 21.77956673 0.9988189058
89 17.39972182 0.9974227057
90 13.26707666 0.9947075526
91 9.482112237 0.9899741997
92 6.093058544 0.9826179732
93 3.111021093 0.9723971494
94 0.5196023579 0.959566806
95 -1.71614842 0.9447804479
96 -3.640808325 0.9288479241
97 -5.301113184 0.9125120652
98 -6.741007789 0.8963323204
99 -7.999159241 0.8806673353
100 -9.108233542 0.8657100319
101 -10.09517209 0.8515364264
102 -10.98191008 0.8381486793
103 -11.78620968 0.8255066852
104 -12.52244742 0.8135489522
105 -13.20229336 0.8022054335
106 -13.83526966 0.7914049295
107 -14.42919799 0.7810790556
108 -14.9905531 0.7711641385
109 -15.52474031 0.7616019106
110 -16.03631293 0.7523395412
111 -16.52914291 0.7433293223
112 -17.00655507 0.7345281982
113 -17.47143339 0.7258972424
114 -17.92630539 0.7174011406
115 -18.37340979 0.709007707
116 -18.81475088 0.7006874494
117 -19.25214255 0.6924131855
118 -19.68724423 0.6841597111
119 -20.12159023 0.6759035178
120 -20.55661386 0.667622556
121 -20.99366726 0.6592960417
122 -21.43403773 0.6509043024
123 -21.87896091 0.6424286608
124 -22.32963157 0.6338513551
125 -22.78721189 0.6251554936
126 -23.25283778 0.6163250438
127 -23.72762308 0.6073448563
128 -24.21266195 0.5982007228
129 -24.7090292 0.5888794681
130 -25.21777883 0.5793690771
131 -25.73994049 0.569658855
132 -26.27651393 0.55973962
133 -26.82846152 0.5496039247
134 -27.39669857 0.539246303
135 -27.98208183 0.5286635355
136 -28.58539609 0.5178549244
137 -29.20733915 0.5068225683
138 -29.84850566 0.4955716217
139 -30.50937007 0.4841105243
140 -31.19026951 0.4724511839
141 -31.8913873 0.4606090925
142 -32.61273783 0.4486033597
143 -33.35415393 0.436456648
144 -34.11527746 0.424194996
145 -34.89555418 0.4118475252
146 -35.69423355 0.3994460277
147 -36.5103741 0.3870244442
148 -37.34285445 0.3746182471
149 -38.19039027 0.3622637502
150 -39.05155637 0.3499973763
151 -39.9248135 0.3378549127
152 -40.80853857 0.3258707913
153 -41.70105722 0.3140774248
154 -42.60067709 0.302504628
155 -43.50572062 0.2911791476
156 -44.41455569 0.2801243142
157 -45.32562328 0.2693598244
158 -46.23746088 0.2589016504
159 -47.14872114 0.2487620701
160 -48.05818533 0.238949802
161 -48.96477147 0.2294702285
162 -49.86753733 0.2203256869
163 -50.76567844 0.2115158085
164 -51.6585218 0.2030378863
165 -52.54551565 0.194887254
166 -53.426216 0.1870576618
167 -54.30027053 0.1795416367
168 -55.16740056 0.1723308177
169 -56.02738161 0.1654162598
170 -56.88002335 0.1587887012
171 -57.72514942 0.1524387913
172 -58.56257788 0.1463572786
173 -59.39210281 0.1405351573
174 -60.21347774 0.1349637759
175 -61.02640141 0.1296349069
176 -61.83050652 0.1245407838
177 -62.62535166 0.119674106
178 -63.41041711 0.1150280187
179 -64.18510433 0.1105960705
180 -64.94873941 0.1063721561
181 -65.7005803 0.1023504473
182 -66.43982734 0.09852532061
183 -67.1656368 0.09489128354
184 -67.87713671 0.09144290662
185 -68.57344412 0.08817476328
186 -69.2536833 0.08508138094
187 -69.91700383 0.0821572049
188 -70.56259796 0.07939657557
189 -71.18971657 0.07679371896
190 -71.79768324 0.07434274915
191 -72.38590595 0.07203768132
192 -72.95388608 0.06987245355
193 -73.50122401 0.06784095704
194 -74.02761645 0.06593708652
195 -74.53281045 0.06415490678
196 -75.01625668 0.06248963614
197 -75.47457196 0.06094449573
198 -75.88290854 0.05957988862
199 -76.0577941 0.05887164216
200 -74.64731489 0.06247787447
201 -61.82407712 0.1077306709
202 14.78444851 0.843682914
203 36.56337634 0.9998615665
204 36.45618707 0.9999158726
205 34.01851838 0.9998714186
206 30.43494977 0.999754141
207 26.21154673 0.9994699963
208 21.76393771 0.9988155829
209 17.38474591 0.9974158878
210 13.25323243 0.9946949565
211 9.469646142 0.9899534559
212 6.08206163 0.9825875734
213 3.101471706 0.9723572361
214 0.5113989582 0.9595192049
215 -1.723154629 0.9447279567
216 -3.64678374 0.9287934112
217 -5.306220109 0.9124578653
218 -6.745392124 0.8962800358
219 -8.002945693 0.8806179034
220 -9.111525498 0.8656638945
221 -10.09805378 0.8514936992
222 -10.98444952 0.8381092842
223 -11.78846164 0.8254704412
224 -12.52445601 0.8135156324
225 -13.20409423 0.8021747989
226 -13.83689174 0.7913767477
227 -14.43066487 0.7810531105
228 -14.99188414 0.7711402342
229 -15.52595146 0.7615798725
230 -16.03741743 0.7523192151
231 -16.53015175 0.743310573
232 -17.00747748 0.734510908
233 -17.47227706 0.7258813092
234 -17.92707682 0.7173864759
235 -18.37411443 0.7089942347
236 -18.81539331 0.7006751041
237 -19.25272661 0.6924019115
238 -19.68777313 0.6841494611
239 -20.12206662 0.6758942521
240 -20.5570399 0.6676142418
241 -20.99404472 0.6592886522
242 -21.43436795 0.6508978162
243 -21.87924492 0.6424230616
244 -22.32987007 0.6338466308
245 -22.78740532 0.6251516362
246 -23.25298629 0.6163220488
247 -23.7277266 0.6073427223
248 -24.21272018 0.598199451
249 -24.70904164 0.588879062
250 -25.21774479 0.5793695419
251 -25.73985911 0.5696601971
252 -26.27638421 0.5597418465
253 -26.82828232 0.5496070428
254 -27.39646868 0.5392503193
255 -27.98179994 0.5286684552
256 -28.58506085 0.5178607507
257 -29.20694923 0.5068293016
258 -29.84805972 0.4955792586
259 -30.50886687 0.4841190573
260 -31.18970792 0.4724606002
261 -31.89076633 0.4606193734
262 -32.61205672 0.4486144804
263 -33.35341214 0.436468577
264 -34.11447473 0.4242076951
265 -34.89469057 0.4118609491
266 -35.69330944 0.3994601249
267 -36.5093902 0.3870391574
268 -37.34181184 0.3746335136
269 -38.18929034 0.3622795033
270 -39.05040084 0.3500135463
271 -39.92360436 0.3378714281
272 -40.80727805 0.3258875804
273 -41.69974775 0.3140944165
274 -42.59932123 0.3025217537
275 -43.504321 0.2911963417
276 -44.41311498 0.2801415154
277 -45.32414412 0.2693769761
278 -46.23594582 0.2589187017
279 -47.14717261 0.2487789756
280 -48.05660561 0.2389665222
281 -48.96316268 0.2294867295
282 -49.86590138 0.2203419405
283 -50.76401705 0.2115317913
284 -51.65683652 0.2030535797
285 -52.54380783 0.1949026433
286 -53.42448686 0.1870727359
287 -54.29852116 0.1795563873
288 -55.16563196 0.1723452389
289 -56.02559475 0.1654303474
290 -56.87821919 0.1588024523
291 -57.72332898 0.1524522039
292 -58.56074226 0.1463703509
293 -59.39025326 0.1405478878
294 -60.21161569 0.134976163
295 -61.02452851 0.1296469487
296 -61.82862464 0.1245524782
297 -62.62346298 0.1196854507
298 -63.40852405 0.1150390109
299 -64.18320958 0.1106067077
300 -64.94684596 0.1063824354
301 -65.69869133 0.1023603665
302 -66.43794626 0.0985348776
303 -67.16376719 0.09490047708
304 -67.87528222 0.09145173624
305 -68.57160849 0.08818322948
306 -69.25187026 0.08508948534
307 -69.91521703 0.08216495029
308 -70.56084094 0.07940396597
309 -71.18799271 0.07680075961
310 -71.79599569 0.07434944648
311 -72.38425759 0.07204404288
312 -72.95227951 0.06987848786
313 -73.49966152 0.06784667355
314 -74.02610003 0.06594249534
315 -74.53134194 0.06416001808
316 -75.01483912 0.06249445643
317 -75.47321938 0.06094900184
318 -75.88171848 0.05958383888
319 -76.05748561 0.05887318086
320 -74.65320718 0.06246216124
321 -61.874484 0.1075109802
322 14.62309734 0.8419945365
323 36.55833843 0.9998607574
324 36.45888364 0.9999159083
325 34.02370664 0.999871538
326 30.44164615 0.9997544399
327 26.21896945 0.99947071
328 21.77148655 0.9988171878
329 17.39203162 0.9974192033
330 13.26002616 0.994701133
331 9.475824328 0.9899637249
332 6.087572804 0.9826027849
333 3.106318363 0.9723774526
334 0.5156232488 0.959543654
335 -1.719485948 0.9447553555
336 -3.643593562 0.9288224025
337 -5.303431755 0.9124873218
338 -6.742935702 0.8963091709
339 -8.000760793 0.8806462488
340 -9.109561537 0.8656912238
341 -10.09626915 0.8515199483
342 -10.98281032 0.8381344877
343 -11.78694025 0.8254946881
344 -12.52302993 0.8135390376
345 -13.20274503 0.8021974868
346 -13.8356042 0.791398842
347 -14.42942633 0.7810747295
348 -14.99068395 0.7711614885
349 -15.52478057 0.7616008643
350 -16.03626806 0.7523400387
351 -16.52901715 0.7433313152
352 -17.00635167 0.7345316487
353 -17.47115472 0.7259021228
354 -17.92595314 0.7174074317
355 -18.37298499 0.7090153979
356 -18.814254 0.7006965365
357 -19.25157357 0.6924236718
358 -19.68660268 0.6841716058
359 -20.12087522 0.6759168358
360 -20.55582411 0.6676373174
