0 -81.49745195 0.0436121115
1 -81.50510806 0.04359284936
2 -81.51054377 0.04357903646
3 -81.5138855 0.04357035828
4 -81.51525236 0.04356652008
5 -81.51475658 0.04356724563
6 -81.51250386 0.04357227606
7 -81.50859375 0.04358136871
8 -81.50311995 0.04359429613
9 -81.49617067 0.04361084508
10 -81.48782893 0.04363081563
11 -81.47817284 0.0436540203
12 -81.46727588 0.0436802833
13 -81.45520719 0.04370943975
14 -81.4420318 0.043741335
15 -81.42781087 0.04377582397
16 -81.41260193 0.04381277059
17 -81.39645905 0.04385204716
18 -81.37943311 0.04389353389
19 -81.36157193 0.04393711836
20 -81.34292048 0.04398269509
21 -81.32352102 0.04403016506
22 -81.3034133 0.04407943538
23 -81.28263468 0.04413041885
24 -81.26122028 0.04418303364
25 -81.2392031 0.04423720293
26 -81.21661417 0.04429285465
27 -81.19348255 0.04434992133
28 -81.16983493 0.04440834096
29 -81.14569034 0.04446806766
30 -81.12101135 0.04452917147
31 -81.0952548 0.04459275755
32 -81.06324796 0.0446694179
33 -80.97734739 0.04485704175
34 -80.40046621 0.04606851441
35 -75.33954389 0.05786335283
36 -30.96646953 0.302333509
37 37.44288956 0.9989268464
38 38.53206419 0.9999419449
39 37.22606948 0.9999278367
40 34.93143067 0.9998909309
41 31.87767053 0.9998094995
42 28.37246174 0.9996376839
43 24.70295148 0.9992913199
44 21.06998437 0.998631416
45 17.59459454 0.9974542764
46 14.34539699 0.9955011683
47 11.36016287 0.9924990374
48 8.657457116 0.9882299377
49 6.241829303 0.9826045907
50 4.106429749 0.975703473
51 2.235331946 0.9677630171
52 0.606257617 0.9591159901
53 -0.8065414811 0.950117211
54 -2.029740391 0.9410840136
55 -3.089062208 0.932264218
56 -4.008123967 0.9238289512
57 -4.807887985 0.9158809438
58 -5.506536779 0.9084692802
59 -6.119602864 0.9016047243
60 -6.660227412 0.8952727937
61 -7.13946596 0.8894437595
62 -7.566593787 0.8840797561
63 -7.949386932 0.879139559
64 -8.29436902 0.8745816345
65 -8.607022039 0.8703659761
66 -8.891963232 0.8664551241
67 -9.153092005 0.8628146529
68 -9.393711178 0.8594133249
69 -9.616626778 0.8562230414
70 -9.82423009 0.8532186792
71 -10.01856516 0.8503778681
72 -10.20138444 0.8476807443
73 -10.37419471 0.8451097001
74 -10.53829515 0.8426491436
75 -10.69480899 0.8402852742
76 -10.84470981 0.8380058771
77 -10.98884363 0.8358001375
78 -11.1279474 0.8336584745
79 -11.26266453 0.8315723939
80 -11.3935581 0.829534357
81 -11.52112198 0.827537666
82 -11.64579028 0.8255763621
83 -11.76794544 0.8236451365
84 -11.88792513 0.8217392521
85 -12.00602815 0.8198544748
86 -12.12251949 0.817987013
87 -12.23763476 0.8161334646
88 -12.35158389 0.8142907705
89 -12.46455443 0.8124561735
90 -12.57671441 0.8106271821
91 -12.68821474 0.8088015391
92 -12.79919138 0.8069771933
93 -12.90976722 0.805152275
94 -13.02005368 0.8033250739
95 -13.13015217 0.8014940199
96 -13.24015532 0.7996576662
97 -13.35014809 0.7978146736
98 -13.46020876 0.7959637976
99 -13.57040973 0.7941038759
100 -13.68081835 0.7922338176
101 -13.79149754 0.7903525942
102 -13.90250643 0.7884592304
103 -14.01390085 0.7865527965
104 -14.12573382 0.7846324016
105 -14.238056 0.7826971872
106 -14.35091603 0.7807463212
107 -14.46436094 0.7787789933
108 -14.57843641 0.7767944095
109 -14.69318706 0.7747917884
110 -14.80865676 0.7727703566
111 -14.92488881 0.770729345
112 -15.04192622 0.7686679858
113 -15.15981188 0.7665855084
114 -15.27858877 0.7644811368
115 -15.39830015 0.7623540865
116 -15.51898975 0.7602035615
117 -15.64070188 0.7580287515
118 -15.76348169 0.7558288293
119 -15.88737522 0.7536029482
120 -16.01242967 0.751350239
121 -16.13869346 0.749069808
122 -16.26621646 0.7467607337
123 -16.39505008 0.7444220645
124 -16.52524748 0.7420528161
125 -16.65686371 0.7396519685
126 -16.78995589 0.7372184636
127 -16.92458334 0.7347512018
128 -17.06080781 0.7322490395
129 -17.19869362 0.7297107858
130 -17.33830786 0.7271351996
131 -17.47972061 0.724520986
132 -17.62300513 0.721866793
133 -17.76823804 0.719171208
134 -17.91549964 0.7164327539
135 -18.06487405 0.7136498857
136 -18.21644954 0.7108209856
137 -18.37031877 0.7079443597
138 -18.52657905 0.7050182329
139 -18.6853327 0.7020407447
140 -18.8466873 0.6990099442
141 -19.01075606 0.695923785
142 -19.17765819 0.6927801204
143 -19.34751923 0.6895766979
144 -19.52047149 0.6863111534
145 -19.69665443 0.6829810057
146 -19.87621512 0.6795836509
147 -20.0593087 0.6761163561
148 -20.24609884 0.6725762537
149 -20.43675829 0.6689603353
150 -20.63146936 0.6652654456
151 -20.83042449 0.661488277
152 -21.03382684 0.6576253633
153 -21.24189081 0.6536730752
154 -21.45484273 0.6496276151
155 -21.67292138 0.6454850127
156 -21.89637865 0.6412411224
157 -22.12548017 0.6368916205
158 -22.36050583 0.6324320044
159 -22.60175045 0.6278575936
160 -22.84952426 0.6231635325
161 -23.10415344 0.6183447952
162 -23.3659805 0.6133961947
163 -23.63536464 0.6083123936
164 -23.91268198 0.6030879208
165 -24.19832561 0.5977171913
166 -24.49270552 0.5921945333
167 -24.79624824 0.5865142196
168 -25.10939626 0.5806705079
169 -25.43260716 0.5746576882
170 -25.76635232 0.568470139
171 -26.11111528 0.5621023937
172 -26.46738949 0.5555492169
173 -26.8356757 0.5488056922
174 -27.21647861 0.541867321
175 -27.61030287 0.5347301332
176 -28.01764846 0.5273908088
177 -28.4390052 0.5198468104
178 -28.87484659 0.5120965246
179 -29.32562282 0.5041394103
180 -29.79175306 0.4959761516
181 -30.27361708 0.487608811
182 -30.77154626 0.4790409788
183 -31.28581423 0.4702779125
184 -31.81662727 0.4613266613
185 -32.36411473 0.4521961677
186 -32.92831978 0.4428973399
187 -33.5091909 0.4334430882
188 -34.10657426 0.4238483184
189 -34.72020769 0.4141298771
190 -35.34971635 0.4043064457
191 -35.99461054 0.3943983803
192 -36.65428597 0.3844274987
193 -37.32802669 0.374416818
194 -38.01501069 0.3643902483
195 -38.71431833 0.3543722519
196 -39.42494326 0.3443874785
197 -40.14580572 0.3344603889
198 -40.87576779 0.3246148811
199 -41.61365005 0.3148739321
200 -42.35824919 0.3052592675
201 -43.1083559 0.2957910713
202 -43.86277254 0.286487743
203 -44.62032991 0.277365709
204 -45.37990274 0.2684392919
205 -46.14042348 0.2597206373
206 -46.90089391 0.2512196951
207 -47.66039462 0.2429442536
208 -48.41809199 0.2349000168
209 -49.1732429 0.2270907204
210 -49.92519694 0.2195182776
211 -50.67339656 0.2121829472
212 -51.41737511 0.2050835161
213 -52.15675297 0.1982174907
214 -52.89123219 0.1915812897
215 -53.62058959 0.185170434
216 -54.34466876 0.1789797306
217 -55.06337098 0.1730034454
218 -55.77664541 0.1672354641
219 -56.4844787 0.1616694391
220 -57.1868841 0.1562989211
221 -57.8838904 0.151117475
222 -58.57553085 0.1461187795
223 -59.2618322 0.1412967103
224 -59.94280409 0.136645408
225 -60.61842914 0.1321593292
226 -61.28865372 0.1278332824
227 -61.95337994 0.1236624496
228 -62.61245881 0.1196423933
229 -63.265685 0.1157690504
230 -63.91279331 0.1120387151
231 -64.55345697 0.1084480101
232 -65.18728797 0.1049938505
233 -65.81383932 0.1016734001
234 -66.43260937 0.09848402359
235 -67.04304792 0.09542323606
236 -67.64456401 0.09248865241
237 -68.23653512 0.08967793836
238 -68.81831744 0.08698876518
239 -69.38925693 0.08441876952
240 -69.94870067 0.08196551963
241 -70.49600822 0.07962648865
242 -71.03056257 0.0773990355
243 -71.5517804 0.07528039321
244 -72.05912135 0.07326766451
245 -72.55209601 0.07135782388
246 -73.03027261 0.06954772537
247 -73.49328219 0.06783411505
248 -73.94082229 0.06621364721
249 -74.37265916 0.0646829031
250 -74.78862855 0.06323841132
251 -75.18863522 0.06187666893
252 -75.57265129 0.06059416244
253 -75.94071359 0.05938738814
254 -76.29292017 0.0582528712
255 -76.6294262 0.05718718308
256 -76.9504393 0.05618695725
257 -77.25621456 0.05524890276
258 -77.54704942 0.05436981585
259 -77.82327837 0.05354658952
260 -78.08526779 0.05277622114
261 -78.33341083 0.05205581829
262 -78.56812259 0.05138260284
263 -78.78983543 0.05075391361
264 -78.99899471 0.05016720763
265 -79.19605478 0.04962006029
266 -79.38147536 0.04911016446
267 -79.55571822 0.04863532879
268 -79.7192443 0.04819347532
269 -79.87251106 0.04778263652
270 -80.01597031 0.04740095192
271 -80.15006621 0.04704666439
272 -80.27523366 0.04671811618
273 -80.39189692 0.04641374482
274 -80.50046853 0.04613207886
275 -80.6013484 0.04587173372
276 -80.69492315 0.04563140733
277 -80.7815656 0.04540987606
278 -80.86163447 0.04520599054
279 -80.93547418 0.04501867166
280 -81.00341478 0.04484690671
281 -81.06577203 0.04468974562
282 -81.1228475 0.04454629736
283 -81.1749288 0.04441572647
284 -81.22228988 0.0442972498
285 -81.26519132 0.04419013335
286 -81.30388074 0.04409368927
287 -81.33859316 0.04400727308
288 -81.36955149 0.04393028096
289 -81.39696692 0.04386214723
290 -81.42103938 0.04380234197
291 -81.44195804 0.04375036877
292 -81.45990174 0.0437057626
293 -81.47503948 0.04366808787
294 -81.48753084 0.04363693647
295 -81.49752644 0.04361192613
296 -81.50516841 0.04359269867
297 -81.51059078 0.04357891853
298 -81.5139199 0.04357027127
299 -81.51527484 0.04356646226
300 -81.5147678 0.04356721539
301 -81.51250445 0.04357227187
302 -81.50858429 0.04358138914
303 -81.50310099 0.04359433985
304 -81.49614274 0.04361091082
305 -81.48779251 0.04363090221
306 -81.47812839 0.04365412662
307 -81.46722384 0.04368040831
308 -81.45514797 0.04370958247
309 -81.44196579 0.04374149451
310 -81.42773844 0.04377599941
311 -81.41252341 0.04381296114
312 -81.39637478 0.04385225206
313 -81.37934338 0.04389375242
314 -81.36147703 0.04393734985
315 -81.34282068 0.04398293889
316 -81.32341658 0.04403042059
317 -81.30330445 0.04407970207
318 -81.28252166 0.04413069618
319 -81.26110329 0.0441833211
320 -81.23908235 0.04423750006
321 -81.21648984 0.04429316103
322 -81.19335482 0.04435023653
323 -81.16970397 0.04440866459
324 -81.14555631 0.04446839937
325 -81.12087437 0.04452951091
326 -81.095115 0.04459310449
327 -81.06310511 0.04466977283
328 -80.97719817 0.04485741223
329 -80.40027706 0.04606897844
330 -75.33898908 0.05786485332
331 -30.96279744 0.3023674525
332 37.44308618 0.9989271651
333 38.53205085 0.9999419449
334 37.22603156 0.9999278362
335 34.93138677 0.99989093
336 31.87763884 0.9998094983
337 28.37245809 0.9996376834
338 24.70298527 0.9992913237
339 21.07005881 0.9986314329
340 17.59470854 0.997454325
341 14.3455469 0.9955012799
342 11.36034366 0.9924992577
343 8.657663227 0.988230322
344 6.242055258 0.982605195
345 4.106670641 0.9757043439
346 2.235583735 0.967764184
347 0.6065172339 0.9591174635
348 -0.806276183 0.9501189857
349 -2.029470784 0.9410860741
350 -3.088789073 0.9322665437
351 -4.007847668 0.9238315207
352 -4.80760861 0.9158837366
353 -5.506254254 0.9084722784
354 -6.119317028 0.9016079124
355 -6.659938071 0.8952761589
356 -7.139172914 0.889447291
357 -7.566296853 0.8840834448
358 -7.949085956 0.8791433973
359 -8.294063876 0.8745856158
360 -8.606712633 0.8703700948
361 -8.8916495 0.866459375
362 -9.15277391 0.8628190317
363 -9.393388704 0.8594178274
364 -9.616299932 0.8562276637
365 -9.823898893 0.853223418
366 -10.01822965 0.8503827203
367 -10.20104466 0.8476857068
368 -10.37385071 0.8451147701
369 -10.537947 0.8426543185
370 -10.69445674 0.8402905517
371 -10.84435353 0.838011255
372 -10.98848339 0.8358056136
373 -11.12758325 0.833664047
374 -11.26229655 0.831578061
375 -11.39318634 0.8295401172
376 -11.5207465 0.8275435177
377 -11.64541113 0.8255823041
378 -11.76756267 0.8236511675
379 -11.88753879 0.8217453712
380 -12.00563827 0.819860681
381 -12.12212611 0.8179933056
382 -12.23723791 0.816139843
383 -12.35118358 0.8142972341
384 -12.4641507 0.8124627218
385 -12.57630726 0.810633815
386 -12.68780418 0.8088082563
387 -12.79877742 0.8069839948
388 -12.90934985 0.8051591608
389 -13.01963289 0.8033320442
390 -13.12972795 0.801501075
391 -13.23972765 0.7996648064
392 -13.34971695 0.7978218994
393 -13.45977411 0.7959711096
394 -13.56997154 0.7941112747
395 -13.68037659 0.7922413041
396 -13.79105216 0.7903601692
397 -13.90205738 0.7884668949
398 -14.01344807 0.7865605515
399 -14.12527725 0.7846402483
400 -14.23759556 0.7827051269
401 -14.35045167 0.7807543553
402 -14.46389258 0.7787871232
403 -14.57796395 0.7768026369
404 -14.69271042 0.774800115
405 -14.80817585 0.7727787841
406 -14.92440352 0.7707378754
407 -15.04143645 0.7686766211
408 -15.15931751 0.7665942507
409 -15.27808969 0.7644899885
410 -15.39779623 0.7623630499
411 -15.51848085 0.7602126392
412 -15.64018787 0.7580379461
413 -15.76296241 0.7558381437
414 -15.88685052 0.7536123852
415 -16.01189938 0.7513598019
416 -16.13815741 0.7490794999
417 -16.26567446 0.7467705581
418 -16.39450194 0.744432025
419 -16.52469301 0.7420629164
420 -16.65630269 0.7396622127
421 -16.78938809 0.7372288558
422 -16.92400854 0.7347617464
423 -17.06022576 0.732259741
424 -17.19810405 0.7297216492
425 -17.33771051 0.7271462299
426 -17.4791152 0.7245321884
427 -17.62239133 0.7218781731
428 -17.76761556 0.7191827717
429 -17.91486813 0.7164445074
430 -18.06423317 0.7136618353
431 -18.21579892 0.7108331382
432 -18.36965801 0.7079567224
433 -18.52590775 0.7050308131
434 -18.68465042 0.7020535503
435 -18.84599359 0.6990229834
436 -19.01005044 0.6959370665
437 -19.17694015 0.6927936533
438 -19.34678824 0.6895904917
439 -19.51972698 0.6863252181
440 -19.69589581 0.6829953519
441 -19.87544177 0.6795982896
442 -20.05851995 0.676131299
443 -20.245294 0.6725915129
444 -20.43593662 0.6689759236
445 -20.63063007 0.6652813763
446 -20.82956678 0.6615045641
447 -21.03294982 0.6576420216
448 -21.24099359 0.65369012
449 -21.45392433 0.6496450624
450 -21.67198079 0.6455028793
451 -21.8954148 0.6412594258
452 -22.12449192 0.6369103788
453 -22.359492 0.6324512366
454 -22.60070979 0.6278773194
455 -22.84845546 0.623183772
456 -23.1030551 0.6183655695
457 -23.36485119 0.6134175253
458 -23.63420283 0.6083343027
459 -23.9114861 0.6031104309
460 -24.19709401 0.5977403255
461 -24.49143647 0.5922183146
462 -24.79493995 0.5865386714
463 -25.10804689 0.5806956535
464 -25.43121481 0.5746835504
465 -25.76491504 0.5684967402
466 -26.10963106 0.5621297553
467 -26.46585631 0.5555773592
468 -26.83409151 0.5488346339
469 -27.21484134 0.5418970787
470 -27.60861049 0.5347607211
471 -28.01589895 0.527422238
472 -28.43719661 0.5198790886
473 -28.87297706 0.5121296551
474 -29.32369059 0.5041733916
475 -29.78975652 0.496010977
476 -30.2715548 0.4876444678
477 -30.76941704 0.4790774474
478 -31.28361711 0.4703151665
479 -31.81436161 0.4613646665
480 -32.36178019 0.4522348821
481 -32.92591644 0.4429367133
482 -33.50671919 0.4334830624
483 -34.10403507 0.4238888269
484 -34.71760236 0.4141708459
485 -35.34704666 0.4043477938
486 -35.99187875 0.3944400201
487 -36.65149481 0.3844693375
488 -37.32517931 0.3744587587
489 -38.01211068 0.3644321912
490 -38.71136962 0.3544140957
491 -39.42195012 0.3444291222
492 -40.14277268 0.3345017331
493 -40.87269958 0.3246558295
494 -41.61055153 0.314914393
495 -42.35512527 0.3052991552
496 -43.10521149 0.2958303069
497 -43.85961245 0.2865262552
498 -44.61715881 0.2774034352
499 -45.37672509 0.2684761782
500 -46.13724346 0.2597566388
501 -46.89771541 0.2512547759
502 -47.65722119 0.2429783864
503 -48.41492683 0.2349331826
504 -49.17008881 0.2271229081
505 -49.92205637 0.2195494832
506 -50.67027157 0.2122131729
507 -51.41426739 0.20511277
508 -52.15366389 0.1982457856
509 -52.88816278 0.1916086422
510 -53.6175406 0.1851968644
511 -54.34164068 0.1790052615
512 -55.06036409 0.1730281013
513 -55.77365983 0.1672592707
514 -56.4815144 0.1616924228
515 -57.18394097 0.1563211085
516 -57.8809683 0.1511388923
517 -58.57262965 0.1461394522
518 -59.2589518 0.1413166632
519 -59.93994451 0.1366646645
520 -60.61559051 0.1321779112
521 -61.28583637 0.1278512105
522 -61.95058436 0.1236797428
523 -62.60968574 0.1196590689
524 -63.26293543 0.1157851244
525 -63.91006847 0.1120542019
526 -64.55075836 0.1084629228
527 -65.18461732 0.1050082012
528 -65.81119864 0.1016871999
529 -66.43000087 0.09849728283
530 -67.04047399 0.09543596464
531 -67.64202722 0.09250085987
532 -68.23403814 0.08968963414
533 -68.81586303 0.08699995877
534 -69.38684786 0.08442947063
535 -69.94633971 0.08197573831
536 -70.49369805 0.07963623539
537 -71.02830577 0.07740832128
538 -71.54957941 0.07528922957
539 -72.05697841 0.07327606353
540 -72.55001313 0.07136579816
541 -73.02825156 0.06955528799
542 -73.49132449 0.06784127953
543 -73.93892917 0.06622042741
544 -74.37083157 0.06468931318
545 -74.78686715 0.06324446561
546 -75.18694038 0.06188238188
547 -75.5710231 0.0605995485
548 -75.93915188 0.05939246171
549 -76.29142454 0.05825764654
550 -76.62799599 0.05719167424
551 -76.94907364 0.05619117802
552 -77.25491241 0.05525286659
553 -77.54580954 0.05437353584
554 -77.8220994 0.05355007835
555 -78.08414821 0.05277949109
556 -78.33234905 0.05205888115
557 -78.56711688 0.05138546996
558 -78.78888403 0.05075659584
559 -78.99809579 0.05016971535
560 -79.19520649 0.04962240341
561 -79.38067581 0.0491123524
562 -79.55496552 0.04863737051
563 -79.71853655 0.04819537931
564 -79.8718464 0.04778441083
565 -80.01534687 0.04740260417
566 -80.14948217 0.04704820178
567 -80.27468723 0.04671954552
568 -80.39138636 0.0464150725
569 -80.49999215 0.04613331095
570 -80.60090454 0.04587287589
571 -80.69451022 0.04563246497
572 -80.78118206 0.0454108542
573 -80.86127884 0.04520689392
574 -80.93514503 0.04501950475
575 -81.00311074 0.0448476737
576 -81.06549179 0.04469045045
577 -81.12258981 0.04454694372
578 -81.17469247 0.04441631784
579 -81.22207376 0.04429778943
580 -81.26499433 0.04419062429
581 -81.30370184 0.04409413441
582 -81.33843138 0.0440076751
583 -81.36940589 0.0439306424
584 -81.39683661 0.04386247045
585 -81.42092352 0.0438026292
586 -81.44185584 0.0437506221
587 -81.45981245 0.04370598399
588 -81.47496238 0.04366827914
589 -81.48746525 0.04363709937
590 -81.49747174 0.04361206226
591 -81.50512399 0.04359280955
592 -81.51055606 0.04357900559
593 -81.51389435 0.04357033584
594 -81.51525796 0.0435665056
595 -81.51475911 0.04356723868
596 -81.51250349 0.04357227621
597 -81.50859064 0.04358137558
598 -81.50311425 0.04359430935
599 -81.49616252 0.0436108643
600 -81.48781847 0.04363084054
601 -81.47816018 0.0436540506
602 -81.46726115 0.0436803187
603 -81.45519051 0.04370947998
604 -81.44201326 0.0437413798
605 -81.42779058 0.04377587312
606 -81.41257998 0.04381282386
607 -81.39643553 0.04385210435
608 -81.37940811 0.0438935948
609 -81.36154552 0.0439371828
610 -81.34289273 0.04398276289
611 -81.323492 0.04403023606
612 -81.30338308 0.04407950943
613 -81.28260332 0.04413049581
614 -81.26118784 0.04418311336
615 -81.23916963 0.04423728528
616 -81.21657972 0.04429293953
617 -81.19344718 0.04435000862
618 -81.16979868 0.04440843055
619 -81.14565325 0.04446815946
620 -81.12097345 0.04452926538
621 -81.09521614 0.0445928535
622 -81.06320848 0.044669516
623 -80.97730631 0.04485714382
624 -80.40041549 0.04606863938
625 -75.33940479 0.05786373103
626 -30.96557161 0.3023418139
627 37.44293757 0.9989269243
628 38.53206128 0.9999419449
629 37.22606107 0.9999278366
630 34.9314216 0.9998909307
631 31.87766551 0.9998094993
632 28.37246477 0.999637684
633 24.70296489 0.9992913215
634 21.07000886 0.9986314216
635 17.59462972 0.9974542915
636 14.34544179 0.9955012018
637 11.36021587 0.9924991021
638 8.657516789 0.9882300492
639 6.241894135 0.9826047643
640 4.1064984 0.9757037215
641 2.235403325 0.9677633482
642 0.6063309039 0.9591164063
643 -0.8064668487 0.9501177106
644 -2.029664762 0.9410845919
645 -3.088985772 0.9322648691
646 -4.0080468 0.9238296691
647 -4.807810089 0.9158817228
648 -5.506458117 0.9084701152
649 -6.119523374 0.9016056111
650 -6.660147029 0.8952737288
651 -7.139384618 0.88944474
652 -7.566511426 0.8840807794
653 -7.949303501 0.8791406231
654 -8.294284479 0.8745827376
655 -8.606936356 0.8703671168
656 -8.891876385 0.8664563009
657 -9.153003979 0.8628158647
658 -9.393621966 0.8594145706
659 -9.616536379 0.8562243199
660 -9.824138507 0.8532199896
661 -10.0184724 0.8503792097
662 -10.20129051 0.8476821161
663 -10.37409963 0.8451111014
664 -10.53819894 0.8426505738
665 -10.69471165 0.8402867326
666 -10.84461137 0.8380073631
667 -10.98874411 0.8358016504
668 -11.1278468 0.833660014
669 -11.26256288 0.8315739594
670 -11.39345541 0.8295359481
671 -11.52101827 0.8275392823
672 -11.64568556 0.8255780032
673 -11.76783973 0.8236468021
674 -11.88781843 0.821740942
675 -12.00592048 0.8198561887
676 -12.12241086 0.8179887507
677 -12.23752517 0.816135226
678 -12.35147335 0.8142925554
679 -12.46444295 0.8124579817
680 -12.57660199 0.8106290136
681 -12.68810137 0.8088033939
682 -12.79907708 0.8069790714
683 -12.90965198 0.8051541763
684 -13.0199375 0.8033269985
685 -13.13003504 0.8014959679
686 -13.24003724 0.7996596376
687 -13.35002906 0.7978166687
688 -13.46008875 0.7959658164
689 -13.57028875 0.7941059186
690 -13.68069638 0.7922358846
691 -13.79137458 0.7903546856
692 -13.90238246 0.7884613464
693 -14.01377585 0.7865549375
694 -14.12560777 0.7846345679
695 -14.23792888 0.7826993791
696 -14.35078784 0.7807485392
697 -14.46423164 0.7787812377
698 -14.57830598 0.7767966808
699 -14.69305548 0.7747940871
700 -14.808524 0.7727726831
701 -14.92475484 0.7707316999
702 -15.04179102 0.7686703696
703 -15.15967541 0.7665879217
704 -15.278451 0.7644835803
705 -15.39816105 0.7623565608
706 -15.51884927 0.7602060673
707 -15.64056 0.7580312896
708 -15.76333835 0.7558314004
709 -15.88723039 0.7536055531
710 -16.0122833 0.7513528787
711 -16.1385455 0.7490724832
712 -16.26606686 0.7467634454
713 -16.39489878 0.7444248138
714 -16.52509444 0.7420556039
715 -16.65670886 0.739654796
716 -16.78979917 0.7372213319
717 -16.9244247 0.7347541121
718 -17.06064716 0.732251993
719 -17.1985309 0.729713784
720 -17.338143 0.7271382438
721 -17.47955353 0.7245240777
722 -17.62283574 0.7218699336
723 -17.76806626 0.7191743992
724 -17.91532536 0.7164359975
725 -18.06469719 0.7136531833
726 -18.21627 0.7108243391
727 -18.37013644 0.7079477711
728 -18.52639382 0.7050217043
729 -18.68514444 0.7020442782
730 -18.84649589 0.699013542
731 -19.01056137 0.6959274496
732 -19.17746008 0.6927838543
733 -19.34731755 0.6895805036
734 -19.52026609 0.6863150337
735 -19.69644514 0.6829849635
736 -19.87600178 0.6795876893
737 -20.05909111 0.6761204783
738 -20.24587683 0.672580463
739 -20.43653164 0.6689646352
740 -20.63123786 0.6652698398
741 -20.83018792 0.6614927693
742 -21.03358495 0.6576299578
743 -21.24164337 0.6536777761
744 -21.45458945 0.6496324267
745 -21.67266199 0.6454899398
746 -21.89611287 0.6412461697
747 -22.12520767 0.6368967929
748 -22.36022629 0.6324373072
749 -22.60146353 0.6278630322
750 -22.8492296 0.6231691124
751 -23.10385066 0.6183505222
752 -23.3656692 0.6134020747
753 -23.6350444 0.6083184326
754 -23.91235237 0.603094125
755 -24.19798618 0.5977235671
756 -24.4923558 0.592201087
757 -24.79588773 0.5865209575
758 -25.10902446 0.5806774365
759 -25.43222355 0.5746648136
760 -25.76595637 0.5684774674
761 -26.11070643 0.5621099309
762 -26.46696719 0.5555569685
763 -26.83523939 0.5488136632
764 -27.21602772 0.541875516
765 -27.60983685 0.534738556
766 -28.01716676 0.5273994624
767 -28.43850728 0.5198556969
768 -28.87433195 0.5121056448
769 -29.32509097 0.5041487637
770 -29.79120357 0.4959857363
771 -30.27304956 0.4876186235
772 -30.77096038 0.4790510136
773 -31.28520974 0.4702881622
774 -31.81600399 0.4613371166
775 -32.36347257 0.4522068168
776 -32.92765877 0.4429081691
777 -33.50851116 0.4334540814
778 -34.10587604 0.4238594573
779 -34.71949136 0.4141411413
780 -35.34898241 0.4043178129
781 -35.9938596 0.3944098265
782 -36.65351879 0.3844389984
783 -37.32724414 0.3744283445
784 -38.01421376 0.3644017742
785 -38.7135081 0.3543837494
786 -39.4241209 0.3443989199
787 -40.14497247 0.3344717469
788 -40.87492496 0.3246261293
789 -41.61279897 0.3148850454
790 -42.3573912 0.3052702224
791 -43.10749236 0.2958018463
792 -43.86190476 0.2864983184
793 -44.61945917 0.2773760677
794 -45.37903028 0.2684494193
795 -46.13955043 0.259730521
796 -46.90002134 0.2512293254
797 -47.65952349 0.242953623
798 -48.4172232 0.2349091201
799 -49.1723772 0.2270995547
800 -49.924335 0.2195268418
801 -50.67253896 0.2121912419
802 -51.4165223 0.2050915436
803 -52.15590532 0.1982252546
804 -52.89038999 0.1915887945
805 -53.61975305 0.1851776854
806 -54.34383801 0.1789867348
807 -55.06254609 0.1730102091
808 -55.77582642 0.1672419944
809 -56.4836656 0.1616757433
810 -57.18607685 0.1563050065
811 -57.88308897 0.1511233488
812 -58.57473521 0.1461244487
813 -59.26104231 0.1413021818
814 -59.94201996 0.1366506882
815 -60.6176508 0.1321644241
816 -61.28788127 0.1278381977
817 -61.95261351 0.1236671905
818 -62.6116986 0.1196469646
819 -63.26493127 0.1157734566
820 -63.91204641 0.11204296
821 -64.5527173 0.1084520975
822 -65.186556 0.1049977836
823 -65.8131156 0.101677182
824 -66.43189451 0.09848765716
825 -67.04234257 0.09542672404
826 -67.64386887 0.09249199745
827 -68.2358509 0.08968114307
828 -68.81764491 0.08699183218
829 -69.38859685 0.0844217015
830 -69.94805379 0.08196831936
831 -70.49537526 0.07962915903
832 -71.02994425 0.07740157955
833 -71.55117738 0.07528281411
834 -72.05853423 0.07326996558
835 -72.55152534 0.07136000859
836 -73.02971888 0.0695497973
837 -73.49274581 0.06783607792
838 -73.9403036 0.06621550483
839 -74.37215841 0.06468465935
840 -74.78814593 0.06324007014
841 -75.18817082 0.06187823427
842 -75.57220514 0.06059563826
843 -75.94028564 0.05938877839
844 -76.29251031 0.05825417978
845 -76.62903425 0.05718841385
846 -76.95006502 0.05618811398
847 -77.25585767 0.05524998913
848 -77.54670957 0.05437083545
849 -77.8229552 0.05354754582
850 -78.08496088 0.05277711751
851 -78.33311975 0.05205665795
852 -78.56784685 0.05138338889
853 -78.78957456 0.05075464903
854 -78.99874821 0.05016789526
855 -79.19582215 0.04962070284
856 -79.38125608 0.04911076451
857 -79.55551177 0.04863588879
858 -79.71905016 0.04819399759
859 -79.87232872 0.04778312326
860 -80.01579926 0.04740140523
861 -80.14990596 0.04704708623
862 -80.2750837 0.04671850842
863 -80.39175679 0.0464141092
864 -80.50033777 0.04613241706
865 -80.60122655 0.04587204727
866 -80.69480977 0.04563169772
867 -80.78146028 0.04541014466
868 -80.8615368 0.04520623865
869 -80.93538376 0.0450189005
870 -81.00333125 0.04484711744
871 -81.06569502 0.04468993931
872 -81.12277667 0.04454647501
873 -81.17486383 0.04441588905
874 -81.22223045 0.04429739819
875 -81.26513713 0.04419026839
876 -81.30383151 0.04409381175
877 -81.33854863 0.04400738373
878 -81.3695114 0.04393038048
879 -81.39693102 0.04386223627
880 -81.42100744 0.04380242114
881 -81.44192985 0.04375043864
882 -81.4598771 0.04370582371
883 -81.47501818 0.04366814071
884 -81.48751269 0.04363698153
885 -81.49751128 0.04361196384
