0 -76.05849287 0.0590058143
1 -76.40552338 0.0578942977
2 -76.73691659 0.05685049353
3 -77.05289601 0.05587105966
4 -77.35373101 0.05495273338
5 -77.63973156 0.05409234239
6 -77.91124304 0.05328681375
7 -78.16864105 0.05253318087
8 -78.41232637 0.05182858877
9 -78.64272018 0.05117029775
10 -78.86025952 0.05055568552
11 -79.0653931 0.04998224812
12 -79.25857738 0.04944759972
13 -79.4402731 0.04894947145
14 -79.61094208 0.04848570949
15 -79.77104438 0.04805427244
16 -79.92103589 0.04765322828
17 -80.06136612 0.04728075084
18 -80.19247639 0.046935116
19 -80.31479829 0.04661469768
20 -80.42875239 0.04631796367
21 -80.5347472 0.04604347147
22 -80.63317838 0.04578986395
23 -80.72442809 0.0455558652
24 -80.80886462 0.04534027633
25 -80.88684202 0.04514197142
26 -80.95870005 0.04495989351
27 -81.02476409 0.04479305082
28 -81.08534524 0.04464051299
29 -81.14074051 0.04450140756
30 -81.19123303 0.04437491655
31 -81.23709232 0.04426027325
32 -81.27857471 0.04415675909
33 -81.31592365 0.04406370074
34 -81.34937016 0.04398046732
35 -81.37913327 0.04390646778
36 -81.40542043 0.04384114842
37 -81.42842802 0.04378399055
38 -81.44834176 0.04373450826
39 -81.46533724 0.0436922464
40 -81.47958031 0.04365677858
41 -81.49122757 0.04362770538
42 -81.50042683 0.04360465258
43 -81.50731749 0.0435872696
44 -81.51203104 0.04357522797
45 -81.51469139 0.0435682199
46 -81.51541532 0.04356595697
47 -81.51431285 0.04356816889
48 -81.51148758 0.04357460233
49 -81.50703706 0.04358501984
50 -81.50105313 0.04359919882
51 -81.49362223 0.04361693058
52 -81.48482569 0.04363801946
53 -81.47474006 0.04366228198
54 -81.46343733 0.04368954608
55 -81.45098524 0.04371965038
56 -81.4374475 0.04375244352
57 -81.42288402 0.0437877835
58 -81.40735115 0.04382553712
59 -81.39090187 0.04386557939
60 -81.37358601 0.04390779305
61 -81.35545042 0.04395206806
62 -81.33653914 0.04399830115
63 -81.31689356 0.04404639541
64 -81.29655263 0.04409625991
65 -81.27555292 0.04414780927
66 -81.25392884 0.04420096339
67 -81.23171271 0.04425564709
68 -81.2089349 0.04431178985
69 -81.18562379 0.04436932579
70 -81.16180464 0.04442819597
71 -81.13748825 0.04448837153
72 -81.11256585 0.04455006851
73 -81.08584372 0.04461572424
74 -81.04618247 0.04470816995
75 -80.89120479 0.0450382959
76 -79.68244828 0.04760521278
77 -68.88987499 0.07654668307
78 14.94465887 0.7893675459
79 38.45919197 0.9998924133
80 38.20825091 0.9999391374
81 36.53607895 0.9999183798
82 33.9489553 0.9998695706
83 30.70319089 0.9997637229
84 27.11275217 0.9995436379
85 23.43769183 0.9991079871
86 19.8486021 0.9982958719
87 16.44537463 0.9968820964
88 13.28408782 0.9945966577
89 10.39499163 0.9911767223
90 7.791427211 0.9864413149
91 5.473759935 0.9803576881
92 3.431726539 0.9730645279
93 1.646881688 0.9648397444
94 0.09543045036 0.9560318585
95 -1.248953959 0.9469881858
96 -2.412793406 0.9380042803
97 -3.421181018 0.9293013147
98 -4.296854826 0.921025389
99 -5.05981626 0.9132589358
100 -5.727310209 0.9060361623
101 -6.314011171 0.8993577933
102 -6.832305439 0.8932031096
103 -7.292600649 0.8875389004
104 -7.703624611 0.8823256995
105 -8.072695131 0.8775219011
106 -8.405954348 0.8730863386
107 -8.708567455 0.8689798004
108 -8.984888763 0.8651658384
109 -9.238599266 0.8616111219
110 -9.472820038 0.8582855085
111 -9.690205504 0.8551619486
112 -9.893020144 0.8522162957
113 -10.08320162 0.8494270724
114 -10.26241285 0.8467752212
115 -10.43208502 0.8442438563
116 -10.59345332 0.8418180281
117 -10.7475866 0.8394845052
118 -10.89541211 0.8372315757
119 -11.03773632 0.8350488683
120 -11.17526228 0.8329271925
121 -11.3086043 0.8308583978
122 -11.43830042 0.8288352476
123 -11.56482289 0.8268513098
124 -11.68858717 0.8249008593
125 -11.80995951 0.8229787926
126 -11.92926356 0.8210805536
127 -12.04678592 0.8192020669
128 -12.16278099 0.817339681
129 -12.27747512 0.8154901169
130 -12.39107019 0.8136504239
131 -12.50374672 0.8118179401
132 -12.61566657 0.8099902583
133 -12.72697526 0.8081651952
134 -12.83780408 0.8063407646
135 -12.94827176 0.8045151541
136 -13.05848615 0.8026867037
137 -13.16854548 0.8008538876
138 -13.27853963 0.7990152977
139 -13.38855117 0.7971696287
140 -13.49865624 0.7953156656
141 -13.60892544 0.7934522718
142 -13.71942453 0.791578379
143 -13.83021506 0.7896929777
144 -13.94135496 0.7877951091
145 -14.05289906 0.7858838575
146 -14.16489951 0.7839583437
147 -14.27740625 0.7820177189
148 -14.39046733 0.780061159
149 -14.50412929 0.7780878596
150 -14.61843741 0.7760970315
151 -14.73343605 0.7740878963
152 -14.84916884 0.7720596824
153 -14.96567897 0.7700116214
154 -15.0830094 0.7679429447
155 -15.20120304 0.7658528801
156 -15.32030295 0.7637406488
157 -15.44035254 0.7616054626
158 -15.56139572 0.7594465205
159 -15.6834771 0.7572630067
160 -15.80664211 0.7550540873
161 -15.93093719 0.752818908
162 -16.05640996 0.7505565912
163 -16.18310933 0.7482662338
164 -16.31108569 0.7459469038
165 -16.44039105 0.7435976386
166 -16.57107922 0.7412174416
167 -16.70320596 0.7388052797
168 -16.83682914 0.7363600805
169 -16.97200891 0.7338807294
170 -17.1088079 0.7313660666
171 -17.24729139 0.7288148838
172 -17.38752749 0.7262259214
173 -17.52958736 0.723597865
174 -17.67354543 0.7209293416
175 -17.81947958 0.7182189166
176 -17.96747142 0.7154650894
177 -18.11760649 0.7126662899
178 -18.26997458 0.7098208744
179 -18.42466993 0.7069271207
180 -18.58179157 0.7039832246
181 -18.74144364 0.7009872943
182 -18.90373564 0.697937346
183 -19.06878285 0.694831299
184 -19.23670665 0.69166697
185 -19.4076349 0.6884420681
186 -19.58170236 0.6851541887
187 -19.75905111 0.6818008086
188 -19.93983099 0.6783792793
189 -20.12420007 0.6748868215
190 -20.31232513 0.671320519
191 -20.50438221 0.6676773127
192 -20.70055709 0.6639539947
193 -20.90104589 0.6601472026
194 -21.10605564 0.6562534139
195 -21.31580484 0.652268941
196 -21.53052408 0.6481899265
197 -21.75045667 0.6440123393
198 -21.97585921 0.6397319719
199 -22.20700223 0.6353444383
200 -22.44417078 0.630845174
201 -22.68766497 0.6262294371
202 -22.93780054 0.6214923122
203 -23.19490929 0.6166287166
204 -23.45933951 0.6116334099
205 -23.73145626 0.6065010068
206 -24.01164153 0.6012259946
207 -24.30029429 0.5958027559
208 -24.59783029 0.5902255967
209 -24.90468163 0.5844887811
210 -25.22129613 0.5785865741
211 -25.54813623 0.5725132915
212 -25.88567765 0.56626336
213 -26.23440754 0.5598313871
214 -26.59482209 0.553212241
215 -26.96742366 0.5464011423
216 -27.35271723 0.5393937672
217 -27.75120616 0.5321863618
218 -28.16338732 0.5247758677
219 -28.58974532 0.5171600576
220 -29.03074606 0.5093376796
221 -29.48682953 0.5013086073
222 -29.95840181 0.4930739929
223 -30.44582648 0.4846364202
224 -30.94941553 0.4760000501
225 -31.46941981 0.4671707562
226 -32.00601949 0.4581562417
227 -32.55931455 0.4489661311
228 -33.12931572 0.4396120312
229 -33.71593628 0.4301075527
230 -34.31898496 0.4204682873
231 -34.93816045 0.4107117353
232 -35.57304781 0.4008571808
233 -36.2231171 0.3909255129
234 -36.88772459 0.3809389951
235 -37.56611658 0.3709209866
236 -38.25743602 0.360895623
237 -38.96073181 0.3508874663
238 -39.67497062 0.3409211343
239 -40.39905087 0.3310209245
240 -41.13181855 0.3212104438
241 -41.87208426 0.3115122592
242 -42.61864095 0.3019475806
243 -43.37028183 0.2925359861
244 -44.12581771 0.283295198
245 -44.88409344 0.2742409145
246 -45.64400281 0.2653866984
247 -46.40450156 0.2567439243
248 -47.16461834 0.2483217785
249 -47.92346325 0.2401273086
250 -48.68023409 0.2321655155
251 -49.43422012 0.2244394804
252 -50.1848036 0.2169505192
253 -50.93145916 0.2096983561
254 -51.67375114 0.2026813101
255 -52.41132925 0.195896487
256 -53.14392259 0.1893399718
257 -53.87133237 0.1830070171
258 -54.59342354 0.1768922227
259 -55.31011545 0.1709897047
260 -56.0213718 0.1652932519
261 -56.72719007 0.1597964669
262 -57.42759058 0.1544928927
263 -58.12260539 0.1493761225
264 -58.81226726 0.1444398943
265 -59.49659876 0.139678168
266 -60.1756019 0.1350851879
267 -60.84924841 0.1306555286
268 -61.51747094 0.1263841256
269 -62.18015534 0.1222662923
270 -62.83713442 0.1182977218
271 -63.4881832 0.1144744777
272 -64.13301602 0.1107929719
273 -64.77128551 0.1072499339
274 -65.40258353 0.1038423718
275 -66.02644419 0.1005675266
276 -66.64234874 0.0974228234
277 -67.24973227 0.09440582081
278 -67.84799205 0.09151416039
279 -68.43649708 0.08874551884
280 -69.0145987 0.08609756423
281 -69.5816418 0.08356791783
282 -70.13697616 0.0811541226
283 -70.67996781 0.07885361901
284 -71.2100097 0.07666372842
285 -71.72653174 0.07458164388
286 -72.22900959 0.07260442793
287 -72.7169723 0.07072901673
288 -73.19000846 0.0689522295
289 -73.6477709 0.06727078236
290 -74.08997985 0.06568130551
291 -74.5164247 0.0641803626
292 -74.92696434 0.06276447151
293 -75.32152625 0.06143012547
294 -75.7001045 0.06017381392
295 -76.0627568 0.0589920425
296 -76.40960081 0.05788135159
297 -76.74080977 0.05683833326
298 -77.05660778 0.05585964618
299 -77.3572647 0.05494202867
300 -77.64309097 0.05408230954
301 -77.91443237 0.05327741705
302 -78.17166482 0.05252438588
303 -78.41518938 0.0518203624
304 -78.64542745 0.05116260827
305 -78.86281624 0.05054850259
306 -79.06780457 0.04997554279
307 -79.26084899 0.04944134442
308 -79.44241028 0.04894363998
309 -79.61295024 0.04848027696
310 -79.77292894 0.04804921531
311 -79.92280217 0.04764852425
312 -80.06301938 0.04727637883
313 -80.19402179 0.04693105613
314 -80.31624086 0.04661093117
315 -80.43009704 0.04631447286
316 -80.53599869 0.0460402397
317 -80.63434132 0.04578687555
318 -80.72550694 0.04555310545
319 -80.80986365 0.04533773138
320 -80.88776536 0.04513962826
321 -80.95955165 0.04495773994
322 -81.02554774 0.04479107536
323 -81.08606457 0.04463870487
324 -81.14139897 0.04449975669
325 -81.1918339 0.04437341347
326 -81.23763875 0.04425890907
327 -81.27906968 0.04415552548
328 -81.31637 0.04406258989
329 -81.34977058 0.04397947192
330 -81.37949031 0.04390558097
331 -81.40573651 0.04384036376
332 -81.42870543 0.04378330201
333 -81.44858267 0.0437339102
334 -81.46554369 0.04369173351
335 -81.47975424 0.0436563459
336 -81.49137081 0.04362734824
337 -81.50054111 0.04360436663
338 -81.50740444 0.04358705075
339 -81.51209219 0.04357507238
340 -81.5147282 0.04356812398
341 -81.51542916 0.04356591734
342 -81.514305 0.04356818239
343 -81.51145926 0.043574666
344 -81.50698941 0.04358513088
345 -81.50098723 0.04359935462
346 -81.4935391 0.0436171287
347 -81.48472629 0.0436382576
348 -81.47462528 0.04366255798
349 -81.46330802 0.04368985792
350 -81.4508422 0.04371999617
351 -81.43729148 0.04375282146
352 -81.42271573 0.04378819193
353 -81.40717125 0.04382597446
354 -81.39071099 0.04386604416
355 -81.37338474 0.04390828387
356 -81.3552393 0.04395258363
357 -81.3363187 0.04399884024
358 -81.3166643 0.04404695688
359 -81.296315 0.04409684268
360 -81.27530736 0.04414841232
361 -81.25367576 0.04420158578
362 -81.23145249 0.04425628793
363 -81.2086679 0.04431244829
364 -81.18535035 0.04437000104
365 -81.16152508 0.0444288873
366 -81.13720287 0.04448907825
367 -81.11227489 0.04455079004
368 -81.08554712 0.04461646069
369 -81.0458773 0.04470892763
370 -80.89086107 0.04503914007
371 -79.68177989 0.04760680232
372 -68.88622384 0.07655876001
373 14.96178194 0.7895421339
374 38.45942803 0.9998924702
375 38.20813327 0.9999391363
376 36.53586695 0.9999183767
377 33.94869682 0.9998695643
378 30.7029409 0.9997637118
379 27.11255649 0.9995436208
380 23.43757743 0.9991079668
381 19.84857957 0.9982958613
382 16.44544379 0.996882127
383 13.28424223 0.9945967881
384 10.39522153 0.9911770403
385 7.791721412 0.9864419297
386 5.474107152 0.9803587126
387 3.432116395 0.9730660581
388 1.647305336 0.9648418449
389 0.09588082805 0.9560345588
390 -1.248482173 0.9469914852
391 -2.412304023 0.9380081574
392 -3.420676652 0.9293057367
393 -4.296337196 0.9210303189
394 -5.059286454 0.913264337
395 -5.726768892 0.9060420011
396 -6.313458737 0.8993640398
397 -6.831742117 0.8932097374
398 -7.292026578 0.8875458871
399 -7.703039888 0.8823330254
400 -8.072099839 0.8775295492
401 -8.405348575 0.873094294
402 -8.7079513 0.8689880498
403 -8.984262344 0.86517437
404 -9.237962719 0.8616199249
405 -9.472173514 0.8582945733
406 -9.68954917 0.8551712663
407 -9.892354178 0.852225858
408 -10.08252621 0.8494368719
409 -10.26172818 0.8467852509
410 -10.43139129 0.8442541097
411 -10.59275071 0.8418284992
412 -10.7468753 0.8394951887
413 -10.89469232 0.8372424663
414 -11.03700821 0.8350599614
415 -11.17452601 0.8329384838
416 -11.30786004 0.8308698833
417 -11.43754831 0.8288469239
418 -11.56406309 0.8268631736
419 -11.68781978 0.8249129076
420 -11.80918467 0.8229910229
421 -11.92848137 0.8210929636
422 -12.04599647 0.8192146547
423 -12.16198436 0.8173524448
424 -12.27667139 0.8155030553
425 -12.3902594 0.8136635358
426 -12.50292892 0.8118312247
427 -12.61484178 0.8100037148
428 -12.72614353 0.8081788232
429 -12.83696539 0.8063545641
430 -12.94742612 0.8045291251
431 -13.05763354 0.8027008465
432 -13.16768588 0.8008682028
433 -13.277673 0.799029786
434 -13.38767745 0.7971842911
435 -13.49777538 0.7953305032
436 -13.60803737 0.7934672861
437 -13.71852916 0.7915935716
438 -13.82931231 0.7897083503
439 -13.94044471 0.7878106638
440 -14.0519812 0.7858995965
441 -14.16397392 0.7839742695
442 -14.27647278 0.7820338341
443 -14.38952585 0.7800774665
444 -14.50317962 0.7781043624
445 -14.61747939 0.7761137329
446 -14.73246948 0.7741047998
447 -14.84819354 0.7720767918
448 -14.96469473 0.7700289406
449 -15.082016 0.767960478
450 -15.20020023 0.7658706319
451 -15.31929049 0.7637586238
452 -15.43933017 0.7616236657
453 -15.56036316 0.7594649571
454 -15.68243406 0.7572816822
455 -15.80558828 0.7550730076
456 -15.92987225 0.7528380792
457 -16.05533356 0.7505760197
458 -16.18202112 0.7482859263
459 -16.30998528 0.7459668675
460 -16.43927805 0.7436178809
461 -16.56995322 0.7412379703
462 -16.70206651 0.7388261031
463 -16.83567577 0.7363812072
464 -16.97084114 0.7339021685
465 -17.10762523 0.7313878275
466 -17.24609327 0.7288369767
467 -17.38631336 0.7262483567
468 -17.52835663 0.7236206537
469 -17.67229747 0.7209524953
470 -17.81821373 0.7182424474
471 -17.96618698 0.7154890101
472 -18.11630274 0.7126906139
473 -18.26865074 0.7098456157
474 -18.4233252 0.7069522943
475 -18.5804251 0.7040088459
476 -18.74005452 0.7010133796
477 -18.90232292 0.6979639125
478 -19.06734554 0.6948583647
479 -19.23524369 0.6916945539
480 -19.40614517 0.6884701899
481 -19.5801847 0.6851828695
482 -19.75750428 0.6818300703
483 -19.93825367 0.6784091449
484 -20.12259089 0.6749173152
485 -20.31068263 0.6713516661
486 -20.50270484 0.66770914
487 -20.69884323 0.66398653
488 -20.89929383 0.6601804753
489 -21.10426356 0.6562874546
490 -21.31397083 0.6523037818
491 -21.52864613 0.6482256009
492 -21.74853264 0.6440488823
493 -21.97388686 0.6397694201
494 -22.2049792 0.6353828297
495 -22.44209457 0.630884548
496 -22.68553297 0.6262698348
497 -22.93560999 0.621533776
498 -23.1926573 0.6166712904
499 -23.45702304 0.6116771387
500 -23.72907214 0.6065459367
501 -24.00918644 0.6012721727
502 -24.29776477 0.5958502301
503 -24.59522273 0.5902744152
504 -24.90199231 0.5845389925
505 -25.21852118 0.5786382265
506 -25.54527167 0.5725664323
507 -25.88271942 0.5663180353
508 -26.23135146 0.5598876411
509 -26.59166393 0.5532701151
510 -26.96415916 0.5464606746
511 -27.34934212 0.5394549912
512 -27.74771623 0.5322493056
513 -28.15977842 0.5248405528
514 -28.58601343 0.5172264979
515 -29.02688738 0.5094058798
516 -29.48284049 0.5013785619
517 -29.95427917 0.493145685
518 -30.44156743 0.4847098196
519 -30.94501769 0.476075113
520 -31.46488141 0.4672474236
521 -32.00133939 0.4582344385
522 -32.55449231 0.4490457657
523 -33.12435171 0.4396929951
524 -33.71083172 0.4301897204
525 -34.31374198 0.4205515168
526 -34.93278215 0.4107958689
527 -35.56753822 0.4009420467
528 -36.21748126 0.3910109266
529 -36.88196846 0.3810247615
530 -37.56024703 0.371006903
531 -38.25146075 0.3609814817
532 -38.95465927 0.3509730575
533 -39.66880989 0.3410062497
534 -40.39281155 0.3311053602
535 -41.1255106 0.3212940033
536 -41.86571786 0.3115947564
537 -42.61222634 0.3020288424
538 -43.36382917 0.2926158541
539 -44.11933695 0.2833735306
540 -44.87759417 0.2743175877
541 -45.63749413 0.2654616069
542 -46.39799202 0.2568169813
543 -47.1581158 0.2483929156
544 -47.91697488 0.2401964752
545 -48.67376627 0.2322326781
546 -49.42777846 0.2245046209
547 -50.17839294 0.2170136339
548 -50.92508353 0.209759454
549 -51.66741386 0.2027404111
550 -52.40503292 0.1959536207
551 -53.13766917 0.1893951756
552 -53.86512325 0.1830603346
553 -54.58725962 0.1769437022
554 -55.30399719 0.171039398
555 -56.01529934 0.165341213
556 -56.72116331 0.1598427507
557 -57.42160928 0.1545375541
558 -58.11666926 0.1494192157
559 -58.80637604 0.1444814717
560 -59.49075233 0.1397182799
561 -60.16980036 0.1351238821
562 -60.84349216 0.1306928497
563 -61.51176072 0.1264201153
564 -62.17449235 0.1223009888
565 -62.83152032 0.1183311603
566 -63.48262015 0.1145066902
567 -64.12750672 0.1108239876
568 -64.76583317 0.1072797796
569 -65.39719188 0.1038710719
570 -66.02111742 0.1005951037
571 -66.63709148 0.09744929896
572 -67.24454951 0.09443121521
573 -67.84288906 0.09153849356
574 -68.43147933 0.08876881058
575 -69.00967179 0.08611983457
576 -69.57681131 0.08358918734
577 -70.13224761 0.0811744126
578 -70.67534653 0.07887295178
579 -71.20550076 0.07668212729
580 -71.72213986 0.07459913327
581 -72.22473907 0.07262103336
582 -72.71282697 0.07074476476
583 -73.18599162 0.06896714762
584 -73.64388529 0.06728489887
585 -74.08622763 0.06569464936
586 -74.51280746 0.06419296323
587 -74.92348306 0.06277635865
588 -75.31818134 0.06144132896
589 -75.69689581 0.06018436359
590 -76.05968367 0.05900196793
591 -76.40666206 0.05789068203
592 -76.73800379 0.05684709743
593 -77.05393252 0.05586787222
594 -77.35471776 0.05494974397
595 -77.64066962 0.0540895407
596 -77.91213358 0.05328418979
597 -78.16948534 0.05253072502
598 -78.41312574 0.05182629178
599 -78.64347604 0.05116815076
600 -78.86097332 0.05055368005
601 -79.06606632 0.04998037608
602 -79.25921153 0.0494458534
603 -79.44086969 0.04894784353
604 -79.61150262 0.04848419302
605 -79.7715704 0.04805286084
606 -79.92152886 0.04765191533
607 -80.06182752 0.04727953064
608 -80.19290766 0.046933983
609 -80.31520083 0.04661364663
610 -80.42912757 0.04631698964
611 -80.53509636 0.0460425698
612 -80.6335028 0.04578903026
613 -80.72472902 0.04555509538
614 -80.80914325 0.04533956652
615 -80.88709951 0.04514131798
616 -80.95893749 0.04495929303
617 -81.02498255 0.0447925001
618 -81.08554573 0.04464000902
619 -81.140924 0.04450094751
620 -81.19140043 0.04437449779
621 -81.23724451 0.04425989328
622 -81.27871252 0.0441564156
623 -81.31604788 0.04406339154
624 -81.34948156 0.04398019037
625 -81.37923255 0.04390622117
626 -81.40550827 0.04384093035
627 -81.42850505 0.04378379932
628 -81.4484086 0.04373434231
629 -81.46539446 0.04369210424
630 -81.47962844 0.04365665883
631 -81.49126713 0.04362760673
632 -81.50045829 0.04360457382
633 -81.50734132 0.04358720958
634 -81.51204766 0.04357518562
635 -81.51470121 0.04356819422
636 -81.51541873 0.04356594702
637 -81.5143102 0.04356817378
638 -81.51147921 0.04357462124
639 -81.50702329 0.04358505198
640 -81.50103426 0.04359924347
641 -81.49359854 0.04361698705
642 -81.48479746 0.04363808711
643 -81.47470753 0.04366236021
644 -81.46340075 0.04368963432
645 -81.45094482 0.0437197481
646 -81.43740345 0.04375255023
647 -81.42283654 0.04378789873
648 -81.40730043 0.04382566042
649 -81.39084808 0.04386571036
650 -81.37352932 0.0439079313
651 -81.35539098 0.04395221322
652 -81.33647709 0.04399845289
653 -81.31682905 0.0440465534
654 -81.29648578 0.04409642385
655 -81.27548386 0.04414797888
656 -81.25385768 0.0442011384
657 -81.23163955 0.04425582726
658 -81.20885985 0.04431197494
659 -81.18554694 0.04436951558
660 -81.16172608 0.04442839025
661 -81.13740806 0.04448857012
662 -81.1124841 0.04455027123
663 -81.0857604 0.04461593112
664 -81.0460968 0.04470838269
665 -80.8911087 0.04503853208
666 -79.68226473 0.04760565017
667 -68.88888725 0.07654995206
668 14.94928286 0.7894146997
669 38.45925581 0.9998924287
670 38.20821948 0.9999391371
671 36.53602245 0.999918379
672 33.94888687 0.9998695689
673 30.70312554 0.99976372
674 27.11270233 0.9995436335
675 23.43766477 0.9991079822
676 19.84860062 0.9982958704
677 16.44539858 0.9968821075
678 13.28413534 0.9945966981
679 10.39505993 0.9911768172
680 7.791513165 0.9864414949
681 5.473860378 0.9803579849
682 3.431838579 0.9730649681
683 1.647002873 0.9648403457
684 0.09555883345 0.9560326287
685 -1.248819834 0.9469891243
686 -2.412654574 0.9380053806
687 -3.421038178 0.9293025674
688 -4.296708432 0.9210267836
689 -5.059666591 0.913260462
690 -5.72715743 0.9060378105
691 -6.313855375 0.8993595552
692 -6.832146673 0.8932049778
693 -7.292438941 0.8875408687
694 -7.703459976 0.8823277624
695 -8.072527583 0.8775240539
696 -8.405783904 0.8730885772
697 -8.708394136 0.868982121
698 -8.984712597 0.8651682379
699 -9.238420287 0.8616135971
700 -9.472638283 0.858288057
701 -9.690021018 0.8551645678
702 -9.892832973 0.8522189833
703 -10.08301182 0.8494298264
704 -10.26222046 0.8467780396
705 -10.4318901 0.8442467373
706 -10.59325592 0.8418209701
707 -10.74738677 0.8394875067
708 -10.8952099 0.8372346352
709 -11.03753179 0.8350519845
710 -11.17505546 0.8329303643
711 -11.30839524 0.830861624
712 -11.43808917 0.8288385273
713 -11.56460948 0.8268546421
714 -11.68837163 0.8249042433
715 -11.80974189 0.8229822277
716 -11.92904387 0.8210840391
717 -12.0465642 0.8192056023
718 -12.16255726 0.8173432658
719 -12.2772494 0.8154937507
720 -12.39084249 0.8136541063
721 -12.50351705 0.811821671
722 -12.61543494 0.8099940375
723 -12.72674168 0.8081690225
724 -12.83756854 0.80634464
725 -12.94803428 0.8045190776
726 -13.05824671 0.8026906755
727 -13.16830408 0.8008579078
728 -13.27829626 0.7990193664
729 -13.3883058 0.7971737463
730 -13.49840887 0.7953198324
731 -13.60867605 0.7934564883
732 -13.71917309 0.7915826455
733 -13.82996155 0.7896972948
734 -13.94109934 0.7877994773
735 -14.0526413 0.7858882774
736 -14.16463958 0.7839628161
737 -14.27714411 0.7820222445
738 -14.39020294 0.7800657386
739 -14.5038626 0.778092494
740 -14.61816838 0.7761017217
741 -14.73316461 0.7740926432
742 -14.84889495 0.7720644871
743 -14.96540258 0.7700164851
744 -15.08273043 0.7679478685
745 -15.20092143 0.7658578652
746 -15.32001863 0.7637456967
747 -15.44006543 0.7616105745
748 -15.56110575 0.7594516979
749 -15.68318419 0.7572682512
750 -15.80634617 0.7550594006
751 -15.93063813 0.7528242917
752 -16.05610769 0.7505620472
753 -16.18280374 0.7482717639
754 -16.31077667 0.7459525101
755 -16.44007849 0.7436033231
756 -16.57076301 0.7412232065
757 -16.70288598 0.7388111274
758 -16.83650524 0.7363660134
759 -16.97168097 0.73388675
760 -17.10847578 0.7313721776
761 -17.24695493 0.728821088
762 -17.38718653 0.7262322218
763 -17.52924174 0.7236042646
764 -17.67319497 0.7209358438
765 -17.8191241 0.7182255246
766 -17.96711072 0.7154718069
767 -18.11724037 0.7126731208
768 -18.26960281 0.7098278224
769 -18.42429229 0.7069341902
770 -18.58140783 0.7039904198
771 -18.74105354 0.7009946198
772 -18.90333891 0.6979448067
773 -19.06837922 0.6948388998
774 -19.23629581 0.6916747164
775 -19.40721654 0.6884499655
776 -19.58127616 0.6851622431
777 -19.75861672 0.6818090261
778 -19.93938804 0.6783876664
779 -20.12374817 0.674895385
780 -20.31186387 0.671329266
781 -20.50391115 0.6676862507
782 -20.70007579 0.6639631316
783 -20.90055386 0.6601565466
784 -21.10555237 0.6562629736
785 -21.3152898 0.6522787254
786 -21.5299967 0.6481999449
787 -21.74991635 0.6440226017
788 -21.97530531 0.6397424885
789 -22.2064341 0.6353552198
790 -22.44358771 0.6308562314
791 -22.68706624 0.626240782
792 -22.93718536 0.6215039565
793 -23.19427686 0.6166406726
794 -23.45868898 0.6116456903
795 -23.73078673 0.6065136244
796 -24.01095207 0.6012389627
797 -24.29958393 0.595816088
798 -24.59709801 0.5902393063
799 -24.90392639 0.5845028819
800 -25.22051684 0.5786010795
801 -25.54733177 0.5725282148
802 -25.88484689 0.5662787143
803 -26.23354931 0.5598471847
804 -26.59393519 0.5532284935
805 -26.9665069 0.5464178604
806 -27.35176941 0.5394109603
807 -27.7502261 0.5322040378
808 -28.16237385 0.5247940326
809 -28.58869731 0.5171787153
810 -29.02966245 0.5093568315
811 -29.48570931 0.5013282517
812 -29.95724408 0.4930941252
813 -30.44463045 0.4846570318
814 -30.94818052 0.4760211287
815 -31.46814534 0.4671922852
816 -32.00470523 0.4581782
817 -32.55796038 0.448988493
818 -33.12792175 0.4396347663
819 -33.71450284 0.4301306257
820 -34.31751266 0.4204916582
821 -34.93665016 0.41073536
822 -35.57150066 0.4008810109
823 -36.2215345 0.3909494967
824 -36.88610822 0.3809630778
825 -37.56446836 0.3709451113
826 -38.25575812 0.3609197313
827 -38.9590266 0.3509114994
828 -39.67324065 0.3409450337
829 -40.39729884 0.3310446329
830 -41.13004725 0.3212339061
831 -41.87029655 0.3115354231
832 -42.6168397 0.3019703976
833 -43.36846989 0.2925584117
834 -44.12399788 0.2833171925
835 -44.88226841 0.274262443
836 -45.64217513 0.2654077315
837 -46.40267364 0.2567644376
838 -47.16279237 0.2483417528
839 -47.92164126 0.2401467296
840 -48.67841786 0.2321843739
841 -49.43241122 0.2244577712
842 -50.18300339 0.2169682412
843 -50.92966877 0.209715512
844 -51.67197151 0.2026979054
845 -52.40956111 0.19591253
846 -53.14216647 0.1893554731
847 -53.86958868 0.1830219888
848 -54.59169252 0.1769066784
849 -55.30839724 0.171003659
850 -56.01966643 0.1653067199
851 -56.72549751 0.1598094641
852 -57.42591077 0.1545054344
853 -58.12093825 0.1493882241
854 -58.81061271 0.1444515703
855 -59.49495676 0.1396894326
856 -60.17397249 0.1350960545
857 -60.8476317 0.1306660097
858 -61.51586714 0.126394233
859 -62.17856479 0.1222760366
860 -62.83555758 0.1183071129
861 -63.48662068 0.1144835246
862 -64.13146858 0.1108016827
863 -64.76975405 0.1072583163
864 -65.40106909 0.1038504325
865 -66.02494796 0.100575272
866 -66.64087202 0.09743025952
867 -67.24827646 0.09441295335
868 -67.84655863 0.09152099495
869 -68.43508758 0.08875206097
870 -69.01321471 0.08610381956
871 -69.58028487 0.08357389212
872 -70.13564786 0.08115982184
873 -70.67866962 0.07885904945
874 -71.20874306 0.07666889661
875 -71.72529796 0.07458655666
876 -72.22780989 0.07260909248
877 -72.71580775 0.07073344051
878 -73.18887999 0.06895642021
879 -73.64667928 0.06727474796
880 -74.08892569 0.06568505412
881 -74.51540845 0.06418390249
882 -74.92598627 0.06276781102
883 -75.32058647 0.06143327299
884 -75.69920297 0.06017677781
885 -76.06189335 0.05899483107
