0 -25.77418149 0.5683252553
1 -26.11920341 0.5619533062
2 -26.47574723 0.5553958232
3 -26.84431366 0.5486479009
4 -27.22540728 0.5417050544
5 -27.6195325 0.5345633301
6 -28.02718892 0.5272194278
7 -28.44886582 0.5196708333
8 -28.88503601 0.5119159594
9 -29.33614878 0.5039542953
10 -29.80262224 0.4957865585
11 -30.28483482 0.4874148487
12 -30.78311642 0.4788427961
13 -31.29773893 0.470075701
14 -31.82890666 0.4611206576
15 -32.37674682 0.4519866548
16 -32.94130024 0.4426846476
17 -33.52251288 0.4332275927
18 -34.12022831 0.4236304405
19 -34.73418165 0.4139100795
20 -35.36399533 0.4040852287
21 -36.00917696 0.3941762764
22 -36.66911968 0.3842050661
23 -37.34310509 0.3741946329
24 -38.03030899 0.3641688968
25 -38.7298098 0.354152321
26 -39.44059958 0.344169547
27 -40.16159738 0.3342450187
28 -40.89166445 0.3244026088
29 -41.62962101 0.3146652611
30 -42.37426378 0.3050546616
31 -43.12438392 0.2955909488
32 -43.87878461 0.2862924727
33 -44.63629786 0.2771756078
34 -45.39579993 0.2682546231
35 -46.15622502 0.2595416105
36 -46.91657688 0.2510464677
37 -47.67593824 0.2427769327
38 -48.4334777 0.2347386623
39 -49.18845438 0.2269353488
40 -49.94022014 0.2193688662
41 -50.68821965 0.2120394385
42 -51.43198835 0.2049458223
43 -52.17114866 0.1980854985
44 -52.9054045 0.1914548643
45 -53.6345344 0.1850494237
46 -54.35838349 0.1788639705
47 -55.07685441 0.1728927608
48 -55.78989752 0.1671296742
49 -56.49750045 0.1615683592
50 -57.19967727 0.1562023656
51 -57.8964574 0.151025259
52 -58.58787455 0.1460307208
53 -59.27395576 0.1412126312
54 -59.95471082 0.1365651357
55 -60.63012233 0.1320826972
56 -61.30013653 0.1277601311
57 -61.96465527 0.1235926264
58 -62.62352921 0.119575753
59 -63.27655257 0.1157054556
60 -63.92345964 0.1119780354
61 -64.56392311 0.1083901225
62 -65.19755437 0.1049386386
63 -65.82390586 0.101620754
64 -66.44247534 0.09843383938
65 -67.05271206 0.09537541531
66 -67.65402456 0.09244310163
67 -68.24578989 0.08963456853
68 -68.82736389 0.08694749123
69 -69.39809223 0.08437950991
70 -69.95732183 0.0819281959
71 -70.50441215 0.07959102508
72 -71.03874621 0.07736535878
73 -71.55974081 0.0752484322
74 -72.06685578 0.07323735001
75 -72.55960201 0.07132908852
76 -73.0375481 0.06952050344
77 -73.50032552 0.0678083425
78 -73.94763228 0.06618926157
79 -74.37923517 0.06465984349
80 -74.79497046 0.06321661846
81 -75.19474349 0.06185608517
82 -75.57852695 0.06057473178
83 -75.94635822 0.0593690563
84 -76.29833591 0.0582355856
85 -76.63461571 0.05717089293
86 -76.95540572 0.05617161355
87 -77.26096151 0.05523445831
88 -77.55158094 0.05435622527
89 -77.82759887 0.05353380926
90 -78.08938202 0.05276420945
91 -78.33732384 0.05204453522
92 -78.57183966 0.05137201022
93 -78.79336206 0.05074397498
94 -79.00233657 0.05015788826
95 -79.19921766 0.0496113271
96 -79.38446514 0.04910198598
97 -79.55854083 0.0486276751
98 -79.72190568 0.04818631801
99 -79.87501718 0.04777594864
100 -80.01832707 0.0473947079
101 -80.15227946 0.04704084001
102 -80.27730918 0.04671268849
103 -80.3938404 0.04640869208
104 -80.50228553 0.04612738053
105 -80.60304438 0.04586737033
106 -80.69650341 0.0456273605
107 -80.78303531 0.04540612839
108 -80.86299865 0.04520252559
109 -80.93673769 0.0450154739
110 -81.00458231 0.04484396147
111 -81.06684812 0.04468703903
112 -81.12383652 0.04454381633
113 -81.17583497 0.04441345864
114 -81.22311723 0.04429518348
115 -81.26594374 0.04418825751
116 -81.30456195 0.04409199351
117 -81.33920673 0.04400574756
118 -81.37010082 0.0439289164
119 -81.39745527 0.04386093486
120 -81.42146987 0.04380127352
121 -81.44233364 0.04374943642
122 -81.46022529 0.04370495898
123 -81.47531368 0.04366740601
124 -81.48775825 0.0436363698
125 -81.49770952 0.04361146843
126 -81.50530949 0.04359234408
127 -81.51069207 0.0435786615
128 -81.51398351 0.04357010659
129 -81.51530277 0.04356638498
130 -81.51476195 0.04356722085
131 -81.51246662 0.04357235566
132 -81.50851618 0.04358154712
133 -81.50300424 0.04359456807
134 -81.49601888 0.04361120558
135 -81.487643 0.04363126001
136 -81.47795461 0.04365454414
137 -81.4670271 0.04368088243
138 -81.45492951 0.04371011024
139 -81.44172679 0.04374207314
140 -81.42748 0.04377662627
141 -81.41224659 0.04381363375
142 -81.39608057 0.04385296806
143 -81.37903273 0.0438945096
144 -81.36115082 0.04393814612
145 -81.34247976 0.04398377228
146 -81.32306174 0.04403128923
147 -81.30293645 0.0440806042
148 -81.28214119 0.04413163013
149 -81.26071104 0.04418428532
150 -81.23867895 0.04423849306
151 -81.21607588 0.04429418142
152 -81.19293088 0.04435128301
153 -81.1692705 0.04440973606
154 -81.1451132 0.04446949589
155 -81.12041653 0.04453064279
156 -81.0945917 0.04459437537
157 -81.06204727 0.04467214399
158 -80.97129942 0.04486974785
159 -80.35006989 0.04617494001
160 -74.88597563 0.05903703165
161 -27.30173004 0.33733247
162 37.61583014 0.9991957307
163 38.50669032 0.9999417909
164 37.16134805 0.999927003
165 34.83579467 0.9998890193
166 31.76077251 0.9998053745
167 28.2453385 0.9996291422
168 24.57418086 0.9992745046
169 20.94499673 0.9986002884
170 17.47652438 0.9974005347
171 14.23600105 0.9954150997
172 11.26038168 0.9923715409
173 8.567678344 0.9880552426
174 6.162003162 0.9823824641
175 4.036146344 0.9754397252
176 2.173908971 0.9674680559
177 0.5528413146 0.9588022662
178 -0.8528787611 0.9497967496
179 -2.069921809 0.940766798
180 -3.123953756 0.9319575556
181 -4.038505693 0.9235375553
182 -4.834443265 0.9156073811
183 -5.529853228 0.9082145204
184 -6.14017967 0.9013686449
185 -6.678485515 0.8950545833
186 -7.155758889 0.8892422134
187 -7.581217969 0.8838934801
188 -7.962590924 0.8789671028
189 -8.30636149 0.8744215743
190 -8.617978511 0.8702169625
191 -8.902031719 0.8663159069
192 -9.162397666 0.862684092
193 -9.40236016 0.8592903909
194 -9.624709377 0.8561068118
195 -9.831823347 0.8531083314
196 -10.02573501 0.8502726713
197 -10.20818746 0.8475800503
198 -10.38067959 0.8450129351
199 -10.54450393 0.8425557997
200 -10.70077803 0.8401949024
201 -10.85047066 0.8379180798
202 -10.99442372 0.8357145628
203 -11.13337063 0.8335748109
204 -11.2679518 0.8314903649
205 -11.39872771 0.8294537174
206 -11.52618998 0.8274581976
207 -11.65077081 0.8254978707
208 -11.77285095 0.823567449
209 -11.89276664 0.8216622139
210 -12.0108154 0.8197779474
211 -12.12726117 0.8179108723
212 -12.24233857 0.8160575989
213 -12.35625673 0.8142150792
214 -12.46920247 0.8123805656
215 -12.5813432 0.8105515751
216 -12.69282927 0.808725858
217 -12.80379617 0.8069013696
218 -12.91436637 0.8050762459
219 -13.02465093 0.8032487816
220 -13.13475094 0.8014174112
221 -13.24475875 0.7995806915
222 -13.35475909 0.7977372867
223 -13.46483001 0.7958859552
224 -13.57504376 0.7940255372
225 -13.68546752 0.7921549439
226 -13.79616408 0.7902731486
227 -13.90719245 0.7883791776
228 -14.01860837 0.7864721024
229 -14.13046478 0.7845510332
230 -14.24281226 0.7826151122
231 -14.35569943 0.7806635081
232 -14.46917325 0.778695411
233 -14.58327937 0.7767100272
234 -14.69806241 0.7747065753
235 -14.81356622 0.7726842821
236 -14.92983409 0.7706423783
237 -15.04690904 0.7685800958
238 -15.16483398 0.7664966637
239 -15.2836519 0.7643913054
240 -15.40340609 0.7622632358
241 -15.52414031 0.7601116582
242 -15.64589892 0.7579357615
243 -15.76872709 0.7557347176
244 -15.89267095 0.7535076787
245 -16.01777773 0.7512537746
246 -16.14409593 0.7489721101
247 -16.27167547 0.7466617625
248 -16.40056786 0.7443217788
249 -16.53082634 0.741951173
250 -16.66250605 0.7395489236
251 -16.79566419 0.7371139704
252 -16.9303602 0.7346452121
253 -17.06665595 0.732141503
254 -17.20461586 0.72960165
255 -17.34430717 0.7270244097
256 -17.48580008 0.7244084846
257 -17.62916799 0.7217525203
258 -17.77448771 0.7190551012
259 -17.92183966 0.7163147475
260 -18.07130817 0.7135299109
261 -18.22298169 0.7106989705
262 -18.37695307 0.7078202287
263 -18.53331984 0.704891907
264 -18.69218454 0.7019121408
265 -18.85365498 0.6988789752
266 -19.01784465 0.6957903597
267 -19.18487301 0.6926441429
268 -19.3548659 0.6894380674
269 -19.52795591 0.6861697644
270 -19.70428284 0.6828367474
271 -19.88399409 0.6794364069
272 -20.06724517 0.6759660044
273 -20.25420013 0.6724226663
274 -20.44503211 0.668803378
275 -20.63992385 0.6651049777
276 -20.83906826 0.661324151
277 -21.04266894 0.657457425
278 -21.25094082 0.6535011632
279 -21.46411072 0.6494515606
280 -21.68241799 0.6453046398
281 -21.90611508 0.6410562476
282 -22.1354682 0.6367020527
283 -22.37075788 0.6322375453
284 -22.61227957 0.6276580374
285 -22.86034415 0.6229586663
286 -23.11527847 0.6181343998
287 -23.37742572 0.6131800444
288 -23.6471458 0.6080902574
289 -23.92481551 0.6028595632
290 -24.21082862 0.5974823735
291 -24.50559578 0.5919530142
292 -24.80954413 0.5862657583
293 -25.12311679 0.5804148652
294 -25.44677183 0.574394629
295 -25.78098111 0.5681994355
296 -26.1262285 0.5618238285
297 -26.48300769 0.5552625868
298 -26.85181953 0.5485108126
299 -27.2331686 0.5415640303
300 -27.62755928 0.5344182984
301 -28.03549101 0.527070331
302 -28.45745281 0.519517631
303 -28.89391708 0.5117586314
304 -29.34533258 0.5037928442
305 -29.81211668 0.4956210134
306 -30.29464696 0.4872452675
307 -30.79325223 0.4786692688
308 -31.30820313 0.4698983525
309 -31.83970254 0.4609396494
310 -32.38787601 0.4518021871
311 -32.95276258 0.4424969604
312 -33.53430622 0.4330369658
313 -34.13234841 0.4234371931
314 -34.74662204 0.4137145684
315 -35.37674728 0.4038878458
316 -36.02222945 0.3939774447
317 -36.68245942 0.3840052349
318 -37.35671662 0.3739942723
319 -38.04417484 0.3639684909
320 -38.74391065 0.353952361
321 -39.45491453 0.3439705239
322 -40.17610421 0.3340474155
323 -40.90633999 0.3242068932
324 -41.64444143 0.3144718788
325 -42.38920498 0.3048640299
326 -43.13942186 0.2954034517
327 -43.89389568 0.2861084563
328 -44.65145919 0.2769953771
329 -45.41098967 0.2680784404
330 -46.1714226 0.2593696941
331 -46.93176325 0.2508789924
332 -47.69109596 0.2426140309
333 -48.44859112 0.234580426
334 -49.20350969 0.2267818322
335 -49.95520538 0.219220089
336 -50.7031247 0.2118953892
337 -51.44680485 0.2048064622
338 -52.18586995 0.1979507653
339 -52.92002547 0.1913246762
340 -53.64905134 0.184923683
341 -54.37279394 0.1787425671
342 -55.09115696 0.1727755757
343 -55.80409159 0.1670165821
344 -56.51158611 0.161459232
345 -57.21365498 0.1560970742
346 -57.91032784 0.1509236758
347 -58.60163837 0.1459327215
348 -59.28761334 0.141118096
349 -59.96826212 0.1364739509
350 -60.64356665 0.1319947556
351 -61.31347239 0.1276753328
352 -61.9778802 0.1235108793
353 -62.63663967 0.1194969726
354 -63.28954387 0.1156295644
355 -63.93632586 0.1119049629
356 -64.57665709 0.1083198045
357 -65.21014776 0.1048710162
358 -65.83634916 0.1015557728
359 -66.45475802 0.09837144856
360 -67.06482271 0.0953155664
361 -67.66595103 0.09238574769
362 -68.2575195 0.08957966314
363 -68.83888366 0.08689498766
364 -69.40938908 0.08432936037
365 -69.96838282 0.08188035096
366 -70.51522471 0.07954543317
367 -71.04929833 0.07732196593
368 -71.57002126 0.07520718187
369 -72.07685426 0.07319818307
370 -72.56930932 0.07129194333
371 -73.04695624 0.06948531611
372 -73.50942778 0.06777504712
373 -73.9564233 0.06615779061
374 -74.38771097 0.06463012817
375 -74.80312847 0.06318858916
376 -75.20258247 0.06182967185
377 -75.58604699 0.06054986444
378 -75.95356067 0.05934566529
379 -76.3052233 0.05821360206
380 -76.64119165 0.05715024909
381 -76.96167484 0.056152243
382 -77.26692932 0.05521629629
383 -77.55725374 0.05433920886
384 -77.83298366 0.05351787753
385 -78.09448637 0.05274930365
386 -78.34215582 0.05203059882
387 -78.57640772 0.05135898898
388 -78.79767495 0.05073181705
389 -79.00640326 0.05014654411
390 -79.20304728 0.04960074958
391 -79.38806686 0.04909213024
392 -79.56192387 0.04861849859
393 -79.72507919 0.04817778042
394 -79.87799023 0.0477680118
395 -80.02110859 0.04738733576
396 -80.15487823 0.04703399852
397 -80.27973375 0.04670634555
398 -80.39609913 0.04640281744
399 -80.50438653 0.04612194571
400 -80.60499548 0.04586234855
401 -80.69831219 0.04562272657
402 -80.78470907 0.04540185866
403 -80.86454441 0.04519859782
404 -80.93816217 0.04501186723
405 -81.00589196 0.04484065631
406 -81.0680491 0.04468401703
407 -81.12493471 0.04454106025
408 -81.17683597 0.04441095232
409 -81.22402639 0.0442929118
410 -81.26676612 0.04418620627
411 -81.30530237 0.0440901494
412 -81.33986977 0.04400409813
413 -81.37069082 0.04392744996
414 -81.39797632 0.04385964049
415 -81.42192587 0.04380014095
416 -81.44272826 0.04374845605
417 -81.46056201 0.04370412182
418 -81.47559577 0.04366670362
419 -81.48798883 0.04363579429
420 -81.49789151 0.04361101239
421 -81.50544564 0.04359200058
422 -81.51078499 0.04357842405
423 -81.51403565 0.04356996909
424 -81.51531645 0.04356634173
425 -81.51473935 0.04356726649
426 -81.51240978 0.04357248519
427 -81.50842705 0.04358175582
428 -81.50288463 0.04359485154
429 -81.4958705 0.04361155969
430 -81.48746747 0.04363168088
431 -81.47775344 0.04365502814
432 -81.46680172 0.04368142615
433 -81.45468127 0.04371071047
434 -81.44145694 0.04374272689
435 -81.42718974 0.04377733072
436 -81.41193703 0.04381438626
437 -81.39575277 0.04385376616
438 -81.37868767 0.04389535095
439 -81.36078944 0.04393902854
440 -81.34210292 0.04398469372
441 -81.32267027 0.04403224776
442 -81.30253112 0.04408159803
443 -81.28172274 0.04413265756
444 -81.26028014 0.04418534475
445 -81.23823624 0.04423958301
446 -81.21562197 0.04429530048
447 -81.19246633 0.04435242987
448 -81.16879584 0.04441090948
449 -81.14462893 0.04447069473
450 -81.11992306 0.04453186611
451 -81.09408879 0.04459562356
452 -81.06152908 0.0446734292
453 -80.97070809 0.04487119197
454 -80.34886334 0.04617772002
455 -74.87915125 0.05905511515
456 -27.25033109 0.3378414082
457 37.61793445 0.9991988625
458 38.50636792 0.9999417889
459 37.1605498 0.9999269926
460 34.83466453 0.9998889964
461 31.75947214 0.9998053278
462 28.24403393 0.9996290526
463 24.57299024 0.9992743451
464 20.94398506 0.9986000287
465 17.47571887 0.9974001544
466 14.23540634 0.9954146093
467 11.25998956 0.992371005
468 8.567473309 0.9880547923
469 6.161965725 0.982382288
470 4.036255455 0.9754400383
471 2.17414391 0.9674690606
472 0.5531830366 0.9588041213
473 -0.8524468476 0.9497995563
474 -2.069413587 0.9407706031
475 -3.12338051 0.9319623626
476 -4.037876428 0.9235433384
477 -4.833765096 0.9156140977
478 -5.529131763 0.9082221199
479 -6.139419345 0.9013770746
480 -6.677689873 0.8950637919
481 -7.154930795 0.8892521528
482 -7.580359777 0.8839041061
483 -7.961704604 0.8789783752
484 -8.305448718 0.8744334568
485 -8.617040739 0.8702294223
486 -8.901070227 0.8663289146
487 -9.161413594 0.8626976207
488 -9.401354538 0.8593044164
489 -9.623683142 0.8561213121
490 -9.830777362 0.8531232865
491 -10.02467006 0.8502880629
492 -10.20710429 0.8475958617
493 -10.37957889 0.8450291509
494 -10.54338632 0.8425724062
495 -10.69964409 0.8402118867
496 -10.84932094 0.8379354304
497 -10.99325873 0.835732269
498 -11.13219083 0.833592863
499 -11.26675762 0.8315087542
500 -11.39751953 0.8294724358
501 -11.52496818 0.8274772381
502 -11.64953569 0.8255172268
503 -11.77160282 0.8235871149
504 -11.89150576 0.8216821845
505 -12.00954201 0.8197982184
506 -12.12597546 0.8179314396
507 -12.24104073 0.8160784594
508 -12.3549469 0.8142362299
509 -12.46788078 0.8124020043
510 -12.58000975 0.8105733
511 -12.69148413 0.8087478678
512 -12.8024394 0.8069236635
513 -12.912998 0.8050988234
514 -13.02327097 0.8032716427
515 -13.13335937 0.8014405562
516 -13.24335554 0.7996041213
517 -13.35334418 0.7977610025
518 -13.46340333 0.7959099585
519 -13.57360522 0.7940498299
520 -13.68401699 0.7921795284
521 -13.79470144 0.7902980275
522 -13.90571754 0.7884043538
523 -14.01712101 0.7864975794
524 -14.12896478 0.7845768147
525 -14.24129942 0.7826412023
526 -14.35417351 0.7806899112
527 -14.46763401 0.7787221319
528 -14.58172653 0.7767370711
529 -14.69649569 0.7747339478
530 -14.8119853 0.7727119889
531 -14.92823864 0.7706704259
532 -15.04529872 0.7686084908
533 -15.1632084 0.7665254132
534 -15.28201067 0.7644204169
535 -15.4017488 0.7622927173
536 -15.52246651 0.7601415181
537 -15.64420814 0.7579660086
538 -15.76701885 0.7557653612
539 -15.89094472 0.7535387286
540 -16.01603296 0.7512852411
541 -16.14233204 0.7490040042
542 -16.26989186 0.7466940955
543 -16.39876389 0.7443545627
544 -16.52900133 0.7419844204
545 -16.6606593 0.7395826477
546 -16.79379495 0.7371481852
547 -16.9284677 0.7346799322
548 -17.06473935 0.7321767437
549 -17.20267431 0.7296374275
550 -17.34233975 0.7270607409
551 -17.48380583 0.7244453873
552 -17.62714591 0.721790013
553 -17.77243673 0.7190932037
554 -17.91975866 0.7163534804
555 -18.06919598 0.7135692957
556 -18.22083707 0.71073903
557 -18.3747747 0.7078609869
558 -18.53110636 0.7049333889
559 -18.68993449 0.7019543728
560 -18.85136684 0.6989219851
561 -19.01551679 0.6958341765
562 -19.18250373 0.6926887973
563 -19.3524534 0.6894835916
564 -19.5254983 0.6862161921
565 -19.70177812 0.6828841142
566 -19.88144015 0.6794847502
567 -20.06463976 0.6760153634
568 -20.25154091 0.6724730821
569 -20.44231658 0.6688548938
570 -20.6371494 0.6651576389
571 -20.83623209 0.661378005
572 -21.03976813 0.6575125217
573 -21.24797226 0.6535575548
574 -21.46107115 0.6495093016
575 -21.67930396 0.6453637872
576 -21.90292295 0.641116861
577 -22.13219413 0.6367641941
578 -22.36739784 0.6323012791
579 -22.60882929 0.6277234308
580 -22.85679916 0.6230257887
581 -23.11163406 0.618203323
582 -23.37367695 0.6132508424
583 -23.6432875 0.6081630062
584 -23.92084226 0.6029343403
585 -24.20673478 0.5975592581
586 -24.50137545 0.5920320865
587 -24.80519122 0.5863470986
588 -25.11862494 0.580498554
589 -25.44213453 0.5744807458
590 -25.77619163 0.5682880581
591 -26.12127996 0.5619150318
592 -26.47789312 0.5553564419
593 -26.84653185 0.5486073853
594 -27.22770073 0.5416633797
595 -27.62190416 0.5345204753
596 -28.02964169 0.5271753759
597 -28.45140253 0.5196255724
598 -28.88765936 0.5118694836
599 -29.33886132 0.5039066054
600 -29.8054263 0.4957376631
601 -30.28773249 0.4873647649
602 -30.78610945 0.4787915505
603 -31.30082871 0.4700233305
604 -31.83209416 0.4610672098
605 -32.38003252 0.4519321886
606 -32.94468409 0.442629234
607 -33.52599425 0.4331713141
608 -34.12380594 0.423573391
609 -34.73785364 0.4138523644
610 -35.36775911 0.4040269635
611 -36.01302928 0.3941175858
612 -36.67305662 0.3841460825
613 -37.34712209 0.374135495
614 -38.0344009 0.3641097472
615 -38.73397093 0.3540933046
616 -39.44482378 0.3441108085
617 -40.16587809 0.3341867006
618 -40.89599484 0.3243448489
619 -41.63399406 0.3146081908
620 -42.37867238 0.3049984039
621 -43.12882098 0.2955356169
622 -43.88324318 0.2862381687
623 -44.64077119 0.2771224216
624 -45.40028159 0.268202632
625 -46.16070893 0.2594908789
626 -46.92105744 0.2509970471
627 -47.6804103 0.242728862
628 -48.43793664 0.2346919687
629 -49.19289613 0.2268900483
630 -49.94464119 0.2193249646
631 -50.69261699 0.2119969323
632 -51.43635954 0.2049047001
633 -52.17549173 0.1980457419
634 -52.90971793 0.1914164491
635 -53.6388171 0.1850123211
636 -54.36263474 0.178828148
637 -55.0810738 0.1728581833
638 -55.79408487 0.1670963046
639 -56.50165579 0.1615361598
640 -57.20380073 0.1561712982
641 -57.90054918 0.1509952859
642 -58.59193485 0.1460018054
643 -59.2779847 0.1411847381
644 -59.95870838 0.1365382313
645 -60.63408831 0.1320567498
646 -61.30407051 0.1277351112
647 -61.96855651 0.1235685069
648 -62.62739668 0.1195525088
649 -63.28038489 0.1156830639
650 -63.92725508 0.1119564753
651 -64.56767956 0.108369375
652 -65.20126937 0.1049186863
653 -65.82757661 0.1016015809
654 -66.44609875 0.09841543041
655 -67.05628477 0.09535775614
656 -67.657543 0.09242617839
657 -68.24925032 0.0896183675
658 -68.83076248 0.08693199862
659 -69.40142514 0.08436471162
660 -69.96058523 0.08191407733
661 -70.50760235 0.07957757102
662 -71.04185966 0.0773525533
663 -71.5627742 0.07523625863
664 -72.06980608 0.07322579092
665 -72.56246651 0.07131812573
666 -73.04032442 0.06951011812
667 -73.50301169 0.06779851521
668 -73.95022672 0.06617997241
669 -74.38173668 0.06465107218
670 -74.7973783 0.06320834448
671 -75.19705728 0.06184828787
672 -75.58074671 0.06056739053
673 -75.94848434 0.05936215056
674 -76.30036914 0.05822909508
675 -76.6365571 0.05716479765
676 -76.95725663 0.05616589393
677 -77.26272357 0.05522909525
678 -77.55325599 0.05435120023
679 -77.82918897 0.05352910427
680 -78.0908894 0.0527598072
681 -78.33875088 0.05204041903
682 -78.57318884 0.05136816409
683 -78.79463596 0.05074038363
684 -79.00353783 0.05015453709
685 -79.20034897 0.04960820219
686 -79.3855292 0.04909907411
687 -79.55954036 0.04862496373
688 -79.72284338 0.04818379524
689 -79.87589571 0.04777360321
690 -80.01914907 0.04739252919
691 -80.15304751 0.04703881796
692 -80.27802581 0.04671081364
693 -80.39450807 0.04640695551
694 -80.50290663 0.04612577383
695 -80.60362122 0.0458658856
696 -80.69703823 0.04562599031
697 -80.78353026 0.04540486576
698 -80.8634558 0.04520136396
699 -80.93715901 0.04501440712
700 -81.00496973 0.04484298375
701 -81.06720344 0.04468614496
702 -81.12416147 0.04454300082
703 -81.17613121 0.04441271691
704 -81.22338633 0.04429451108
705 -81.26618721 0.04418765025
706 -81.3047812 0.04409144745
707 -81.33940311 0.04400525903
708 -81.37027562 0.04392848195
709 -81.39760969 0.04386055127
710 -81.42160506 0.04380093775
711 -81.44245069 0.04374914564
712 -81.46032523 0.04370471054
713 -81.47539746 0.0436671974
714 -81.48782681 0.04363619871
715 -81.49776371 0.04361133266
716 -81.50535013 0.04359224159
717 -81.51071993 0.04357859037
718 -81.5139993 0.04357006501
719 -81.51530719 0.04356637128
720 -81.51475564 0.04356723344
721 -81.51245018 0.04357239306
722 -81.50849019 0.04358160794
723 -81.50296923 0.04359465101
724 -81.49597536 0.04361130942
725 -81.48759144 0.0436313836
726 -81.47789547 0.04365468641
727 -81.4669608 0.04368104237
728 -81.45485645 0.0437102869
729 -81.44164733 0.04374226564
730 -81.4273945 0.04377683378
731 -81.41215537 0.04381385547
732 -81.39598395 0.04385320328
733 -81.378931 0.04389475763
734 -81.36104427 0.0439384063
735 -81.34236862 0.04398404401
736 -81.32294627 0.04403157194
737 -81.30281688 0.04408089737
738 -81.28201774 0.04413193325
739 -81.2605839 0.04418459791
740 -81.23854831 0.04423881469
741 -81.21594193 0.04429451167
742 -81.19279377 0.04435162149
743 -81.16913039 0.04441008241
744 -81.14497025 0.04446984977
745 -81.12027085 0.04453100391
746 -81.09444324 0.04459474384
747 -81.06189438 0.04467252322
748 -80.9711258 0.04487017223
749 -80.34972259 0.04617574196
750 -74.88404215 0.05904215792
751 -27.2872019 0.3374762842
752 37.61642563 0.9991966174
753 38.50659973 0.9999417903
754 37.16112364 0.9999270001
755 34.83547758 0.9998890129
756 31.76040881 0.9998053614
757 28.24497533 0.9996291172
758 24.57385163 0.9992744604
759 20.94471973 0.9986002172
760 17.4763071 0.9974004319
761 14.23584456 0.99541497
762 11.26028339 0.9923714052
763 8.567633614 0.9880551406
764 6.16200624 0.9823824516
765 4.036191079 0.9754398648
766 2.173989359 0.9674684056
767 0.5529518751 0.9588028708
768 -0.8527427711 0.9497976368
769 -2.069764333 0.9407679801
770 -3.123777978 0.9319590322
771 -4.03831414 0.923539318
772 -4.834237922 0.9156094168
773 -5.52963565 0.908216814
774 -6.139951081 0.9013711807
775 -6.67824689 0.8950573464
776 -7.155511012 0.8892451897
777 -7.580961484 0.8838966568
778 -7.962326371 0.8789704683
779 -8.306089327 0.8744251181
780 -8.617699137 0.8702206751
781 -8.901745486 0.8663197799
782 -9.162104889 0.8626881176
783 -9.402061125 0.8592945621
784 -9.624404345 0.8561111222
785 -9.83151256 0.8531127753
786 -10.02541869 0.8502772434
787 -10.20786581 0.8475847458
788 -10.38035281 0.8450177495
789 -10.5441722 0.8425607292
790 -10.70044152 0.8401999431
791 -10.85012951 0.8379232284
792 -10.99407808 0.8357198162
793 -11.13302064 0.8335801663
794 -11.26759758 0.8314958198
795 -11.39836937 0.8294592694
796 -11.52582763 0.8274638447
797 -11.65040453 0.825503611
798 -11.77248084 0.8235732808
799 -11.89239276 0.8216681357
800 -12.01043783 0.819783958
801 -12.12687996 0.8179169705
802 -12.24195378 0.8160637839
803 -12.3558684 0.81422135
804 -12.46881064 0.8123869216
805 -12.58094789 0.8105580158
806 -12.6924305 0.808732383
807 -12.80339396 0.8069079786
808 -12.91396073 0.8050829389
809 -13.02424186 0.8032555586
810 -13.13433843 0.8014242722
811 -13.2443428 0.7995876368
812 -13.35433968 0.7977443168
813 -13.46440711 0.7958930705
814 -13.57461735 0.7940327381
815 -13.68503756 0.7921622313
816 -13.79573054 0.7902805232
817 -13.90675527 0.7883866402
818 -14.0181675 0.7864796542
819 -14.13002017 0.7845586751
820 -14.24236385 0.7826228456
821 -14.35524714 0.7806713342
822 -14.46871701 0.7787033313
823 -14.58281911 0.7767180432
824 -14.69759803 0.7747146887
825 -14.81309763 0.7726924945
826 -14.9293612 0.7706506918
827 -15.04643174 0.7685885122
828 -15.16435216 0.7665051851
829 -15.28316544 0.7643999341
830 -15.40291488 0.7622719742
831 -15.5236442 0.7601205087
832 -15.64539778 0.7579447267
833 -15.76822078 0.7557438004
834 -15.89215931 0.7535168819
835 -16.01726059 0.7512631012
836 -16.14357313 0.7489815634
837 -16.27114682 0.7466713459
838 -16.40003318 0.7443314958
839 -16.53028542 0.7419610274
840 -16.66195869 0.7395589192
841 -16.79511016 0.7371241115
842 -16.92979929 0.7346555029
843 -17.06608789 0.732151948
844 -17.20404041 0.7296122542
845 -17.34372405 0.7270351779
846 -17.48520901 0.7244194222
847 -17.62856868 0.7217636327
848 -17.77387983 0.7190663943
849 -17.92122289 0.7163262275
850 -18.07068215 0.713541584
851 -18.22234606 0.7107108435
852 -18.37630744 0.7078323088
853 -18.53266381 0.7049042015
854 -18.69151767 0.7019246576
855 -18.85297683 0.6988917225
856 -19.01715473 0.6958033461
857 -19.18417082 0.6926573774
858 -19.35415089 0.6894515597
859 -19.52722754 0.6861835244
860 -19.70354051 0.6828507856
861 -19.88323718 0.6794507345
862 -20.06647301 0.6759806329
863 -20.25341202 0.672437608
864 -20.44422732 0.6688186455
865 -20.63910161 0.6651205845
866 -20.83822773 0.6613401112
867 -21.04180926 0.6574737534
868 -21.25006107 0.6535178752
869 -21.46320994 0.6494686723
870 -21.68149514 0.6453221682
871 -21.9051691 0.6410742102
872 -22.13449795 0.6367204679
873 -22.36976216 0.6322564322
874 -22.61125712 0.6276774159
875 -22.85929365 0.622978557
876 -23.11419852 0.6181548238
877 -23.37631486 0.6132010236
878 -23.6460025 0.6081118144
879 -23.92363816 0.6028817209
880 -24.20961556 0.5975051553
881 -24.50434525 0.5919764439
882 -24.80825434 0.5862898596
883 -25.12178585 0.5804396619
884 -25.44539782 0.5744201446
885 -25.77956204 0.568225693
