-75.5345
-86.0397
-85.1734
-84.3962
-83.6915
-83.0467
-69.2634
-67.3406
-65.3522
-62.4434
-57.2381
-41.8837
32.1121
34.1296
30.4558
26.2178
22.1526
18.4412
15.1415
12.2768
9.84858
7.83725
6.20547
4.90461
3.88185
3.08602
2.47118
1.99814
1.63473
1.35516
1.13912
0.970841
0.838163
0.731788
0.644632
0.571315
0.507765
0.450897
0.398385
0.348469
0.29982
0.251433
0.202555
0.15261
0.101166
0.0478963
-0.00744424
-0.0650399
-0.125028
-0.187508
-0.252553
-0.320212
-0.390518
-0.463487
-0.539127
-0.617433
-0.698395
-0.781996
-0.86821
-0.957011
-1.04837
-1.14224
-1.23858
-1.33737
-1.43854
-1.54206
-1.64787
-1.75593
-1.86618
-1.97858
-2.09306
-2.20958
-2.32808
-2.44851
-2.57081
-2.69494
-2.82084
-2.94845
-3.07773
-3.20862
-3.34108
-3.47506
-3.61051
-3.74739
-3.88564
-4.02523
-4.16612
-4.30826
-4.45163
-4.59617
-4.74186
-4.88866
-5.03655
-5.1855
-5.33547
-5.48644
-5.63839
-5.79129
-5.94513
-6.09989
-6.25555
-6.41209
-6.56951
-6.7278
-6.88694
-7.04693
-7.20777
-7.36946
-7.53198
-7.69534
-7.85956
-8.02463
-8.19055
-8.35734
-8.52501
-8.69359
-8.86306
-9.03347
-9.20483
-9.37716
-9.55049
-9.72485
-9.90026
-10.0768
-10.2544
-10.4332
-10.6132
-10.7944
-10.977
-11.1609
-11.3462
-11.5329
-11.7212
-11.9111
-12.1027
-12.2961
-12.4912
-12.6883
-12.8874
-13.0887
-13.2922
-13.498
-13.7063
-13.9173
-14.131
-14.3476
-14.5674
-14.7904
-15.0169
-15.2471
-15.4812
-15.7195
-15.9622
-16.2097
-16.4623
-16.7203
-3.73077
-6.07823
-8.67824
-10.6878
-12.2261
-13.4521
-14.471
-15.3492
-16.1295
-16.8412
-17.5046
-18.1347
-18.7426
-19.3373
-19.926
-20.5147
-21.1089
-21.7133
-22.3324
-22.9707
-23.6325
-24.3219
-25.0432
-25.8008
-26.5989
-27.4418
-28.3335
-29.2778
-30.2781
-31.3368
-32.4555
-33.6349
-34.8737
-36.1694
-37.5178
-38.9131
-40.348
-41.8145
-43.3036
-44.8066
-46.315
-47.821
-49.3183
-50.8014
-52.2664
-53.7109
-55.1331
-56.5325
-57.909
-59.263
-60.5947
-61.9042
-63.1908
-64.4535
-65.6901
-66.8977
-68.0726
-69.2104
-70.3064
-71.3561
-72.355
-73.2992
-74.1857
-75.0125
-75.7783
-76.4831
-77.1275
-77.7132
-78.2425
-78.718
-79.143
-79.5207
-79.8547
-80.1484
-80.4053
-80.6288
-80.8218
-80.9874
-81.1283
-81.2472
-81.3461
-81.4274
-81.4928
-81.5442
-81.5829
-81.6104
-81.6281
-81.6368
-81.6378
-81.6316
-81.6192
-81.6014
-81.5785
-81.5512
-81.5201
-81.4854
-81.4475
-81.4068
-81.3635
-81.318
-81.2705
-81.2213
-81.1703
-81.1178
-81.0639
-81.0086
-80.9523
-80.8948
-80.8365
-80.7772
-80.7171
-80.6561
-80.5945
-80.5322
-80.4692
-80.4056
-80.3413
-80.2766
-80.2114
-80.1457
-80.0793
-80.0126
-79.9453
-79.8774
-79.8089
-79.7401
-79.6707
-79.6006
-79.5301
-79.459
-79.3872
-79.3149
-79.2419
-79.1683
-79.0941
-79.0191
-78.9435
-78.8671
-78.7899
-78.7119
-78.6331
-78.5534
-78.4729
-78.3913
-78.3088
-78.2252
-78.1405
-78.0546
-77.9675
-77.8791
-63.7944
-58.331
-44.3174
35.0221
34.7226
29.7109
23.9467
18.4322
13.4962
9.25786
5.75113
2.94157
0.742414
-0.957347
-2.26739
-3.28205
-4.07633
-4.70745
-5.21806
-5.63969
-5.99555
-6.30273
-6.57385
-6.81823
-7.04282
-7.25275
-7.45188
-7.64307
-7.82849
-8.00975
-8.18808
-8.3644
-8.5394
-8.71363
-8.88749
-9.06129
-9.2353
-9.40971
-9.58467
-9.76032
-9.93676
-10.1141
-10.2924
-10.4717
-10.6521
-10.8338
-11.0166
-11.2008
-11.3863
-11.5732
-11.7617
-11.9517
-12.1434
-12.3369
-12.5321
-12.7293
-12.9285
-13.1298
-13.3334
-13.5392
-13.7476
-13.9586
-14.1723
-14.389
-14.6087
-14.8317
-15.0582
-15.2883
-15.5224
-15.7606
-16.0032
-16.2505
-16.5029
-16.7607
-17.0242
-17.2939
-17.5702
-17.8537
-18.1448
-18.4442
-18.7525
-19.0704
-19.3988
-19.7385
-20.0904
-20.4557
-20.8355
-21.2311
-21.644
-22.0757
-22.5281
-23.003
-23.5025
-24.029
-24.585
-25.1732
-25.7964
-26.4578
-27.1604
-27.9076
-28.7024
-29.548
-30.4469
-31.4016
-32.4134
-33.4831
-34.6102
-35.7929
-37.0282
-38.3115
-39.637
-40.998
-42.3868
-43.7955
-45.2159
-46.6407
-48.0628
-49.4767
-50.8776
-52.2619
-53.6275
-54.973
-56.2978
-57.6021
-58.8863
-60.1511
-61.3968
-62.6236
-63.8309
-65.0174
-66.1811
-67.3192
-68.4279
-69.5031
-70.5405
-71.5354
-72.4838
-73.3819
-74.2267
-75.0161
-75.7488
-76.4247
-77.0442
-77.6086
-78.1198
-78.5804
-78.993
-79.3607
-79.6868
-79.9742
-66.924
-65.4897
-64.3935
-63.1307
-61.5376
-59.5082
-56.9615
-53.9267
-50.7168
-47.9503
-46.1118
-45.159
-44.7443
-44.5524
-44.3895
-44.1476
-43.7579
-43.1562
-42.2392
-40.7141
-37.9611
-34.2677
-30.6021
-27.3336
-24.4432
-21.8889
-19.6593
-17.7541
-16.173
-14.9063
-13.9294
-13.2054
-12.6912
-12.3451
-12.1299
-12.0151
-11.9765
-11.9956
-12.0583
-12.1541
-12.2752
-12.4157
-12.5714
-12.7391
-12.9166
-13.1021
-13.2944
-13.4926
-13.6961
-13.9045
-14.1174
-14.3348
-14.5566
-14.7829
-15.0136
-15.249
-15.4892
-15.7346
-15.9853
-16.2418
-16.5043
-16.7734
-17.0495
-17.3332
-17.625
-17.9256
-18.2358
-18.5564
-18.8884
-19.2327
-19.5905
-19.9631
-20.352
-20.7588
-21.1854
-21.6336
-22.106
-22.6048
-23.1331
-23.6939
-24.2907
-24.9271
-25.6073
-26.3356
-27.1165
-27.9544
-28.8539
-29.819
-30.8533
-31.9593
-33.1382
-34.3896
-35.711
-37.098
-38.5439
-40.0403
-41.577
-43.1433
-44.7281
-46.321
-47.9122
-49.4939
-51.0598
-52.6051
-54.127
-55.6236
-57.0944
-58.5394
-59.9586
-61.352
-62.7192
-64.0587
-65.3682
-66.6445
-67.8834
-69.0801
-70.2293
-71.3259
-72.3652
-73.343
-74.2565
-75.1035
-75.8835
-76.5968
-77.2448
-77.8298
-78.3546
-78.823
-79.2384
-79.6051
-79.9267
-80.2074
-80.451
-80.6609
-80.8407
-80.9934
-81.1219
-81.2289
-81.3166
-81.3873
-81.4428
-81.4849
-81.5151
-81.5347
-81.545
-81.547
-81.5416
-81.5297
-81.5121
-81.4893
-68.2666
-66.912
-65.8838
-64.6874
-63.1689
-61.1909
-58.5405
-54.8751
-49.744
-42.9843
-35.5455
-28.5524
-20.2669
-10.1833
-5.49789
-3.81398
-3.45004
-3.75201
-4.35566
-5.06155
-5.76885
-6.4314
-7.03213
-7.56875
-8.04591
-8.47096
-8.85188
-9.19617
-9.5105
-9.80058
-10.0712
-10.3262
-10.569
-10.802
-11.0276
-11.2473
-11.4628
-11.675
-11.8851
-12.0937
-12.3016
-12.5093
-12.7173
-12.926
-13.1358
-13.347
-13.5599
-13.7747
-13.9918
-14.2113
-14.4336
-14.6588
-14.8873
-15.1194
-15.3551
-15.595
-15.8391
-16.088
-16.342
-16.6013
-16.8664
-17.1379
-17.416
-17.7014
-17.9947
-18.2964
-18.6073
-18.9281
-19.2597
-19.603
-19.9591
-20.3291
-20.7142
-21.1159
-21.5357
-21.9754
-22.4367
-22.922
-23.4333
-23.9733
-24.5448
-25.1505
-25.7938
-26.478
-27.2064
-27.9826
-28.81
-29.6918
-30.6306
-31.6288
-32.6876
-33.8072
-34.9866
-36.2231
-37.5127
-38.8497
-40.2272
-41.6372
-43.0713
-44.5206
-45.9768
-47.4321
-48.8799
-50.3148
-51.7326
-53.1302
-54.5062
-55.8595
-57.1903
-58.4989
-59.7859
-61.052
-62.2973
-63.5216
-64.7238
-65.9022
-67.0541
-68.1762
-69.2644
-70.3144
-71.3218
-72.2825
-73.1927
-74.0495
-74.8507
-75.5949
-76.2818
-76.9119
-77.4864
-78.0072
-78.4768
-78.8978
-79.2735
-79.6068
-79.9011
-80.1595
-80.3851
-80.5809
-80.7497
-80.8941
-81.0165
-81.1192
-81.2042
-81.2734
-81.3283
-81.3706
-81.4017
-81.4226
-81.4344
-81.4384
-68.2444
-66.9358
-65.9777
-64.8899
-63.5496
-61.8806
-59.7905
-57.1674
-53.9259
-50.1379
-46.1929
-42.6637
-39.7906
-37.2754
-34.4939
-30.2222
-23.1826
-17.1415
-13.2269
-10.6828
-9.13122
-8.30226
-7.94591
-7.87505
-7.96807
-8.15068
-8.37883
-8.62706
-8.88109
-9.13336
-9.38017
-9.62014
-9.85306
-10.0794
-10.3
-10.5157
-10.7275
-10.9361
-11.1423
-11.3468
-11.5501
-11.7529
-11.9556
-12.1585
-12.362
-12.5665
-12.7721
-12.9793
-13.1881
-13.3989
-13.6119
-13.8273
-14.0453
-14.2662
-14.4901
-14.7174
-14.9482
-15.1829
-15.4216
-15.6648
-15.9127
-16.1656
-16.4241
-16.6884
-16.959
-17.2364
-17.5212
-17.8139
-18.1153
-18.4259
-18.7466
-19.0783
-19.422
-19.7787
-20.1497
-20.5363
-20.94
-21.3624
-21.8054
-22.2711
-22.7617
-23.2798
-23.828
-24.4094
-25.0274
-25.6854
-26.3871
-27.1364
-27.9372
-28.7934
-29.7087
-30.686
-31.7279
-32.8357
-34.0094
-35.2478
-36.5474
-37.9034
-39.3091
-40.7562
-42.2358
-43.738
-45.2535
-46.7731
-48.2888
-49.794
-51.2834
-52.7533
-54.2012
-55.6259
-57.027
-58.4047
-59.7594
-61.0914
-62.4005
-63.686
-64.9464
-66.179
-67.3805
-68.5469
-69.6732
-70.7549
-71.787
-72.7651
-73.6858
-74.5464
-75.3451
-76.0816
-76.7559
-77.3696
-77.9247
-78.4238
-78.87
-79.267
-79.618
-79.9269
-80.1971
-80.4322
-80.6355
-80.81
-80.9586
-81.0842
-81.1888
-81.275
-81.3448
-81.3998
-81.4416
-81.4718
-81.4919
-81.5028
-68.3309
-67.0911
-66.2315
-65.2905
-64.1799
-62.8803
-61.3888
-59.7201
-57.9217
-56.0862
-54.3423
-52.8137
-51.5669
-50.5908
-49.8194
-49.169
-48.5642
-47.9468
-47.2752
-46.52
-45.6594
-44.6741
-43.5399
-42.2133
-40.5845
-38.3455
-35.2857
-31.7983
-28.3341
-25.0552
-22.0008
-19.2166
-16.7677
-14.7125
-13.0751
-11.8353
-10.9395
-10.321
-9.91539
-9.66859
-9.53817
-9.4923
-9.50763
-9.56728
-9.65908
-9.77434
-9.90686
-10.0522
-10.2071
-10.3694
-10.5375
-10.7101
-10.8865
-11.0661
-11.2485
-11.4333
-11.6205
-11.8099
-12.0015
-12.1952
-12.3911
-12.5892
-12.7896
-12.9924
-13.1976
-13.4054
-13.6159
-13.8292
-14.0456
-14.2651
-14.4881
-14.7146
-14.9449
-15.1793
-15.4179
-15.6613
-15.9095
-16.1631
-16.4223
-16.6877
-16.9596
-17.2386
-17.5253
-17.8202
-18.1241
-18.4377
-18.7619
-19.0976
-19.446
-19.8081
-20.1852
-20.5789
-20.9908
-21.4228
-21.8767
