0 -87 0.01
5 35.69272707 0.924069953
10 32.72205326 0.9998343342
15 20.58504163 0.9984539698
20 12.09955095 0.9931141613
25 6.751187705 0.983297732
30 3.703355377 0.9730870738
35 2.088845689 0.965702697
40 1.260309458 0.9612811416
45 0.8295738628 0.9588031092
50 0.5877619299 0.9573615192
55 0.4286424153 0.9563975666
60 0.2999302744 0.9556109342
65 0.1763854724 0.9548489723
70 0.04595895994 0.9540350042
75 -0.09704570007 0.9531295945
80 -0.2552579084 0.9521111937
85 -0.4297937119 0.9509668308
90 -0.620986818 0.9496877283
95 -0.8287360825 0.9482672539
100 -1.052676716 0.9466999656
105 -1.292271245 0.944981161
110 -1.54686399 0.9431066585
115 -1.815718601 0.9410726824
120 -2.098047147 0.9388757948
125 -2.393034325 0.936512848
130 -2.699858191 0.933980943
135 -3.017707955 0.93127739
140 17.24989539 0.9967810179
145 18.0569904 0.9975326617
150 12.52436032 0.9936386627
155 5.623445254 0.9803964097
160 0.1850891897 0.9559382129
165 -3.236935321 0.9301602431
170 -5.241774365 0.9104697472
175 -6.463189093 0.8967540848
180 -7.288954284 0.8867751492
185 -7.92116395 0.8787711683
190 -8.460124054 0.8717047798
195 -8.955439702 0.8650131834
200 -9.432135299 0.8583936939
205 -9.903340406 0.851678089
210 -10.37640538 0.8447659381
215 -10.85588812 0.8375899706
220 -11.34505445 0.8300977654
225 -11.84667001 0.8222415215
230 -12.36345738 0.8139716831
235 -12.89840341 0.8052322014
240 -13.45501568 0.7959561616
245 -14.03758842 0.7860609151
250 -14.65152536 0.7754419598
255 -15.3037684 0.7639647268
260 -16.00339337 0.7514531982
265 -16.76245691 0.7376739156
270 -17.59721092 0.722313533
275 4.959435475 0.9752503079
280 2.864472447 0.970379988
285 -3.174123453 0.9321061905
290 -8.456497575 0.8741110052
295 -12.3679341 0.8159099168
300 -15.43659896 0.763235019
305 -18.19433034 0.7126049735
310 -21.0462894 0.658708986
315 -24.35380349 0.5961530813
320 -28.46504916 0.5207623122
325 -33.60682029 0.4331606313
330 -39.67332159 0.3420253619
335 -46.20438806 0.2598240004
340 -52.7036146 0.1938608047
345 -58.88125974 0.1443681886
350 -64.56234484 0.1086619321
355 -69.54002241 0.08390868632
360 -73.61666378 0.0674784306
365 -76.72537869 0.05694699788
370 -78.95286702 0.05033861135
375 -80.47080692 0.04624264538
380 -81.46246496 0.04373293411
385 -82.08331928 0.04222492951
390 -82.45064374 0.0413542851
395 -82.64732969 0.04089363736
400 -82.729898 0.04070005151
405 -82.73617383 0.04068277233
