0 -25.12285941 0.5809096084
1 -25.57989037 0.5724033885
2 -26.05003637 0.5636970294
3 -26.53409867 0.554783254
4 -27.03285963 0.545655989
5 -27.54707477 0.5363105689
6 -28.07746334 0.526743955
7 -28.62469748 0.5169549668
8 -29.18939016 0.5069445158
9 -29.77208192 0.4967158362
10 -30.37322687 0.4862747007
11 -30.99317822 0.4756296092
12 -31.63217377 0.4647919388
13 -32.2903221 0.4537760402
14 -32.96758991 0.4425992682
15 -33.66379134 0.4312819348
16 -34.37857994 0.4198471752
17 -35.11144397 0.4083207216
18 -35.8617056 0.3967305842
19 -36.62852444 0.3851066445
20 -37.41090568 0.3734801706
21 -38.20771286 0.3618832719
22 -39.01768493 0.3503483122
23 -39.83945721 0.3389073068
24 -40.67158543 0.3275913281
25 -41.51257197 0.3164299465
26 -42.36089326 0.3054507277
27 -43.21502716 0.2946788079
28 -44.07347938 0.284136559
29 -44.93480781 0.273843354
30 -45.79764412 0.2638154325
31 -46.66071172 0.2540658652
32 -47.52283999 0.244604608
33 -48.38297424 0.2354386343
34 -49.24018157 0.2265721317
35 -50.09365268 0.2180067485
36 -50.94269992 0.2097418747
37 -51.78675191 0.2017749426
38 -52.62534513 0.1941017363
39 -53.458113 0.1867166981
40 -54.28477278 0.1796132224
41 -55.10511086 0.172783932
42 -55.91896688 0.1662209304
43 -56.7262171 0.1599160269
44 -57.52675738 0.1538609318
45 -58.3204865 0.1480474217
46 -59.10728989 0.1424674734
47 -59.88702457 0.1371133665
48 -60.65950554 0.1319777577
49 -61.42449409 0.1270537254
50 -62.18168857 0.1223347902
51 -62.93071776 0.1178149103
52 -63.67113724 0.1134884578
53 -64.40242896 0.1093501788
54 -65.12400393 0.1053951395
55 -65.83520805 0.1016186648
56 -66.53533081 0.09801627291
57 -67.22361651 0.09458360807
58 -67.89927753 0.09131637801
59 -68.56150911 0.08821029689
60 -69.20950491 0.08526103723
61 -69.84247291 0.0824641921
62 -70.45965086 0.07981524862
63 -71.06032084 0.07730957272
64 -71.64382234 0.0749424047
65 -72.20956359 0.07270886454
66 -72.75703084 0.0706039654
67 -73.28579533 0.06862263378
68 -73.79551815 0.06675973436
69 -74.28595275 0.06501009803
70 -74.75694544 0.06336855142
71 -75.20843388 0.06182994663
72 -75.64044327 0.06038919191
73 -76.05307588 0.05904129398
74 -76.44645809 0.05778150345
75 -76.82036367 0.05660626894
76 -77.17130542 0.05552044643
77 -77.46975934 0.05459294807
78 -77.48124347 0.05439226471
79 -75.36198115 0.05965883668
80 -56.87547837 0.129072716
81 27.60589486 0.9594984637
82 37.54887436 0.9999191587
83 36.67209089 0.999919801
84 34.11735982 0.9998739267
85 30.54156898 0.9997587969
86 26.37876381 0.9994851548
87 22.01460233 0.9988654673
88 17.72268705 0.9975594974
89 13.67074874 0.9950489061
90 9.953096 0.990702304
91 6.616019907 0.9839616605
92 3.671803809 0.9745785861
93 1.107186525 0.9627462767
94 -1.108934684 0.9490326933
95 -3.017587931 0.9341753391
96 -4.662786014 0.9188755176
97 -6.086661354 0.9036795538
98 -7.326820558 0.8889505864
99 -8.415395836 0.8748936614
100 -9.379122957 0.8615983701
101 -10.23991537 0.8490790428
102 -11.0156035 0.837305477
103 -11.72066558 0.826223895
104 -12.366875 0.8157701886
105 -12.96384209 0.8058777796
106 -13.51945381 0.7964819853
107 -14.04022435 0.7875222235
108 -14.53157244 0.778942934
109 -14.99803968 0.7706937702
110 -15.44346266 0.7627293982
111 -15.87110878 0.7550091024
112 -16.283784 0.747496313
113 -16.68391853 0.7401581211
114 -17.07363559 0.7329648143
115 -17.45480673 0.7258894498
116 -17.82909673 0.7189074698
117 -18.19800024 0.7119963626
118 -18.56287187 0.7051353645
119 -18.92495112 0.6983052004
120 -19.28538306 0.6914878598
121 -19.6452357 0.6846664031
122 -20.00551461 0.6778247966
123 -20.36717529 0.6709477713
124 -20.73113363 0.664020705
125 -21.09827487 0.6570295247
126 -21.46946115 0.6499606287
127 -21.8455379 0.6428008259
128 -22.2273392 0.6355372948
129 -22.61569214 0.6281575583
130 -23.01142019 0.6206494782
131 -23.41534581 0.6130012669
132 -23.82829194 0.6052015193
133 -24.25108266 0.5972392643
134 -24.68454283 0.5891040376
135 -25.12949657 0.5807859766
136 -25.58676465 0.5722759377
137 -26.05716064 0.5635656371
138 -26.54148566 0.5546478134
139 -27.04052188 0.5455164125
140 -27.55502445 0.5361667917
141 -28.08571206 0.5265959394
142 -28.63325613 0.5168027058
143 -29.19826867 0.5067880375
144 -29.78128903 0.4965552078
145 -30.38276991 0.4861100323
146 -31.00306281 0.4754610568
147 -31.64240361 0.4646197069
148 -32.30089871 0.4536003834
149 -32.97851242 0.4424204914
150 -33.67505634 0.4311003924
151 -34.39018132 0.4196632683
152 -35.12337287 0.4081348941
153 -35.8739504 0.3965433169
154 -36.64107082 0.3849184482
155 -37.42373681 0.3732915778
156 -38.22080959 0.3616948273
157 -39.03102613 0.3501605627
158 -39.8530201 0.3387207918
159 -40.68534599 0.3274065695
160 -41.52650542 0.3162474395
161 -42.37497447 0.305270933
162 -43.22923113 0.2945021446
163 -44.08778165 0.2839634
164 -44.9491849 0.2736740218
165 -45.81207381 0.2636501981
166 -46.67517338 0.2539049474
167 -47.53731476 0.2444481748
168 -48.3974452 0.2352868052
169 -49.25463379 0.2264249814
170 -50.10807327 0.2178643109
171 -50.95707795 0.2096041475
172 -51.80107831 0.2016418926
173 -52.63961253 0.1939733044
174 -53.47231551 0.1865928041
175 -54.29890579 0.1794937699
176 -55.11917078 0.172668813
177 -55.93295082 0.1661100292
178 -56.74012261 0.1598092236
179 -57.54058216 0.1537581058
180 -58.33422808 0.1479484539
181 -59.12094538 0.1423722483
182 -59.90059038 0.137021774
183 -60.67297717 0.1318896939
184 -61.43786595 0.1269690934
185 -62.19495379 0.1222534999
186 -62.94386812 0.1177368786
187 -63.68416315 0.1134136079
188 -64.41531945 0.109278439
189 -65.13674672 0.1053264426
190 -65.8477897 0.101552947
191 -66.54773689 0.09795347218
192 -67.23583183 0.09452366329
193 -67.9112864 0.0912592278
194 -68.57329559 0.08815587868
195 -69.22105314 0.08520928643
196 -69.85376739 0.08241504157
197 -70.47067673 0.07976862826
198 -71.07106413 0.0772654093
199 -71.65427022 0.0749006219
200 -72.21970457 0.07266938313
201 -72.7668549 0.07056670356
202 -73.29529407 0.06858750754
203 -73.80468485 0.06672665813
204 -74.2947824 0.06497898515
205 -74.76543475 0.06333931471
206 -75.21658125 0.061802499
207 -75.64824872 0.06036344689
208 -76.06054092 0.0590171663
209 -76.45358535 0.05775891014
210 -76.82715464 0.0565851348
211 -77.17774286 0.05550074515
212 -77.47566595 0.05457502955
213 -77.48514011 0.05437952445
214 -75.35190131 0.05968243099
215 -56.75811878 0.1296570836
216 27.70031213 0.960374665
217 37.55229544 0.9999194357
218 36.66807527 0.9999197481
219 34.11014515 0.9998737632
220 30.53241823 0.9997583947
221 26.36876553 0.9994842172
222 22.0045797 0.9988634166
223 17.71315792 0.997555378
224 13.66200343 0.9950414307
225 9.945279138 0.9906901643
226 6.609180534 0.9839440572
227 3.665922916 0.9745556711
228 1.102197167 0.9627191813
229 -1.113127975 0.9490031311
230 -3.021091398 0.9341450821
231 -4.665703412 0.9188460281
232 -6.089086202 0.9036518509
233 -7.328832978 0.8889252773
234 -8.417062339 0.8748710405
235 -9.380497726 0.861578523
236 -10.24104209 0.8490619299
237 -11.01651723 0.8372909913
238 -11.72139444 0.8262118998
239 -12.36744153 0.8157605393
240 -12.96426442 0.8058703363
241 -13.51974655 0.7964766195
242 -14.0403993 0.7875188206
243 -14.53163912 0.778941394
244 -14.99800578 0.7706940078
245 -15.44333437 0.7627313417
246 -15.87089105 0.7550126923
247 -16.28348074 0.7475015015
248 -16.68353277 0.7401648706
249 -17.07316962 0.7329730967
250 -17.45426218 0.7258992453
251 -17.82847467 0.7189187667
252 -18.19730122 0.7120091561
253 -18.56209599 0.7051496565
254 -18.92409804 0.698320999
255 -19.28445206 0.6915051787
256 -19.64422569 0.6846852617
257 -20.00442415 0.6778452191
258 -20.36600259 0.670969787
259 -20.72987658 0.6640443477
260 -21.09693103 0.6570548327
261 -21.46802775 0.6499876441
262 -21.84401189 0.642829595
263 -22.22571719 0.635567867
264 -22.61397045 0.6281899863
265 -23.00959485 0.6206838174
266 -23.41341253 0.6130375748
267 -23.82624617 0.6052398548
268 -24.2489196 0.5972796872
269 -24.68225741 0.5891466075
270 -25.12708352 0.5808307521
271 -25.58421851 0.572322975
272 -26.0544758 0.5636149886
273 -26.53865645 0.5546995263
274 -27.03754257 0.545570527
275 -27.55188936 0.5362233393
276 -28.08241566 0.5266549406
277 -28.62979311 0.5168641681
278 -29.19463403 0.5068519533
279 -29.77747825 0.4966215523
280 -30.37877902 0.4861787611
281 -30.99888855 0.4755321046
282 -31.63804355 0.4646929856
283 -32.29635137 0.4536757809
284 -32.97377739 0.4424978717
285 -33.67013438 0.4311795948
286 -34.38507444 0.4197441089
287 -35.11808437 0.4082171669
288 -35.86848491 0.3966267965
289 -36.63543427 0.3850028927
290 -37.41793637 0.3733767323
291 -38.21485362 0.3617804286
292 -39.02492398 0.3502463439
293 -39.84678201 0.3388064865
294 -40.67898289 0.3274919174
295 -41.52002871 0.3163321904
296 -42.36839583 0.3053548508
297 -43.22256227 0.2945850112
298 -44.08103415 0.2840450177
299 -44.94236995 0.2737542158
300 -45.80520209 0.263728817
301 -46.66825489 0.2539818644
302 -47.53035873 0.2445232869
303 -48.39045998 0.2353600328
304 -49.24762683 0.2264962665
305 -50.10105106 0.2179336156
306 -50.95004609 0.2096714517
307 -51.79404152 0.2017071919
308 -52.63257474 0.1940366075
309 -53.46527994 0.1866541307
310 -54.29187506 0.1795531484
311 -55.11214705 0.1727262781
312 -55.92593594 0.1661656202
313 -56.73311822 0.1598629824
314 -57.5335899 0.1538100753
315 -58.3272497 0.1479986769
316 -59.11398291 0.1424207664
317 -59.89364625 0.1370686266
318 -60.66605434 0.1319349178
319 -61.430968 0.1270127224
320 -62.18808504 0.122295565
321 -62.93703363 0.1177774075
322 -63.67736879 0.1134526258
323 -64.40857185 0.109315969
324 -65.13005329 0.105362506
325 -65.8411585 0.101587564
326 -66.54117657 0.09798666263
327 -67.2293515 0.09455544723
328 -67.90489549 0.09128962606
329 -68.5670037 0.08818491341
330 -69.21486987 0.08523698151
331 -69.84770215 0.08244142294
332 -70.46473865 0.07979372411
333 -71.06526184 0.07728925019
334 -71.64861177 0.07492324071
335 -72.21419726 0.07269081494
336 -72.76150524 0.07058698551
337 -73.29010769 0.06860667851
338 -73.79966644 0.06674475847
339 -74.28993568 0.06499605636
340 -74.7607625 0.06335539909
341 -75.21208528 0.0618176393
342 -75.64392993 0.06037768599
343 -76.05639936 0.05903054684
344 -76.44962046 0.05777147379
345 -76.82336681 0.05659691844
346 -77.17414556 0.05551175214
347 -77.47238264 0.05458500285
348 -77.48318232 0.05438611052
349 -75.35938701 0.05966431064
350 -56.83789678 0.1292586607
351 27.63760899 0.9597879585
352 37.55024326 0.9999192543
353 36.67100009 0.999919787
354 34.11528884 0.9998738799
355 30.53894146 0.9997586814
356 26.3759233 0.9994848881
357 22.0118009 0.9988648932
358 17.720078 0.9975583667
359 13.6684129 0.9950469028
360 9.951068432 0.9906991412
361 6.614306669 0.9839572253
362 3.670391605 0.9745730412
363 1.106049632 0.9627400395
364 -1.109828317 0.949026306
365 -3.0182716 0.9341693217
366 -4.663290794 0.9188702757
367 -6.087014303 0.9036753552
368 -7.327044204 0.8889475801
369 -8.415508409 0.8748919113
370 -9.379138949 0.8615978862
371 -10.23984618 0.8490798051
372 -11.01545804 0.8373074512
373 -11.72045079 0.8262270427
374 -12.36659625 0.8157744719
375 -12.96350352 0.8058831647
376 -13.51905857 0.7964884436
377 -14.03977482 0.787529732
378 -14.53107033 0.7789514753
379 -14.99748619 0.7707033324
380 -15.44285855 0.7627399746
381 -15.87045444 0.7550206907
382 -16.28307947 0.7475089154
383 -16.68316357 0.7401717439
384 -17.07282971 0.7329794678
385 -17.45394919 0.7259051477
386 -17.82818657 0.7189242294
387 -18.19703627 0.7120142047
388 -18.56185272 0.7051543128
389 -18.92387518 0.698325282
390 -19.28424854 0.6915091047
391 -19.6440406 0.6846888444
392 -20.00425674 0.6778484704
393 -20.36585223 0.6709727165
394 -20.72974276 0.6640469633
395 -21.09681335 0.6570571406
396 -21.46792592 0.6499896491
397 -21.84392569 0.6428313004
398 -22.22564652 0.6355692748
399 -22.61391526 0.6281910974
400 -23.00955518 0.6206846315
401 -23.4133885 0.6130380907
402 -23.82623796 0.6052400703
403 -24.24892746 0.5972795993
404 -24.68228165 0.5891462127
405 -25.1271245 0.5808300459
