0 -81.45990885 0.0436993637
1 -64.70938524 0.09605440599
2 -38.28443525 0.2798005951
3 41.13405389 0.9978414878
4 42.92103509 0.9999732868
5 46.15656676 0.9999851852
6 39.09737107 0.9999526335
7 34.82584324 0.9998921974
8 30.72083279 0.9997681152
9 26.57292969 0.999501612
10 22.48218369 0.9989491035
11 18.55672401 0.9978732372
12 14.87253039 0.9959325023
13 11.47901045 0.9927176791
14 8.406504837 0.9878525585
15 5.66917798 0.9811329714
16 3.265619041 0.9726301832
17 1.18016488 0.9626898253
18 -0.6138396122 0.9518269209
19 -2.14950479 0.9405839065
20 -3.461968833 0.9294218217
21 -4.585077335 0.918671928
22 -5.549433876 0.9085362546
23 -6.381587123 0.8991129165
24 -7.103962761 0.8904271804
25 -7.735195645 0.8824585429
26 -8.290627041 0.8751608424
27 -8.782831041 0.8684757845
28 -9.222102709 0.8623413812
29 -9.616881356 0.8566968533
30 -9.974103927 0.8514852373
31 -10.29949359 0.8466545734
32 -10.59779249 0.8421582583
33 -10.87294812 0.8379549333
34 -11.1282623 0.8340081321
35 -11.36651008 0.8302858252
36 -11.59003494 0.8267599345
37 -11.8008251 0.8234058627
38 -12.00057505 0.8202020562
39 -12.19073523 0.817129612
40 -12.37255247 0.8141719282
41 -12.5471029 0.8113143997
42 -12.71531902 0.8085441516
43 -12.87801192 0.8058498101
44 -13.03588978 0.8032213035
45 -13.18957309 0.800649691
46 -13.33960756 0.7981270146
47 -13.48647474 0.7956461722
48 -13.63060112 0.7932008069
49 -13.77236577 0.7907852119
50 -13.91210677 0.7883942481
51 -14.0501268 0.7860232725
52 -14.1866978 0.7836680758
53 -14.32206508 0.7813248285
54 -14.45645076 0.778990033
55 -14.59005679 0.7766604826
56 -14.72306761 0.774333225
57 -14.85565236 0.7720055303
58 -14.98796689 0.7696748627
59 -15.12015551 0.7673388556
60 -15.25235247 0.7649952894
61 -15.38468337 0.762642072
62 -15.51726628 0.7602772209
63 -15.65021287 0.7578988475
64 -15.78362928 0.755505143
65 -15.91761704 0.7530943656
66 -16.05227376 0.7506648288
67 -16.18769389 0.7482148908
68 -16.32396929 0.7457429445
69 -16.46118985 0.7432474091
70 -16.59944396 0.7407267216
71 -16.73881908 0.7381793286
72 -16.87940214 0.7356036798
73 -17.02127997 0.7329982206
74 -17.16453976 0.7303613858
75 -17.30926938 0.7276915934
76 -17.45555782 0.7249872385
77 -17.60349548 0.7222466877
78 -17.75317462 0.7194682733
79 -17.90468961 0.7166502877
80 -18.05813735 0.7137909781
81 -18.21361758 0.7108885409
82 -18.37123322 0.7079411168
83 -18.53109075 0.7049467845
84 -18.69330055 0.7019035565
85 -18.85797725 0.6988093727
86 -19.0252401 0.6956620955
87 -19.19521338 0.6924595043
88 -19.36802675 0.6891992898
89 -19.54381567 0.6858790488
90 -19.72272183 0.6824962784
91 -19.90489354 0.6790483708
92 -20.0904862 0.6755326074
93 -20.27966276 0.6719461541
94 -20.47259416 0.6682860551
95 -20.66945982 0.6645492289
96 -20.87044816 0.6607324624
97 -21.07575707 0.6568324075
98 -21.28559445 0.652845576
99 -21.50017871 0.6487683372
100 -21.71973927 0.6445969144
101 -21.94451712 0.6403273835
102 -22.17476529 0.6359556725
103 -22.41074933 0.6314775618
104 -22.6527478 0.6268886867
105 -22.90105266 0.6221845419
106 -23.15596966 0.6173604878
107 -23.4178186 0.6124117601
108 -23.6869336 0.6073334821
109 -23.96366317 0.6021206807
110 -24.24837019 0.596768307
111 -24.54143174 0.5912712612
112 -24.84323872 0.585624423
113 -25.15419522 0.5798226881
114 -25.47471774 0.5738610112
115 -25.80523392 0.5677344562
116 -26.1461811 0.5614382548
117 -26.4980044 0.5549678725
118 -26.86115433 0.5483190846
119 -27.23608399 0.5414880597
120 -27.62324571 0.5344714539
121 -28.02308708 0.5272665121
122 -28.43604645 0.5198711789
123 -28.86254773 0.5122842151
124 -29.30299468 0.5045053206
125 -29.7577645 0.4965352604
126 -30.2272009 0.4883759906
127 -30.7116067 0.4800307823
128 -31.21123601 0.4715043378
129 -31.72628618 0.4628028955
130 -32.25688974 0.453934319
131 -32.80310641 0.4449081631
132 -33.36491557 0.4357357133
133 -33.94220939 0.426429993
134 -34.53478696 0.4170057333
135 -35.14234968 0.4074793029
136 -35.76449824 0.3978685948
137 -36.40073142 0.3881928698
138 -37.05044699 0.3784725579
139 -37.71294478 0.368729021
140 -38.38743203 0.3589842818
141 -39.07303106 0.3492607276
142 -39.76878903 0.3395807962
143 -40.47368962 0.3299666553
144 -41.18666638 0.3204398857
145 -41.90661723 0.3110211787
146 -42.63241974 0.3017300588
147 -43.36294677 0.292584639
148 -44.09708184 0.2836014168
149 -44.83373389 0.2747951151
150 -45.57185091 0.2661785716
151 -46.31043225 0.2577626755
152 -47.04853912 0.2495563516
153 -47.78530323 0.241566587
154 -48.51993346 0.233798496
155 -49.25172044 0.226255418
156 -49.98003919 0.218939041
157 -50.70434984 0.2118495447
158 -51.42419653 0.2049857574
159 -52.13920486 0.1983453211
160 -52.84907778 0.191924858
161 -53.55359034 0.1857201371
162 -54.25258337 0.1797262339
163 -54.9459563 0.1739376839
164 -55.63365931 0.168348625
165 -56.31568489 0.1629529288
166 -56.992059 0.1577443201
167 -57.662832 0.1527164832
168 -58.32806939 0.147863155
169 -58.98784256 0.1431782054
170 -59.64221968 0.1386557052
171 -60.29125675 0.1342899807
172 -60.93498924 0.1300756566
173 -61.57342409 0.1260076872
174 -62.2065326 0.1220813757
175 -62.83424412 0.1182923838
176 -63.45644087 0.1146367301
177 -64.07295393 0.1111107797
178 -64.68356063 0.1077112256
179 -65.28798344 0.1044350622
180 -65.88589035 0.1012795528
181 -66.4768969 0.09824219262
182 -67.06056975 0.09532066818
183 -67.63643174 0.0925128147
184 -68.20396833 0.08981657351
185 -68.7626352 0.08722995047
186 -69.31186678 0.08475097694
187 -69.85108552 0.08237767451
188 -70.37971147 0.08010802439
189 -70.89717202 0.07793994213
190 -71.40291139 0.07587125824
191 -71.89639969 0.07389970463
192 -72.37714122 0.07202290697
193 -72.84468189 0.07023838244
194 -73.29861553 0.06854354246
195 -73.73858902 0.06693569966
196 -74.1643062 0.06541207837
197 -74.57553049 0.06396982787
198 -74.97208634 0.06260603751
199 -75.35385945 0.06131775311
200 -75.72079602 0.06010199385
201 -76.07290102 0.05895576912
202 -76.4102356 0.05787609485
203 -76.73291398 0.05686000888
204 -77.04109961 0.05590458518
205 -77.33500115 0.0550069466
206 -77.61486801 0.05416427618
207 -77.88098584 0.05337382674
208 -78.13367194 0.05263292906
209 -78.37327072 0.05193899841
210 -78.60014932 0.05128953972
211 -78.81469329 0.05068215132
212 -79.01730267 0.05011452759
213 -79.20838818 0.04958446038
214 -79.38836777 0.04908983957
215 -79.55766351 0.04862865276
216 -79.71669866 0.04819898423
217 -79.86589518 0.04779901333
218 -80.00567146 0.04742701238
219 -80.13644041 0.04708134414
220 -80.25860768 0.04676045904
221 -80.37257036 0.04646289205
222 -80.47871568 0.04618725954
223 -80.57742014 0.04593225588
224 -80.66904867 0.04569665012
225 -80.7539541 0.04547928247
226 -80.83247669 0.045279061
227 -80.90494388 0.04509495821
228 -80.97167014 0.04492600774
229 -81.03295689 0.04477130114
230 -81.08909258 0.04462998479
231 -81.1403528 0.04450125682
232 -81.1870005 0.04438436423
233 -81.2292862 0.04427860011
234 -81.26744832 0.04418330095
235 -81.30171351 0.04409784413
236 -81.33229701 0.04402164546
237 -81.35940304 0.04395415689
238 -81.38322518 0.04389486435
239 -81.4039468 0.04384328567
240 -81.42174148 0.04379896863
241 -81.4367734 0.04376148912
242 -81.44919781 0.04373044938
243 -81.45916135 0.04370547642
244 -81.46680255 0.04368622042
245 -81.47225216 0.04367235331
246 -81.47563357 0.04366356742
247 -81.47706316 0.04365957416
248 -81.47665067 0.04366010286
249 -81.47449955 0.04366489965
250 -81.47070731 0.04367372635
251 -64.72602083 0.09597938992
252 -38.35465595 0.2792118047
253 41.12865201 0.997809691
254 42.91344822 0.9999732488
255 46.14089483 0.9999851435
256 39.07220913 0.9999524172
257 34.78837492 0.9998914671
258 30.66874584 0.9997659372
259 26.50557909 0.999495593
260 22.40024644 0.9989338208
261 18.46179094 0.9978379549
262 14.76680063 0.9958589238
263 11.36504914 0.9925794701
264 8.286990986 0.9876185335
265 5.546621871 0.9807739445
266 3.142098897 0.9721264032
267 1.057161183 0.9620348686
268 -0.7354705583 0.9510264363
269 -2.269440698 0.9396510407
270 -3.580274624 0.9283722911
271 -4.702057161 0.9175205749
272 -5.665512339 0.907295394
273 -6.497227234 0.8977919719
274 -7.219615806 0.8890329936
275 -7.851274309 0.8809959184
276 -8.407493724 0.8736330944
277 -8.900795248 0.8668851923
278 -9.341423439 0.8606895335
279 -9.737771898 0.854984894
280 -10.09673756 0.8497140325
281 -10.42400934 0.8448248213
282 -10.72430053 0.8402705592
283 -11.00153462 0.8360098317
284 -11.25899368 0.8320061416
285 -11.49943663 0.8282274399
286 -11.72519395 0.8246456347
287 -11.9382435 0.8212361147
288 -12.14027158 0.8179773105
289 -12.33272235 0.8148502988
290 -12.51683788 0.8118384539
291 -12.69369086 0.8089271416
292 -12.86421145 0.8061034543
293 -13.02920932 0.803355981
294 -13.18939196 0.800674609
295 -13.34537988 0.7980503534
296 -13.49771927 0.7954752094
297 -13.64689268 0.7929420252
298 -13.79332797 0.790444392
299 -13.93740588 0.7879765493
300 -14.07946647 0.7855333026
301 -14.21981462 0.7831099517
302 -14.35872468 0.7807022289
303 -14.49644455 0.7783062447
304 -14.6331991 0.7759184407
305 -14.7691932 0.7735355478
306 -14.9046143 0.7711545505
307 -15.0396347 0.7687726539
308 -15.17441352 0.7663872565
309 -15.30909845 0.7639959244
310 -15.44382725 0.7615963694
311 -15.57872914 0.7591864292
312 -15.71392592 0.7567640495
313 -15.8495331 0.7543272682
314 -15.98566084 0.7518742012
315 -16.12241476 0.7494030291
316 -16.25989674 0.7469119856
317 -16.39820565 0.7443993469
318 -16.53743792 0.7418634212
319 -16.6776882 0.7393025403
320 -16.81904982 0.7367150502
321 -16.96161538 0.7340993042
322 -17.10547716 0.7314536544
323 -17.2507276 0.7287764452
324 -17.39745971 0.7260660064
325 -17.54576749 0.7233206467
326 -17.69574628 0.7205386475
327 -17.84749323 0.7177182567
328 -18.00110758 0.7148576829
329 -18.1566911 0.7119550893
330 -18.31434843 0.7090085885
331 -18.47418744 0.7060162362
332 -18.63631963 0.7029760258
333 -18.8008605 0.6998858827
334 -18.96792991 0.6967436587
335 -19.1376525 0.6935471263
336 -19.31015806 0.6902939729
337 -19.48558197 0.6869817954
338 -19.66406559 0.6836080942
339 -19.84575673 0.6801702678
340 -20.03081007 0.676665607
341 -20.2193876 0.6730912895
342 -20.41165914 0.6694443744
343 -20.60780281 0.665721797
344 -20.8080055 0.6619203639
345 -21.01246338 0.6580367481
346 -21.22138246 0.6540674852
347 -21.43497907 0.6500089693
348 -21.65348038 0.6458574501
349 -21.87712492 0.641609031
350 -22.10616314 0.6372596682
351 -22.34085783 0.6328051704
352 -22.58148462 0.6282412012
353 -22.82833244 0.6235632825
354 -23.08170385 0.6187668008
355 -23.34191543 0.6138470152
356 -23.60929796 0.6087990695
357 -23.88419657 0.6036180067
358 -24.16697079 0.5982987888
359 -24.45799437 0.5928363202
360 -24.757655 0.5872254766
361 -25.06635372 0.5814611399
362 -25.3845042 0.5755382393
363 -25.71253161 0.5694518
364 -26.0508712 0.5631969991
365 -26.39996652 0.5567692296
366 -26.7602672 0.5501641743
367 -27.13222621 0.5433778867
368 -27.51629665 0.536406883
369 -27.91292797 0.5292482413
370 -28.3225616 0.52189971
371 -28.74562594 0.5143598233
372 -29.18253075 0.5066280229
373 -29.63366095 0.4987047825
374 -30.09936981 0.4905917352
375 -30.57997165 0.4822917975
376 -31.07573412 0.4738092885
377 -31.58687024 0.4651500382
378 -32.11353022 0.4563214808
379 -32.65579353 0.4473327276
380 -33.21366116 0.4381946139
381 -33.78704857 0.4289197148
382 -34.37577954 0.4195223255
383 -34.97958118 0.4100184012
384 -35.59808048 0.4004254557
385 -36.23080264 0.3907624157
386 -36.87717134 0.3810494328
387 -37.53651131 0.3713076559
388 -38.20805305 0.361558968
389 -38.89093991 0.3518256958
390 -39.58423733 0.3421302989
391 -40.28694406 0.33249505
392 -40.99800509 0.3229417158
393 -41.71632592 0.31349125
394 -42.44078768 0.304163508
395 -43.17026274 0.294976993
396 -43.90363015 0.2859486411
397 -44.63979065 0.27709365
398 -45.37768065 0.2684253555
399 -46.11628484 0.2599551564
400 -46.85464726 0.2516924862
401 -47.5918804 0.2436448295
402 -48.32717237 0.2358177774
403 -49.05979209 0.2282151176
404 -49.78909235 0.2208389515
405 -50.51451105 0.2136898334
406 -51.23557057 0.2067669243
407 -51.95187558 0.2000681552
408 -52.66310927 0.1935903941
409 -53.36902844 0.1873296125
410 -54.0694574 0.1812810478
411 -54.76428103 0.1754393579
412 -55.45343708 0.1697987675
413 -56.13690785 0.1643532017
414 -56.81471148 0.159096409
415 -57.48689292 0.1540220709
416 -58.15351472 0.1491238985
417 -58.81464774 0.1443957163
418 -59.47036201 0.139831533
419 -60.1207178 0.1354255997
420 -60.76575698 0.1311724559
421 -61.405495 0.1270669635
422 -62.0399135 0.1231043295
423 -62.66895381 0.1192801176
424 -63.29251142 0.11559025
425 -63.91043168 0.1120309988
426 -64.52250683 0.1085989697
427 -65.12847441 0.1052910775
428 -65.72801732 0.1021045151
429 -66.32076537 0.09903671773
430 -66.90629846 0.09608532272
431 -67.4841512 0.09324812787
432 -68.05381906 0.09052304848
433 -68.61476562 0.08790807549
434 -69.16643088 0.08540123565
435 -69.70824036 0.0830005552
436 -70.23961458 0.08070402798
437 -70.75997879 0.07850958866
438 -71.26877256 0.07641509184
439 -71.76545893 0.07441829686
440 -72.24953294 0.07251685868
441 -72.72052931 0.07070832416
442 -73.17802902 0.06899013351
443 -73.62166475 0.06735962619
444 -74.05112517 0.06581405049
445 -74.46615784 0.06435057608
446 -74.866571 0.06296630867
447 -75.2522341 0.0616583061
448 -75.62307732 0.06042359512
449 -75.97909006 0.05925918828
450 -76.32031863 0.05816210037
451 -76.64686319 0.05712936411
452 -76.95887421 0.05615804463
453 -77.25654837 0.05524525263
454 -77.54012429 0.05438815605
455 -77.80987804 0.05358399013
456 -78.0661185 0.05283006591
457 -78.3091829 0.05212377727
458 -78.5394323 0.05146260633
459 -78.75724732 0.05084412768
460 -78.96302409 0.05026601125
461 -79.15717041 0.04972602401
462 -79.34010225 0.04922203085
463 -79.51224046 0.04875199439
464 -79.67400786 0.04831397421
465 -79.82582667 0.04790612532
466 -79.96811608 0.04752669624
467 -80.10129032 0.04717402656
468 -80.22575684 0.04684654421
469 -80.34191486 0.04654276245
470 -80.45015411 0.04626127675
471 -80.55085378 0.04600076142
472 -80.64438175 0.04575996627
473 -80.73109394 0.0455377132
474 -80.8113338 0.04533289278
475 -80.88543209 0.04514446088
476 -80.95370658 0.04497143533
477 -81.01646207 0.04481289273
478 -81.07399033 0.04466796525
479 -81.12657028 0.04453583762
480 -81.17446814 0.04441574418
481 -81.21793764 0.04430696604
482 -81.25722033 0.04420882843
483 -81.29254594 0.04412069808
484 -81.32413265 0.04404198079
485 -81.35218756 0.04397211911
486 -81.37690701 0.04391059009
487 -81.39847705 0.04385690324
488 -81.41707382 0.0438105985
489 -81.43286395 0.0437712444
490 -81.44600501 0.04373843629
491 -81.45664593 0.04371179467
492 -81.46492736 0.04369096365
493 -81.47098208 0.04367560943
494 -81.47493543 0.04366541896
495 -81.47690564 0.04366009865
496 -81.47700419 0.0436593731
497 -81.4753362 0.04366298398
498 -81.47200074 0.04367068899
499 -81.46709116 0.04368226079
500 -81.4606954 0.04369748611
501 -64.7105356 0.09604918545
502 -38.28904628 0.2797616964
503 41.13371066 0.9978394552
504 42.92054392 0.9999732844
505 46.15555934 0.9999851825
506 39.09579108 0.9999526199
507 34.82352069 0.9998921522
508 30.71761881 0.9997679814
509 26.56878025 0.9995012432
510 22.47713788 0.9989481686
511 18.55087821 0.9978710807
512 14.866019 0.9959280072
513 11.47199077 0.9927092362
514 8.399141479 0.9878382585
515 5.661625484 0.9811110217
516 3.258005697 0.9725993629
517 1.172582434 0.9626497278
518 -0.6213377297 0.9517778822
519 -2.156898061 0.9405267277
520 -3.4692607 0.9293574669
521 -4.59228612 0.9186013116
522 -5.556585455 0.908460138
523 -6.388709841 0.8990318838
524 -7.111084315 0.8903416569
525 -7.7423414 0.8823688282
526 -8.297819295 0.8750671438
527 -8.790088845 0.8683782452
528 -9.229442006 0.8622401013
529 -9.624315275 0.8565919054
530 -9.981643128 0.8513766765
531 -10.30714662 0.8465424443
532 -10.60556611 0.8420425994
533 -10.8808476 0.8378357794
534 -11.13629171 0.8338855163
535 -11.37467247 0.8301597791
536 -11.59833257 0.826630489
537 -11.80925958 0.8232730477
538 -12.00914748 0.8200659007
539 -12.19944633 0.8169901436
540 -12.38140265 0.8140291732
541 -12.55609237 0.8111683825
542 -12.72444783 0.8083948947
543 -12.88728005 0.8056973336
544 -13.04529714 0.8030656252
545 -13.19911961 0.8004908257
546 -13.34929319 0.7979649746
547 -13.49629949 0.7954809665
548 -13.64056508 0.7930324414
549 -13.78246913 0.7906136894
550 -13.92234984 0.7882195678
551 -14.06051002 0.7858454303
552 -14.19722176 0.783487064
553 -14.33273053 0.7811406357
554 -14.46725859 0.7788026443
555 -14.60100811 0.7764698793
556 -14.73416367 0.7741393845
557 -14.86689461 0.7718084261
558 -14.99935699 0.7694744644
559 -15.13169531 0.7671351287
560 -15.26404403 0.7647881954
561 -15.39652897 0.7624315681
562 -15.52926843 0.7600632599
563 -15.66237429 0.7576813781
564 -15.79595295 0.7552841092
565 -15.93010617 0.7528697069
566 -16.06493182 0.7504364798
567 -16.20052461 0.7479827813
568 -16.33697668 0.7455069992
569 -16.47437817 0.7430075477
570 -16.6128178 0.7404828582
571 -16.75238332 0.7379313719
572 -16.89316197 0.7353515326
573 -17.03524092 0.7327417797
574 -17.1787077 0.7301005419
575 -17.32365054 0.7274262307
576 -17.4701588 0.7247172345
577 -17.6183233 0.7219719128
578 -17.76823668 0.7191885907
579 -17.91999377 0.7163655528
580 -18.07369191 0.7135010385
581 -18.22943132 0.7105932358
582 -18.38731544 0.7076402767
583 -18.54745126 0.7046402309
584 -18.70994972 0.7015911013
585 -18.87492605 0.698490818
586 -19.04250011 0.695337233
587 -19.21279682 0.6921281148
588 -19.38594656 0.688861143
589 -19.56208549 0.6855339025
590 -19.74135607 0.6821438782
591 -19.92390742 0.6786884494
592 -20.10989578 0.6751648846
593 -20.299485 0.6715703355
594 -20.49284695 0.6679018325
595 -20.69016205 0.6641562791
596 -20.89161975 0.6603304473
597 -21.09741904 0.6564209732
598 -21.30776894 0.652424353
599 -21.52288907 0.6483369396
600 -21.7430101 0.6441549401
601 -21.96837431 0.639874414
602 -22.19923607 0.6354912727
603 -22.43586235 0.6310012805
604 -22.67853315 0.6264000569
605 -22.9275419 0.6216830814
606 -23.18319587 0.6168457
607 -23.44581642 0.6118831354
608 -23.71573922 0.6067904992
609 -23.99331433 0.6015628088
610 -24.2789062 0.5961950082
611 -24.57289342 0.5906819934
612 -24.87566835 0.5850186436
613 -25.18763649 0.5791998583
614 -25.50921558 0.573220601
615 -25.84083442 0.5670759503
616 -26.18293129 0.5607611593
617 -26.53595201 0.5542717225
618 -26.90034754 0.5476034528
619 -27.27657109 0.540752566
620 -27.66507469 0.5337157759
621 -28.06630518 0.5264903967
622 -28.48069963 0.519074454
623 -28.90868012 0.5114668032
624 -29.35064788 0.5036672517
625 -29.80697689 0.4956766858
626 -30.27800686 0.4874971963
627 -30.76403578 0.4791322016
628 -31.2653121 0.4705865635
629 -31.78202664 0.4618666905
630 -32.31430452 0.452980624
631 -32.86219723 0.4439381026
632 -33.42567513 0.4347505981
633 -34.00462072 0.4254313186
634 -34.59882283 0.4159951748
635 -35.20797221 0.4064587047
636 -35.83165867 0.3968399559
637 -36.46937011 0.3871583249
638 -37.12049363 0.3774343534
639 -37.78431885 0.3676894878
640 -38.46004352 0.3579458048
641 -39.14678141 0.3482257127
642 -39.84357228 0.3385516359
643 -40.54939379 0.3289456947
644 -41.26317493 0.3194293891
645 -41.9838107 0.3100232989
646 -42.71017741 0.3007468089
647 -43.44114831 0.2916178684
648 -44.17560893 0.2826527921
649 -44.91247173 0.273866106
650 -45.65068964 0.2652704416
651 -46.38926812 0.2568764781
652 -47.12727552 0.2486929312
653 -47.86385153 0.2407265838
654 -48.59821355 0.2329823554
655 -49.32966115 0.2254634023
656 -50.05757843 0.2181712438
657 -50.78143456 0.2111059074
658 -51.50078257 0.2042660866
659 -52.21525651 0.1976493058
660 -52.92456731 0.1912520883
661 -53.62849737 0.1850701208
662 -54.32689414 0.1790984141
663 -55.01966287 0.173331454
664 -55.70675866 0.1677633437
665 -56.388178 0.1623879336
666 -57.06394991 0.157198939
667 -57.73412682 0.1521900452
668 -58.3987753 0.1473549996
669 -59.05796683 0.1426876904
670 -59.71176869 0.138182213
671 -60.36023513 0.1338329235
672 -61.00339893 0.1296344804
673 -61.64126356 0.1255818742
674 -62.27379615 0.1216704461
675 -62.90092126 0.1178958959
676 -63.52251584 0.1142542795
677 -64.13840535 0.1107419981
678 -64.74836133 0.107355778
679 -65.3521004 0.1040926436
680 -65.94928487 0.1009498849
681 -66.53952489 0.09792501916
682 -67.12238222 0.09501575075
683 -67.69737543 0.0922199281
684 -68.26398644 0.08953550124
685 -68.82166829 0.08696048045
686 -69.36985374 0.08449289757
687 -69.90796453 0.08213077119
688 -70.43542109 0.07987207652
689 -70.95165219 0.07771472086
690 -71.45610442 0.0756565247
691 -71.9482512 0.0736952089
692 -72.42760096 0.07182838758
693 -72.89370447 0.07005356645
694 -73.346161 0.06836814604
695 -73.78462337 0.06676942908
696 -74.20880169 0.06525463128
697 -74.61846585 0.06382089485
698 -75.01344684 0.0624653038
699 -75.39363687 0.06118490039
700 -75.75898851 0.05997670204
701 -76.10951283 0.05883771819
702 -76.44527682 0.05776496647
703 -76.7664001 0.05675548802
704 -77.07305116 0.05580636154
705 -77.36544317 0.05491471589
706 -77.64382962 0.05407774118
707 -77.90849974 0.05329269829
708 -78.15977391 0.0525569268
709 -78.39799916 0.05186785139
710 -78.62354476 0.05122298686
711 -78.83679798 0.05061994176
712 -79.03816015 0.05005642085
713 -79.2280429 0.04953022649
714 -79.40686476 0.04903925906
715 -79.57504801 0.04858151658
716 -79.7330159 0.04815509359
717 -79.88119007 0.0477581795
718 -80.01998842 0.04738905644
719 -80.14982313 0.04704609669
720 -80.271099 0.04672775986
721 -80.38421209 0.04643258978
722 -80.48954854 0.04615921132
723 -80.58748363 0.04590632702
724 -80.678381 0.04567271365
725 -80.76259216 0.04545721887
726 -80.84045602 0.04525875778
727 -80.91229862 0.04507630956
728 -80.97843302 0.04490891419
729 -81.03915928 0.04475566924
730 -81.09476444 0.04461572672
731 -81.14552275 0.04448829013
732 -81.19169579 0.04437261152
733 -81.23353279 0.04426798874
734 -81.27127089 0.04417376276
735 -81.30513551 0.04408931516
736 -81.33534069 0.04401406572
737 -81.36208949 0.04394747012
738 -81.38557439 0.04388901778
739 -81.40597769 0.04383822981
740 -81.42347195 0.04379465708
741 -81.43822037 0.04375787837
742 -81.45037727 0.04372749863
743 -81.46008841 0.04370314741
744 -81.46749146 0.04368447728
745 -81.47271638 0.0436711624
746 -81.47588579 0.04366289719
747 -81.47711534 0.04365939503
748 -81.47651409 0.04366038709
749 -81.47418485 0.04366562121
750 -81.47022449 0.04367486085
