0 -87 0.01
5 -84.77216347 0.0361872503
10 -83.04343724 0.03991476844
15 -81.63005191 0.04321954537
20 -80.41597895 0.04625488651
25 -79.32632536 0.04914206631
30 -78.3072126 0.05198820061
35 -77.31449376 0.05490180286
40 -76.30583815 0.05801047482
45 -75.23290918 0.06148765249
50 -74.03008258 0.06560302872
55 -72.59258924 0.07083560424
60 -70.72270019 0.07817963008
65 35.05754992 0.9967881891
70 31.5173115 0.999792676
75 19.79302883 0.9982184401
80 11.25439615 0.9920634229
85 6.036034006 0.9812959697
90 3.229104401 0.971086306
95 1.818599049 0.9643126494
100 1.11988495 0.9604862285
105 0.7605402109 0.9583934648
110 0.5547515389 0.9571611405
115 0.4128653726 0.956301159
120 0.2921422539 0.9555638924
125 0.1722578814 0.9548250289
130 0.0435313308 0.9540220705
135 -0.09864388768 0.9531222491
140 -0.2564140289 0.9521070158
145 -0.4306894067 0.950964692
150 -0.6217208657 0.9496870213
155 -0.8293767943 0.9482675549
160 -1.053282797 0.9467008937
165 -1.292898762 0.9449823266
170 -1.54756733 0.9431076522
175 -1.816548953 0.9410730829
180 -2.099050113 0.9388751866
185 -2.394247382 0.9365108429
190 -2.701308358 0.9339772048
195 -3.01940981 0.9312716604
200 -3.347753166 0.928391793
205 -3.685577428 0.9253353386
210 -4.032169665 0.92210014
215 -4.386873266 0.9186840976
220 -4.749094227 0.9150851173
225 -5.118305734 0.911301054
230 -5.494051375 0.9073296524
235 -5.875947273 0.9031684826
240 -6.263683466 0.8988148711
245 -6.657024816 0.8942658268
250 -7.055811735 0.8895179592
255 -7.459960982 0.8845673883
260 -7.869466807 0.8794096449
265 -8.28440267 0.8740395571
270 -8.704923809 0.8684511215
275 -9.131270929 0.8626373547
280 -9.563775319 0.8565901196
285 -10.00286577 0.8502999211
290 -10.44907775 0.8437556626
295 -10.90306529 0.8369443536
300 -11.36561654 0.8298507541
305 -11.83767354 0.8224569398
310 -12.32035783 0.8147417639
315 -12.81500319 0.8066801868
320 -13.32319791 0.7982424311
325 -13.84683945 0.7893929118
330 -14.38820562 0.7800888643
335 -14.95004787 0.7702785752
340 -15.5357145 0.7598990799
345 -16.14931477 0.7488731458
350 -16.79593917 0.7371052951
355 -17.48195729 0.7244765436
360 -18.21542301 0.710837438
365 -19.00662743 0.6959988977
370 -19.86885181 0.679720369
375 -20.81938168 0.6616950554
380 -21.88083616 0.6415329048
385 -23.08280939 0.6187444656
390 -24.46364028 0.5927342796
395 -26.07168002 0.5628234576
400 -27.96452484 0.5283383473
405 -30.20333348 0.4888169401
410 -32.83855805 0.4443618046
415 -35.88623138 0.3960468877
420 -39.30361514 0.3460757068
425 -42.98404315 0.2973458629
430 -46.78492031 0.2525054276
435 -50.5752014 0.2131390831
440 -54.27042479 0.1796117068
445 -57.83709263 0.1514657349
450 -61.2714373 0.1279474376
455 -64.56740535 0.1083751672
460 -67.69030447 0.09227271174
465 -70.57183436 0.07931080464
470 -73.13108564 0.06917470614
475 -75.30640328 0.06148371608
480 -77.0760002 0.05580252617
485 -78.45844675 0.05169828495
490 -79.49973407 0.04878920344
495 -80.2576625 0.04676564383
500 -80.79002553 0.04538969057
505 -81.14804695 0.04448445946
510 -81.37394193 0.04392092361
515 -81.50092996 0.04360592173
520 -81.55438398 0.04347250225
525 -81.55331698 0.04347260946
530 -81.51180673 0.04357172267
535 -81.44020215 0.04374499651
540 -81.34607981 0.04397450818
545 -81.23497392 0.04424730244
550 -81.11092059 0.04455400496
555 -80.97685801 0.04488783799
560 -80.83480033 0.04524418288
565 -62.26988519 0.1058238331
570 33.22505691 0.9998510359
575 15.88506161 0.9965587972
580 3.376562375 0.9728066762
585 -3.194134077 0.9312321453
590 -6.458034298 0.8975199272
595 -8.241975444 0.8751216584
600 -9.360488666 0.8597433985
605 -10.16470034 0.8481085839
610 -10.81505315 0.8383713735
615 -11.38951195 0.8295359309
620 -11.92804347 0.8210578212
625 -12.45223144 0.8126283816
630 -12.97447883 0.8040621144
635 -13.50254655 0.7952373343
640 -14.04189464 0.7860640285
645 -14.59695237 0.776465652
650 -15.17185956 0.7663680058
655 -15.77095308 0.7556915531
660 -16.39914631 0.744345128
665 -17.06228964 0.7322197728
670 -17.76757433 0.7191818006
675 -18.52403443 0.7050643226
680 -19.34320417 0.6896565499
685 -20.23999518 0.6726903197
690 -21.23385989 0.6538238001
695 -22.35028342 0.6326237849
700 -23.62254488 0.6085515908
705 -25.09340673 0.5809653772
710 -26.81574689 0.549166026
715 -28.84998263 0.5125327181
720 -31.25478159 0.4707991089
725 -34.06794515 0.4244593774
730 -37.2803321 0.3751144488
735 -40.8177643 0.3253849032
740 -44.55122293 0.278184773
745 -48.33747568 0.2357425371
750 -52.06425674 0.1990631698
