0 -31.6651864 0.4639770255
1 -32.24227242 0.4543232682
2 -32.836958 0.4444972845
3 -33.44915519 0.4345140346
4 -34.07865622 0.4243907625
5 -34.72512737 0.4141469017
6 -35.38810543 0.4038039164
7 -36.06699681 0.3933850763
8 -36.76107985 0.3829151697
9 -37.46951033 0.3724201595
10 -38.19133029 0.3619267932
11 -38.92547998 0.3514621794
12 -39.6708127 0.3410533468
13 -40.42611202 0.3307268011
14 -41.19011078 0.3205080988
15 -41.96151133 0.3104214514
16 -42.73900617 0.3004893767
17 -43.52129828 0.2907324066
18 -44.30712056 0.2811688598
19 -45.09525362 0.2718146842
20 -45.88454154 0.2626833679
21 -46.6739052 0.2537859187
22 -47.46235279 0.2451309027
23 -48.24898764 0.2367245384
24 -49.03301305 0.2285708349
25 -49.81373449 0.2206717643
26 -50.59055909 0.2130274616
27 -51.36299278 0.2056364387
28 -52.13063532 0.1984958088
29 -52.89317341 0.1916015107
30 -53.65037219 0.1849485284
31 -54.40206545 0.1785311015
32 -55.14814468 0.1723429221
33 -55.88854743 0.166377316
34 -56.62324492 0.1606274055
35 -57.35222945 0.1550862541
36 -58.07550172 0.1497469904
37 -58.79305821 0.1446029125
38 -59.50487921 0.1396475726
39 -60.21091736 0.1348748414
40 -60.9110874 0.1302789533
41 -61.6052571 0.1258545342
42 -62.29323983 0.1215966107
43 -62.97478896 0.1175006045
44 -63.6495943 0.1135623128
45 -64.31728074 0.1097778754
46 -64.97740921 0.1061437337
47 -65.62947987 0.102656581
48 -66.27293758 0.09931330931
49 -66.90717929 0.09611095317
50 -67.5315633 0.09304663521
51 -68.14541985 0.09011751393
52 -68.74806278 0.08732073695
53 -69.33880176 0.08465340072
54 -69.91695473 0.08211251821
55 -70.48186003 0.07969499484
56 -71.03288789 0.07739761319
57 -71.56945094 0.07521702581
58 -72.09101346 0.07314975588
59 -72.5970991 0.07119220436
60 -73.0872971 0.06934066293
61 -73.56126678 0.06759133114
62 -74.01874042 0.0659403368
63 -74.45952456 0.06438375832
64 -74.88349985 0.06291764787
65 -75.29061956 0.06153805466
66 -75.680907 0.0602410473
67 -76.05445195 0.05902273482
68 -76.41140632 0.05787928592
69 -76.75197926 0.05680694601
70 -77.0764317 0.05580205242
71 -77.3850696 0.05486104967
72 -77.67822856 0.05398052326
73 -77.95618646 0.05315740224
74 -78.21847559 0.05239057085
75 -78.45818617 0.05169411595
76 -78.61454106 0.05120678253
77 -78.17842541 0.05211408883
78 -72.93325597 0.06571669652
79 -29.85362241 0.3216602595
80 36.24910211 0.9987249425
81 37.84780091 0.9999338581
82 36.21381344 0.9999134593
83 33.35777286 0.9998553576
84 29.66625171 0.9997166467
85 25.53453491 0.9993982591
86 21.2971877 0.9987051555
87 17.17971259 0.9973042716
88 13.3166011 0.9947173806
89 9.782348006 0.9903956048
90 6.612465419 0.983886944
91 3.814410913 0.9750258248
92 1.374243479 0.964023469
93 -0.737083938 0.9513981483
94 -2.557139274 0.9378019869
95 -4.126158396 0.9238521946
96 -5.482854427 0.9100329952
97 -6.662054435 0.8966708421
98 -7.693776526 0.8839539907
99 -8.603212708 0.8719678357
100 -9.411174781 0.8607292728
101 -10.13471453 0.8502136761
102 -10.78775888 0.8403737626
103 -11.38168583 0.8311518106
104 -11.92581518 0.8224871015
105 -12.42781259 0.8143201788
106 -12.89401556 0.8065950899
107 -13.32969392 0.799260402
108 -13.73925666 0.7922694989
109 -14.12641611 0.7855804797
110 -14.49431835 0.7791558498
111 -14.84564706 0.7729621199
112 -15.18270654 0.7669693785
113 -15.50748845 0.7611508738
114 -15.82172566 0.7554826229
115 -16.12693594 0.7499430569
116 -16.42445771 0.744512704
117 -16.71547929 0.7391739088
118 -17.00106313 0.7339105861
119 -17.28216593 0.7287080047
120 -17.55965546 0.7235525995
121 -17.83432465 0.7184318062
122 -18.10690364 0.7133339174
123 -18.37806987 0.7082479564
124 -18.64845692 0.703163567
125 -18.91866196 0.698070916
126 -19.18925231 0.692960608
127 -19.46077119 0.6878236099
128 -19.7337427 0.682651185
129 -20.00867629 0.6774348345
130 -20.28607072 0.672166246
131 -20.56641757 0.6668372491
132 -20.85020445 0.6614397769
133 -21.13791781 0.6559658322
134 -21.43004558 0.6504074612
135 -21.72707938 0.6447567308
136 -22.02951666 0.6390057131
137 -22.33786247 0.6331464751
138 -22.65263101 0.6271710749
139 -22.97434697 0.6210715646
140 -23.30354648 0.6148400013
141 -23.64077787 0.6084684655
142 -23.986602 0.6019490893
143 -24.34159223 0.5952740942
144 -24.70633391 0.5884358399
145 -25.08142344 0.5814268853
146 -25.46746669 0.5742400623
147 -25.86507675 0.5668685633
148 -26.27487109 0.5593060433
149 -26.6974678 0.5515467368
150 -27.13348101 0.5435855897
151 -27.58351545 0.535418405
152 -28.04815996 0.5270420021
153 -28.52798006 0.5184543873
154 -29.02350957 0.5096549311
155 -29.53524127 0.5006445513
156 -30.06361674 0.4914258931
157 -30.60901556 0.4820035025
158 -31.17174401 0.4723839841
159 -31.75202368 0.4625761358
160 -32.34998022 0.4525910501
161 -32.96563267 0.4424421748
162 -33.5988839 0.432145323
163 -34.24951254 0.4217186251
164 -34.91716702 0.4111824174
165 -35.60136207 0.4005590638
166 -36.30147812 0.3898727108
167 -37.01676396 0.379148978
168 -37.74634278 0.3684145935
169 -38.48922162 0.357696982
170 -39.24430417 0.3470238225
171 -40.01040644 0.3364225894
172 -40.78627496 0.3259200956
173 -41.5706069 0.3155420561
174 -42.36207123 0.3053126869
175 -43.15933036 0.2952543552
176 -43.96106135 0.2853872923
177 -44.76597601 0.2757293749
178 -45.5728392 0.2662959813
179 -46.38048487 0.2570999202
180 -47.18782937 0.248151429
181 -47.99388181 0.2394582358
182 -48.79775136 0.2310256751
183 -49.59865145 0.2228568486
184 -50.39590104 0.21495282
185 -51.18892314 0.2073128333
186 -51.97724078 0.1999345455
187 -52.76047074 0.1928142654
188 -53.53831542 0.1859471899
189 -54.31055302 0.1793276328
190 -55.07702642 0.1729492415
191 -55.83763104 0.1668051969
192 -56.59230199 0.1608883953
193 -57.3410007 0.1551916096
194 -58.08370143 0.1497076292
195 -58.82037788 0.1444293783
196 -59.55099023 0.139350012
197 -60.27547284 0.1344629912
198 -60.99372305 0.1297621366
199 -61.70559128 0.1252416623
200 -62.41087277 0.1208961907
201 -63.10930131 0.1167207511
202 -63.80054507 0.112710761
203 -64.48420483 0.1088619961
204 -65.15981464 0.1051705479
205 -65.82684502 0.1016327745
206 -66.48470855 0.09824524485
207 -67.13276763 0.09500468181
208 -67.77034432 0.09190790469
209 -68.39673166 0.08895177526
210 -69.01120626 0.08613314873
211 -69.6130415 0.08344883183
212 -70.20152098 0.08089554899
213 -70.77595176 0.07846991752
214 -71.33567676 0.07616843194
215 -71.8800862 0.07398745705
216 -72.40862756 0.07192322918
217 -72.92081389 0.06997186457
218 -73.41623038 0.06812937357
219 -73.89453904 0.06639167943
220 -74.35548156 0.06475464037
221 -74.79888044 0.06321407347
222 -75.22463845 0.06176577952
223 -75.63273671 0.06040556753
224 -76.02323144 0.05912927835
225 -76.39624976 0.05793280654
226 -76.75198464 0.0568121203
227 -77.09068924 0.0557632789
228 -77.4126709 0.05478244763
229 -77.7182848 0.05386591025
230 -78.0079277 0.05301007886
231 -78.28203164 0.05221150147
232 -78.54105784 0.05146686737
233 -78.78549096 0.05077301048
234 -79.01583361 0.05012691102
235 -79.23260125 0.04952569559
236 -79.4363176 0.04896663598
237 -79.62751041 0.04844714687
238 -79.80670772 0.04796478266
239 -79.97443451 0.04751723357
240 -80.13120977 0.04710232131
241 -80.27754357 0.0467179952
242 -80.41393099 0.04636233532
243 -80.54081668 0.04603361823
244 -80.65830317 0.04573091913
245 -80.76365009 0.04545931372
246 -80.82971195 0.04527462539
247 -80.61877463 0.04567219472
248 -78.07727959 0.05124016822
249 -55.79661114 0.1304134142
250 32.23682683 0.9817514377
251 38.38175267 0.9999365634
252 37.33373213 0.9999291378
253 34.99890513 0.9998925553
254 31.71410855 0.9998048376
255 27.82739433 0.9996030977
256 23.69620038 0.9991582981
257 19.58689282 0.9982368642
258 15.66618536 0.9964745753
259 12.02987498 0.9933995245
260 8.728914134 0.9885351376
261 5.784153504 0.9815646003
262 3.193839063 0.9724716581
263 0.9389885312 0.9615659403
264 -1.010996126 0.949379925
265 -2.692625707 0.936510134
266 -4.143531547 0.9234869157
267 -5.399211845 0.9107098853
268 -6.491300948 0.898439902
269 -7.446975838 0.8868216491
270 -8.28905433 0.8759152154
271 -9.036436309 0.8657250246
272 -9.704666011 0.8562220679
273 -10.30649418 0.8473593439
274 -10.85238427 0.8390818538
275 -11.35094368 0.8313327035
276 -11.80927993 0.8240566042
277 -12.23328941 0.817201715
278 -12.62788926 0.8107204679
279 -12.99720267 0.8045697952
280 -13.34470669 0.7987110181
281 -13.67335033 0.7931095611
282 -13.98564913 0.7877345873
283 -14.28376105 0.7825586106
284 -14.56954784 0.7775571161
285 -14.84462467 0.772708206
286 -15.11040065 0.7679922756
287 -15.36811193 0.763391724
288 -15.61884902 0.7588906977
289 -15.86357935 0.7544748643
290 -16.10316602 0.7501312145
291 -16.33838359 0.7458478885
292 -16.56993118 0.7416140242
293 -16.79844371 0.7374196242
294 -17.02450138 0.7332554393
295 -17.24863775 0.7291128662
296 -17.47134672 0.7249838572
297 -17.69308858 0.7208608409
298 -17.91429522 0.7167366512
299 -18.13537475 0.7126044648
300 -18.35671549 0.708457745
301 -18.57868963 0.7042901915
302 -18.80165636 0.7000956954
303 -19.02596478 0.6958682979
304 -19.25195651 0.6916021535
305 -19.47996807 0.6872914963
306 -19.71033306 0.6829306094
307 -19.94338418 0.6785137965
308 -20.17945515 0.674035357
309 -20.41888244 0.669489562
310 -20.66200698 0.664870634
311 -20.90917567 0.6601727278
312 -21.16074295 0.655389914
313 -21.41707215 0.6505161651
314 -21.67853683 0.6455453435
315 -21.94552205 0.6404711932
316 -22.2184255 0.6352873342
317 -22.49765857 0.6299872603
318 -22.78364724 0.6245643413
319 -23.07683294 0.6190118301
320 -23.3776731 0.6133228751
321 -23.68664162 0.6074905381
322 -24.00422899 0.601507821
323 -24.33094223 0.5953676987
324 -24.66730438 0.5890631627
325 -25.01385369 0.5825872739
326 -25.37114223 0.5759332272
327 -25.73973408 0.5690944286
328 -26.12020277 0.562064585
329 -26.51312818 0.5548378091
330 -26.91909252 0.5474087374
331 -27.33867558 0.539772664
332 -27.77244902 0.531925688
333 -28.22096976 0.5238648734
334 -28.68477239 0.5155884205
335 -29.16436064 0.5070958446
336 -29.66019799 0.4983881585
337 -30.1726975 0.4894680538
338 -30.702211 0.4803400735
339 -31.24901794 0.4710107699
340 -31.81331413 0.4614888382
341 -32.39520079 0.4517852177
342 -32.99467421 0.4419131511
343 -33.61161663 0.4318881941
344 -34.24578867 0.4217281677
345 -34.89682385 0.4114530473
346 -35.56422567 0.401084787
347 -36.24736754 0.3906470784
348 -36.94549582 0.380165048
349 -37.65773627 0.3696649004
350 -38.38310359 0.3591735184
351 -39.12051423 0.3487180338
352 -39.86880181 0.3383253836
353 -40.62673487 0.32802187
354 -41.39303632 0.3178327403
355 -42.16640378 0.3077818018
356 -42.94553027 0.2978910867
357 -43.72912435 0.2881805756
358 -44.51592925 0.2786679882
359 -45.30474015 0.2693686429
360 -46.09441938 0.2602953861
361 -46.88390905 0.2514585873
362 -47.67224091 0.2428661929
363 -48.45854338 0.2345238327
364 -49.24204572 0.2264349679
365 -50.02207948 0.2186010716
366 -50.79807742 0.211021833
367 -51.56957003 0.203695376
368 -52.33618004 0.1966184831
369 -53.0976151 0.1897868198
370 -53.85365887 0.1831951525
371 -54.60416094 0.1768375556
372 -55.34902566 0.1707076048
373 -56.08820022 0.1647985534
374 -56.82166223 0.1591034913
375 -57.54940706 0.1536154836
376 -58.2714351 0.1483276901
377 -58.98773932 0.1432334643
378 -59.69829337 0.1383264325
379 -60.40304041 0.1336005536
380 -61.10188314 0.1290501593
381 -61.7946751 0.1246699768
382 -62.48121375 0.1204551344
383 -63.1612353 0.1164011516
384 -63.83441182 0.1125039158
385 -64.50035041 0.1087596475
386 -65.15859479 0.1051648558
387 -65.8086291 0.1017162885
388 -66.44988394 0.09841087689
389 -67.08174427 0.09524568054
390 -67.70355906 0.09221783268
391 -68.31465226 0.08932448946
392 -68.91433465 0.08656278463
393 -69.50191621 0.08392979137
394 -70.0767185 0.081422492
395 -70.63808669 0.07903775638
396 -71.18540089 0.07677232869
397 -71.71808626 0.07462282255
398 -72.23562197 0.07258572342
399 -72.73754852 0.07065739751
400 -73.22347347 0.06883410597
401 -73.69307552 0.06711202306
402 -74.14610696 0.06548725717
403 -74.58239458 0.06395587356
404 -75.0018391 0.06251391766
405 -75.4044134 0.06115743815
406 -75.79015961 0.05988250911
407 -76.15918533 0.05868525055
408 -76.51165909 0.05756184714
409 -76.84780532 0.05650856469
410 -77.16789882 0.0555217647
411 -77.47225795 0.05459791899
412 -77.76122927 0.05373364262
413 -78.03510071 0.05292589403
414 -78.2934172 0.05217357219
415 -78.52930698 0.05149066598
416 -78.6821884 0.05101505
417 -78.24387873 0.05192635143
418 -72.99951078 0.06548543299
419 -29.87917474 0.3211935955
420 36.27858894 0.9987301779
421 37.86131462 0.9999340342
422 36.22947524 0.9999137073
423 33.37832549 0.9998558978
424 29.69120327 0.9997179288
425 25.56257957 0.9994012968
426 21.32708386 0.9987120275
427 17.21047731 0.9973186964
428 13.34746699 0.9947449864
429 9.812709223 0.9904433476
430 6.641867071 0.98396149
431 3.842561489 0.9751315836
432 1.401017841 0.9641614718
433 -0.7116660386 0.9515663672
434 -2.532953267 0.9379966299
435 -4.103018802 0.9240690866
436 -5.460551193 0.9102684894
437 -6.640377583 0.8969221927
438 -7.672530135 0.8842193637
439 -8.582221209 0.872246154
440 -9.390284508 0.8610200223
441 -10.11379269 0.8505167321
442 -10.76669133 0.840689256
443 -11.36037448 0.8314800328
444 -11.90417546 0.82282844
445 -12.40577107 0.8146750755
446 -12.87150794 0.8069640158
447 -13.30666326 0.7996438418
448 -13.71565194 0.7926679436
449 -14.10219098 0.7859944223
450 -14.46943011 0.779585785
451 -14.82005577 0.7734085448
452 -15.15637433 0.7674327949
453 -15.48037888 0.7616317902
454 -15.79380319 0.7559815577
455 -16.09816548 0.7504605414
456 -16.39480419 0.7450492853
457 -16.68490734 0.7397301527
458 -16.96953675 0.7344870801
459 -17.2496482 0.7293053609
460 -17.52610823 0.7241714573
461 -17.79970836 0.7190728349
462 -18.07117701 0.7139978191
463 -18.34118972 0.7089354683
464 -18.61037791 0.703875464
465 -18.87933639 0.6988080131
466 -19.14862989 0.6937237623
467 -19.41879884 0.6886137233
468 -19.69036432 0.6834692057
469 -19.96383255 0.678281759
470 -20.23969885 0.6730431209
471 -20.51845116 0.6677451723
472 -20.8005732 0.6623798982
473 -21.0865474 0.6569393547
474 -21.37685739 0.6514156403
475 -21.67199037 0.6458008745
476 -21.97243919 0.64008718
477 -22.27870414 0.6342666724
478 -22.59129453 0.6283314547
479 -22.9107301 0.6222736196
480 -23.23754199 0.6160852584
481 -23.57227353 0.6097584779
482 -23.91548069 0.6032854266
483 -24.26773207 0.5966583302
484 -24.62960856 0.5898695381
485 -25.00170244 0.5829115813
486 -25.38461596 0.5757772433
487 -25.77895927 0.5684596442
488 -26.18534769 0.5609523397
489 -26.60439817 0.5532494342
490 -27.03672494 0.5453457091
491 -27.48293423 0.5372367654
492 -27.94361804 0.5289191799
493 -28.41934699 0.5203906729
494 -28.91066206 0.5116502846
495 -29.41806557 0.5026985563
496 -29.94201116 0.4935377125
497 -30.48289315 0.4841718356
498 -31.04103533 0.4746070287
499 -31.61667961 0.4648515556
500 -32.20997466 0.4549159515
501 -32.82096512 0.4448130937
502 -33.44958172 0.4345582244
503 -34.09563287 0.424168917
504 -34.75879812 0.4136649806
505 -35.43862406 0.4030682979
506 -36.13452302 0.3924025959
507 -36.84577494 0.381693152
508 -37.57153255 0.3709664422
509 -38.31083012 0.3602497396
510 -39.06259531 0.3495706788
