0.0000000000 -77.2546678374
0.1000000000 -77.2861969628
0.2000000000 -77.2091818236
0.3000000000 -76.9657828624
0.4000000000 -76.5625364170
0.5000000000 -76.0310260165
0.6000000000 -75.4036140353
0.7000000000 -74.7053935269
0.8000000000 -73.9534117937
0.9000000000 -73.1580350159
1.0000000000 -72.3244884161
1.1000000000 -71.4540187213
1.2000000000 -70.5446068002
1.3000000000 -69.5912730348
1.4000000000 -68.5860091297
1.5000000000 -67.5173200392
1.6000000000 -66.3692863257
1.7000000000 -65.1199534191
1.8000000000 -63.7387082618
1.9000000000 -62.1821482827
2.0000000000 -60.3880828789
2.1000000000 -58.2691475533
2.2000000000 -55.7146241587
2.3000000000 -52.7236528192
2.4000000000 -49.2231950960
2.5000000000 -45.0664322594
2.6000000000 -40.0715993054
2.7000000000 -34.0095575827
2.8000000000 -26.6238660723
2.9000000000 -17.6068635520
3.0000000000 -6.5672892093
3.1000000000 6.7560243030
3.2000000000 21.2451013793
3.3000000000 32.4715408913
3.4000000000 37.0431193837
3.5000000000 37.5878117221
3.6000000000 37.3998260427
3.7000000000 37.3507302475
3.8000000000 37.4131456322
3.9000000000 37.5085787084
4.0000000000 37.5967582762
4.1000000000 37.6610762389
4.2000000000 37.6962810260
4.3000000000 37.7021671520
4.4000000000 37.6805577132
4.5000000000 37.6339055039
4.6000000000 37.5646750196
4.7000000000 37.4750969676
4.8000000000 37.3670963509
4.9000000000 37.2422973795
5.0000000000 37.1020586365
5.1000000000 36.9475166547
5.2000000000 36.7796282047
5.3000000000 36.5992074961
5.4000000000 36.4069572719
5.5000000000 36.2034940147
5.6000000000 35.9893679661
5.7000000000 35.7650787875
5.8000000000 35.5310876556
5.9000000000 35.2878264930
6.0000000000 35.0357049251
6.1000000000 34.7751154445
6.2000000000 34.5064371786
6.3000000000 34.2300385728
6.4000000000 33.9462792402
6.5000000000 33.6555111779
6.6000000000 33.3580795055
6.7000000000 33.0543228532
6.8000000000 32.7445734935
6.9000000000 32.4291572972
7.0000000000 32.1083935694
7.1000000000 31.7825948151
7.2000000000 31.4520664672
7.3000000000 31.1171066048
7.4000000000 30.7780056810
7.5000000000 30.4350462741
7.6000000000 30.0885028723
7.7000000000 29.7386416984
7.8000000000 29.3857205768
7.9000000000 29.0299888455
8.0000000000 28.6716873124
8.1000000000 28.3110482543
8.2000000000 27.9482954561
8.3000000000 27.5836442884
8.4000000000 27.2173018181
8.5000000000 26.8494669512
8.6000000000 26.4803306008
8.7000000000 26.1100758800
8.8000000000 25.7388783131
8.9000000000 25.3669060640
9.0000000000 24.9943201772
9.1000000000 24.6212748283
9.2000000000 24.2479175824
9.3000000000 23.8743896559
9.4000000000 23.5008261815
9.5000000000 23.1273564727
9.6000000000 22.7541042864
9.7000000000 22.3811880822
9.8000000000 22.0087212776
9.9000000000 21.6368124954
10.0000000000 21.2655658062
10.1000000000 20.8950809613
10.2000000000 20.5254536175
10.3000000000 20.1567755535
10.4000000000 19.7891348754
10.5000000000 19.4226162132
10.6000000000 19.0573009071
10.7000000000 18.6932671834
10.8000000000 18.3305903202
10.9000000000 17.9693428029
11.0000000000 17.6095944696
11.1000000000 17.2514126465
11.2000000000 16.8948622740
11.3000000000 16.5400060221
11.4000000000 16.1869043976
11.5000000000 15.8356158421
11.6000000000 15.4861968210
11.7000000000 15.1387019041
11.8000000000 14.7931838388
11.9000000000 14.4496936150
12.0000000000 14.1082805229
12.1000000000 13.7689922043
12.2000000000 13.4318746970
12.3000000000 13.0969724727
12.4000000000 12.7643284704
12.5000000000 12.4339841227
12.6000000000 12.1059793792
12.7000000000 11.7803527232
12.8000000000 11.4571411860
12.9000000000 11.1363803564
13.0000000000 10.8181043872
13.1000000000 10.5023459986
13.2000000000 10.1891364791
13.3000000000 9.8785056837
13.4000000000 9.5704820310
13.5000000000 9.2650924978
13.6000000000 8.9623626134
13.7000000000 8.6623164525
13.8000000000 8.3649766277
13.9000000000 8.0703642820
14.0000000000 7.7784990809
14.1000000000 7.4893992058
14.2000000000 7.2030813468
14.3000000000 6.9195606974
14.4000000000 6.6388509502
14.5000000000 6.3609642933
14.6000000000 6.0859114092
14.7000000000 5.8137014747
14.8000000000 5.5443421630
14.9000000000 5.2778396481
15.0000000000 5.0141986104
15.1000000000 4.7534222459
15.2000000000 4.4955122767
15.3000000000 4.2404689639
15.4000000000 3.9882911236
15.5000000000 3.7389761445
15.6000000000 3.4925200085
15.7000000000 3.2489173131
15.8000000000 3.0081612965
15.9000000000 2.7702438648
16.0000000000 2.5351556215
16.1000000000 2.3028858987
16.2000000000 2.0734227907
16.3000000000 1.8467531887
16.4000000000 1.6228628186
16.5000000000 1.4017362786
16.6000000000 1.1833570792
16.7000000000 0.9677076849
16.8000000000 0.7547695557
16.9000000000 0.5445231905
17.0000000000 0.3369481712
17.1000000000 0.1320232071
17.2000000000 -0.0702738201
17.3000000000 -0.2699658112
17.4000000000 -0.4670764034
17.5000000000 -0.6616299255
17.6000000000 -0.8536513522
17.7000000000 -1.0431662591
17.8000000000 -1.2302007780
17.9000000000 -1.4147815527
18.0000000000 -1.5969356957
18.1000000000 -1.7766907451
18.2000000000 -1.9540746230
18.3000000000 -2.1291155940
18.4000000000 -2.3018422256
18.5000000000 -2.4722833489
18.6000000000 -2.6404680210
18.7000000000 -2.8064254883
18.8000000000 -2.9701851510
18.9000000000 -3.1317765289
19.0000000000 -3.2912292288
19.1000000000 -3.4485729127
19.2000000000 -3.6038372675
19.3000000000 -3.7570519767
19.4000000000 -3.9082466924
19.5000000000 -4.0574510092
19.6000000000 -4.2046944395
19.7000000000 -4.3500063901
19.8000000000 -4.4934161399
19.9000000000 -4.6349528190
20.0000000000 -4.7746453891
20.1000000000 -4.9125226254
20.2000000000 -5.0486130990
20.3000000000 -5.1829451613
20.4000000000 -5.3155469292
20.5000000000 -5.4464462710
20.6000000000 -5.5756707942
20.7000000000 -5.7032478337
20.8000000000 -5.8292044415
20.9000000000 -5.9535673767
21.0000000000 -6.0763630969
21.1000000000 -6.1976177508
21.2000000000 -6.3173571706
21.3000000000 -6.4356068666
21.4000000000 -6.5523920209
21.5000000000 -6.6677374837
21.6000000000 -6.7816677688
21.7000000000 -6.8942070502
21.8000000000 -7.0053791598
21.9000000000 -7.1152075853
22.0000000000 -7.2237154681
22.1000000000 -7.3309256029
22.2000000000 -7.4368604371
22.3000000000 -7.5415420702
22.4000000000 -7.6449922548
22.5000000000 -7.7472323969
22.6000000000 -7.8482835571
22.7000000000 -7.9481664523
22.8000000000 -8.0469014572
22.9000000000 -8.1445086064
23.0000000000 -8.2410075970
23.1000000000 -8.3364177907
23.2000000000 -8.4307582171
23.3000000000 -8.5240475765
23.4000000000 -8.6163042431
23.5000000000 -8.7075462687
23.6000000000 -8.7977913855
23.7000000000 -8.8870570106
23.8000000000 -8.9753602495
23.9000000000 -9.0627178997
24.0000000000 -9.1491464553
24.1000000000 -9.2346621105
24.2000000000 -9.3192807643
24.3000000000 -9.4030180242
24.4000000000 -9.4858892111
24.5000000000 -9.5679093629
24.6000000000 -9.6490932395
24.7000000000 -9.7294553268
24.8000000000 -9.8090098410
24.9000000000 -9.8877707336
25.0000000000 -9.9657516950
25.1000000000 -10.0429661594
25.2000000000 -10.1194273091
25.3000000000 -10.1951480788
25.4000000000 -10.2701411599
25.5000000000 -10.3444190051
25.6000000000 -10.4179938324
25.7000000000 -10.4908776293
25.8000000000 -10.5630821574
25.9000000000 -10.6346189564
26.0000000000 -10.7054993481
26.1000000000 -10.7757344406
26.2000000000 -10.8453351324
26.3000000000 -10.9143121167
26.4000000000 -10.9826758845
26.5000000000 -11.0504367295
26.6000000000 -11.1176047513
26.7000000000 -11.1841898595
26.8000000000 -11.2502017772
26.9000000000 -11.3156500450
27.0000000000 -11.3805440243
27.1000000000 -11.4448929011
27.2000000000 -11.5087056895
27.3000000000 -11.5719912350
27.4000000000 -11.6347582180
27.5000000000 -11.6970151573
27.6000000000 -11.7587704130
27.7000000000 -11.8200321900
27.8000000000 -11.8808085412
27.9000000000 -11.9411073705
28.0000000000 -12.0009364356
28.1000000000 -12.0603033517
28.2000000000 -12.1192155935
28.3000000000 -12.1776804990
28.4000000000 -12.2357052716
28.5000000000 -12.2932969833
28.6000000000 -12.3504625771
28.7000000000 -12.4072088701
28.8000000000 -12.4635425557
28.9000000000 -12.5194702063
29.0000000000 -12.5749982756
29.1000000000 -12.6301331017
29.2000000000 -12.6848809086
29.3000000000 -12.7392478093
29.4000000000 -12.7932398077
29.5000000000 -12.8468628009
29.6000000000 -12.9001225816
29.7000000000 -12.9530248400
29.8000000000 -13.0055751661
29.9000000000 -13.0577790518
30.0000000000 -13.1096418928
30.1000000000 -13.1611689905
30.2000000000 -13.2123655542
30.3000000000 -13.2632367029
30.4000000000 -13.3137874671
30.5000000000 -13.3640227906
30.6000000000 -13.4139475324
30.7000000000 -13.4635664683
30.8000000000 -13.5128842927
30.9000000000 -13.5619056203
31.0000000000 -13.6106349876
31.1000000000 -13.6590768547
31.2000000000 -13.7072356066
31.3000000000 -13.7551155550
31.4000000000 -13.8027209393
31.5000000000 -13.8500559290
31.6000000000 -13.8971246240
31.7000000000 -13.9439310568
31.8000000000 -13.9904791936
31.9000000000 -14.0367729356
32.0000000000 -14.0828161205
32.1000000000 -14.1286125233
32.2000000000 -14.1741658583
32.3000000000 -14.2194797796
32.4000000000 -14.2645578828
32.5000000000 -14.3094037059
32.6000000000 -14.3540207305
32.7000000000 -14.3984123830
32.8000000000 -14.4425820358
32.9000000000 -14.4865330079
33.0000000000 -14.5302685665
33.1000000000 -14.5737919278
33.2000000000 -14.6171062580
33.3000000000 -14.6602146741
33.4000000000 -14.7031202453
33.5000000000 -14.7458259936
33.6000000000 -14.7883348948
33.7000000000 -14.8306498795
33.8000000000 -14.8727738337
33.9000000000 -14.9147096000
34.0000000000 -14.9564599784
34.1000000000 -14.9980277269
34.2000000000 -15.0394155624
34.3000000000 -15.0806261617
34.4000000000 -15.1216621619
34.5000000000 -15.1625261616
34.6000000000 -15.2032207212
34.7000000000 -15.2437483639
34.8000000000 -15.2841115765
34.9000000000 -15.3243128096
35.0000000000 -15.3643544790
35.1000000000 -15.4042389658
35.2000000000 -15.4439686172
35.3000000000 -15.4835457473
35.4000000000 -15.5229726375
35.5000000000 -15.5622515372
35.6000000000 -15.6013846647
35.7000000000 -15.6403742072
35.8000000000 -15.6792223218
35.9000000000 -15.7179311359
36.0000000000 -15.7565027479
36.1000000000 -15.7949392275
36.2000000000 -15.8332426166
36.3000000000 -15.8714149293
36.4000000000 -15.9094581529
36.5000000000 -15.9473742483
36.6000000000 -15.9851651499
36.7000000000 -16.0228327672
36.8000000000 -16.0603789842
36.9000000000 -16.0978056603
37.0000000000 -16.1351146311
37.1000000000 -16.1723077080
37.2000000000 -16.2093866795
37.3000000000 -16.2463533109
37.4000000000 -16.2832093454
37.5000000000 -16.3199565040
37.6000000000 -16.3565964859
37.7000000000 -16.3931309693
37.8000000000 -16.4295616113
37.9000000000 -16.4658900487
38.0000000000 -16.5021178980
38.1000000000 -16.5382467561
38.2000000000 -16.5742782004
38.3000000000 -16.6102137892
38.4000000000 -16.6460550622
38.5000000000 -16.6818035405
38.6000000000 -16.7174607273
38.7000000000 -16.7530281079
38.8000000000 -16.7885071505
38.9000000000 -16.8238993057
39.0000000000 -16.8592060077
39.1000000000 -16.8944286740
39.2000000000 -16.9295687057
39.3000000000 -16.9646274884
39.4000000000 -16.9996063915
39.5000000000 -17.0345067695
39.6000000000 -17.0693299614
39.7000000000 -17.1040772915
39.8000000000 -17.1387500696
39.9000000000 -17.1733495910
40.0000000000 -17.2078771370
40.1000000000 -17.2423339750
40.2000000000 -17.2767213589
40.3000000000 -17.3110405290
40.4000000000 -17.3452927128
40.5000000000 -17.3794791246
40.6000000000 -17.4136009661
40.7000000000 -17.4476594268
40.8000000000 -17.4816556835
40.9000000000 -17.5155909013
41.0000000000 -17.5494662333
41.1000000000 -17.5832828210
41.2000000000 -17.6170417947
41.3000000000 -17.6507442732
41.4000000000 -17.6843913643
41.5000000000 -17.7179841651
41.6000000000 -17.7515237619
41.7000000000 -17.7850112307
41.8000000000 -17.8184476370
41.9000000000 -17.8518340364
42.0000000000 -17.8851714743
42.1000000000 -17.9184609866
42.2000000000 -17.9517035994
42.3000000000 -17.9849003295
42.4000000000 -18.0180521843
42.5000000000 -18.0511601622
42.6000000000 -18.0842252525
42.7000000000 -18.1172484358
42.8000000000 -18.1502306841
42.9000000000 -18.1831729607
43.0000000000 -18.2160762207
43.1000000000 -18.2489414110
43.2000000000 -18.2817694702
43.3000000000 -18.3145613292
43.4000000000 -18.3473179110
43.5000000000 -18.3800401309
43.6000000000 -18.4127288967
43.7000000000 -18.4453851088
43.8000000000 -18.4780096603
43.9000000000 -18.5106034372
44.0000000000 -18.5431673183
44.1000000000 -18.5757021757
44.2000000000 -18.6082088745
44.3000000000 -18.6406882734
44.4000000000 -18.6731412241
44.5000000000 -18.7055685724
44.6000000000 -18.7379711573
44.7000000000 -18.7703498118
44.8000000000 -18.8027053627
44.9000000000 -18.8350386308
45.0000000000 -18.8673504310
45.1000000000 -18.8996415724
45.2000000000 -18.9319128584
45.3000000000 -18.9641650868
45.4000000000 -18.9963990497
45.5000000000 -19.0286155341
45.6000000000 -19.0608153215
45.7000000000 -19.0929991882
45.8000000000 -19.1251679052
45.9000000000 -19.1573222388
46.0000000000 -19.1894629501
46.1000000000 -19.2215907953
46.2000000000 -19.2537065260
46.3000000000 -19.2858108890
46.4000000000 -19.3179046264
46.5000000000 -19.3499884759
46.6000000000 -19.3820631707
46.7000000000 -19.4141294396
46.8000000000 -19.4461880071
46.9000000000 -19.4782395935
47.0000000000 -19.5102849151
47.1000000000 -19.5423246838
47.2000000000 -19.5743596079
47.3000000000 -19.6063903914
47.4000000000 -19.6384177347
47.5000000000 -19.6704423343
47.6000000000 -19.7024648831
47.7000000000 -19.7344860703
47.8000000000 -19.7665065814
47.9000000000 -19.7985270987
48.0000000000 -19.8305483007
48.1000000000 -19.8625708628
48.2000000000 -19.8945954568
48.3000000000 -19.9266227516
48.4000000000 -19.9586534126
48.5000000000 -19.9906881023
48.6000000000 -20.0227274799
48.7000000000 -20.0547722017
48.8000000000 -20.0868229212
48.9000000000 -20.1188802887
49.0000000000 -20.1509449519
49.1000000000 -20.1830175556
49.2000000000 -20.2150987419
49.3000000000 -20.2471891502
49.4000000000 -20.2792894172
49.5000000000 -20.3114001773
49.6000000000 -20.3435220620
49.7000000000 -20.3756557007
49.8000000000 -20.4078017201
49.9000000000 -20.4399607447
50.0000000000 -20.4721333966
50.1000000000 -20.5043202956
50.2000000000 -20.5365220593
50.3000000000 -20.5687393033
50.4000000000 -20.6009726408
50.5000000000 -20.6332226830
50.6000000000 -20.6654900390
50.7000000000 -20.6977753162
50.8000000000 -20.7300791196
50.9000000000 -20.7624020526
51.0000000000 -20.7947447167
51.1000000000 -20.8271077114
51.2000000000 -20.8594916346
51.3000000000 -20.8918970823
51.4000000000 -20.9243246489
51.5000000000 -20.9567749271
51.6000000000 -20.9892485080
51.7000000000 -21.0217459810
51.8000000000 -21.0542679341
51.9000000000 -21.0868149537
52.0000000000 -21.1193876247
52.1000000000 -21.1519865305
52.2000000000 -21.1846122533
52.3000000000 -21.2172653738
52.4000000000 -21.2499464712
52.5000000000 -21.2826561238
52.6000000000 -21.3153949081
52.7000000000 -21.3481633999
52.8000000000 -21.3809621733
52.9000000000 -21.4137918017
53.0000000000 -21.4466528569
53.1000000000 -21.4795459099
53.2000000000 -21.5124715305
53.3000000000 -21.5454302875
53.4000000000 -21.5784227486
53.5000000000 -21.6114494806
53.6000000000 -21.6445110492
53.7000000000 -21.6776080194
53.8000000000 -21.7107409550
53.9000000000 -21.7439104190
54.0000000000 -21.7771169738
54.1000000000 -21.8103611807
54.2000000000 -21.8436436001
54.3000000000 -21.8769647920
54.4000000000 -21.9103253154
54.5000000000 -21.9437257286
54.6000000000 -21.9771665891
54.7000000000 -22.0106484539
54.8000000000 -22.0441718793
54.9000000000 -22.0777374209
55.0000000000 -22.1113456337
55.1000000000 -22.1449970721
55.2000000000 -22.1786922901
55.3000000000 -22.2124318409
55.4000000000 -22.2462162774
55.5000000000 -22.2800461517
55.6000000000 -22.3139220157
55.7000000000 -22.3478444208
55.8000000000 -22.3818139177
55.9000000000 -22.4158310571
56.0000000000 -22.4498963888
56.1000000000 -22.4840104626
56.2000000000 -22.5181738278
56.3000000000 -22.5523870332
56.4000000000 -22.5866506274
56.5000000000 -22.6209651588
56.6000000000 -22.6553311751
56.7000000000 -22.6897492242
56.8000000000 -22.7242198533
56.9000000000 -22.7587436095
57.0000000000 -22.7933210397
57.1000000000 -22.8279526906
57.2000000000 -22.8626391085
57.3000000000 -22.8973808396
57.4000000000 -22.9321784299
57.5000000000 -22.9670324252
57.6000000000 -23.0019433712
57.7000000000 -23.0369118132
57.8000000000 -23.0719382967
57.9000000000 -23.1070233669
58.0000000000 -23.1421675686
58.1000000000 -23.1773714470
58.2000000000 -23.2126355468
58.3000000000 -23.2479604127
58.4000000000 -23.2833465893
58.5000000000 -23.3187946212
58.6000000000 -23.3543050529
58.7000000000 -23.3898784288
58.8000000000 -23.4255152931
58.9000000000 -23.4612161901
59.0000000000 -23.4969816641
59.1000000000 -23.5328122592
59.2000000000 -23.5687085196
59.3000000000 -23.6046709893
59.4000000000 -23.6407002124
59.5000000000 -23.6767967331
59.6000000000 -23.7129610952
59.7000000000 -23.7491938427
59.8000000000 -23.7854955198
59.9000000000 -23.8218666702
60.0000000000 -23.8583078380
60.1000000000 -23.8948195670
60.2000000000 -23.9314024013
60.3000000000 -23.9680568847
60.4000000000 -24.0047835611
60.5000000000 -24.0415829744
60.6000000000 -24.0784556684
60.7000000000 -24.1154021871
60.8000000000 -24.1524230742
60.9000000000 -24.1895188735
61.0000000000 -24.2266901290
61.1000000000 -24.2639373842
61.2000000000 -24.3012611831
61.3000000000 -24.3386620692
61.4000000000 -24.3761405863
61.5000000000 -24.4136972780
61.6000000000 -24.4513326878
61.7000000000 -24.4890473593
61.8000000000 -24.5268418360
61.9000000000 -24.5647166612
62.0000000000 -24.6026723782
62.1000000000 -24.6407095304
62.2000000000 -24.6788286608
62.3000000000 -24.7170303124
62.4000000000 -24.7553150282
62.5000000000 -24.7936833510
62.6000000000 -24.8321358235
62.7000000000 -24.8706729882
62.8000000000 -24.9092953874
62.9000000000 -24.9480035634
63.0000000000 -24.9867980582
63.1000000000 -25.0256794137
63.2000000000 -25.0646481714
63.3000000000 -25.1037048728
63.4000000000 -25.1428500590
63.5000000000 -25.1820842709
63.6000000000 -25.2214080492
63.7000000000 -25.2608219344
63.8000000000 -25.3003264663
63.9000000000 -25.3399221849
64.0000000000 -25.3796096294
64.1000000000 -25.4193893390
64.2000000000 -25.4592618523
64.3000000000 -25.4992277077
64.4000000000 -25.5392874430
64.5000000000 -25.5794415956
64.6000000000 -25.6196907026
64.7000000000 -25.6600353005
64.8000000000 -25.7004759252
64.9000000000 -25.7410131122
65.0000000000 -25.7816473966
65.1000000000 -25.8223793126
65.2000000000 -25.8632093940
65.3000000000 -25.9041381740
65.4000000000 -25.9451661850
65.5000000000 -25.9862939589
65.6000000000 -26.0275220268
65.7000000000 -26.0688509192
65.8000000000 -26.1102811655
65.9000000000 -26.1518132947
66.0000000000 -26.1934478349
66.1000000000 -26.2351853131
66.2000000000 -26.2770262556
66.3000000000 -26.3189711880
66.4000000000 -26.3610206345
66.5000000000 -26.4031751187
66.6000000000 -26.4454351630
66.7000000000 -26.4878012889
66.8000000000 -26.5302740167
66.9000000000 -26.5728538656
67.0000000000 -26.6155413537
67.1000000000 -26.6583369979
67.2000000000 -26.7012413138
67.3000000000 -26.7442548160
67.4000000000 -26.7873780174
67.5000000000 -26.8306114298
67.6000000000 -26.8739555637
67.7000000000 -26.9174109280
67.8000000000 -26.9609780302
67.9000000000 -27.0046573764
68.0000000000 -27.0484494710
68.1000000000 -27.0923548170
68.2000000000 -27.1363739155
68.3000000000 -27.1805072661
68.4000000000 -27.2247553668
68.5000000000 -27.2691187136
68.6000000000 -27.3135978008
68.7000000000 -27.3581931208
68.8000000000 -27.4029051642
68.9000000000 -27.4477344196
69.0000000000 -27.4926813734
69.1000000000 -27.5377465104
69.2000000000 -27.5829303128
69.3000000000 -27.6282332609
69.4000000000 -27.6736558329
69.5000000000 -27.7191985045
69.6000000000 -27.7648617493
69.7000000000 -27.8106460384
69.8000000000 -27.8565518405
69.9000000000 -27.9025796219
70.0000000000 -27.9487298465
70.1000000000 -27.9950029753
70.2000000000 -28.0413994668
70.3000000000 -28.0879197771
70.4000000000 -28.1345643590
70.5000000000 -28.1813336631
70.6000000000 -28.2282281366
70.7000000000 -28.2752482241
70.8000000000 -28.3223943672
70.9000000000 -28.3696670043
71.0000000000 -28.4170665708
71.1000000000 -28.4645934989
71.2000000000 -28.5122482177
71.3000000000 -28.5600311528
71.4000000000 -28.6079427266
71.5000000000 -28.6559833581
71.6000000000 -28.7041534626
71.7000000000 -28.7524534522
71.8000000000 -28.8008837350
71.9000000000 -28.8494447159
72.0000000000 -28.8981367956
72.1000000000 -28.9469603713
72.2000000000 -28.9959158362
72.3000000000 -29.0450035795
72.4000000000 -29.0942239865
72.5000000000 -29.1435774385
72.6000000000 -29.1930643125
72.7000000000 -29.2426849812
72.8000000000 -29.2924398133
72.9000000000 -29.3423291730
73.0000000000 -29.3923534200
73.1000000000 -29.4425129096
73.2000000000 -29.4928079926
73.3000000000 -29.5432390149
73.4000000000 -29.5938063180
73.5000000000 -29.6445102385
73.6000000000 -29.6953511080
73.7000000000 -29.7463292534
73.8000000000 -29.7974449965
73.9000000000 -29.8486986541
74.0000000000 -29.9000905377
74.1000000000 -29.9516209537
74.2000000000 -30.0032902032
74.3000000000 -30.0550985818
74.4000000000 -30.1070463800
74.5000000000 -30.1591338823
74.6000000000 -30.2113613680
74.7000000000 -30.2637291106
74.8000000000 -30.3162373779
74.9000000000 -30.3688864317
75.0000000000 -30.4216765281
75.1000000000 -30.4746079173
75.2000000000 -30.5276808433
75.3000000000 -30.5808955439
75.4000000000 -30.6342522511
75.5000000000 -30.6877511901
75.6000000000 -30.7413925803
75.7000000000 -30.7951766342
75.8000000000 -30.8491035582
75.9000000000 -30.9031735519
76.0000000000 -30.9573868083
76.1000000000 -31.0117435138
76.2000000000 -31.0662438479
76.3000000000 -31.1208879832
76.4000000000 -31.1756760855
76.5000000000 -31.2306083135
76.6000000000 -31.2856848188
76.7000000000 -31.3409057460
76.8000000000 -31.3962712322
76.9000000000 -31.4517814075
77.0000000000 -31.5074363944
77.1000000000 -31.5632363080
77.2000000000 -31.6191812559
77.3000000000 -31.6752713383
77.4000000000 -31.7315066474
77.5000000000 -31.7878872679
77.6000000000 -31.8444132767
77.7000000000 -31.9010847427
77.8000000000 -31.9579017271
77.9000000000 -32.0148642828
78.0000000000 -32.0719724548
78.1000000000 -32.1292262801
78.2000000000 -32.1866257872
78.3000000000 -32.2441709965
78.4000000000 -32.3018619202
78.5000000000 -32.3596985619
78.6000000000 -32.4176809167
78.7000000000 -32.4758089715
78.8000000000 -32.5340827043
78.9000000000 -32.5925020847
79.0000000000 -32.6510670734
79.1000000000 -32.7097776225
79.2000000000 -32.7686336752
79.3000000000 -32.8276351659
79.4000000000 -32.8867820201
79.5000000000 -32.9460741542
79.6000000000 -33.0055114757
79.7000000000 -33.0650938830
79.8000000000 -33.1248212652
79.9000000000 -33.1846935026
80.0000000000 -33.2447104658
80.1000000000 -33.3048720166
80.2000000000 -33.3651780071
80.3000000000 -33.4256282802
80.4000000000 -33.4862226693
80.5000000000 -33.5469609987
80.6000000000 -33.6078430826
80.7000000000 -33.6688687263
80.8000000000 -33.7300377250
80.9000000000 -33.7913498648
81.0000000000 -33.8528049217
81.1000000000 -33.9144026623
81.2000000000 -33.9761428435
81.3000000000 -34.0380252125
81.4000000000 -34.1000495064
81.5000000000 -34.1622154530
81.6000000000 -34.2245227699
81.7000000000 -34.2869711651
81.8000000000 -34.3495603368
81.9000000000 -34.4122899730
82.0000000000 -34.4751597520
82.1000000000 -34.5381693424
82.2000000000 -34.6013184025
82.3000000000 -34.6646065810
82.4000000000 -34.7280335163
82.5000000000 -34.7915988371
82.6000000000 -34.8553021621
82.7000000000 -34.9191431000
82.8000000000 -34.9831212495
82.9000000000 -35.0472361993
83.0000000000 -35.1114875283
83.1000000000 -35.1758748052
83.2000000000 -35.2403975889
83.3000000000 -35.3050554282
83.4000000000 -35.3698478621
83.5000000000 -35.4347744196
83.6000000000 -35.4998346196
83.7000000000 -35.5650279714
83.8000000000 -35.6303539742
83.9000000000 -35.6958121173
84.0000000000 -35.7614018802
84.1000000000 -35.8271227326
84.2000000000 -35.8929741344
84.3000000000 -35.9589555356
84.4000000000 -36.0250663765
84.5000000000 -36.0913060877
84.6000000000 -36.1576740901
84.7000000000 -36.2241697949
84.8000000000 -36.2907926039
84.9000000000 -36.3575419090
85.0000000000 -36.4244170927
85.1000000000 -36.4914175282
85.2000000000 -36.5585425789
85.3000000000 -36.6257915991
85.4000000000 -36.6931639337
85.5000000000 -36.7606589181
85.6000000000 -36.8282758788
85.7000000000 -36.8960141329
85.8000000000 -36.9638729884
85.9000000000 -37.0318517444
86.0000000000 -37.0999496908
86.1000000000 -37.1681661086
86.2000000000 -37.2365002702
86.3000000000 -37.3049514389
86.4000000000 -37.3735188694
86.5000000000 -37.4422018079
86.6000000000 -37.5109994919
86.7000000000 -37.5799111504
86.8000000000 -37.6489360040
86.9000000000 -37.7180732650
87.0000000000 -37.7873221376
87.1000000000 -37.8566818177
87.2000000000 -37.9261514932
87.3000000000 -37.9957303440
87.4000000000 -38.0654175421
87.5000000000 -38.1352122519
87.6000000000 -38.2051136299
87.7000000000 -38.2751208252
87.8000000000 -38.3452329792
87.9000000000 -38.4154492262
88.0000000000 -38.4857686930
88.1000000000 -38.5561904993
88.2000000000 -38.6267137579
88.3000000000 -38.6973375744
88.4000000000 -38.7680610478
88.5000000000 -38.8388832701
88.6000000000 -38.9098033270
88.7000000000 -38.9808202975
88.8000000000 -39.0519332544
88.9000000000 -39.1231412640
89.0000000000 -39.1944433867
89.1000000000 -39.2658386767
89.2000000000 -39.3373261827
89.3000000000 -39.4089049471
89.4000000000 -39.4805740071
89.5000000000 -39.5523323942
89.6000000000 -39.6241791345
89.7000000000 -39.6961132491
89.8000000000 -39.7681337538
89.9000000000 -39.8402396594
90.0000000000 -39.9124299719
90.1000000000 -39.9847036928
90.2000000000 -40.0570598187
90.3000000000 -40.1294973421
90.4000000000 -40.2020152510
90.5000000000 -40.2746125293
90.6000000000 -40.3472881569
90.7000000000 -40.4200411100
90.8000000000 -40.4928703608
90.9000000000 -40.5657748782
91.0000000000 -40.6387536275
91.1000000000 -40.7118055708
91.2000000000 -40.7849296670
91.3000000000 -40.8581248720
91.4000000000 -40.9313901390
91.5000000000 -41.0047244185
91.6000000000 -41.0781266581
91.7000000000 -41.1515958036
91.8000000000 -41.2251307979
91.9000000000 -41.2987305824
92.0000000000 -41.3723940962
92.1000000000 -41.4461202767
92.2000000000 -41.5199080596
92.3000000000 -41.5937563792
92.4000000000 -41.6676641684
92.5000000000 -41.7416303589
92.6000000000 -41.8156538813
92.7000000000 -41.8897336655
92.8000000000 -41.9638686405
92.9000000000 -42.0380577348
93.0000000000 -42.1122998762
93.1000000000 -42.1865939926
93.2000000000 -42.2609390116
93.3000000000 -42.3353338606
93.4000000000 -42.4097774675
93.5000000000 -42.4842687603
93.6000000000 -42.5588066675
93.7000000000 -42.6333901181
93.8000000000 -42.7080180422
93.9000000000 -42.7826893703
94.0000000000 -42.8574030344
94.1000000000 -42.9321579674
94.2000000000 -43.0069531036
94.3000000000 -43.0817873789
94.4000000000 -43.1566597306
94.5000000000 -43.2315690980
94.6000000000 -43.3065144222
94.7000000000 -43.3814946463
94.8000000000 -43.4565087157
94.9000000000 -43.5315555779
95.0000000000 -43.6066341833
95.1000000000 -43.6817434844
95.2000000000 -43.7568824367
95.3000000000 -43.8320499986
95.4000000000 -43.9072451314
95.5000000000 -43.9824667997
95.6000000000 -44.0577139711
95.7000000000 -44.1329856168
95.8000000000 -44.2082807115
95.9000000000 -44.2835982334
96.0000000000 -44.3589371648
96.1000000000 -44.4342964916
96.2000000000 -44.5096752039
96.3000000000 -44.5850722958
96.4000000000 -44.6604867658
96.5000000000 -44.7359176168
96.6000000000 -44.8113638560
96.7000000000 -44.8868244955
96.8000000000 -44.9622985519
96.9000000000 -45.0377850468
97.0000000000 -45.1132830067
97.1000000000 -45.1887914631
97.2000000000 -45.2643094528
97.3000000000 -45.3398360177
97.4000000000 -45.4153702053
97.5000000000 -45.4909110684
97.6000000000 -45.5664576655
97.7000000000 -45.6420090606
97.8000000000 -45.7175643238
97.9000000000 -45.7931225307
98.0000000000 -45.8686827631
98.1000000000 -45.9442441089
98.2000000000 -46.0198056619
98.3000000000 -46.0953665223
98.4000000000 -46.1709257966
98.5000000000 -46.2464825977
98.6000000000 -46.3220360450
98.7000000000 -46.3975852644
98.8000000000 -46.4731293884
98.9000000000 -46.5486675564
99.0000000000 -46.6241989145
99.1000000000 -46.6997226154
99.2000000000 -46.7752378193
99.3000000000 -46.8507436928
99.4000000000 -46.9262394099
99.5000000000 -47.0017241516
99.6000000000 -47.0771971063
99.7000000000 -47.1526574694
99.8000000000 -47.2281044437
99.9000000000 -47.3035372393
100.0000000000 -47.3789550739
100.1000000000 -47.4543571724
100.2000000000 -47.5297427675
100.3000000000 -47.6051110993
100.4000000000 -47.6804614154
100.5000000000 -47.7557929714
100.6000000000 -47.8311050303
100.7000000000 -47.9063968629
100.8000000000 -47.9816677479
100.9000000000 -48.0569169717
101.0000000000 -48.1321438285
101.1000000000 -48.2073476205
101.2000000000 -48.2825276577
101.3000000000 -48.3576832581
101.4000000000 -48.4328137477
101.5000000000 -48.5079184605
101.6000000000 -48.5829967382
101.7000000000 -48.6580479310
101.8000000000 -48.7330713969
101.9000000000 -48.8080665018
102.0000000000 -48.8830326201
102.1000000000 -48.9579691339
102.2000000000 -49.0328754336
102.3000000000 -49.1077509176
102.4000000000 -49.1825949926
102.5000000000 -49.2574070733
102.6000000000 -49.3321865824
102.7000000000 -49.4069329510
102.8000000000 -49.4816456182
102.9000000000 -49.5563240311
103.0000000000 -49.6309676451
103.1000000000 -49.7055759237
103.2000000000 -49.7801483385
103.3000000000 -49.8546843690
103.4000000000 -49.9291835032
103.5000000000 -50.0036452368
103.6000000000 -50.0780690738
103.7000000000 -50.1524545261
103.8000000000 -50.2268011137
103.9000000000 -50.3011083647
104.0000000000 -50.3753758150
104.1000000000 -50.4496030087
104.2000000000 -50.5237894976
104.3000000000 -50.5979348416
104.4000000000 -50.6720386085
104.5000000000 -50.7461003738
104.6000000000 -50.8201197211
104.7000000000 -50.8940962416
104.8000000000 -50.9680295344
104.9000000000 -51.0419192062
105.0000000000 -51.1157648716
105.1000000000 -51.1895661526
105.2000000000 -51.2633226792
105.3000000000 -51.3370340885
105.4000000000 -51.4107000257
105.5000000000 -51.4843201432
105.6000000000 -51.5578941008
105.7000000000 -51.6314215658
105.8000000000 -51.7049022131
105.9000000000 -51.7783357245
106.0000000000 -51.8517217894
106.1000000000 -51.9250601043
106.2000000000 -51.9983503730
106.3000000000 -52.0715923061
106.4000000000 -52.1447856217
106.5000000000 -52.2179300446
106.6000000000 -52.2910253067
106.7000000000 -52.3640711468
106.8000000000 -52.4370673104
106.9000000000 -52.5100135499
107.0000000000 -52.5829096245
107.1000000000 -52.6557553000
107.2000000000 -52.7285503486
107.3000000000 -52.8012945493
107.4000000000 -52.8739876875
107.5000000000 -52.9466295549
107.6000000000 -53.0192199497
107.7000000000 -53.0917586763
107.8000000000 -53.1642455452
107.9000000000 -53.2366803732
108.0000000000 -53.3090629830
108.1000000000 -53.3813932036
108.2000000000 -53.4536708694
108.3000000000 -53.5258958212
108.4000000000 -53.5980679052
108.5000000000 -53.6701869735
108.6000000000 -53.7422528836
108.7000000000 -53.8142654989
108.8000000000 -53.8862246879
108.9000000000 -53.9581303247
109.0000000000 -54.0299822888
109.1000000000 -54.1017804646
109.2000000000 -54.1735247420
109.3000000000 -54.2452150159
109.4000000000 -54.3168511860
109.5000000000 -54.3884331572
109.6000000000 -54.4599608390
109.7000000000 -54.5314341457
109.8000000000 -54.6028529964
109.9000000000 -54.6742173147
110.0000000000 -54.7455270286
110.1000000000 -54.8167820706
110.2000000000 -54.8879823775
110.3000000000 -54.9591278905
110.4000000000 -55.0302185546
110.5000000000 -55.1012543192
110.6000000000 -55.1722351376
110.7000000000 -55.2431609668
110.8000000000 -55.3140317679
110.9000000000 -55.3848475054
111.0000000000 -55.4556081476
111.1000000000 -55.5263136664
111.2000000000 -55.5969640370
111.3000000000 -55.6675592379
111.4000000000 -55.7380992512
111.5000000000 -55.8085840616
111.6000000000 -55.8790136575
111.7000000000 -55.9493880298
111.8000000000 -56.0197071725
111.9000000000 -56.0899710824
112.0000000000 -56.1601797590
112.1000000000 -56.2303332044
112.2000000000 -56.3004314232
112.3000000000 -56.3704744224
112.4000000000 -56.4404622114
112.5000000000 -56.5103948018
112.6000000000 -56.5802722074
112.7000000000 -56.6500944439
112.8000000000 -56.7198615292
112.9000000000 -56.7895734828
113.0000000000 -56.8592303261
113.1000000000 -56.9288320821
113.2000000000 -56.9983787756
113.3000000000 -57.0678704325
113.4000000000 -57.1373070804
113.5000000000 -57.2066887480
113.6000000000 -57.2760154654
113.7000000000 -57.3452872636
113.8000000000 -57.4145041746
113.9000000000 -57.4836662315
114.0000000000 -57.5527734680
114.1000000000 -57.6218259187
114.2000000000 -57.6908236186
114.3000000000 -57.7597666035
114.4000000000 -57.8286549094
114.5000000000 -57.8974885728
114.6000000000 -57.9662676304
114.7000000000 -58.0349921189
114.8000000000 -58.1036620752
114.9000000000 -58.1722775363
115.0000000000 -58.2408385387
115.1000000000 -58.3093451189
115.2000000000 -58.3777973131
115.3000000000 -58.4461951570
115.4000000000 -58.5145386859
115.5000000000 -58.5828279344
115.6000000000 -58.6510629363
115.7000000000 -58.7192437249
115.8000000000 -58.7873703323
115.9000000000 -58.8554427900
116.0000000000 -58.9234611280
116.1000000000 -58.9914253755
116.2000000000 -59.0593355603
116.3000000000 -59.1271917090
116.4000000000 -59.1949938465
116.5000000000 -59.2627419964
116.6000000000 -59.3304361807
116.7000000000 -59.3980764197
116.8000000000 -59.4656627318
116.9000000000 -59.5331951337
117.0000000000 -59.6006736401
117.1000000000 -59.6680982635
117.2000000000 -59.7354690145
117.3000000000 -59.8027859014
117.4000000000 -59.8700489302
117.5000000000 -59.9372581045
117.6000000000 -60.0044134255
117.7000000000 -60.0715148918
117.8000000000 -60.1385624994
117.9000000000 -60.2055562415
118.0000000000 -60.2724961088
118.1000000000 -60.3393820888
118.2000000000 -60.4062141663
118.3000000000 -60.4729923228
118.4000000000 -60.5397165369
118.5000000000 -60.6063867841
118.6000000000 -60.6730030364
118.7000000000 -60.7395652627
118.8000000000 -60.8060734283
118.9000000000 -60.8725274952
119.0000000000 -60.9389274218
119.1000000000 -61.0052731627
119.2000000000 -61.0715646690
119.3000000000 -61.1378018881
119.4000000000 -61.2039847633
119.5000000000 -61.2701132343
119.6000000000 -61.3361872367
119.7000000000 -61.4022067021
119.8000000000 -61.4681715578
119.9000000000 -61.5340817273
120.0000000000 -61.5999371297
120.1000000000 -61.6657376797
120.2000000000 -61.7314832880
120.3000000000 -61.7971738604
120.4000000000 -61.8628092988
120.5000000000 -61.9283895001
120.6000000000 -61.9939143571
120.7000000000 -62.0593837574
120.8000000000 -62.1247975845
120.9000000000 -62.1901557169
121.0000000000 -62.2554580282
121.1000000000 -62.3207043875
121.2000000000 -62.3858946587
121.3000000000 -62.4510287009
121.4000000000 -62.5161063684
121.5000000000 -62.5811275102
121.6000000000 -62.6460919705
121.7000000000 -62.7109995883
121.8000000000 -62.7758501974
121.9000000000 -62.8406436264
122.0000000000 -62.9053796990
122.1000000000 -62.9700582334
122.2000000000 -63.0346790424
122.3000000000 -63.0992419338
122.4000000000 -63.1637467099
122.5000000000 -63.2281931677
122.6000000000 -63.2925810986
122.7000000000 -63.3569102888
122.8000000000 -63.4211805191
122.9000000000 -63.4853915645
123.0000000000 -63.5495431948
123.1000000000 -63.6136351742
123.2000000000 -63.6776672613
123.3000000000 -63.7416392094
123.4000000000 -63.8055507659
123.5000000000 -63.8694016728
123.6000000000 -63.9331916665
123.7000000000 -63.9969204777
123.8000000000 -64.0605878317
123.9000000000 -64.1241934481
124.0000000000 -64.1877370406
124.1000000000 -64.2512183177
124.2000000000 -64.3146369821
124.3000000000 -64.3779927307
124.4000000000 -64.4412852550
124.5000000000 -64.5045142408
124.6000000000 -64.5676793684
124.7000000000 -64.6307803122
124.8000000000 -64.6938167412
124.9000000000 -64.7567883188
125.0000000000 -64.8196947027
125.1000000000 -64.8825355453
125.2000000000 -64.9453104930
125.3000000000 -65.0080191871
125.4000000000 -65.0706612632
125.5000000000 -65.1332363512
125.6000000000 -65.1957440759
125.7000000000 -65.2581840564
125.8000000000 -65.3205559063
125.9000000000 -65.3828592341
126.0000000000 -65.4450936426
126.1000000000 -65.5072587295
126.2000000000 -65.5693540869
126.3000000000 -65.6313793020
126.4000000000 -65.6933339564
126.5000000000 -65.7552176266
126.6000000000 -65.8170298841
126.7000000000 -65.8787702951
126.8000000000 -65.9404384206
126.9000000000 -66.0020338168
127.0000000000 -66.0635560348
127.1000000000 -66.1250046207
127.2000000000 -66.1863791157
127.3000000000 -66.2476790562
127.4000000000 -66.3089039738
127.5000000000 -66.3700533953
127.6000000000 -66.4311268427
127.7000000000 -66.4921238335
127.8000000000 -66.5530438807
127.9000000000 -66.6138864925
128.0000000000 -66.6746511729
128.1000000000 -66.7353374213
128.2000000000 -66.7959447328
128.3000000000 -66.8564725984
128.4000000000 -66.9169205046
128.5000000000 -66.9772879339
128.6000000000 -67.0375743649
128.7000000000 -67.0977792718
128.8000000000 -67.1579021253
128.9000000000 -67.2179423918
129.0000000000 -67.2778995344
129.1000000000 -67.3377730120
129.2000000000 -67.3975622803
129.3000000000 -67.4572667910
129.4000000000 -67.5168859928
129.5000000000 -67.5764193307
129.6000000000 -67.6358662463
129.7000000000 -67.6952261783
129.8000000000 -67.7544985620
129.9000000000 -67.8136828297
130.0000000000 -67.8727784108
130.1000000000 -67.9317847316
130.2000000000 -67.9907012158
130.3000000000 -68.0495272843
130.4000000000 -68.1082623553
130.5000000000 -68.1669058447
130.6000000000 -68.2254571658
130.7000000000 -68.2839157294
130.8000000000 -68.3422809442
130.9000000000 -68.4005522169
131.0000000000 -68.4587289517
131.1000000000 -68.5168105513
131.2000000000 -68.5747964162
131.3000000000 -68.6326859453
131.4000000000 -68.6904785355
131.5000000000 -68.7481735826
131.6000000000 -68.8057704804
131.7000000000 -68.8632686218
131.8000000000 -68.9206673980
131.9000000000 -68.9779661992
132.0000000000 -69.0351644144
132.1000000000 -69.0922614319
132.2000000000 -69.1492566387
132.3000000000 -69.2061494214
132.4000000000 -69.2629391655
132.5000000000 -69.3196252563
132.6000000000 -69.3762070785
132.7000000000 -69.4326840162
132.8000000000 -69.4890554535
132.9000000000 -69.5453207743
133.0000000000 -69.6014793622
133.1000000000 -69.6575306012
133.2000000000 -69.7134738750
133.3000000000 -69.7693085680
133.4000000000 -69.8250340645
133.5000000000 -69.8806497496
133.6000000000 -69.9361550088
133.7000000000 -69.9915492281
133.8000000000 -70.0468317946
133.9000000000 -70.1020020959
134.0000000000 -70.1570595209
134.1000000000 -70.2120034592
134.2000000000 -70.2668333019
134.3000000000 -70.3215484412
134.4000000000 -70.3761482706
134.5000000000 -70.4306321852
134.6000000000 -70.4849995816
134.7000000000 -70.5392498581
134.8000000000 -70.5933824147
134.9000000000 -70.6473966534
135.0000000000 -70.7012919780
135.1000000000 -70.7550677945
135.2000000000 -70.8087235111
135.3000000000 -70.8622585380
135.4000000000 -70.9156722880
135.5000000000 -70.9689641762
135.6000000000 -71.0221336205
135.7000000000 -71.0751800411
135.8000000000 -71.1281028611
135.9000000000 -71.1809015066
136.0000000000 -71.2335754062
136.1000000000 -71.2861239919
136.2000000000 -71.3385466987
136.3000000000 -71.3908429646
136.4000000000 -71.4430122311
136.5000000000 -71.4950539430
136.6000000000 -71.5469675486
136.7000000000 -71.5987524996
136.8000000000 -71.6504082515
136.9000000000 -71.7019342634
137.0000000000 -71.7533299982
137.1000000000 -71.8045949227
137.2000000000 -71.8557285078
137.3000000000 -71.9067302282
137.4000000000 -71.9575995628
137.5000000000 -72.0083359947
137.6000000000 -72.0589390114
137.7000000000 -72.1094081046
137.8000000000 -72.1597427704
137.9000000000 -72.2099425095
138.0000000000 -72.2600068272
138.1000000000 -72.3099352333
138.2000000000 -72.3597272424
138.3000000000 -72.4093823738
138.4000000000 -72.4589001518
138.5000000000 -72.5082801055
138.6000000000 -72.5575217690
138.7000000000 -72.6066246815
138.8000000000 -72.6555883872
138.9000000000 -72.7044124355
139.0000000000 -72.7530963812
139.1000000000 -72.8016397840
139.2000000000 -72.8500422094
139.3000000000 -72.8983032280
139.4000000000 -72.9464224159
139.5000000000 -72.9943993548
139.6000000000 -73.0422336319
139.7000000000 -73.0899248401
139.8000000000 -73.1374725777
139.9000000000 -73.1848764491
140.0000000000 -73.2321360642
140.1000000000 -73.2792510387
140.2000000000 -73.3262209942
140.3000000000 -73.3730455582
140.4000000000 -73.4197243643
140.5000000000 -73.4662570517
140.6000000000 -73.5126432658
140.7000000000 -73.5588826583
140.8000000000 -73.6049748865
140.9000000000 -73.6509196143
141.0000000000 -73.6967165113
141.1000000000 -73.7423652536
141.2000000000 -73.7878655235
141.3000000000 -73.8332170094
141.4000000000 -73.8784194061
141.5000000000 -73.9234724145
141.6000000000 -73.9683757422
141.7000000000 -74.0131291028
141.8000000000 -74.0577322165
141.9000000000 -74.1021848096
142.0000000000 -74.1464866152
142.1000000000 -74.1906373726
142.2000000000 -74.2346368276
142.3000000000 -74.2784847324
142.4000000000 -74.3221808459
142.5000000000 -74.3657249332
142.6000000000 -74.4091167661
142.7000000000 -74.4523561230
142.8000000000 -74.4954427885
142.9000000000 -74.5383765541
143.0000000000 -74.5811572177
143.1000000000 -74.6237845836
143.2000000000 -74.6662584630
143.3000000000 -74.7085786733
143.4000000000 -74.7507450387
143.5000000000 -74.7927573899
143.6000000000 -74.8346155642
143.7000000000 -74.8763194054
143.8000000000 -74.9178687638
143.9000000000 -74.9592634965
144.0000000000 -75.0005034669
144.1000000000 -75.0415885450
144.2000000000 -75.0825186076
144.3000000000 -75.1232935376
144.4000000000 -75.1639132247
144.5000000000 -75.2043775652
144.6000000000 -75.2446864617
144.7000000000 -75.2848398233
144.8000000000 -75.3248375658
144.9000000000 -75.3646796111
145.0000000000 -75.4043658880
145.1000000000 -75.4438963313
145.2000000000 -75.4832708825
145.3000000000 -75.5224894894
145.4000000000 -75.5615521062
145.5000000000 -75.6004586935
145.6000000000 -75.6392092181
145.7000000000 -75.6778036532
145.8000000000 -75.7162419785
145.9000000000 -75.7545241795
146.0000000000 -75.7926502485
146.1000000000 -75.8306201836
146.2000000000 -75.8684339892
146.3000000000 -75.9060916760
146.4000000000 -75.9435932608
146.5000000000 -75.9809387664
146.6000000000 -76.0181282217
146.7000000000 -76.0551616618
146.8000000000 -76.0920391277
146.9000000000 -76.1287606664
147.0000000000 -76.1653263309
147.1000000000 -76.2017361802
147.2000000000 -76.2379902789
147.3000000000 -76.2740886978
147.4000000000 -76.3100315134
147.5000000000 -76.3458188079
147.6000000000 -76.3814506693
147.7000000000 -76.4169271915
147.8000000000 -76.4522484737
147.9000000000 -76.4874146212
148.0000000000 -76.5224257445
148.1000000000 -76.5572819598
148.2000000000 -76.5919833890
148.3000000000 -76.6265301592
148.4000000000 -76.6609224032
148.5000000000 -76.6951602590
148.6000000000 -76.7292438700
148.7000000000 -76.7631733851
148.8000000000 -76.7969489581
148.9000000000 -76.8305707486
149.0000000000 -76.8640389207
149.1000000000 -76.8973536443
149.2000000000 -76.9305150939
149.3000000000 -76.9635234495
149.4000000000 -76.9963788956
149.5000000000 -77.0290816221
149.6000000000 -77.0616318237
149.7000000000 -77.0940297000
149.8000000000 -77.1262754552
149.9000000000 -77.1583692985
150.0000000000 -77.1903114440
150.1000000000 -77.2221021101
150.2000000000 -77.1453471170
150.3000000000 -76.9022031963
150.4000000000 -76.4991956410
150.5000000000 -75.9678879700
150.6000000000 -75.3406200102
150.7000000000 -74.6424636286
150.8000000000 -73.8904466713
150.9000000000 -73.0949164450
151.0000000000 -72.2610783553
151.1000000000 -71.3901567629
151.2000000000 -70.4801058654
151.3000000000 -69.5259129406
151.4000000000 -68.5195273240
151.5000000000 -67.4493983406
151.6000000000 -66.2995318687
151.7000000000 -65.0478712840
151.8000000000 -63.6636631948
151.9000000000 -62.1033168544
152.0000000000 -60.3044183478
152.1000000000 -58.1794530819
152.2000000000 -55.6179436170
152.3000000000 -52.6198290747
152.4000000000 -49.1124782674
152.5000000000 -44.9481283064
152.6000000000 -39.9442045566
152.7000000000 -33.8719755034
152.8000000000 -26.4755952019
152.9000000000 -17.4477986478
153.0000000000 -6.3996000591
153.1000000000 6.9187469209
153.2000000000 21.3548954437
153.3000000000 32.4732121965
153.4000000000 36.9758185570
153.5000000000 37.5200545524
153.6000000000 37.3489678825
153.7000000000 37.3115902950
153.8000000000 37.3809706652
153.9000000000 37.4807234380
154.0000000000 37.5717441856
154.1000000000 37.6380222915
154.2000000000 37.6746228044
154.3000000000 37.6815174819
154.4000000000 37.6606351527
154.5000000000 37.6144960744
154.6000000000 37.5456106983
154.7000000000 37.4562429144
154.8000000000 37.3483428637
154.9000000000 37.2235545223
155.0000000000 37.0832524543
155.1000000000 36.9285863784
155.2000000000 36.7605241068
155.3000000000 36.5798891954
155.4000000000 36.3873923608
155.5000000000 36.1836569261
155.6000000000 35.9692390247
155.7000000000 35.7446434049
155.8000000000 35.5103356410
155.9000000000 35.2667514577
156.0000000000 35.0143037632
156.1000000000 34.7533878796
156.2000000000 34.4843853639
156.3000000000 34.2076667382
156.4000000000 33.9235933798
156.5000000000 33.6325187723
156.6000000000 33.3347892759
156.7000000000 33.0307445420
156.8000000000 32.7207176702
156.9000000000 32.4050351860
157.0000000000 32.0840168970
157.1000000000 31.7579756763
157.2000000000 31.4272172069
157.3000000000 31.0920397150
157.4000000000 30.7527337108
157.5000000000 30.4095817526
157.6000000000 30.0628582422
157.7000000000 29.7128292593
157.8000000000 29.3597524381
157.9000000000 29.0038768870
158.0000000000 28.6454431526
158.1000000000 28.2846832247
158.2000000000 27.9218205816
158.3000000000 27.5570702727
158.4000000000 27.1906390338
158.5000000000 26.8227254333
158.6000000000 26.4535200444
158.7000000000 26.0832056401
158.8000000000 25.7119574075
158.9000000000 25.3399431781
159.0000000000 24.9673236706
159.1000000000 24.5942527429
159.2000000000 24.2208776513
159.3000000000 23.8473393140
159.4000000000 23.4737725759
159.5000000000 23.1003064743
159.6000000000 22.7270645012
159.7000000000 22.3541648637
159.8000000000 21.9817207377
159.9000000000 21.6098405171
160.0000000000 21.2386280547
160.1000000000 20.8681828952
160.2000000000 20.4986005004
160.3000000000 20.1299724640
160.4000000000 19.7623867176
160.5000000000 19.3959277266
160.6000000000 19.0306766756
160.7000000000 18.6667116441
160.8000000000 18.3041077718
160.9000000000 17.9429374132
161.0000000000 17.5832702828
161.1000000000 17.2251735899
161.2000000000 16.8687121639
161.3000000000 16.5139485693
161.4000000000 16.1609432129
161.5000000000 15.8097544403
161.6000000000 15.4604386254
161.7000000000 15.1130502497
161.8000000000 14.7676419757
161.9000000000 14.4242647110
162.0000000000 14.0829676658
162.1000000000 13.7437984036
162.2000000000 13.4068028854
162.3000000000 13.0720255076
162.4000000000 12.7395091341
162.5000000000 12.4092951233
162.6000000000 12.0814233505
162.7000000000 11.7559322248
162.8000000000 11.4328587028
162.9000000000 11.1122382983
163.0000000000 10.7941050881
163.1000000000 10.4784917155
163.2000000000 10.1654293910
163.3000000000 9.8549478905
163.4000000000 9.5470755521
163.5000000000 9.2418392708
163.6000000000 8.9392644925
163.7000000000 8.6393752071
163.8000000000 8.3421939408
163.9000000000 8.0477417489
164.0000000000 7.7560382077
164.1000000000 7.4671014076
164.2000000000 7.1809479468
164.3000000000 6.8975929255
164.4000000000 6.6170499415
164.5000000000 6.3393310875
164.6000000000 6.0644469494
164.7000000000 5.7924066066
164.8000000000 5.5232176344
164.9000000000 5.2568861080
165.0000000000 4.9934166094
165.1000000000 4.7328122353
165.2000000000 4.4750746090
165.3000000000 4.2202038929
165.4000000000 3.9681988049
165.5000000000 3.7190566359
165.6000000000 3.4727732709
165.7000000000 3.2293432116
165.8000000000 2.9887596014
165.9000000000 2.7510142530
166.0000000000 2.5160976781
166.1000000000 2.2839991185
166.2000000000 2.0547065801
166.3000000000 1.8282068680
166.4000000000 1.6044856237
166.5000000000 1.3835273635
166.6000000000 1.1653155187
166.7000000000 0.9498324765
166.8000000000 0.7370596225
166.9000000000 0.5269773843
167.0000000000 0.3195652746
167.1000000000 0.1148019369
167.2000000000 -0.0873348104
167.3000000000 -0.2868679280
167.4000000000 -0.4838211104
167.5000000000 -0.6782187404
167.6000000000 -0.8700858439
167.7000000000 -1.0594480445
167.8000000000 -1.2463315191
167.9000000000 -1.4307629535
168.0000000000 -1.6127694994
168.1000000000 -1.7923787309
168.2000000000 -1.9696186033
168.3000000000 -2.1445174117
168.4000000000 -2.3171037510
168.5000000000 -2.4874064773
168.6000000000 -2.6554546698
168.7000000000 -2.8212775945
168.8000000000 -2.9849046685
168.9000000000 -3.1463654264
169.0000000000 -3.3056894870
169.1000000000 -3.4629065223
169.2000000000 -3.6180462271
169.3000000000 -3.7711382904
169.4000000000 -3.9222123678
169.5000000000 -4.0712980557
169.6000000000 -4.2184248663
169.7000000000 -4.3636222043
169.8000000000 -4.5069193452
169.9000000000 -4.6483454137
170.0000000000 -4.7879293650
170.1000000000 -4.9256999661
170.2000000000 -5.0616857785
170.3000000000 -5.1959151432
170.4000000000 -5.3284161649
170.5000000000 -5.4592166991
170.6000000000 -5.5883443394
170.7000000000 -5.7158264058
170.8000000000 -5.8416899342
170.9000000000 -5.9659616673
171.0000000000 -6.0886680455
171.1000000000 -6.2098351993
171.2000000000 -6.3294889423
171.3000000000 -6.4476547655
171.4000000000 -6.5643578316
171.5000000000 -6.6796229704
171.6000000000 -6.7934746752
171.7000000000 -6.9059370993
171.8000000000 -7.0170340532
171.9000000000 -7.1267890032
172.0000000000 -7.2352250690
172.1000000000 -7.3423650237
172.2000000000 -7.4482312924
172.3000000000 -7.5528459527
172.4000000000 -7.6562307349
172.5000000000 -7.7584070229
172.6000000000 -7.8593958551
172.7000000000 -7.9592179261
172.8000000000 -8.0578935884
172.9000000000 -8.1554428545
173.0000000000 -8.2518853995
173.1000000000 -8.3472405632
173.2000000000 -8.4415273534
173.3000000000 -8.5347644487
173.4000000000 -8.6269702018
173.5000000000 -8.7181626429
173.6000000000 -8.8083594835
173.7000000000 -8.8975781195
173.8000000000 -8.9858356356
173.9000000000 -9.0731488088
174.0000000000 -9.1595341128
174.1000000000 -9.2450077219
174.2000000000 -9.3295855152
174.3000000000 -9.4132830805
174.4000000000 -9.4961157195
174.5000000000 -9.5780984509
174.6000000000 -9.6592460159
174.7000000000 -9.7395728817
174.8000000000 -9.8190932464
174.9000000000 -9.8978210433
175.0000000000 -9.9757699451
175.1000000000 -10.0529533687
175.2000000000 -10.1293844791
175.3000000000 -10.2050761941
175.4000000000 -10.2800411885
175.5000000000 -10.3542918986
175.6000000000 -10.4278405263
175.7000000000 -10.5006990434
175.8000000000 -10.5728791959
175.9000000000 -10.6443925082
176.0000000000 -10.7152502872
176.1000000000 -10.7854636262
176.2000000000 -10.8550434095
176.3000000000 -10.9240003157
176.4000000000 -10.9923448222
176.5000000000 -11.0600872089
176.6000000000 -11.1272375621
176.7000000000 -11.1938057781
176.8000000000 -11.2598015672
176.9000000000 -11.3252344572
177.0000000000 -11.3901137974
177.1000000000 -11.4544487613
177.2000000000 -11.5182483513
177.3000000000 -11.5815214011
177.4000000000 -11.6442765797
177.5000000000 -11.7065223946
177.6000000000 -11.7682671949
177.7000000000 -11.8295191748
177.8000000000 -11.8902863765
177.9000000000 -11.9505766935
178.0000000000 -12.0103978736
178.1000000000 -12.0697575218
178.2000000000 -12.1286631032
178.3000000000 -12.1871219463
178.4000000000 -12.2451412450
178.5000000000 -12.3027280622
178.6000000000 -12.3598893322
178.7000000000 -12.4166318630
178.8000000000 -12.4729623394
178.9000000000 -12.5288873256
179.0000000000 -12.5844132671
179.1000000000 -12.6395464937
179.2000000000 -12.6942932217
179.3000000000 -12.7486595563
179.4000000000 -12.8026514938
179.5000000000 -12.8562749239
179.6000000000 -12.9095356322
179.7000000000 -12.9624393017
179.8000000000 -13.0149915155
179.9000000000 -13.0671977587
180.0000000000 -13.1190634203
180.1000000000 -13.1705937953
180.2000000000 -13.2217940866
180.3000000000 -13.2726694069
180.4000000000 -13.3232247806
180.5000000000 -13.3734651457
180.6000000000 -13.4233953552
180.7000000000 -13.4730201793
180.8000000000 -13.5223443068
180.9000000000 -13.5713723470
181.0000000000 -13.6201088309
181.1000000000 -13.6685582135
181.2000000000 -13.7167248746
181.3000000000 -13.7646131209
181.4000000000 -13.8122271872
181.5000000000 -13.8595712377
181.6000000000 -13.9066493680
181.7000000000 -13.9534656060
181.8000000000 -14.0000239134
181.9000000000 -14.0463281869
182.0000000000 -14.0923822599
182.1000000000 -14.1381899035
182.2000000000 -14.1837548277
182.3000000000 -14.2290806826
182.4000000000 -14.2741710599
182.5000000000 -14.3190294938
182.6000000000 -14.3636594622
182.7000000000 -14.4080643879
182.8000000000 -14.4522476396
182.9000000000 -14.4962125328
183.0000000000 -14.5399623315
183.1000000000 -14.5835002483
183.2000000000 -14.6268294463
183.3000000000 -14.6699530393
183.4000000000 -14.7128740934
183.5000000000 -14.7555956276
183.6000000000 -14.7981206146
183.7000000000 -14.8404519821
183.8000000000 -14.8825926135
183.9000000000 -14.9245453485
184.0000000000 -14.9663129843
184.1000000000 -15.0078982764
184.2000000000 -15.0493039391
184.3000000000 -15.0905326466
184.4000000000 -15.1315870337
184.5000000000 -15.1724696964
184.6000000000 -15.2131831930
184.7000000000 -15.2537300443
184.8000000000 -15.2941127348
184.9000000000 -15.3343337132
185.0000000000 -15.3743953928
185.1000000000 -15.4143001529
185.2000000000 -15.4540503387
185.3000000000 -15.4936482621
185.4000000000 -15.5330962029
185.5000000000 -15.5723964085
185.6000000000 -15.6115510953
185.7000000000 -15.6505624488
185.8000000000 -15.6894326243
185.9000000000 -15.7281637477
186.0000000000 -15.7667579157
186.1000000000 -15.8052171964
186.2000000000 -15.8435436300
186.3000000000 -15.8817392293
186.4000000000 -15.9198059800
186.5000000000 -15.9577458416
186.6000000000 -15.9955607473
186.7000000000 -16.0332526049
186.8000000000 -16.0708232974
186.9000000000 -16.1082746829
187.0000000000 -16.1456085955
187.1000000000 -16.1828268457
187.2000000000 -16.2199312207
187.3000000000 -16.2569234847
187.4000000000 -16.2938053799
187.5000000000 -16.3305786260
187.6000000000 -16.3672449214
187.7000000000 -16.4038059432
187.8000000000 -16.4402633476
187.9000000000 -16.4766187705
188.0000000000 -16.5128738274
188.1000000000 -16.5490301145
188.2000000000 -16.5850892081
188.3000000000 -16.6210526660
188.4000000000 -16.6569220268
188.5000000000 -16.6926988111
188.6000000000 -16.7283845213
188.7000000000 -16.7639806421
188.8000000000 -16.7994886408
188.9000000000 -16.8349099676
189.0000000000 -16.8702460560
189.1000000000 -16.9054983228
189.2000000000 -16.9406681689
189.3000000000 -16.9757569789
189.4000000000 -17.0107661220
189.5000000000 -17.0456969521
189.6000000000 -17.0805508078
189.7000000000 -17.1153290130
189.8000000000 -17.1500328770
189.9000000000 -17.1846636947
190.0000000000 -17.2192227471
190.1000000000 -17.2537113012
190.2000000000 -17.2881306105
190.3000000000 -17.3224819153
190.4000000000 -17.3567664426
190.5000000000 -17.3909854064
190.6000000000 -17.4251400084
190.7000000000 -17.4592314375
190.8000000000 -17.4932608707
190.9000000000 -17.5272294727
191.0000000000 -17.5611383965
191.1000000000 -17.5949887836
191.2000000000 -17.6287817640
191.3000000000 -17.6625184564
191.4000000000 -17.6961999687
191.5000000000 -17.7298273977
191.6000000000 -17.7634018299
191.7000000000 -17.7969243412
191.8000000000 -17.8303959970
191.9000000000 -17.8638178530
192.0000000000 -17.8971909546
192.1000000000 -17.9305163378
192.2000000000 -17.9637950288
192.3000000000 -17.9970280444
192.4000000000 -18.0302163921
192.5000000000 -18.0633610704
192.6000000000 -18.0964630689
192.7000000000 -18.1295233682
192.8000000000 -18.1625429405
192.9000000000 -18.1955227492
193.0000000000 -18.2284637498
193.1000000000 -18.2613668892
193.2000000000 -18.2942331064
193.3000000000 -18.3270633324
193.4000000000 -18.3598584905
193.5000000000 -18.3926194963
193.6000000000 -18.4253472580
193.7000000000 -18.4580426761
193.8000000000 -18.4907066442
193.9000000000 -18.5233400484
194.0000000000 -18.5559437682
194.1000000000 -18.5885186757
194.2000000000 -18.6210656366
194.3000000000 -18.6535855098
194.4000000000 -18.6860791477
194.5000000000 -18.7185473961
194.6000000000 -18.7509910948
194.7000000000 -18.7834110771
194.8000000000 -18.8158081702
194.9000000000 -18.8481831955
195.0000000000 -18.8805369682
195.1000000000 -18.9128702981
195.2000000000 -18.9451839889
195.3000000000 -18.9774788391
195.4000000000 -19.0097556412
195.5000000000 -19.0420151828
195.6000000000 -19.0742582460
195.7000000000 -19.1064856075
195.8000000000 -19.1386980391
195.9000000000 -19.1708963075
196.0000000000 -19.2030811745
196.1000000000 -19.2352533970
196.2000000000 -19.2674137270
196.3000000000 -19.2995629121
196.4000000000 -19.3317016951
196.5000000000 -19.3638308142
196.6000000000 -19.3959510033
196.7000000000 -19.4280629920
196.8000000000 -19.4601675054
196.9000000000 -19.4922652646
197.0000000000 -19.5243569864
197.1000000000 -19.5564433837
197.2000000000 -19.5885251653
197.3000000000 -19.6206030360
197.4000000000 -19.6526776971
197.5000000000 -19.6847498458
197.6000000000 -19.7168201757
197.7000000000 -19.7488893769
197.8000000000 -19.7809581356
197.9000000000 -19.8130271349
198.0000000000 -19.8450970542
198.1000000000 -19.8771685697
198.2000000000 -19.9092423541
198.3000000000 -19.9413190770
198.4000000000 -19.9733994047
198.5000000000 -20.0054840007
198.6000000000 -20.0375735249
198.7000000000 -20.0696686347
198.8000000000 -20.1017699843
198.9000000000 -20.1338782250
199.0000000000 -20.1659940053
199.1000000000 -20.1981179711
199.2000000000 -20.2302507652
199.3000000000 -20.2623930282
199.4000000000 -20.2945453977
199.5000000000 -20.3267085088
199.6000000000 -20.3588829944
199.7000000000 -20.3910694845
199.8000000000 -20.4232686070
199.9000000000 -20.4554809873
200.0000000000 -20.4877072485
200.1000000000 -20.5199480115
200.2000000000 -20.5522038949
200.3000000000 -20.5844755151
200.4000000000 -20.6167634866
200.5000000000 -20.6490684216
200.6000000000 -20.6813909303
200.7000000000 -20.7137316210
200.8000000000 -20.7460910999
200.9000000000 -20.7784699714
201.0000000000 -20.8108688381
201.1000000000 -20.8432883006
201.2000000000 -20.8757289578
201.3000000000 -20.9081914071
201.4000000000 -20.9406762437
201.5000000000 -20.9731840616
201.6000000000 -21.0057154530
201.7000000000 -21.0382710084
201.8000000000 -21.0708513170
201.9000000000 -21.1034569662
202.0000000000 -21.1360885422
202.1000000000 -21.1687466296
202.2000000000 -21.2014318117
202.3000000000 -21.2341446702
202.4000000000 -21.2668857859
202.5000000000 -21.2996557379
202.6000000000 -21.3324551042
202.7000000000 -21.3652844615
202.8000000000 -21.3981443854
202.9000000000 -21.4310354503
203.0000000000 -21.4639582294
203.1000000000 -21.4969132948
203.2000000000 -21.5299012176
203.3000000000 -21.5629225678
203.4000000000 -21.5959779144
203.5000000000 -21.6290678253
203.6000000000 -21.6621928677
203.7000000000 -21.6953536077
203.8000000000 -21.7285506104
203.9000000000 -21.7617844402
204.0000000000 -21.7950556605
204.1000000000 -21.8283648341
204.2000000000 -21.8617125227
204.3000000000 -21.8950992875
204.4000000000 -21.9285256888
204.5000000000 -21.9619922862
204.6000000000 -21.9954996386
204.7000000000 -22.0290483043
204.8000000000 -22.0626388408
204.9000000000 -22.0962718051
205.0000000000 -22.1299477536
205.1000000000 -22.1636672420
205.2000000000 -22.1974308254
205.3000000000 -22.2312390586
205.4000000000 -22.2650924957
205.5000000000 -22.2989916903
205.6000000000 -22.3329371956
205.7000000000 -22.3669295642
205.8000000000 -22.4009693483
205.9000000000 -22.4350570999
206.0000000000 -22.4691933702
206.1000000000 -22.5033787103
206.2000000000 -22.5376136709
206.3000000000 -22.5718988022
206.4000000000 -22.6062346541
206.5000000000 -22.6406217763
206.6000000000 -22.6750607182
206.7000000000 -22.7095520287
206.8000000000 -22.7440962565
206.9000000000 -22.7786939502
207.0000000000 -22.8133456580
207.1000000000 -22.8480519279
207.2000000000 -22.8828133077
207.3000000000 -22.9176303449
207.4000000000 -22.9525035869
207.5000000000 -22.9874335809
207.6000000000 -23.0224208739
207.7000000000 -23.0574660128
207.8000000000 -23.0925695443
207.9000000000 -23.1277320149
208.0000000000 -23.1629539711
208.1000000000 -23.1982359591
208.2000000000 -23.2335785252
208.3000000000 -23.2689822155
208.4000000000 -23.3044475760
208.5000000000 -23.3399751526
208.6000000000 -23.3755654911
208.7000000000 -23.4112191373
208.8000000000 -23.4469366369
208.9000000000 -23.4827185355
209.0000000000 -23.5185653787
209.1000000000 -23.5544777120
209.2000000000 -23.5904560810
209.3000000000 -23.6265010311
209.4000000000 -23.6626131077
209.5000000000 -23.6987928563
209.6000000000 -23.7350408220
209.7000000000 -23.7713575504
209.8000000000 -23.8077435867
209.9000000000 -23.8441994763
210.0000000000 -23.8807257642
210.1000000000 -23.9173229960
210.2000000000 -23.9539917167
210.3000000000 -23.9907324716
210.4000000000 -24.0275458059
210.5000000000 -24.0644322647
210.6000000000 -24.1013923933
210.7000000000 -24.1384267368
210.8000000000 -24.1755358403
210.9000000000 -24.2127202488
211.0000000000 -24.2499805075
211.1000000000 -24.2873171614
211.2000000000 -24.3247307554
211.3000000000 -24.3622218345
211.4000000000 -24.3997909437
211.5000000000 -24.4374386277
211.6000000000 -24.4751654313
211.7000000000 -24.5129718993
211.8000000000 -24.5508585764
211.9000000000 -24.5888260070
212.0000000000 -24.6268747357
212.1000000000 -24.6650053069
212.2000000000 -24.7032182649
212.3000000000 -24.7415141538
212.4000000000 -24.7798935177
212.5000000000 -24.8183569005
212.6000000000 -24.8569048460
212.7000000000 -24.8955378977
212.8000000000 -24.9342565992
212.9000000000 -24.9730614937
213.0000000000 -25.0119531242
213.1000000000 -25.0509320337
213.2000000000 -25.0899987648
213.3000000000 -25.1291538598
213.4000000000 -25.1683978609
213.5000000000 -25.2077313101
213.6000000000 -25.2471547489
213.7000000000 -25.2866687185
213.8000000000 -25.3262737601
213.9000000000 -25.3659704142
214.0000000000 -25.4057592211
214.1000000000 -25.4456407208
214.2000000000 -25.4856154527
214.3000000000 -25.5256839561
214.4000000000 -25.5658467695
214.5000000000 -25.6061044312
214.6000000000 -25.6464574789
214.7000000000 -25.6869064499
214.8000000000 -25.7274518810
214.9000000000 -25.7680943082
215.0000000000 -25.8088342672
215.1000000000 -25.8496722931
215.2000000000 -25.8906089202
215.3000000000 -25.9316446822
215.4000000000 -25.9727801122
215.5000000000 -26.0140157427
215.6000000000 -26.0553521052
215.7000000000 -26.0967897307
215.8000000000 -26.1383291492
215.9000000000 -26.1799708901
216.0000000000 -26.2217154817
216.1000000000 -26.2635634517
216.2000000000 -26.3055153268
216.3000000000 -26.3475716325
216.4000000000 -26.3897328938
216.5000000000 -26.4319996342
216.6000000000 -26.4743723766
216.7000000000 -26.5168516426
216.8000000000 -26.5594379527
216.9000000000 -26.6021318262
217.0000000000 -26.6449337814
217.1000000000 -26.6878443352
217.2000000000 -26.7308640034
217.3000000000 -26.7739933003
217.4000000000 -26.8172327392
217.5000000000 -26.8605828316
217.6000000000 -26.9040440879
217.7000000000 -26.9476170169
217.8000000000 -26.9913021260
217.9000000000 -27.0350999211
218.0000000000 -27.0790109062
218.1000000000 -27.1230355842
218.2000000000 -27.1671744558
218.3000000000 -27.2114280203
218.4000000000 -27.2557967753
218.5000000000 -27.3002812162
218.6000000000 -27.3448818371
218.7000000000 -27.3895991297
218.8000000000 -27.4344335840
218.9000000000 -27.4793856881
219.0000000000 -27.5244559277
219.1000000000 -27.5696447869
219.2000000000 -27.6149527472
219.3000000000 -27.6603802881
219.4000000000 -27.7059278869
219.5000000000 -27.7515960186
219.6000000000 -27.7973851556
219.7000000000 -27.8432957683
219.8000000000 -27.8893283242
219.9000000000 -27.9354832887
220.0000000000 -27.9817611243
220.1000000000 -28.0281622911
220.2000000000 -28.0746872464
220.3000000000 -28.1213364448
220.4000000000 -28.1681103380
220.5000000000 -28.2150093750
220.6000000000 -28.2620340017
220.7000000000 -28.3091846613
220.8000000000 -28.3564617937
220.9000000000 -28.4038658359
221.0000000000 -28.4513972215
221.1000000000 -28.4990563811
221.2000000000 -28.5468437419
221.3000000000 -28.5947597278
221.4000000000 -28.6428047594
221.5000000000 -28.6909792536
221.6000000000 -28.7392836239
221.7000000000 -28.7877182802
221.8000000000 -28.8362836287
221.9000000000 -28.8849800718
222.0000000000 -28.9338080084
222.1000000000 -28.9827678330
222.2000000000 -29.0318599368
222.3000000000 -29.0810847064
222.4000000000 -29.1304425248
222.5000000000 -29.1799337705
222.6000000000 -29.2295588181
222.7000000000 -29.2793180377
222.8000000000 -29.3292117952
222.9000000000 -29.3792404519
223.0000000000 -29.4294043648
223.1000000000 -29.4797038863
223.2000000000 -29.5301393640
223.3000000000 -29.5807111411
223.4000000000 -29.6314195558
223.5000000000 -29.6822649414
223.6000000000 -29.7332476265
223.7000000000 -29.7843679346
223.8000000000 -29.8356261841
223.9000000000 -29.8870226882
224.0000000000 -29.9385577551
224.1000000000 -29.9902316875
224.2000000000 -30.0420447829
224.3000000000 -30.0939973333
224.4000000000 -30.1460896251
224.5000000000 -30.1983219392
224.6000000000 -30.2506945508
224.7000000000 -30.3032077295
224.8000000000 -30.3558617388
224.9000000000 -30.4086568368
225.0000000000 -30.4615932750
225.1000000000 -30.5146712995
225.2000000000 -30.5678911497
225.3000000000 -30.6212530594
225.4000000000 -30.6747572556
225.5000000000 -30.7284039593
225.6000000000 -30.7821933850
225.7000000000 -30.8361257408
225.8000000000 -30.8902012279
225.9000000000 -30.9444200414
226.0000000000 -30.9987823691
226.1000000000 -31.0532883926
226.2000000000 -31.1079382861
226.3000000000 -31.1627322173
226.4000000000 -31.2176703466
226.5000000000 -31.2727528274
226.6000000000 -31.3279798061
226.7000000000 -31.3833514217
226.8000000000 -31.4388678059
226.9000000000 -31.4945290831
227.0000000000 -31.5503353702
227.1000000000 -31.6062867767
227.2000000000 -31.6623834043
227.3000000000 -31.7186253473
227.4000000000 -31.7750126920
227.5000000000 -31.8315455172
227.6000000000 -31.8882238935
227.7000000000 -31.9450478839
227.8000000000 -32.0020175432
227.9000000000 -32.0591329182
228.0000000000 -32.1163940474
228.1000000000 -32.1738009614
228.2000000000 -32.2313536823
228.3000000000 -32.2890522240
228.4000000000 -32.3468965919
228.5000000000 -32.4048867830
228.6000000000 -32.4630227858
228.7000000000 -32.5213045802
228.8000000000 -32.5797321374
228.9000000000 -32.6383054200
229.0000000000 -32.6970243818
229.1000000000 -32.7558889678
229.2000000000 -32.8148991141
229.3000000000 -32.8740547479
229.4000000000 -32.9333557874
229.5000000000 -32.9928021418
229.6000000000 -33.0523937112
229.7000000000 -33.1121303865
229.8000000000 -33.1720120495
229.9000000000 -33.2320385728
230.0000000000 -33.2922098196
230.1000000000 -33.3525256439
230.2000000000 -33.4129858901
230.3000000000 -33.4735903935
230.4000000000 -33.5343389797
230.5000000000 -33.5952314650
230.6000000000 -33.6562676559
230.7000000000 -33.7174473496
230.8000000000 -33.7787703335
230.9000000000 -33.8402363855
231.0000000000 -33.9018452736
231.1000000000 -33.9635967564
231.2000000000 -34.0254905824
231.3000000000 -34.0875264907
231.4000000000 -34.1497042104
231.5000000000 -34.2120234607
231.6000000000 -34.2744839511
231.7000000000 -34.3370853812
231.8000000000 -34.3998274406
231.9000000000 -34.4627098093
232.0000000000 -34.5257321571
232.1000000000 -34.5888941438
232.2000000000 -34.6521954195
232.3000000000 -34.7156356242
232.4000000000 -34.7792143879
232.5000000000 -34.8429313307
232.6000000000 -34.9067860627
232.7000000000 -34.9707781840
232.8000000000 -35.0349072846
232.9000000000 -35.0991729447
233.0000000000 -35.1635747344
233.1000000000 -35.2281122137
233.2000000000 -35.2927849330
233.3000000000 -35.3575924323
233.4000000000 -35.4225342419
233.5000000000 -35.4876098821
233.6000000000 -35.5528188631
233.7000000000 -35.6181606855
233.8000000000 -35.6836348396
233.9000000000 -35.7492408063
234.0000000000 -35.8149780562
234.1000000000 -35.8808460502
234.2000000000 -35.9468442397
234.3000000000 -36.0129720659
234.4000000000 -36.0792289604
234.5000000000 -36.1456143452
234.6000000000 -36.2121276325
234.7000000000 -36.2787682250
234.8000000000 -36.3455355155
234.9000000000 -36.4124288876
235.0000000000 -36.4794477152
235.1000000000 -36.5465913628
235.2000000000 -36.6138591854
235.3000000000 -36.6812505288
235.4000000000 -36.7487647292
235.5000000000 -36.8164011138
235.6000000000 -36.8841590006
235.7000000000 -36.9520376982
235.8000000000 -37.0200365065
235.9000000000 -37.0881547160
236.0000000000 -37.1563916086
236.1000000000 -37.2247464570
236.2000000000 -37.2932185253
236.3000000000 -37.3618070689
236.4000000000 -37.4305113343
236.5000000000 -37.4993305595
236.6000000000 -37.5682639743
236.7000000000 -37.6373107995
236.8000000000 -37.7064702482
236.9000000000 -37.7757415246
237.0000000000 -37.8451238253
237.1000000000 -37.9146163384
237.2000000000 -37.9842182442
237.3000000000 -38.0539287151
237.4000000000 -38.1237469156
237.5000000000 -38.1936720026
237.6000000000 -38.2637031254
237.7000000000 -38.3338394257
237.8000000000 -38.4040800379
237.9000000000 -38.4744240889
238.0000000000 -38.5448706986
238.1000000000 -38.6154189799
238.2000000000 -38.6860680384
238.3000000000 -38.7568169731
238.4000000000 -38.8276648763
238.5000000000 -38.8986108333
238.6000000000 -38.9696539233
238.7000000000 -39.0407932189
238.8000000000 -39.1120277865
238.9000000000 -39.1833566861
239.0000000000 -39.2547789721
239.1000000000 -39.3262936926
239.2000000000 -39.3978998900
239.3000000000 -39.4695966014
239.4000000000 -39.5413828578
239.5000000000 -39.6132576852
239.6000000000 -39.6852201042
239.7000000000 -39.7572691303
239.8000000000 -39.8294037740
239.9000000000 -39.9016230410
240.0000000000 -39.9739259322
240.1000000000 -40.0463114438
240.2000000000 -40.1187785677
240.3000000000 -40.1913262916
240.4000000000 -40.2639535988
240.5000000000 -40.3366594686
240.6000000000 -40.4094428766
240.7000000000 -40.4823027945
240.8000000000 -40.5552381904
240.9000000000 -40.6282480290
241.0000000000 -40.7013312718
241.1000000000 -40.7744868769
241.2000000000 -40.8477137996
241.3000000000 -40.9210109922
241.4000000000 -40.9943774043
241.5000000000 -41.0678119831
241.6000000000 -41.1413136731
241.7000000000 -41.2148814167
241.8000000000 -41.2885141542
241.9000000000 -41.3622108238
242.0000000000 -41.4359703622
242.1000000000 -41.5097917039
242.2000000000 -41.5836737823
242.3000000000 -41.6576155294
242.4000000000 -41.7316158758
242.5000000000 -41.8056737512
242.6000000000 -41.8797880843
242.7000000000 -41.9539578030
242.8000000000 -42.0281818347
242.9000000000 -42.1024591063
243.0000000000 -42.1767885444
243.1000000000 -42.2511690753
243.2000000000 -42.3255996255
243.3000000000 -42.4000791216
243.4000000000 -42.4746064903
243.5000000000 -42.5491806590
243.6000000000 -42.6238005554
243.7000000000 -42.6984651083
243.8000000000 -42.7731732470
243.9000000000 -42.8479239022
244.0000000000 -42.9227160054
244.1000000000 -42.9975484896
244.2000000000 -43.0724202893
244.3000000000 -43.1473303407
244.4000000000 -43.2222775814
244.5000000000 -43.2972609512
244.6000000000 -43.3722793919
244.7000000000 -43.4473318474
244.8000000000 -43.5224172639
244.9000000000 -43.5975345901
245.0000000000 -43.6726827773
245.1000000000 -43.7478607794
245.2000000000 -43.8230675534
245.3000000000 -43.8983020591
245.4000000000 -43.9735632595
245.5000000000 -44.0488501207
245.6000000000 -44.1241616125
245.7000000000 -44.1994967080
245.8000000000 -44.2748543839
245.9000000000 -44.3502336209
246.0000000000 -44.4256334034
246.1000000000 -44.5010527199
246.2000000000 -44.5764905629
246.3000000000 -44.6519459293
246.4000000000 -44.7274178205
246.5000000000 -44.8029052422
246.6000000000 -44.8784072047
246.7000000000 -44.9539227231
246.8000000000 -45.0294508173
246.9000000000 -45.1049905123
247.0000000000 -45.1805408380
247.1000000000 -45.2561008294
247.2000000000 -45.3316695270
247.3000000000 -45.4072459766
247.4000000000 -45.4828292293
247.5000000000 -45.5584183420
247.6000000000 -45.6340123771
247.7000000000 -45.7096104030
247.8000000000 -45.7852114937
247.9000000000 -45.8608147295
248.0000000000 -45.9364191963
248.1000000000 -46.0120239866
248.2000000000 -46.0876281989
248.3000000000 -46.1632309380
248.4000000000 -46.2388313152
248.5000000000 -46.3144284481
248.6000000000 -46.3900214612
248.7000000000 -46.4656094853
248.8000000000 -46.5411916581
248.9000000000 -46.6167671240
249.0000000000 -46.6923350344
249.1000000000 -46.7678945474
249.2000000000 -46.8434448284
249.3000000000 -46.9189850496
249.4000000000 -46.9945143905
249.5000000000 -47.0700320378
249.6000000000 -47.1455371852
249.7000000000 -47.2210290340
249.8000000000 -47.2965067928
249.9000000000 -47.3719696776
250.0000000000 -47.4474169118
250.1000000000 -47.5228477264
250.2000000000 -47.5982613600
250.3000000000 -47.6736570587
250.4000000000 -47.7490340765
250.5000000000 -47.8243916748
250.6000000000 -47.8997291230
250.7000000000 -47.9750456981
250.8000000000 -48.0503406850
250.9000000000 -48.1256133764
251.0000000000 -48.2008630731
251.1000000000 -48.2760890836
251.2000000000 -48.3512907242
251.3000000000 -48.4264673196
251.4000000000 -48.5016182022
251.5000000000 -48.5767427125
251.6000000000 -48.6518401989
251.7000000000 -48.7269100180
251.8000000000 -48.8019515346
251.9000000000 -48.8769641213
252.0000000000 -48.9519471590
252.1000000000 -49.0269000365
252.2000000000 -49.1018221511
252.3000000000 -49.1767129078
252.4000000000 -49.2515717201
252.5000000000 -49.3263980094
252.6000000000 -49.4011912052
252.7000000000 -49.4759507454
252.8000000000 -49.5506760759
252.9000000000 -49.6253666506
253.0000000000 -49.7000219317
253.1000000000 -49.7746413896
253.2000000000 -49.8492245025
253.3000000000 -49.9237707570
253.4000000000 -49.9982796477
253.5000000000 -50.0727506772
253.6000000000 -50.1471833563
253.7000000000 -50.2215772037
253.8000000000 -50.2959317463
253.9000000000 -50.3702465188
254.0000000000 -50.4445210640
254.1000000000 -50.5187549327
254.2000000000 -50.5929476836
254.3000000000 -50.6670988832
254.4000000000 -50.7412081061
254.5000000000 -50.8152749345
254.6000000000 -50.8892989586
254.7000000000 -50.9632797764
254.8000000000 -51.0372169936
254.9000000000 -51.1111102234
255.0000000000 -51.1849590872
255.1000000000 -51.2587632134
255.2000000000 -51.3325222386
255.3000000000 -51.4062358066
255.4000000000 -51.4799035689
255.5000000000 -51.5535251842
255.6000000000 -51.6271003190
255.7000000000 -51.7006286469
255.8000000000 -51.7741098490
255.9000000000 -51.8475436137
256.0000000000 -51.9209296364
256.1000000000 -51.9942676200
256.2000000000 -52.0675572744
256.3000000000 -52.1407983164
256.4000000000 -52.2139904702
256.5000000000 -52.2871334667
256.6000000000 -52.3602270437
256.7000000000 -52.4332709460
256.8000000000 -52.5062649251
256.9000000000 -52.5792087393
257.0000000000 -52.6521021535
257.1000000000 -52.7249449392
257.2000000000 -52.7977368745
257.3000000000 -52.8704777441
257.4000000000 -52.9431673388
257.5000000000 -53.0158054560
257.6000000000 -53.0883918993
257.7000000000 -53.1609264785
257.8000000000 -53.2334090097
257.9000000000 -53.3058393148
258.0000000000 -53.3782172218
258.1000000000 -53.4505425648
258.2000000000 -53.5228151836
258.3000000000 -53.5950349238
258.4000000000 -53.6672016367
258.5000000000 -53.7393151793
258.6000000000 -53.8113754140
258.7000000000 -53.8833822089
258.8000000000 -53.9553354373
258.9000000000 -54.0272349780
259.0000000000 -54.0990807149
259.1000000000 -54.1708725372
259.2000000000 -54.2426103390
259.3000000000 -54.3142940196
259.4000000000 -54.3859234831
259.5000000000 -54.4574986385
259.6000000000 -54.5290193995
259.7000000000 -54.6004856844
259.8000000000 -54.6718974164
259.9000000000 -54.7432545229
260.0000000000 -54.8145569357
260.1000000000 -54.8858045911
260.2000000000 -54.9569974297
260.3000000000 -55.0281353960
260.4000000000 -55.0992184388
260.5000000000 -55.1702465107
260.6000000000 -55.2412195684
260.7000000000 -55.3121375722
260.8000000000 -55.3830004862
260.9000000000 -55.4538082782
261.0000000000 -55.5245609195
261.1000000000 -55.5952583847
261.2000000000 -55.6659006520
261.3000000000 -55.7364877026
261.4000000000 -55.8070195211
261.5000000000 -55.8774960951
261.6000000000 -55.9479174150
261.7000000000 -56.0182834745
261.8000000000 -56.0885942697
261.9000000000 -56.1588497996
262.0000000000 -56.2290500658
262.1000000000 -56.2991950725
262.2000000000 -56.3692848260
262.3000000000 -56.4393193355
262.4000000000 -56.5092986118
262.5000000000 -56.5792226683
262.6000000000 -56.6490915203
262.7000000000 -56.7189051851
262.8000000000 -56.7886636816
262.9000000000 -56.8583670310
263.0000000000 -56.9280152556
263.1000000000 -56.9976083796
263.2000000000 -57.0671464286
263.3000000000 -57.1366294297
263.4000000000 -57.2060574110
263.5000000000 -57.2754304021
263.6000000000 -57.3447484335
263.7000000000 -57.4140115367
263.8000000000 -57.4832197443
263.9000000000 -57.5523730896
264.0000000000 -57.6214716064
264.1000000000 -57.6905153296
264.2000000000 -57.7595042941
264.3000000000 -57.8284385356
264.4000000000 -57.8973180900
264.5000000000 -57.9661429934
264.6000000000 -58.0349132821
264.7000000000 -58.1036289924
264.8000000000 -58.1722901607
264.9000000000 -58.2408968231
265.0000000000 -58.3094490156
265.1000000000 -58.3779467736
265.2000000000 -58.4463901325
265.3000000000 -58.5147791268
265.4000000000 -58.5831137907
265.5000000000 -58.6513941574
265.6000000000 -58.7196202595
265.7000000000 -58.7877921288
265.8000000000 -58.8559097959
265.9000000000 -58.9239732904
266.0000000000 -58.9919826408
266.1000000000 -59.0599378744
266.2000000000 -59.1278390169
266.3000000000 -59.1956860930
266.4000000000 -59.2634791255
266.5000000000 -59.3312181357
266.6000000000 -59.3989031432
266.7000000000 -59.4665341660
266.8000000000 -59.5341112199
266.9000000000 -59.6016343190
267.0000000000 -59.6691034753
267.1000000000 -59.7365186985
267.2000000000 -59.8038799963
267.3000000000 -59.8711873739
267.4000000000 -59.9384408344
267.5000000000 -60.0056403782
267.6000000000 -60.0727860031
267.7000000000 -60.1398777045
267.8000000000 -60.2069154749
267.9000000000 -60.2738993040
268.0000000000 -60.3408291787
268.1000000000 -60.4077050830
268.2000000000 -60.4745269978
268.3000000000 -60.5412949008
268.4000000000 -60.6080087665
268.5000000000 -60.6746685664
268.6000000000 -60.7412742685
268.7000000000 -60.8078258372
268.8000000000 -60.8743232337
268.9000000000 -60.9407664156
269.0000000000 -61.0071553366
269.1000000000 -61.0734899471
269.2000000000 -61.1397701934
269.3000000000 -61.2059960181
269.4000000000 -61.2721673599
269.5000000000 -61.3382841535
269.6000000000 -61.4043463296
269.7000000000 -61.4703538147
269.8000000000 -61.5363065313
269.9000000000 -61.6022043974
270.0000000000 -61.6680473270
270.1000000000 -61.7338352296
270.2000000000 -61.7995680103
270.3000000000 -61.8652455698
270.4000000000 -61.9308678042
270.5000000000 -61.9964346050
270.6000000000 -62.0619458591
270.7000000000 -62.1274014489
270.8000000000 -62.1928012517
270.9000000000 -62.2581451402
271.0000000000 -62.3234329824
271.1000000000 -62.3886646412
271.2000000000 -62.4538399747
271.3000000000 -62.5189588359
271.4000000000 -62.5840210728
271.5000000000 -62.6490265286
271.6000000000 -62.7139750410
271.7000000000 -62.7788664429
271.8000000000 -62.8437005617
271.9000000000 -62.9084772199
272.0000000000 -62.9731962345
272.1000000000 -63.0378574173
272.2000000000 -63.1024605748
272.3000000000 -63.1670055082
272.4000000000 -63.2314920132
272.5000000000 -63.2959198803
272.6000000000 -63.3602888942
272.7000000000 -63.4245988345
272.8000000000 -63.4888494751
272.9000000000 -63.5530405846
273.0000000000 -63.6171719259
273.1000000000 -63.6812432565
273.2000000000 -63.7452543281
273.3000000000 -63.8092048871
273.4000000000 -63.8730946742
273.5000000000 -63.9369234246
273.6000000000 -64.0006908676
273.7000000000 -64.0643967273
273.8000000000 -64.1280407218
273.9000000000 -64.1916225638
274.0000000000 -64.2551419603
274.1000000000 -64.3185986127
274.2000000000 -64.3819922167
274.3000000000 -64.4453224624
274.4000000000 -64.5085890342
274.5000000000 -64.5717916111
274.6000000000 -64.6349298663
274.7000000000 -64.6980034673
274.8000000000 -64.7610120762
274.9000000000 -64.8239553494
275.0000000000 -64.8868329378
275.1000000000 -64.9496444866
275.2000000000 -65.0123896357
275.3000000000 -65.0750680192
275.4000000000 -65.1376792658
275.5000000000 -65.2002229988
275.6000000000 -65.2626988360
275.7000000000 -65.3251063897
275.8000000000 -65.3874452668
275.9000000000 -65.4497150689
276.0000000000 -65.5119153921
276.1000000000 -65.5740458275
276.2000000000 -65.6361059605
276.3000000000 -65.6980953716
276.4000000000 -65.7600136359
276.5000000000 -65.8218603234
276.6000000000 -65.8836349988
276.7000000000 -65.9453372220
276.8000000000 -66.0069665477
276.9000000000 -66.0685225256
277.0000000000 -66.1300047004
277.1000000000 -66.1914126120
277.2000000000 -66.2527457953
277.3000000000 -66.3140037807
277.4000000000 -66.3751860934
277.5000000000 -66.4362922543
277.6000000000 -66.4973217794
277.7000000000 -66.5582741803
277.8000000000 -66.6191489639
277.9000000000 -66.6799456328
278.0000000000 -66.7406636851
278.1000000000 -66.8013026147
278.2000000000 -66.8618619110
278.3000000000 -66.9223410594
278.4000000000 -66.9827395410
278.5000000000 -67.0430568330
278.6000000000 -67.1032924084
278.7000000000 -67.1634457365
278.8000000000 -67.2235162826
278.9000000000 -67.2835035083
279.0000000000 -67.3434068714
279.1000000000 -67.4032258261
279.2000000000 -67.4629598231
279.3000000000 -67.5226083097
279.4000000000 -67.5821707297
279.5000000000 -67.6416465235
279.6000000000 -67.7010351285
279.7000000000 -67.7603359789
279.8000000000 -67.8195485058
279.9000000000 -67.8786721372
280.0000000000 -67.9377062985
280.1000000000 -67.9966504121
280.2000000000 -68.0555038977
280.3000000000 -68.1142661726
280.4000000000 -68.1729366513
280.5000000000 -68.2315147460
280.6000000000 -68.2899998666
280.7000000000 -68.3483914207
280.8000000000 -68.4066888137
280.9000000000 -68.4648914490
281.0000000000 -68.5229987280
281.1000000000 -68.5810100504
281.2000000000 -68.6389248139
281.3000000000 -68.6967424147
281.4000000000 -68.7544622472
281.5000000000 -68.8120837047
281.6000000000 -68.8696061787
281.7000000000 -68.9270290597
281.8000000000 -68.9843517370
281.9000000000 -69.0415735988
282.0000000000 -69.0986940322
282.1000000000 -69.1557124236
282.2000000000 -69.2126281586
282.3000000000 -69.2694406220
282.4000000000 -69.3261491982
282.5000000000 -69.3827532711
282.6000000000 -69.4392522241
282.7000000000 -69.4956454406
282.8000000000 -69.5519323036
282.9000000000 -69.6081121961
283.0000000000 -69.6641845012
283.1000000000 -69.7201486023
283.2000000000 -69.7760038828
283.3000000000 -69.8317497266
283.4000000000 -69.8873855180
283.5000000000 -69.9429106419
283.6000000000 -69.9983244839
283.7000000000 -70.0536264304
283.8000000000 -70.1088158687
283.9000000000 -70.1638921868
284.0000000000 -70.2188547741
284.1000000000 -70.2737030211
284.2000000000 -70.3284363196
284.3000000000 -70.3830540626
284.4000000000 -70.4375556450
284.5000000000 -70.4919404627
284.6000000000 -70.5462079139
284.7000000000 -70.6003573982
284.8000000000 -70.6543883172
284.9000000000 -70.7083000745
285.0000000000 -70.7620920758
285.1000000000 -70.8157637289
285.2000000000 -70.8693144440
285.3000000000 -70.9227436336
285.4000000000 -70.9760507126
285.5000000000 -71.0292350987
285.6000000000 -71.0822962120
285.7000000000 -71.1352334755
285.8000000000 -71.1880463152
285.9000000000 -71.2407341596
286.0000000000 -71.2932964407
286.1000000000 -71.3457325934
286.2000000000 -71.3980420558
286.3000000000 -71.4502242693
286.4000000000 -71.5022786789
286.5000000000 -71.5542047327
286.6000000000 -71.6060018828
286.7000000000 -71.6576695846
286.8000000000 -71.7092072974
286.9000000000 -71.7606144842
287.0000000000 -71.8118906121
287.1000000000 -71.8630351521
287.2000000000 -71.9140475791
287.3000000000 -71.9649273723
287.4000000000 -72.0156740151
287.5000000000 -72.0662869952
287.6000000000 -72.1167658046
287.7000000000 -72.1671099398
287.8000000000 -72.2173189018
287.9000000000 -72.2673921964
288.0000000000 -72.3173293336
288.1000000000 -72.3671298285
288.2000000000 -72.4167932010
288.3000000000 -72.4663189757
288.4000000000 -72.5157066821
288.5000000000 -72.5649558550
288.6000000000 -72.6140660340
288.7000000000 -72.6630367639
288.8000000000 -72.7118675946
288.9000000000 -72.7605580815
289.0000000000 -72.8091077850
289.1000000000 -72.8575162712
289.2000000000 -72.9057831112
289.3000000000 -72.9539078820
289.4000000000 -73.0018901658
289.5000000000 -73.0497295505
289.6000000000 -73.0974256298
289.7000000000 -73.1449780029
289.8000000000 -73.1923862747
289.9000000000 -73.2396500559
290.0000000000 -73.2867689631
290.1000000000 -73.3337426188
290.2000000000 -73.3805706513
290.3000000000 -73.4272526948
290.4000000000 -73.4737883896
290.5000000000 -73.5201773821
290.6000000000 -73.5664193247
290.7000000000 -73.6125138757
290.8000000000 -73.6584606998
290.9000000000 -73.7042594678
291.0000000000 -73.7499098567
291.1000000000 -73.7954115497
291.2000000000 -73.8407642363
291.3000000000 -73.8859676122
291.4000000000 -73.9310213795
291.5000000000 -73.9759252468
291.6000000000 -74.0206789287
291.7000000000 -74.0652821464
291.8000000000 -74.1097346277
291.9000000000 -74.1540361064
292.0000000000 -74.1981863230
292.1000000000 -74.2421850246
292.2000000000 -74.2860319645
292.3000000000 -74.3297269026
292.4000000000 -74.3732696054
292.5000000000 -74.4166598458
292.6000000000 -74.4598974033
292.7000000000 -74.5029820640
292.8000000000 -74.5459136203
292.9000000000 -74.5886918716
293.0000000000 -74.6313166233
293.1000000000 -74.6737876879
293.2000000000 -74.7161048842
293.3000000000 -74.7582680375
293.4000000000 -74.8002769800
293.5000000000 -74.8421315500
293.6000000000 -74.8838315929
293.7000000000 -74.9253769603
293.8000000000 -74.9667675104
293.9000000000 -75.0080031082
294.0000000000 -75.0490836250
294.1000000000 -75.0900089389
294.2000000000 -75.1307789342
294.3000000000 -75.1713935021
294.4000000000 -75.2118525401
294.5000000000 -75.2521559522
294.6000000000 -75.2923036491
294.7000000000 -75.3322955477
294.8000000000 -75.3721315717
294.9000000000 -75.4118116510
295.0000000000 -75.4513357220
295.1000000000 -75.4907037276
295.2000000000 -75.5299156170
295.3000000000 -75.5689713460
295.4000000000 -75.6078708764
295.5000000000 -75.6466141767
295.6000000000 -75.6852012215
295.7000000000 -75.7236319918
295.8000000000 -75.7619064748
295.9000000000 -75.8000246641
296.0000000000 -75.8379865594
296.1000000000 -75.8757921666
296.2000000000 -75.9134414979
296.3000000000 -75.9509345714
296.4000000000 -75.9882714115
296.5000000000 -76.0254520487
296.6000000000 -76.0624765195
296.7000000000 -76.0993448664
296.8000000000 -76.1360571380
296.9000000000 -76.1726133887
297.0000000000 -76.2090136789
297.1000000000 -76.2452580750
297.2000000000 -76.2813466491
297.3000000000 -76.3172794793
297.4000000000 -76.3530566493
297.5000000000 -76.3886782486
297.6000000000 -76.4241443725
297.7000000000 -76.4594551220
297.8000000000 -76.4946106036
297.9000000000 -76.5296109295
298.0000000000 -76.5644562174
298.1000000000 -76.5991465905
298.2000000000 -76.6336821778
298.3000000000 -76.6680631132
298.4000000000 -76.7022895364
298.5000000000 -76.7363615924
298.6000000000 -76.7702794315
298.7000000000 -76.8040432090
298.8000000000 -76.8376530859
298.9000000000 -76.8711092281
299.0000000000 -76.9044118067
299.1000000000 -76.9375609979
299.2000000000 -76.9705569829
299.3000000000 -77.0033999480
299.4000000000 -77.0360900845
299.5000000000 -77.0686275885
299.6000000000 -77.1010126610
299.7000000000 -77.1332455079
299.8000000000 -77.1653263399
299.9000000000 -77.1972553722
