(0,1) = -0.0000656000
(0,0) = 0.0000726575
(1,0) = -0.0000656000
(1,2) = -0.0000656000
(1,1) = 0.0001382575
(2,1) = -0.0000656000
(2,3) = -0.0000656000
(2,2) = 0.0001382575
(3,2) = -0.0000656000
(3,4) = -0.0000656000
(3,3) = 0.0001382575
(4,3) = -0.0000656000
(4,5) = -0.0000656000
(4,4) = 0.0001382575
(5,4) = -0.0000656000
(5,6) = -0.0000656000
(5,5) = 0.0001382575
(6,5) = -0.0000656000
(6,7) = -0.0000656000
(6,6) = 0.0001382575
(7,6) = -0.0000656000
(7,8) = -0.0000656000
(7,7) = 0.0001382575
(8,7) = -0.0000656000
(8,9) = -0.0000656000
(8,8) = 0.0001382575
(9,8) = -0.0000656000
(9,10) = -0.0000656000
(9,9) = 0.0001382575
(10,9) = -0.0000656000
(10,11) = -0.0000656000
(10,10) = 0.0001382575
(11,10) = -0.0000656000
(11,12) = -0.0000656000
(11,11) = 0.0001382575
(12,11) = -0.0000656000
(12,13) = -0.0000656000
(12,12) = 0.0001382575
(13,12) = -0.0000656000
(13,14) = -0.0000656000
(13,13) = 0.0001382575
(14,13) = -0.0000656000
(14,15) = -0.0000656000
(14,14) = 0.0001382575
(15,14) = -0.0000656000
(15,16) = -0.0000656000
(15,15) = 0.0001382575
(16,15) = -0.0000656000
(16,17) = -0.0000656000
(16,16) = 0.0001382575
(17,16) = -0.0000656000
(17,18) = -0.0000656000
(17,17) = 0.0001382575
(18,17) = -0.0000656000
(18,19) = -0.0000656000
(18,18) = 0.0001382575
(19,18) = -0.0000656000
(19,20) = -0.0000656000
(19,19) = 0.0001382575
(20,19) = -0.0000656000
(20,21) = -0.0000656000
(20,20) = 0.0001382575
(21,20) = -0.0000656000
(21,22) = -0.0000656000
(21,21) = 0.0001382575
(22,21) = -0.0000656000
(22,23) = -0.0000656000
(22,22) = 0.0001382575
(23,22) = -0.0000656000
(23,24) = -0.0000656000
(23,23) = 0.0001382575
(24,23) = -0.0000656000
(24,25) = -0.0000656000
(24,24) = 0.0001382575
(25,24) = -0.0000656000
(25,26) = -0.0000656000
(25,25) = 0.0001382575
(26,25) = -0.0000656000
(26,27) = -0.0000656000
(26,26) = 0.0001382575
(27,26) = -0.0000656000
(27,28) = -0.0000656000
(27,27) = 0.0001382575
(28,27) = -0.0000656000
(28,29) = -0.0000656000
(28,28) = 0.0001382575
(29,28) = -0.0000656000
(29,30) = -0.0000656000
(29,29) = 0.0001382575
(30,29) = -0.0000656000
(30,31) = -0.0000656000
(30,30) = 0.0001382575
(31,30) = -0.0000656000
(31,32) = -0.0000656000
(31,31) = 0.0001382575
(32,31) = -0.0000656000
(32,33) = -0.0000656000
(32,32) = 0.0001382575
(33,32) = -0.0000656000
(33,34) = -0.0000656000
(33,33) = 0.0001382575
(34,33) = -0.0000656000
(34,35) = -0.0000656000
(34,34) = 0.0001382575
(35,34) = -0.0000656000
(35,36) = -0.0000656000
(35,35) = 0.0001382575
(36,35) = -0.0000656000
(36,37) = -0.0000656000
(36,36) = 0.0001382575
(37,36) = -0.0000656000
(37,38) = -0.0000656000
(37,37) = 0.0001382575
(38,37) = -0.0000656000
(38,39) = -0.0000656000
(38,38) = 0.0001382575
(39,38) = -0.0000656000
(39,40) = -0.0000656000
(39,39) = 0.0001382575
(40,39) = -0.0000656000
(40,41) = -0.0000656000
(40,40) = 0.0001382575
(41,40) = -0.0000656000
(41,42) = -0.0000656000
(41,41) = 0.0001382575
(42,41) = -0.0000656000
(42,43) = -0.0000656000
(42,42) = 0.0001382575
(43,42) = -0.0000656000
(43,44) = -0.0000656000
(43,43) = 0.0001382575
(44,43) = -0.0000656000
(44,45) = -0.0000656000
(44,44) = 0.0001382575
(45,44) = -0.0000656000
(45,46) = -0.0000656000
(45,45) = 0.0001382575
(46,45) = -0.0000656000
(46,47) = -0.0000656000
(46,46) = 0.0001382575
(47,46) = -0.0000656000
(47,48) = -0.0000656000
(47,47) = 0.0001382575
(48,47) = -0.0000656000
(48,49) = -0.0000656000
(48,48) = 0.0001382575
(49,48) = -0.0000656000
(49,50) = -0.0000656000
(49,49) = 0.0001382575
(50,49) = -0.0000656000
(50,51) = -0.0000656000
(50,50) = 0.0001382575
(51,50) = -0.0000656000
(51,52) = -0.0000656000
(51,51) = 0.0001382575
(52,51) = -0.0000656000
(52,53) = -0.0000656000
(52,52) = 0.0001382575
(53,52) = -0.0000656000
(53,54) = -0.0000656000
(53,53) = 0.0001382575
(54,53) = -0.0000656000
(54,55) = -0.0000656000
(54,54) = 0.0001382575
(55,54) = -0.0000656000
(55,56) = -0.0000656000
(55,55) = 0.0001382575
(56,55) = -0.0000656000
(56,57) = -0.0000656000
(56,56) = 0.0001382575
(57,56) = -0.0000656000
(57,58) = -0.0000656000
(57,57) = 0.0001382575
(58,57) = -0.0000656000
(58,59) = -0.0000656000
(58,58) = 0.0001382575
(59,58) = -0.0000656000
(59,60) = -0.0000656000
(59,59) = 0.0001382575
(60,59) = -0.0000656000
(60,61) = -0.0000656000
(60,60) = 0.0001382575
(61,60) = -0.0000656000
(61,62) = -0.0000656000
(61,61) = 0.0001382575
(62,61) = -0.0000656000
(62,63) = -0.0000656000
(62,62) = 0.0001382575
(63,62) = -0.0000656000
(63,64) = -0.0000656000
(63,63) = 0.0001382575
(64,63) = -0.0000656000
(64,65) = -0.0000656000
(64,64) = 0.0001382575
(65,64) = -0.0000656000
(65,66) = -0.0000656000
(65,65) = 0.0001382575
(66,65) = -0.0000656000
(66,67) = -0.0000656000
(66,66) = 0.0001382575
(67,66) = -0.0000656000
(67,68) = -0.0000656000
(67,67) = 0.0001382575
(68,67) = -0.0000656000
(68,69) = -0.0000656000
(68,68) = 0.0001382575
(69,68) = -0.0000656000
(69,70) = -0.0000656000
(69,69) = 0.0001382575
(70,69) = -0.0000656000
(70,71) = -0.0000656000
(70,70) = 0.0001382575
(71,70) = -0.0000656000
(71,72) = -0.0000656000
(71,71) = 0.0001382575
(72,71) = -0.0000656000
(72,73) = -0.0000656000
(72,72) = 0.0001382575
(73,72) = -0.0000656000
(73,74) = -0.0000656000
(73,73) = 0.0001382575
(74,73) = -0.0000656000
(74,75) = -0.0000656000
(74,74) = 0.0001382575
(75,74) = -0.0000656000
(75,76) = -0.0000656000
(75,75) = 0.0001382575
(76,75) = -0.0000656000
(76,77) = -0.0000656000
(76,76) = 0.0001382575
(77,76) = -0.0000656000
(77,78) = -0.0000656000
(77,77) = 0.0001382575
(78,77) = -0.0000656000
(78,79) = -0.0000656000
(78,78) = 0.0001382575
(79,78) = -0.0000656000
(79,80) = -0.0000656000
(79,79) = 0.0001382575
(80,79) = -0.0000656000
(80,81) = -0.0000656000
(80,80) = 0.0001382575
(81,80) = -0.0000656000
(81,82) = -0.0000656000
(81,81) = 0.0001382575
(82,81) = -0.0000656000
(82,83) = -0.0000656000
(82,82) = 0.0001382575
(83,82) = -0.0000656000
(83,84) = -0.0000656000
(83,83) = 0.0001382575
(84,83) = -0.0000656000
(84,85) = -0.0000656000
(84,84) = 0.0001382575
(85,84) = -0.0000656000
(85,86) = -0.0000656000
(85,85) = 0.0001382575
(86,85) = -0.0000656000
(86,87) = -0.0000656000
(86,86) = 0.0001382575
(87,86) = -0.0000656000
(87,88) = -0.0000656000
(87,87) = 0.0001382575
(88,87) = -0.0000656000
(88,89) = -0.0000656000
(88,88) = 0.0001382575
(89,88) = -0.0000656000
(89,90) = -0.0000656000
(89,89) = 0.0001382575
(90,89) = -0.0000656000
(90,91) = -0.0000656000
(90,90) = 0.0001382575
(91,90) = -0.0000656000
(91,92) = -0.0000656000
(91,91) = 0.0001382575
(92,91) = -0.0000656000
(92,93) = -0.0000656000
(92,92) = 0.0001382575
(93,92) = -0.0000656000
(93,94) = -0.0000656000
(93,93) = 0.0001382575
(94,93) = -0.0000656000
(94,95) = -0.0000656000
(94,94) = 0.0001382575
(95,94) = -0.0000656000
(95,96) = -0.0000656000
(95,95) = 0.0001382575
(96,95) = -0.0000656000
(96,97) = -0.0000656000
(96,96) = 0.0001382575
(97,96) = -0.0000656000
(97,98) = -0.0000656000
(97,97) = 0.0001382575
(98,97) = -0.0000656000
(98,99) = -0.0000656000
(98,98) = 0.0001382575
(99,98) = -0.0000656000
(99,100) = -0.0000656000
(99,99) = 0.0001382575
(100,99) = -0.0000656000
(100,101) = -0.0000656000
(100,100) = 0.0001382575
(101,100) = -0.0000656000
(101,102) = -0.0000656000
(101,101) = 0.0001382575
(102,101) = -0.0000656000
(102,103) = -0.0000656000
(102,102) = 0.0001382575
(103,102) = -0.0000656000
(103,104) = -0.0000656000
(103,103) = 0.0001382575
(104,103) = -0.0000656000
(104,105) = -0.0000656000
(104,104) = 0.0001382575
(105,104) = -0.0000656000
(105,106) = -0.0000656000
(105,105) = 0.0001382575
(106,105) = -0.0000656000
(106,107) = -0.0000656000
(106,106) = 0.0001382575
(107,106) = -0.0000656000
(107,108) = -0.0000656000
(107,107) = 0.0001382575
(108,107) = -0.0000656000
(108,109) = -0.0000656000
(108,108) = 0.0001382575
(109,108) = -0.0000656000
(109,110) = -0.0000656000
(109,109) = 0.0001382575
(110,109) = -0.0000656000
(110,111) = -0.0000656000
(110,110) = 0.0001382575
(111,110) = -0.0000656000
(111,112) = -0.0000656000
(111,111) = 0.0001382575
(112,111) = -0.0000656000
(112,113) = -0.0000656000
(112,112) = 0.0001382575
(113,112) = -0.0000656000
(113,114) = -0.0000656000
(113,113) = 0.0001382575
(114,113) = -0.0000656000
(114,115) = -0.0000656000
(114,114) = 0.0001382575
(115,114) = -0.0000656000
(115,116) = -0.0000656000
(115,115) = 0.0001382575
(116,115) = -0.0000656000
(116,117) = -0.0000656000
(116,116) = 0.0001382575
(117,116) = -0.0000656000
(117,118) = -0.0000656000
(117,117) = 0.0001382575
(118,117) = -0.0000656000
(118,119) = -0.0000656000
(118,118) = 0.0001382575
(119,118) = -0.0000656000
(119,120) = -0.0000656000
(119,119) = 0.0001382575
(120,119) = -0.0000656000
(120,121) = -0.0000656000
(120,120) = 0.0001382575
(121,120) = -0.0000656000
(121,122) = -0.0000656000
(121,121) = 0.0001382575
(122,121) = -0.0000656000
(122,123) = -0.0000656000
(122,122) = 0.0001382575
(123,122) = -0.0000656000
(123,124) = -0.0000656000
(123,123) = 0.0001382575
(124,123) = -0.0000656000
(124,125) = -0.0000656000
(124,124) = 0.0001382575
(125,124) = -0.0000656000
(125,126) = -0.0000656000
(125,125) = 0.0001382575
(126,125) = -0.0000656000
(126,127) = -0.0000656000
(126,126) = 0.0001382575
(127,126) = -0.0000656000
(127,128) = -0.0000656000
(127,127) = 0.0001382575
(128,127) = -0.0000656000
(128,129) = -0.0000656000
(128,128) = 0.0001382575
(129,128) = -0.0000656000
(129,130) = -0.0000656000
(129,129) = 0.0001382575
(130,129) = -0.0000656000
(130,131) = -0.0000656000
(130,130) = 0.0001382575
(131,130) = -0.0000656000
(131,132) = -0.0000656000
(131,131) = 0.0001382575
(132,131) = -0.0000656000
(132,133) = -0.0000656000
(132,132) = 0.0001382575
(133,132) = -0.0000656000
(133,134) = -0.0000656000
(133,133) = 0.0001382575
(134,133) = -0.0000656000
(134,135) = -0.0000656000
(134,134) = 0.0001382575
(135,134) = -0.0000656000
(135,136) = -0.0000656000
(135,135) = 0.0001382575
(136,135) = -0.0000656000
(136,137) = -0.0000656000
(136,136) = 0.0001382575
(137,136) = -0.0000656000
(137,138) = -0.0000656000
(137,137) = 0.0001382575
(138,137) = -0.0000656000
(138,139) = -0.0000656000
(138,138) = 0.0001382575
(139,138) = -0.0000656000
(139,140) = -0.0000656000
(139,139) = 0.0001382575
(140,139) = -0.0000656000
(140,141) = -0.0000656000
(140,140) = 0.0001382575
(141,140) = -0.0000656000
(141,142) = -0.0000656000
(141,141) = 0.0001382575
(142,141) = -0.0000656000
(142,143) = -0.0000656000
(142,142) = 0.0001382575
(143,142) = -0.0000656000
(143,144) = -0.0000656000
(143,143) = 0.0001382575
(144,143) = -0.0000656000
(144,145) = -0.0000656000
(144,144) = 0.0001382575
(145,144) = -0.0000656000
(145,146) = -0.0000656000
(145,145) = 0.0001382575
(146,145) = -0.0000656000
(146,147) = -0.0000656000
(146,146) = 0.0001382575
(147,146) = -0.0000656000
(147,148) = -0.0000656000
(147,147) = 0.0001382575
(148,147) = -0.0000656000
(148,149) = -0.0000656000
(148,148) = 0.0001382575
(149,148) = -0.0000656000
(149,150) = -0.0000656000
(149,149) = 0.0001382575
(150,149) = -0.0000656000
(150,151) = -0.0000656000
(150,150) = 0.0001382575
(151,150) = -0.0000656000
(151,152) = -0.0000656000
(151,151) = 0.0001382575
(152,151) = -0.0000656000
(152,153) = -0.0000656000
(152,152) = 0.0001382575
(153,152) = -0.0000656000
(153,154) = -0.0000656000
(153,153) = 0.0001382575
(154,153) = -0.0000656000
(154,155) = -0.0000656000
(154,154) = 0.0001382575
(155,154) = -0.0000656000
(155,156) = -0.0000656000
(155,155) = 0.0001382575
(156,155) = -0.0000656000
(156,157) = -0.0000656000
(156,156) = 0.0001382575
(157,156) = -0.0000656000
(157,158) = -0.0000656000
(157,157) = 0.0001382575
(158,157) = -0.0000656000
(158,159) = -0.0000656000
(158,158) = 0.0001382575
(159,158) = -0.0000656000
(159,160) = -0.0000656000
(159,159) = 0.0001382575
(160,159) = -0.0000656000
(160,161) = -0.0000656000
(160,160) = 0.0001382575
(161,160) = -0.0000656000
(161,162) = -0.0000656000
(161,161) = 0.0001382575
(162,161) = -0.0000656000
(162,163) = -0.0000656000
(162,162) = 0.0001382575
(163,162) = -0.0000656000
(163,164) = -0.0000656000
(163,163) = 0.0001382575
(164,163) = -0.0000656000
(164,165) = -0.0000656000
(164,164) = 0.0001382575
(165,164) = -0.0000656000
(165,166) = -0.0000656000
(165,165) = 0.0001382575
(166,165) = -0.0000656000
(166,167) = -0.0000656000
(166,166) = 0.0001382575
(167,166) = -0.0000656000
(167,168) = -0.0000656000
(167,167) = 0.0001382575
(168,167) = -0.0000656000
(168,169) = -0.0000656000
(168,168) = 0.0001382575
(169,168) = -0.0000656000
(169,170) = -0.0000656000
(169,169) = 0.0001382575
(170,169) = -0.0000656000
(170,171) = -0.0000656000
(170,170) = 0.0001382575
(171,170) = -0.0000656000
(171,172) = -0.0000656000
(171,171) = 0.0001382575
(172,171) = -0.0000656000
(172,173) = -0.0000656000
(172,172) = 0.0001382575
(173,172) = -0.0000656000
(173,174) = -0.0000656000
(173,173) = 0.0001382575
(174,173) = -0.0000656000
(174,175) = -0.0000656000
(174,174) = 0.0001382575
(175,174) = -0.0000656000
(175,176) = -0.0000656000
(175,175) = 0.0001382575
(176,175) = -0.0000656000
(176,177) = -0.0000656000
(176,176) = 0.0001382575
(177,176) = -0.0000656000
(177,178) = -0.0000656000
(177,177) = 0.0001382575
(178,177) = -0.0000656000
(178,179) = -0.0000656000
(178,178) = 0.0001382575
(179,178) = -0.0000656000
(179,180) = -0.0000656000
(179,179) = 0.0001382575
(180,179) = -0.0000656000
(180,181) = -0.0000656000
(180,180) = 0.0001382575
(181,180) = -0.0000656000
(181,182) = -0.0000656000
(181,181) = 0.0001382575
(182,181) = -0.0000656000
(182,183) = -0.0000656000
(182,182) = 0.0001382575
(183,182) = -0.0000656000
(183,184) = -0.0000656000
(183,183) = 0.0001382575
(184,183) = -0.0000656000
(184,185) = -0.0000656000
(184,184) = 0.0001382575
(185,184) = -0.0000656000
(185,186) = -0.0000656000
(185,185) = 0.0001382575
(186,185) = -0.0000656000
(186,187) = -0.0000656000
(186,186) = 0.0001382575
(187,186) = -0.0000656000
(187,188) = -0.0000656000
(187,187) = 0.0001382575
(188,187) = -0.0000656000
(188,189) = -0.0000656000
(188,188) = 0.0001382575
(189,188) = -0.0000656000
(189,190) = -0.0000656000
(189,189) = 0.0001382575
(190,189) = -0.0000656000
(190,191) = -0.0000656000
(190,190) = 0.0001382575
(191,190) = -0.0000656000
(191,192) = -0.0000656000
(191,191) = 0.0001382575
(192,191) = -0.0000656000
(192,193) = -0.0000656000
(192,192) = 0.0001382575
(193,192) = -0.0000656000
(193,194) = -0.0000656000
(193,193) = 0.0001382575
(194,193) = -0.0000656000
(194,195) = -0.0000656000
(194,194) = 0.0001382575
(195,194) = -0.0000656000
(195,196) = -0.0000656000
(195,195) = 0.0001382575
(196,195) = -0.0000656000
(196,197) = -0.0000656000
(196,196) = 0.0001382575
(197,196) = -0.0000656000
(197,198) = -0.0000656000
(197,197) = 0.0001382575
(198,197) = -0.0000656000
(198,199) = -0.0000656000
(198,198) = 0.0001382575
(199,198) = -0.0000656000
(199,200) = -0.0000656000
(199,199) = 0.0001382575
(200,199) = -0.0000656000
(200,201) = -0.0000656000
(200,200) = 0.0001382575
(201,200) = -0.0000656000
(201,202) = -0.0000656000
(201,201) = 0.0001382575
(202,201) = -0.0000656000
(202,203) = -0.0000656000
(202,202) = 0.0001382575
(203,202) = -0.0000656000
(203,204) = -0.0000656000
(203,203) = 0.0001382575
(204,203) = -0.0000656000
(204,205) = -0.0000656000
(204,204) = 0.0001382575
(205,204) = -0.0000656000
(205,206) = -0.0000656000
(205,205) = 0.0001382575
(206,205) = -0.0000656000
(206,207) = -0.0000656000
(206,206) = 0.0001382575
(207,206) = -0.0000656000
(207,208) = -0.0000656000
(207,207) = 0.0001382575
(208,207) = -0.0000656000
(208,209) = -0.0000656000
(208,208) = 0.0001382575
(209,208) = -0.0000656000
(209,210) = -0.0000656000
(209,209) = 0.0001382575
(210,209) = -0.0000656000
(210,211) = -0.0000656000
(210,210) = 0.0001382575
(211,210) = -0.0000656000
(211,212) = -0.0000656000
(211,211) = 0.0001382575
(212,211) = -0.0000656000
(212,213) = -0.0000656000
(212,212) = 0.0001382575
(213,212) = -0.0000656000
(213,214) = -0.0000656000
(213,213) = 0.0001382575
(214,213) = -0.0000656000
(214,215) = -0.0000656000
(214,214) = 0.0001382575
(215,214) = -0.0000656000
(215,216) = -0.0000656000
(215,215) = 0.0001382575
(216,215) = -0.0000656000
(216,217) = -0.0000656000
(216,216) = 0.0001382575
(217,216) = -0.0000656000
(217,218) = -0.0000656000
(217,217) = 0.0001382575
(218,217) = -0.0000656000
(218,219) = -0.0000656000
(218,218) = 0.0001382575
(219,218) = -0.0000656000
(219,220) = -0.0000656000
(219,219) = 0.0001382575
(220,219) = -0.0000656000
(220,221) = -0.0000656000
(220,220) = 0.0001382575
(221,220) = -0.0000656000
(221,222) = -0.0000656000
(221,221) = 0.0001382575
(222,221) = -0.0000656000
(222,223) = -0.0000656000
(222,222) = 0.0001382575
(223,222) = -0.0000656000
(223,224) = -0.0000656000
(223,223) = 0.0001382575
(224,223) = -0.0000656000
(224,225) = -0.0000656000
(224,224) = 0.0001382575
(225,224) = -0.0000656000
(225,226) = -0.0000656000
(225,225) = 0.0001382575
(226,225) = -0.0000656000
(226,227) = -0.0000656000
(226,226) = 0.0001382575
(227,226) = -0.0000656000
(227,228) = -0.0000656000
(227,227) = 0.0001382575
(228,227) = -0.0000656000
(228,229) = -0.0000656000
(228,228) = 0.0001382575
(229,228) = -0.0000656000
(229,230) = -0.0000656000
(229,229) = 0.0001382575
(230,229) = -0.0000656000
(230,231) = -0.0000656000
(230,230) = 0.0001382575
(231,230) = -0.0000656000
(231,232) = -0.0000656000
(231,231) = 0.0001382575
(232,231) = -0.0000656000
(232,233) = -0.0000656000
(232,232) = 0.0001382575
(233,232) = -0.0000656000
(233,234) = -0.0000656000
(233,233) = 0.0001382575
(234,233) = -0.0000656000
(234,235) = -0.0000656000
(234,234) = 0.0001382575
(235,234) = -0.0000656000
(235,236) = -0.0000656000
(235,235) = 0.0001382575
(236,235) = -0.0000656000
(236,237) = -0.0000656000
(236,236) = 0.0001382575
(237,236) = -0.0000656000
(237,238) = -0.0000656000
(237,237) = 0.0001382575
(238,237) = -0.0000656000
(238,239) = -0.0000656000
(238,238) = 0.0001382575
(239,238) = -0.0000656000
(239,240) = -0.0000656000
(239,239) = 0.0001382575
(240,239) = -0.0000656000
(240,241) = -0.0000656000
(240,240) = 0.0001382575
(241,240) = -0.0000656000
(241,242) = -0.0000656000
(241,241) = 0.0001382575
(242,241) = -0.0000656000
(242,242) = 0.0000726575
