(0,1) = -0.0000656000
(0,0) = 0.0000726575
(1,0) = -0.0000656000
(1,2) = -0.0000656000
(1,1) = 0.0001382575
(2,1) = -0.0000656000
(2,3) = -0.0000656000
(2,2) = 0.0001382575
(3,2) = -0.0000656000
(3,4) = -0.0000656000
(3,3) = 0.0001382575
(4,3) = -0.0000656000
(4,5) = -0.0000656000
(4,4) = 0.0001382575
(5,4) = -0.0000656000
(5,6) = -0.0000656000
(5,5) = 0.0001382575
(6,5) = -0.0000656000
(6,7) = -0.0000656000
(6,6) = 0.0001382575
(7,6) = -0.0000656000
(7,8) = -0.0000656000
(7,7) = 0.0001382575
(8,7) = -0.0000656000
(8,9) = -0.0000656000
(8,8) = 0.0001382575
(9,8) = -0.0000656000
(9,10) = -0.0000656000
(9,9) = 0.0001382575
(10,9) = -0.0000656000
(10,11) = -0.0000656000
(10,10) = 0.0001382575
(11,10) = -0.0000656000
(11,12) = -0.0000656000
(11,11) = 0.0001382575
(12,11) = -0.0000656000
(12,13) = -0.0000656000
(12,12) = 0.0001382575
(13,12) = -0.0000656000
(13,14) = -0.0000656000
(13,13) = 0.0001382575
(14,13) = -0.0000656000
(14,15) = -0.0000656000
(14,14) = 0.0001382575
(15,14) = -0.0000656000
(15,16) = -0.0000656000
(15,15) = 0.0001382575
(16,15) = -0.0000656000
(16,17) = -0.0000656000
(16,16) = 0.0001382575
(17,16) = -0.0000656000
(17,18) = -0.0000656000
(17,17) = 0.0001382575
(18,17) = -0.0000656000
(18,19) = -0.0000656000
(18,18) = 0.0001382575
(19,18) = -0.0000656000
(19,20) = -0.0000656000
(19,19) = 0.0001382575
(20,19) = -0.0000656000
(20,21) = -0.0000656000
(20,20) = 0.0001382575
(21,20) = -0.0000656000
(21,22) = -0.0000656000
(21,21) = 0.0001382575
(22,21) = -0.0000656000
(22,23) = -0.0000656000
(22,22) = 0.0001382575
(23,22) = -0.0000656000
(23,24) = -0.0000656000
(23,23) = 0.0001382575
(24,23) = -0.0000656000
(24,25) = -0.0000656000
(24,24) = 0.0001382575
(25,24) = -0.0000656000
(25,26) = -0.0000656000
(25,25) = 0.0001382575
(26,25) = -0.0000656000
(26,27) = -0.0000656000
(26,26) = 0.0001382575
(27,26) = -0.0000656000
(27,28) = -0.0000656000
(27,27) = 0.0001382575
(28,27) = -0.0000656000
(28,29) = -0.0000656000
(28,28) = 0.0001382575
(29,28) = -0.0000656000
(29,30) = -0.0000656000
(29,29) = 0.0001382575
(30,29) = -0.0000656000
(30,31) = -0.0000656000
(30,30) = 0.0001382575
(31,30) = -0.0000656000
(31,32) = -0.0000656000
(31,31) = 0.0001382575
(32,31) = -0.0000656000
(32,33) = -0.0000656000
(32,32) = 0.0001382575
(33,32) = -0.0000656000
(33,34) = -0.0000656000
(33,33) = 0.0001382575
(34,33) = -0.0000656000
(34,35) = -0.0000656000
(34,34) = 0.0001382575
(35,34) = -0.0000656000
(35,36) = -0.0000656000
(35,35) = 0.0001382575
(36,35) = -0.0000656000
(36,37) = -0.0000656000
(36,36) = 0.0001382575
(37,36) = -0.0000656000
(37,38) = -0.0000656000
(37,37) = 0.0001382575
(38,37) = -0.0000656000
(38,39) = -0.0000656000
(38,38) = 0.0001382575
(39,38) = -0.0000656000
(39,40) = -0.0000656000
(39,39) = 0.0001382575
(40,39) = -0.0000656000
(40,41) = -0.0000656000
(40,40) = 0.0001382575
(41,40) = -0.0000656000
(41,42) = -0.0000656000
(41,41) = 0.0001382575
(42,41) = -0.0000656000
(42,43) = -0.0000656000
(42,42) = 0.0001382575
(43,42) = -0.0000656000
(43,44) = -0.0000656000
(43,43) = 0.0001382575
(44,43) = -0.0000656000
(44,45) = -0.0000656000
(44,44) = 0.0001382575
(45,44) = -0.0000656000
(45,46) = -0.0000656000
(45,45) = 0.0001382575
(46,45) = -0.0000656000
(46,47) = -0.0000656000
(46,46) = 0.0001382575
(47,46) = -0.0000656000
(47,48) = -0.0000656000
(47,47) = 0.0001382575
(48,47) = -0.0000656000
(48,49) = -0.0000656000
(48,48) = 0.0001382575
(49,48) = -0.0000656000
(49,50) = -0.0000656000
(49,49) = 0.0001382575
(50,49) = -0.0000656000
(50,51) = -0.0000656000
(50,50) = 0.0001382575
(51,50) = -0.0000656000
(51,52) = -0.0000656000
(51,51) = 0.0001382575
(52,51) = -0.0000656000
(52,53) = -0.0000656000
(52,52) = 0.0001382575
(53,52) = -0.0000656000
(53,54) = -0.0000656000
(53,53) = 0.0001382575
(54,53) = -0.0000656000
(54,55) = -0.0000656000
(54,54) = 0.0001382575
(55,54) = -0.0000656000
(55,56) = -0.0000656000
(55,55) = 0.0001382575
(56,55) = -0.0000656000
(56,57) = -0.0000656000
(56,56) = 0.0001382575
(57,56) = -0.0000656000
(57,58) = -0.0000656000
(57,57) = 0.0001382575
(58,57) = -0.0000656000
(58,59) = -0.0000656000
(58,58) = 0.0001382575
(59,58) = -0.0000656000
(59,60) = -0.0000656000
(59,59) = 0.0001382575
(60,59) = -0.0000656000
(60,61) = -0.0000656000
(60,60) = 0.0001382575
(61,60) = -0.0000656000
(61,62) = -0.0000656000
(61,61) = 0.0001382575
(62,61) = -0.0000656000
(62,63) = -0.0000656000
(62,62) = 0.0001382575
(63,62) = -0.0000656000
(63,64) = -0.0000656000
(63,63) = 0.0001382575
(64,63) = -0.0000656000
(64,65) = -0.0000656000
(64,64) = 0.0001382575
(65,64) = -0.0000656000
(65,66) = -0.0000656000
(65,65) = 0.0001382575
(66,65) = -0.0000656000
(66,67) = -0.0000656000
(66,66) = 0.0001382575
(67,66) = -0.0000656000
(67,68) = -0.0000656000
(67,67) = 0.0001382575
(68,67) = -0.0000656000
(68,69) = -0.0000656000
(68,68) = 0.0001382575
(69,68) = -0.0000656000
(69,70) = -0.0000656000
(69,69) = 0.0001382575
(70,69) = -0.0000656000
(70,71) = -0.0000656000
(70,70) = 0.0001382575
(71,70) = -0.0000656000
(71,72) = -0.0000656000
(71,71) = 0.0001382575
(72,71) = -0.0000656000
(72,73) = -0.0000656000
(72,72) = 0.0001382575
(73,72) = -0.0000656000
(73,74) = -0.0000656000
(73,73) = 0.0001382575
(74,73) = -0.0000656000
(74,75) = -0.0000656000
(74,74) = 0.0001382575
(75,74) = -0.0000656000
(75,76) = -0.0000656000
(75,75) = 0.0001382575
(76,75) = -0.0000656000
(76,77) = -0.0000656000
(76,76) = 0.0001382575
(77,76) = -0.0000656000
(77,78) = -0.0000656000
(77,77) = 0.0001382575
(78,77) = -0.0000656000
(78,79) = -0.0000656000
(78,78) = 0.0001382575
(79,78) = -0.0000656000
(79,80) = -0.0000656000
(79,79) = 0.0001382575
(80,79) = -0.0000656000
(80,81) = -0.0000656000
(80,80) = 0.0001382575
(81,80) = -0.0000656000
(81,82) = -0.0000656000
(81,81) = 0.0001382575
(82,81) = -0.0000656000
(82,83) = -0.0000656000
(82,82) = 0.0001382575
(83,82) = -0.0000656000
(83,84) = -0.0000656000
(83,83) = 0.0001382575
(84,83) = -0.0000656000
(84,85) = -0.0000656000
(84,84) = 0.0001382575
(85,84) = -0.0000656000
(85,86) = -0.0000656000
(85,85) = 0.0001382575
(86,85) = -0.0000656000
(86,87) = -0.0000656000
(86,86) = 0.0001382575
(87,86) = -0.0000656000
(87,88) = -0.0000656000
(87,87) = 0.0001382575
(88,87) = -0.0000656000
(88,89) = -0.0000656000
(88,88) = 0.0001382575
(89,88) = -0.0000656000
(89,90) = -0.0000656000
(89,89) = 0.0001382575
(90,89) = -0.0000656000
(90,91) = -0.0000656000
(90,90) = 0.0001382575
(91,90) = -0.0000656000
(91,92) = -0.0000656000
(91,91) = 0.0001382575
(92,91) = -0.0000656000
(92,93) = -0.0000656000
(92,92) = 0.0001382575
(93,92) = -0.0000656000
(93,94) = -0.0000656000
(93,93) = 0.0001382575
(94,93) = -0.0000656000
(94,95) = -0.0000656000
(94,94) = 0.0001382575
(95,94) = -0.0000656000
(95,96) = -0.0000656000
(95,95) = 0.0001382575
(96,95) = -0.0000656000
(96,97) = -0.0000656000
(96,96) = 0.0001382575
(97,96) = -0.0000656000
(97,98) = -0.0000656000
(97,97) = 0.0001382575
(98,97) = -0.0000656000
(98,99) = -0.0000656000
(98,98) = 0.0001382575
(99,98) = -0.0000656000
(99,100) = -0.0000656000
(99,99) = 0.0001382575
(100,99) = -0.0000656000
(100,101) = -0.0000656000
(100,100) = 0.0001382575
(101,100) = -0.0000656000
(101,102) = -0.0000656000
(101,101) = 0.0001382575
(102,101) = -0.0000656000
(102,103) = -0.0000656000
(102,102) = 0.0001382575
(103,102) = -0.0000656000
(103,104) = -0.0000656000
(103,103) = 0.0001382575
(104,103) = -0.0000656000
(104,105) = -0.0000656000
(104,104) = 0.0001382575
(105,104) = -0.0000656000
(105,106) = -0.0000656000
(105,105) = 0.0001382575
(106,105) = -0.0000656000
(106,107) = -0.0000656000
(106,106) = 0.0001382575
(107,106) = -0.0000656000
(107,108) = -0.0000656000
(107,107) = 0.0001382575
(108,107) = -0.0000656000
(108,109) = -0.0000656000
(108,108) = 0.0001382575
(109,108) = -0.0000656000
(109,110) = -0.0000656000
(109,109) = 0.0001382575
(110,109) = -0.0000656000
(110,111) = -0.0000656000
(110,110) = 0.0001382575
(111,110) = -0.0000656000
(111,112) = -0.0000656000
(111,111) = 0.0001382575
(112,111) = -0.0000656000
(112,113) = -0.0000656000
(112,112) = 0.0001382575
(113,112) = -0.0000656000
(113,114) = -0.0000656000
(113,113) = 0.0001382575
(114,113) = -0.0000656000
(114,115) = -0.0000656000
(114,114) = 0.0001382575
(115,114) = -0.0000656000
(115,116) = -0.0000656000
(115,115) = 0.0001382575
(116,115) = -0.0000656000
(116,117) = -0.0000656000
(116,116) = 0.0001382575
(117,116) = -0.0000656000
(117,118) = -0.0000656000
(117,117) = 0.0001382575
(118,117) = -0.0000656000
(118,119) = -0.0000656000
(118,118) = 0.0001382575
(119,118) = -0.0000656000
(119,120) = -0.0000656000
(119,119) = 0.0001382575
(120,119) = -0.0000656000
(120,121) = -0.0000656000
(120,120) = 0.0001382575
(121,120) = -0.0000656000
(121,122) = -0.0000656000
(121,121) = 0.0001382575
(122,121) = -0.0000656000
(122,123) = -0.0000656000
(122,122) = 0.0001382575
(123,122) = -0.0000656000
(123,124) = -0.0000656000
(123,123) = 0.0001382575
(124,123) = -0.0000656000
(124,125) = -0.0000656000
(124,124) = 0.0001382575
(125,124) = -0.0000656000
(125,126) = -0.0000656000
(125,125) = 0.0001382575
(126,125) = -0.0000656000
(126,127) = -0.0000656000
(126,126) = 0.0001382575
(127,126) = -0.0000656000
(127,128) = -0.0000656000
(127,127) = 0.0001382575
(128,127) = -0.0000656000
(128,129) = -0.0000656000
(128,128) = 0.0001382575
(129,128) = -0.0000656000
(129,130) = -0.0000656000
(129,129) = 0.0001382575
(130,129) = -0.0000656000
(130,131) = -0.0000656000
(130,130) = 0.0001382575
(131,130) = -0.0000656000
(131,132) = -0.0000656000
(131,131) = 0.0001382575
(132,131) = -0.0000656000
(132,133) = -0.0000656000
(132,132) = 0.0001382575
(133,132) = -0.0000656000
(133,134) = -0.0000656000
(133,133) = 0.0001382575
(134,133) = -0.0000656000
(134,135) = -0.0000656000
(134,134) = 0.0001382575
(135,134) = -0.0000656000
(135,136) = -0.0000656000
(135,135) = 0.0001382575
(136,135) = -0.0000656000
(136,137) = -0.0000656000
(136,136) = 0.0001382575
(137,136) = -0.0000656000
(137,138) = -0.0000656000
(137,137) = 0.0001382575
(138,137) = -0.0000656000
(138,139) = -0.0000656000
(138,138) = 0.0001382575
(139,138) = -0.0000656000
(139,140) = -0.0000656000
(139,139) = 0.0001382575
(140,139) = -0.0000656000
(140,141) = -0.0000656000
(140,140) = 0.0001382575
(141,140) = -0.0000656000
(141,142) = -0.0000656000
(141,141) = 0.0001382575
(142,141) = -0.0000656000
(142,143) = -0.0000656000
(142,142) = 0.0001382575
(143,142) = -0.0000656000
(143,144) = -0.0000656000
(143,143) = 0.0001382575
(144,143) = -0.0000656000
(144,145) = -0.0000656000
(144,144) = 0.0001382575
(145,144) = -0.0000656000
(145,146) = -0.0000656000
(145,145) = 0.0001382575
(146,145) = -0.0000656000
(146,147) = -0.0000656000
(146,146) = 0.0001382575
(147,146) = -0.0000656000
(147,148) = -0.0000656000
(147,147) = 0.0001382575
(148,147) = -0.0000656000
(148,149) = -0.0000656000
(148,148) = 0.0001382575
(149,148) = -0.0000656000
(149,150) = -0.0000656000
(149,149) = 0.0001382575
(150,149) = -0.0000656000
(150,151) = -0.0000656000
(150,150) = 0.0001382575
(151,150) = -0.0000656000
(151,152) = -0.0000656000
(151,151) = 0.0001382575
(152,151) = -0.0000656000
(152,153) = -0.0000656000
(152,152) = 0.0001382575
(153,152) = -0.0000656000
(153,154) = -0.0000656000
(153,153) = 0.0001382575
(154,153) = -0.0000656000
(154,155) = -0.0000656000
(154,154) = 0.0001382575
(155,154) = -0.0000656000
(155,156) = -0.0000656000
(155,155) = 0.0001382575
(156,155) = -0.0000656000
(156,157) = -0.0000656000
(156,156) = 0.0001382575
(157,156) = -0.0000656000
(157,158) = -0.0000656000
(157,157) = 0.0001382575
(158,157) = -0.0000656000
(158,159) = -0.0000656000
(158,158) = 0.0001382575
(159,158) = -0.0000656000
(159,160) = -0.0000656000
(159,159) = 0.0001382575
(160,159) = -0.0000656000
(160,161) = -0.0000656000
(160,160) = 0.0001382575
(161,160) = -0.0000656000
(161,162) = -0.0000656000
(161,161) = 0.0001382575
(162,161) = -0.0000656000
(162,163) = -0.0000656000
(162,162) = 0.0001382575
(163,162) = -0.0000656000
(163,164) = -0.0000656000
(163,163) = 0.0001382575
(164,163) = -0.0000656000
(164,165) = -0.0000656000
(164,164) = 0.0001382575
(165,164) = -0.0000656000
(165,166) = -0.0000656000
(165,165) = 0.0001382575
(166,165) = -0.0000656000
(166,167) = -0.0000656000
(166,166) = 0.0001382575
(167,166) = -0.0000656000
(167,168) = -0.0000656000
(167,167) = 0.0001382575
(168,167) = -0.0000656000
(168,169) = -0.0000656000
(168,168) = 0.0001382575
(169,168) = -0.0000656000
(169,170) = -0.0000656000
(169,169) = 0.0001382575
(170,169) = -0.0000656000
(170,171) = -0.0000656000
(170,170) = 0.0001382575
(171,170) = -0.0000656000
(171,172) = -0.0000656000
(171,171) = 0.0001382575
(172,171) = -0.0000656000
(172,173) = -0.0000656000
(172,172) = 0.0001382575
(173,172) = -0.0000656000
(173,174) = -0.0000656000
(173,173) = 0.0001382575
(174,173) = -0.0000656000
(174,175) = -0.0000656000
(174,174) = 0.0001382575
(175,174) = -0.0000656000
(175,176) = -0.0000656000
(175,175) = 0.0001382575
(176,175) = -0.0000656000
(176,177) = -0.0000656000
(176,176) = 0.0001382575
(177,176) = -0.0000656000
(177,178) = -0.0000656000
(177,177) = 0.0001382575
(178,177) = -0.0000656000
(178,179) = -0.0000656000
(178,178) = 0.0001382575
(179,178) = -0.0000656000
(179,180) = -0.0000656000
(179,179) = 0.0001382575
(180,179) = -0.0000656000
(180,181) = -0.0000656000
(180,180) = 0.0001382575
(181,180) = -0.0000656000
(181,182) = -0.0000656000
(181,181) = 0.0001382575
(182,181) = -0.0000656000
(182,183) = -0.0000656000
(182,182) = 0.0001382575
(183,182) = -0.0000656000
(183,184) = -0.0000656000
(183,183) = 0.0001382575
(184,183) = -0.0000656000
(184,185) = -0.0000656000
(184,184) = 0.0001382575
(185,184) = -0.0000656000
(185,186) = -0.0000656000
(185,185) = 0.0001382575
(186,185) = -0.0000656000
(186,187) = -0.0000656000
(186,186) = 0.0001382575
(187,186) = -0.0000656000
(187,188) = -0.0000656000
(187,187) = 0.0001382575
(188,187) = -0.0000656000
(188,189) = -0.0000656000
(188,188) = 0.0001382575
(189,188) = -0.0000656000
(189,190) = -0.0000656000
(189,189) = 0.0001382575
(190,189) = -0.0000656000
(190,191) = -0.0000656000
(190,190) = 0.0001382575
(191,190) = -0.0000656000
(191,192) = -0.0000656000
(191,191) = 0.0001382575
(192,191) = -0.0000656000
(192,193) = -0.0000656000
(192,192) = 0.0001382575
(193,192) = -0.0000656000
(193,194) = -0.0000656000
(193,193) = 0.0001382575
(194,193) = -0.0000656000
(194,195) = -0.0000656000
(194,194) = 0.0001382575
(195,194) = -0.0000656000
(195,196) = -0.0000656000
(195,195) = 0.0001382575
(196,195) = -0.0000656000
(196,197) = -0.0000656000
(196,196) = 0.0001382575
(197,196) = -0.0000656000
(197,198) = -0.0000656000
(197,197) = 0.0001382575
(198,197) = -0.0000656000
(198,199) = -0.0000656000
(198,198) = 0.0001382575
(199,198) = -0.0000656000
(199,200) = -0.0000656000
(199,199) = 0.0001382575
(200,199) = -0.0000656000
(200,201) = -0.0000656000
(200,200) = 0.0001382575
(201,200) = -0.0000656000
(201,202) = -0.0000656000
(201,201) = 0.0001382575
(202,201) = -0.0000656000
(202,203) = -0.0000656000
(202,202) = 0.0001382575
(203,202) = -0.0000656000
(203,204) = -0.0000656000
(203,203) = 0.0001382575
(204,203) = -0.0000656000
(204,205) = -0.0000656000
(204,204) = 0.0001382575
(205,204) = -0.0000656000
(205,206) = -0.0000656000
(205,205) = 0.0001382575
(206,205) = -0.0000656000
(206,207) = -0.0000656000
(206,206) = 0.0001382575
(207,206) = -0.0000656000
(207,208) = -0.0000656000
(207,207) = 0.0001382575
(208,207) = -0.0000656000
(208,209) = -0.0000656000
(208,208) = 0.0001382575
(209,208) = -0.0000656000
(209,210) = -0.0000656000
(209,209) = 0.0001382575
(210,209) = -0.0000656000
(210,211) = -0.0000656000
(210,210) = 0.0001382575
(211,210) = -0.0000656000
(211,212) = -0.0000656000
(211,211) = 0.0001382575
(212,211) = -0.0000656000
(212,213) = -0.0000656000
(212,212) = 0.0001382575
(213,212) = -0.0000656000
(213,214) = -0.0000656000
(213,213) = 0.0001382575
(214,213) = -0.0000656000
(214,215) = -0.0000656000
(214,214) = 0.0001382575
(215,214) = -0.0000656000
(215,216) = -0.0000656000
(215,215) = 0.0001382575
(216,215) = -0.0000656000
(216,217) = -0.0000656000
(216,216) = 0.0001382575
(217,216) = -0.0000656000
(217,218) = -0.0000656000
(217,217) = 0.0001382575
(218,217) = -0.0000656000
(218,219) = -0.0000656000
(218,218) = 0.0001382575
(219,218) = -0.0000656000
(219,220) = -0.0000656000
(219,219) = 0.0001382575
(220,219) = -0.0000656000
(220,221) = -0.0000656000
(220,220) = 0.0001382575
(221,220) = -0.0000656000
(221,222) = -0.0000656000
(221,221) = 0.0001382575
(222,221) = -0.0000656000
(222,223) = -0.0000656000
(222,222) = 0.0001382575
(223,222) = -0.0000656000
(223,224) = -0.0000656000
(223,223) = 0.0001382575
(224,223) = -0.0000656000
(224,225) = -0.0000656000
(224,224) = 0.0001382575
(225,224) = -0.0000656000
(225,226) = -0.0000656000
(225,225) = 0.0001382575
(226,225) = -0.0000656000
(226,227) = -0.0000656000
(226,226) = 0.0001382575
(227,226) = -0.0000656000
(227,228) = -0.0000656000
(227,227) = 0.0001382575
(228,227) = -0.0000656000
(228,229) = -0.0000656000
(228,228) = 0.0001382575
(229,228) = -0.0000656000
(229,230) = -0.0000656000
(229,229) = 0.0001382575
(230,229) = -0.0000656000
(230,231) = -0.0000656000
(230,230) = 0.0001382575
(231,230) = -0.0000656000
(231,232) = -0.0000656000
(231,231) = 0.0001382575
(232,231) = -0.0000656000
(232,233) = -0.0000656000
(232,232) = 0.0001382575
(233,232) = -0.0000656000
(233,234) = -0.0000656000
(233,233) = 0.0001382575
(234,233) = -0.0000656000
(234,235) = -0.0000656000
(234,234) = 0.0001382575
(235,234) = -0.0000656000
(235,236) = -0.0000656000
(235,235) = 0.0001382575
(236,235) = -0.0000656000
(236,237) = -0.0000656000
(236,236) = 0.0001382575
(237,236) = -0.0000656000
(237,238) = -0.0000656000
(237,237) = 0.0001382575
(238,237) = -0.0000656000
(238,239) = -0.0000656000
(238,238) = 0.0001382575
(239,238) = -0.0000656000
(239,240) = -0.0000656000
(239,239) = 0.0001382575
(240,239) = -0.0000656000
(240,241) = -0.0000656000
(240,240) = 0.0001382575
(241,240) = -0.0000656000
(241,242) = -0.0000656000
(241,241) = 0.0001382575
(242,241) = -0.0000656000
(242,243) = -0.0000656000
(242,242) = 0.0001382575
(243,242) = -0.0000656000
(243,244) = -0.0000656000
(243,243) = 0.0001382575
(244,243) = -0.0000656000
(244,245) = -0.0000656000
(244,244) = 0.0001382575
(245,244) = -0.0000656000
(245,246) = -0.0000656000
(245,245) = 0.0001382575
(246,245) = -0.0000656000
(246,247) = -0.0000656000
(246,246) = 0.0001382575
(247,246) = -0.0000656000
(247,248) = -0.0000656000
(247,247) = 0.0001382575
(248,247) = -0.0000656000
(248,249) = -0.0000656000
(248,248) = 0.0001382575
(249,248) = -0.0000656000
(249,250) = -0.0000656000
(249,249) = 0.0001382575
(250,249) = -0.0000656000
(250,251) = -0.0000656000
(250,250) = 0.0001382575
(251,250) = -0.0000656000
(251,252) = -0.0000656000
(251,251) = 0.0001382575
(252,251) = -0.0000656000
(252,253) = -0.0000656000
(252,252) = 0.0001382575
(253,252) = -0.0000656000
(253,254) = -0.0000656000
(253,253) = 0.0001382575
(254,253) = -0.0000656000
(254,255) = -0.0000656000
(254,254) = 0.0001382575
(255,254) = -0.0000656000
(255,256) = -0.0000656000
(255,255) = 0.0001382575
(256,255) = -0.0000656000
(256,257) = -0.0000656000
(256,256) = 0.0001382575
(257,256) = -0.0000656000
(257,258) = -0.0000656000
(257,257) = 0.0001382575
(258,257) = -0.0000656000
(258,259) = -0.0000656000
(258,258) = 0.0001382575
(259,258) = -0.0000656000
(259,260) = -0.0000656000
(259,259) = 0.0001382575
(260,259) = -0.0000656000
(260,261) = -0.0000656000
(260,260) = 0.0001382575
(261,260) = -0.0000656000
(261,262) = -0.0000656000
(261,261) = 0.0001382575
(262,261) = -0.0000656000
(262,263) = -0.0000656000
(262,262) = 0.0001382575
(263,262) = -0.0000656000
(263,264) = -0.0000656000
(263,263) = 0.0001382575
(264,263) = -0.0000656000
(264,265) = -0.0000656000
(264,264) = 0.0001382575
(265,264) = -0.0000656000
(265,266) = -0.0000656000
(265,265) = 0.0001382575
(266,265) = -0.0000656000
(266,267) = -0.0000656000
(266,266) = 0.0001382575
(267,266) = -0.0000656000
(267,268) = -0.0000656000
(267,267) = 0.0001382575
(268,267) = -0.0000656000
(268,269) = -0.0000656000
(268,268) = 0.0001382575
(269,268) = -0.0000656000
(269,270) = -0.0000656000
(269,269) = 0.0001382575
(270,269) = -0.0000656000
(270,271) = -0.0000656000
(270,270) = 0.0001382575
(271,270) = -0.0000656000
(271,272) = -0.0000656000
(271,271) = 0.0001382575
(272,271) = -0.0000656000
(272,273) = -0.0000656000
(272,272) = 0.0001382575
(273,272) = -0.0000656000
(273,274) = -0.0000656000
(273,273) = 0.0001382575
(274,273) = -0.0000656000
(274,275) = -0.0000656000
(274,274) = 0.0001382575
(275,274) = -0.0000656000
(275,276) = -0.0000656000
(275,275) = 0.0001382575
(276,275) = -0.0000656000
(276,277) = -0.0000656000
(276,276) = 0.0001382575
(277,276) = -0.0000656000
(277,278) = -0.0000656000
(277,277) = 0.0001382575
(278,277) = -0.0000656000
(278,279) = -0.0000656000
(278,278) = 0.0001382575
(279,278) = -0.0000656000
(279,280) = -0.0000656000
(279,279) = 0.0001382575
(280,279) = -0.0000656000
(280,281) = -0.0000656000
(280,280) = 0.0001382575
(281,280) = -0.0000656000
(281,282) = -0.0000656000
(281,281) = 0.0001382575
(282,281) = -0.0000656000
(282,283) = -0.0000656000
(282,282) = 0.0001382575
(283,282) = -0.0000656000
(283,284) = -0.0000656000
(283,283) = 0.0001382575
(284,283) = -0.0000656000
(284,285) = -0.0000656000
(284,284) = 0.0001382575
(285,284) = -0.0000656000
(285,286) = -0.0000656000
(285,285) = 0.0001382575
(286,285) = -0.0000656000
(286,287) = -0.0000656000
(286,286) = 0.0001382575
(287,286) = -0.0000656000
(287,288) = -0.0000656000
(287,287) = 0.0001382575
(288,287) = -0.0000656000
(288,289) = -0.0000656000
(288,288) = 0.0001382575
(289,288) = -0.0000656000
(289,290) = -0.0000656000
(289,289) = 0.0001382575
(290,289) = -0.0000656000
(290,291) = -0.0000656000
(290,290) = 0.0001382575
(291,290) = -0.0000656000
(291,292) = -0.0000656000
(291,291) = 0.0001382575
(292,291) = -0.0000656000
(292,293) = -0.0000656000
(292,292) = 0.0001382575
(293,292) = -0.0000656000
(293,294) = -0.0000656000
(293,293) = 0.0001382575
(294,293) = -0.0000656000
(294,295) = -0.0000656000
(294,294) = 0.0001382575
(295,294) = -0.0000656000
(295,296) = -0.0000656000
(295,295) = 0.0001382575
(296,295) = -0.0000656000
(296,297) = -0.0000656000
(296,296) = 0.0001382575
(297,296) = -0.0000656000
(297,298) = -0.0000656000
(297,297) = 0.0001382575
(298,297) = -0.0000656000
(298,299) = -0.0000656000
(298,298) = 0.0001382575
(299,298) = -0.0000656000
(299,300) = -0.0000656000
(299,299) = 0.0001382575
(300,299) = -0.0000656000
(300,301) = -0.0000656000
(300,300) = 0.0001382575
(301,300) = -0.0000656000
(301,302) = -0.0000656000
(301,301) = 0.0001382575
(302,301) = -0.0000656000
(302,303) = -0.0000656000
(302,302) = 0.0001382575
(303,302) = -0.0000656000
(303,304) = -0.0000656000
(303,303) = 0.0001382575
(304,303) = -0.0000656000
(304,305) = -0.0000656000
(304,304) = 0.0001382575
(305,304) = -0.0000656000
(305,306) = -0.0000656000
(305,305) = 0.0001382575
(306,305) = -0.0000656000
(306,307) = -0.0000656000
(306,306) = 0.0001382575
(307,306) = -0.0000656000
(307,308) = -0.0000656000
(307,307) = 0.0001382575
(308,307) = -0.0000656000
(308,309) = -0.0000656000
(308,308) = 0.0001382575
(309,308) = -0.0000656000
(309,310) = -0.0000656000
(309,309) = 0.0001382575
(310,309) = -0.0000656000
(310,311) = -0.0000656000
(310,310) = 0.0001382575
(311,310) = -0.0000656000
(311,312) = -0.0000656000
(311,311) = 0.0001382575
(312,311) = -0.0000656000
(312,313) = -0.0000656000
(312,312) = 0.0001382575
(313,312) = -0.0000656000
(313,314) = -0.0000656000
(313,313) = 0.0001382575
(314,313) = -0.0000656000
(314,315) = -0.0000656000
(314,314) = 0.0001382575
(315,314) = -0.0000656000
(315,316) = -0.0000656000
(315,315) = 0.0001382575
(316,315) = -0.0000656000
(316,317) = -0.0000656000
(316,316) = 0.0001382575
(317,316) = -0.0000656000
(317,318) = -0.0000656000
(317,317) = 0.0001382575
(318,317) = -0.0000656000
(318,319) = -0.0000656000
(318,318) = 0.0001382575
(319,318) = -0.0000656000
(319,320) = -0.0000656000
(319,319) = 0.0001382575
(320,319) = -0.0000656000
(320,321) = -0.0000656000
(320,320) = 0.0001382575
(321,320) = -0.0000656000
(321,322) = -0.0000656000
(321,321) = 0.0001382575
(322,321) = -0.0000656000
(322,323) = -0.0000656000
(322,322) = 0.0001382575
(323,322) = -0.0000656000
(323,324) = -0.0000656000
(323,323) = 0.0001382575
(324,323) = -0.0000656000
(324,325) = -0.0000656000
(324,324) = 0.0001382575
(325,324) = -0.0000656000
(325,326) = -0.0000656000
(325,325) = 0.0001382575
(326,325) = -0.0000656000
(326,327) = -0.0000656000
(326,326) = 0.0001382575
(327,326) = -0.0000656000
(327,328) = -0.0000656000
(327,327) = 0.0001382575
(328,327) = -0.0000656000
(328,329) = -0.0000656000
(328,328) = 0.0001382575
(329,328) = -0.0000656000
(329,330) = -0.0000656000
(329,329) = 0.0001382575
(330,329) = -0.0000656000
(330,331) = -0.0000656000
(330,330) = 0.0001382575
(331,330) = -0.0000656000
(331,332) = -0.0000656000
(331,331) = 0.0001382575
(332,331) = -0.0000656000
(332,333) = -0.0000656000
(332,332) = 0.0001382575
(333,332) = -0.0000656000
(333,334) = -0.0000656000
(333,333) = 0.0001382575
(334,333) = -0.0000656000
(334,335) = -0.0000656000
(334,334) = 0.0001382575
(335,334) = -0.0000656000
(335,336) = -0.0000656000
(335,335) = 0.0001382575
(336,335) = -0.0000656000
(336,337) = -0.0000656000
(336,336) = 0.0001382575
(337,336) = -0.0000656000
(337,338) = -0.0000656000
(337,337) = 0.0001382575
(338,337) = -0.0000656000
(338,339) = -0.0000656000
(338,338) = 0.0001382575
(339,338) = -0.0000656000
(339,340) = -0.0000656000
(339,339) = 0.0001382575
(340,339) = -0.0000656000
(340,341) = -0.0000656000
(340,340) = 0.0001382575
(341,340) = -0.0000656000
(341,342) = -0.0000656000
(341,341) = 0.0001382575
(342,341) = -0.0000656000
(342,343) = -0.0000656000
(342,342) = 0.0001382575
(343,342) = -0.0000656000
(343,344) = -0.0000656000
(343,343) = 0.0001382575
(344,343) = -0.0000656000
(344,345) = -0.0000656000
(344,344) = 0.0001382575
(345,344) = -0.0000656000
(345,346) = -0.0000656000
(345,345) = 0.0001382575
(346,345) = -0.0000656000
(346,347) = -0.0000656000
(346,346) = 0.0001382575
(347,346) = -0.0000656000
(347,348) = -0.0000656000
(347,347) = 0.0001382575
(348,347) = -0.0000656000
(348,349) = -0.0000656000
(348,348) = 0.0001382575
(349,348) = -0.0000656000
(349,350) = -0.0000656000
(349,349) = 0.0001382575
(350,349) = -0.0000656000
(350,351) = -0.0000656000
(350,350) = 0.0001382575
(351,350) = -0.0000656000
(351,352) = -0.0000656000
(351,351) = 0.0001382575
(352,351) = -0.0000656000
(352,353) = -0.0000656000
(352,352) = 0.0001382575
(353,352) = -0.0000656000
(353,354) = -0.0000656000
(353,353) = 0.0001382575
(354,353) = -0.0000656000
(354,355) = -0.0000656000
(354,354) = 0.0001382575
(355,354) = -0.0000656000
(355,356) = -0.0000656000
(355,355) = 0.0001382575
(356,355) = -0.0000656000
(356,357) = -0.0000656000
(356,356) = 0.0001382575
(357,356) = -0.0000656000
(357,358) = -0.0000656000
(357,357) = 0.0001382575
(358,357) = -0.0000656000
(358,359) = -0.0000656000
(358,358) = 0.0001382575
(359,358) = -0.0000656000
(359,360) = -0.0000656000
(359,359) = 0.0001382575
(360,359) = -0.0000656000
(360,361) = -0.0000656000
(360,360) = 0.0001382575
(361,360) = -0.0000656000
(361,362) = -0.0000656000
(361,361) = 0.0001382575
(362,361) = -0.0000656000
(362,363) = -0.0000656000
(362,362) = 0.0001382575
(363,362) = -0.0000656000
(363,364) = -0.0000656000
(363,363) = 0.0001382575
(364,363) = -0.0000656000
(364,365) = -0.0000656000
(364,364) = 0.0001382575
(365,364) = -0.0000656000
(365,366) = -0.0000656000
(365,365) = 0.0001382575
(366,365) = -0.0000656000
(366,367) = -0.0000656000
(366,366) = 0.0001382575
(367,366) = -0.0000656000
(367,368) = -0.0000656000
(367,367) = 0.0001382575
(368,367) = -0.0000656000
(368,369) = -0.0000656000
(368,368) = 0.0001382575
(369,368) = -0.0000656000
(369,370) = -0.0000656000
(369,369) = 0.0001382575
(370,369) = -0.0000656000
(370,371) = -0.0000656000
(370,370) = 0.0001382575
(371,370) = -0.0000656000
(371,372) = -0.0000656000
(371,371) = 0.0001382575
(372,371) = -0.0000656000
(372,373) = -0.0000656000
(372,372) = 0.0001382575
(373,372) = -0.0000656000
(373,374) = -0.0000656000
(373,373) = 0.0001382575
(374,373) = -0.0000656000
(374,375) = -0.0000656000
(374,374) = 0.0001382575
(375,374) = -0.0000656000
(375,376) = -0.0000656000
(375,375) = 0.0001382575
(376,375) = -0.0000656000
(376,377) = -0.0000656000
(376,376) = 0.0001382575
(377,376) = -0.0000656000
(377,378) = -0.0000656000
(377,377) = 0.0001382575
(378,377) = -0.0000656000
(378,379) = -0.0000656000
(378,378) = 0.0001382575
(379,378) = -0.0000656000
(379,380) = -0.0000656000
(379,379) = 0.0001382575
(380,379) = -0.0000656000
(380,381) = -0.0000656000
(380,380) = 0.0001382575
(381,380) = -0.0000656000
(381,382) = -0.0000656000
(381,381) = 0.0001382575
(382,381) = -0.0000656000
(382,383) = -0.0000656000
(382,382) = 0.0001382575
(383,382) = -0.0000656000
(383,384) = -0.0000656000
(383,383) = 0.0001382575
(384,383) = -0.0000656000
(384,385) = -0.0000656000
(384,384) = 0.0001382575
(385,384) = -0.0000656000
(385,386) = -0.0000656000
(385,385) = 0.0001382575
(386,385) = -0.0000656000
(386,387) = -0.0000656000
(386,386) = 0.0001382575
(387,386) = -0.0000656000
(387,388) = -0.0000656000
(387,387) = 0.0001382575
(388,387) = -0.0000656000
(388,389) = -0.0000656000
(388,388) = 0.0001382575
(389,388) = -0.0000656000
(389,390) = -0.0000656000
(389,389) = 0.0001382575
(390,389) = -0.0000656000
(390,391) = -0.0000656000
(390,390) = 0.0001382575
(391,390) = -0.0000656000
(391,392) = -0.0000656000
(391,391) = 0.0001382575
(392,391) = -0.0000656000
(392,393) = -0.0000656000
(392,392) = 0.0001382575
(393,392) = -0.0000656000
(393,394) = -0.0000656000
(393,393) = 0.0001382575
(394,393) = -0.0000656000
(394,395) = -0.0000656000
(394,394) = 0.0001382575
(395,394) = -0.0000656000
(395,396) = -0.0000656000
(395,395) = 0.0001382575
(396,395) = -0.0000656000
(396,397) = -0.0000656000
(396,396) = 0.0001382575
(397,396) = -0.0000656000
(397,398) = -0.0000656000
(397,397) = 0.0001382575
(398,397) = -0.0000656000
(398,399) = -0.0000656000
(398,398) = 0.0001382575
(399,398) = -0.0000656000
(399,400) = -0.0000656000
(399,399) = 0.0001382575
(400,399) = -0.0000656000
(400,401) = -0.0000656000
(400,400) = 0.0001382575
(401,400) = -0.0000656000
(401,402) = -0.0000656000
(401,401) = 0.0001382575
(402,401) = -0.0000656000
(402,403) = -0.0000656000
(402,402) = 0.0001382575
(403,402) = -0.0000656000
(403,404) = -0.0000656000
(403,403) = 0.0001382575
(404,403) = -0.0000656000
(404,405) = -0.0000656000
(404,404) = 0.0001382575
(405,404) = -0.0000656000
(405,406) = -0.0000656000
(405,405) = 0.0001382575
(406,405) = -0.0000656000
(406,407) = -0.0000656000
(406,406) = 0.0001382575
(407,406) = -0.0000656000
(407,408) = -0.0000656000
(407,407) = 0.0001382575
(408,407) = -0.0000656000
(408,409) = -0.0000656000
(408,408) = 0.0001382575
(409,408) = -0.0000656000
(409,410) = -0.0000656000
(409,409) = 0.0001382575
(410,409) = -0.0000656000
(410,411) = -0.0000656000
(410,410) = 0.0001382575
(411,410) = -0.0000656000
(411,412) = -0.0000656000
(411,411) = 0.0001382575
(412,411) = -0.0000656000
(412,413) = -0.0000656000
(412,412) = 0.0001382575
(413,412) = -0.0000656000
(413,414) = -0.0000656000
(413,413) = 0.0001382575
(414,413) = -0.0000656000
(414,415) = -0.0000656000
(414,414) = 0.0001382575
(415,414) = -0.0000656000
(415,416) = -0.0000656000
(415,415) = 0.0001382575
(416,415) = -0.0000656000
(416,417) = -0.0000656000
(416,416) = 0.0001382575
(417,416) = -0.0000656000
(417,418) = -0.0000656000
(417,417) = 0.0001382575
(418,417) = -0.0000656000
(418,419) = -0.0000656000
(418,418) = 0.0001382575
(419,418) = -0.0000656000
(419,420) = -0.0000656000
(419,419) = 0.0001382575
(420,419) = -0.0000656000
(420,421) = -0.0000656000
(420,420) = 0.0001382575
(421,420) = -0.0000656000
(421,422) = -0.0000656000
(421,421) = 0.0001382575
(422,421) = -0.0000656000
(422,423) = -0.0000656000
(422,422) = 0.0001382575
(423,422) = -0.0000656000
(423,424) = -0.0000656000
(423,423) = 0.0001382575
(424,423) = -0.0000656000
(424,425) = -0.0000656000
(424,424) = 0.0001382575
(425,424) = -0.0000656000
(425,426) = -0.0000656000
(425,425) = 0.0001382575
(426,425) = -0.0000656000
(426,427) = -0.0000656000
(426,426) = 0.0001382575
(427,426) = -0.0000656000
(427,428) = -0.0000656000
(427,427) = 0.0001382575
(428,427) = -0.0000656000
(428,429) = -0.0000656000
(428,428) = 0.0001382575
(429,428) = -0.0000656000
(429,430) = -0.0000656000
(429,429) = 0.0001382575
(430,429) = -0.0000656000
(430,431) = -0.0000656000
(430,430) = 0.0001382575
(431,430) = -0.0000656000
(431,432) = -0.0000656000
(431,431) = 0.0001382575
(432,431) = -0.0000656000
(432,433) = -0.0000656000
(432,432) = 0.0001382575
(433,432) = -0.0000656000
(433,434) = -0.0000656000
(433,433) = 0.0001382575
(434,433) = -0.0000656000
(434,435) = -0.0000656000
(434,434) = 0.0001382575
(435,434) = -0.0000656000
(435,436) = -0.0000656000
(435,435) = 0.0001382575
(436,435) = -0.0000656000
(436,437) = -0.0000656000
(436,436) = 0.0001382575
(437,436) = -0.0000656000
(437,438) = -0.0000656000
(437,437) = 0.0001382575
(438,437) = -0.0000656000
(438,439) = -0.0000656000
(438,438) = 0.0001382575
(439,438) = -0.0000656000
(439,440) = -0.0000656000
(439,439) = 0.0001382575
(440,439) = -0.0000656000
(440,441) = -0.0000656000
(440,440) = 0.0001382575
(441,440) = -0.0000656000
(441,442) = -0.0000656000
(441,441) = 0.0001382575
(442,441) = -0.0000656000
(442,443) = -0.0000656000
(442,442) = 0.0001382575
(443,442) = -0.0000656000
(443,444) = -0.0000656000
(443,443) = 0.0001382575
(444,443) = -0.0000656000
(444,445) = -0.0000656000
(444,444) = 0.0001382575
(445,444) = -0.0000656000
(445,446) = -0.0000656000
(445,445) = 0.0001382575
(446,445) = -0.0000656000
(446,447) = -0.0000656000
(446,446) = 0.0001382575
(447,446) = -0.0000656000
(447,448) = -0.0000656000
(447,447) = 0.0001382575
(448,447) = -0.0000656000
(448,449) = -0.0000656000
(448,448) = 0.0001382575
(449,448) = -0.0000656000
(449,450) = -0.0000656000
(449,449) = 0.0001382575
(450,449) = -0.0000656000
(450,451) = -0.0000656000
(450,450) = 0.0001382575
(451,450) = -0.0000656000
(451,452) = -0.0000656000
(451,451) = 0.0001382575
(452,451) = -0.0000656000
(452,453) = -0.0000656000
(452,452) = 0.0001382575
(453,452) = -0.0000656000
(453,454) = -0.0000656000
(453,453) = 0.0001382575
(454,453) = -0.0000656000
(454,455) = -0.0000656000
(454,454) = 0.0001382575
(455,454) = -0.0000656000
(455,456) = -0.0000656000
(455,455) = 0.0001382575
(456,455) = -0.0000656000
(456,457) = -0.0000656000
(456,456) = 0.0001382575
(457,456) = -0.0000656000
(457,458) = -0.0000656000
(457,457) = 0.0001382575
(458,457) = -0.0000656000
(458,459) = -0.0000656000
(458,458) = 0.0001382575
(459,458) = -0.0000656000
(459,460) = -0.0000656000
(459,459) = 0.0001382575
(460,459) = -0.0000656000
(460,461) = -0.0000656000
(460,460) = 0.0001382575
(461,460) = -0.0000656000
(461,462) = -0.0000656000
(461,461) = 0.0001382575
(462,461) = -0.0000656000
(462,463) = -0.0000656000
(462,462) = 0.0001382575
(463,462) = -0.0000656000
(463,464) = -0.0000656000
(463,463) = 0.0001382575
(464,463) = -0.0000656000
(464,465) = -0.0000656000
(464,464) = 0.0001382575
(465,464) = -0.0000656000
(465,466) = -0.0000656000
(465,465) = 0.0001382575
(466,465) = -0.0000656000
(466,467) = -0.0000656000
(466,466) = 0.0001382575
(467,466) = -0.0000656000
(467,468) = -0.0000656000
(467,467) = 0.0001382575
(468,467) = -0.0000656000
(468,469) = -0.0000656000
(468,468) = 0.0001382575
(469,468) = -0.0000656000
(469,470) = -0.0000656000
(469,469) = 0.0001382575
(470,469) = -0.0000656000
(470,471) = -0.0000656000
(470,470) = 0.0001382575
(471,470) = -0.0000656000
(471,472) = -0.0000656000
(471,471) = 0.0001382575
(472,471) = -0.0000656000
(472,473) = -0.0000656000
(472,472) = 0.0001382575
(473,472) = -0.0000656000
(473,474) = -0.0000656000
(473,473) = 0.0001382575
(474,473) = -0.0000656000
(474,475) = -0.0000656000
(474,474) = 0.0001382575
(475,474) = -0.0000656000
(475,476) = -0.0000656000
(475,475) = 0.0001382575
(476,475) = -0.0000656000
(476,477) = -0.0000656000
(476,476) = 0.0001382575
(477,476) = -0.0000656000
(477,478) = -0.0000656000
(477,477) = 0.0001382575
(478,477) = -0.0000656000
(478,479) = -0.0000656000
(478,478) = 0.0001382575
(479,478) = -0.0000656000
(479,480) = -0.0000656000
(479,479) = 0.0001382575
(480,479) = -0.0000656000
(480,481) = -0.0000656000
(480,480) = 0.0001382575
(481,480) = -0.0000656000
(481,482) = -0.0000656000
(481,481) = 0.0001382575
(482,481) = -0.0000656000
(482,483) = -0.0000656000
(482,482) = 0.0001382575
(483,482) = -0.0000656000
(483,484) = -0.0000656000
(483,483) = 0.0001382575
(484,483) = -0.0000656000
(484,485) = -0.0000656000
(484,484) = 0.0001382575
(485,484) = -0.0000656000
(485,486) = -0.0000656000
(485,485) = 0.0001382575
(486,485) = -0.0000656000
(486,487) = -0.0000656000
(486,486) = 0.0001382575
(487,486) = -0.0000656000
(487,488) = -0.0000656000
(487,487) = 0.0001382575
(488,487) = -0.0000656000
(488,489) = -0.0000656000
(488,488) = 0.0001382575
(489,488) = -0.0000656000
(489,490) = -0.0000656000
(489,489) = 0.0001382575
(490,489) = -0.0000656000
(490,491) = -0.0000656000
(490,490) = 0.0001382575
(491,490) = -0.0000656000
(491,492) = -0.0000656000
(491,491) = 0.0001382575
(492,491) = -0.0000656000
(492,493) = -0.0000656000
(492,492) = 0.0001382575
(493,492) = -0.0000656000
(493,494) = -0.0000656000
(493,493) = 0.0001382575
(494,493) = -0.0000656000
(494,495) = -0.0000656000
(494,494) = 0.0001382575
(495,494) = -0.0000656000
(495,496) = -0.0000656000
(495,495) = 0.0001382575
(496,495) = -0.0000656000
(496,497) = -0.0000656000
(496,496) = 0.0001382575
(497,496) = -0.0000656000
(497,498) = -0.0000656000
(497,497) = 0.0001382575
(498,497) = -0.0000656000
(498,499) = -0.0000656000
(498,498) = 0.0001382575
(499,498) = -0.0000656000
(499,500) = -0.0000656000
(499,499) = 0.0001382575
(500,499) = -0.0000656000
(500,501) = -0.0000656000
(500,500) = 0.0001382575
(501,500) = -0.0000656000
(501,502) = -0.0000656000
(501,501) = 0.0001382575
(502,501) = -0.0000656000
(502,503) = -0.0000656000
(502,502) = 0.0001382575
(503,502) = -0.0000656000
(503,504) = -0.0000656000
(503,503) = 0.0001382575
(504,503) = -0.0000656000
(504,505) = -0.0000656000
(504,504) = 0.0001382575
(505,504) = -0.0000656000
(505,506) = -0.0000656000
(505,505) = 0.0001382575
(506,505) = -0.0000656000
(506,507) = -0.0000656000
(506,506) = 0.0001382575
(507,506) = -0.0000656000
(507,508) = -0.0000656000
(507,507) = 0.0001382575
(508,507) = -0.0000656000
(508,509) = -0.0000656000
(508,508) = 0.0001382575
(509,508) = -0.0000656000
(509,510) = -0.0000656000
(509,509) = 0.0001382575
(510,509) = -0.0000656000
(510,511) = -0.0000656000
(510,510) = 0.0001382575
(511,510) = -0.0000656000
(511,512) = -0.0000656000
(511,511) = 0.0001382575
(512,511) = -0.0000656000
(512,513) = -0.0000656000
(512,512) = 0.0001382575
(513,512) = -0.0000656000
(513,514) = -0.0000656000
(513,513) = 0.0001382575
(514,513) = -0.0000656000
(514,515) = -0.0000656000
(514,514) = 0.0001382575
(515,514) = -0.0000656000
(515,516) = -0.0000656000
(515,515) = 0.0001382575
(516,515) = -0.0000656000
(516,517) = -0.0000656000
(516,516) = 0.0001382575
(517,516) = -0.0000656000
(517,518) = -0.0000656000
(517,517) = 0.0001382575
(518,517) = -0.0000656000
(518,519) = -0.0000656000
(518,518) = 0.0001382575
(519,518) = -0.0000656000
(519,520) = -0.0000656000
(519,519) = 0.0001382575
(520,519) = -0.0000656000
(520,521) = -0.0000656000
(520,520) = 0.0001382575
(521,520) = -0.0000656000
(521,522) = -0.0000656000
(521,521) = 0.0001382575
(522,521) = -0.0000656000
(522,523) = -0.0000656000
(522,522) = 0.0001382575
(523,522) = -0.0000656000
(523,524) = -0.0000656000
(523,523) = 0.0001382575
(524,523) = -0.0000656000
(524,525) = -0.0000656000
(524,524) = 0.0001382575
(525,524) = -0.0000656000
(525,526) = -0.0000656000
(525,525) = 0.0001382575
(526,525) = -0.0000656000
(526,527) = -0.0000656000
(526,526) = 0.0001382575
(527,526) = -0.0000656000
(527,528) = -0.0000656000
(527,527) = 0.0001382575
(528,527) = -0.0000656000
(528,529) = -0.0000656000
(528,528) = 0.0001382575
(529,528) = -0.0000656000
(529,530) = -0.0000656000
(529,529) = 0.0001382575
(530,529) = -0.0000656000
(530,531) = -0.0000656000
(530,530) = 0.0001382575
(531,530) = -0.0000656000
(531,532) = -0.0000656000
(531,531) = 0.0001382575
(532,531) = -0.0000656000
(532,533) = -0.0000656000
(532,532) = 0.0001382575
(533,532) = -0.0000656000
(533,534) = -0.0000656000
(533,533) = 0.0001382575
(534,533) = -0.0000656000
(534,535) = -0.0000656000
(534,534) = 0.0001382575
(535,534) = -0.0000656000
(535,536) = -0.0000656000
(535,535) = 0.0001382575
(536,535) = -0.0000656000
(536,537) = -0.0000656000
(536,536) = 0.0001382575
(537,536) = -0.0000656000
(537,538) = -0.0000656000
(537,537) = 0.0001382575
(538,537) = -0.0000656000
(538,539) = -0.0000656000
(538,538) = 0.0001382575
(539,538) = -0.0000656000
(539,540) = -0.0000656000
(539,539) = 0.0001382575
(540,539) = -0.0000656000
(540,541) = -0.0000656000
(540,540) = 0.0001382575
(541,540) = -0.0000656000
(541,542) = -0.0000656000
(541,541) = 0.0001382575
(542,541) = -0.0000656000
(542,543) = -0.0000656000
(542,542) = 0.0001382575
(543,542) = -0.0000656000
(543,544) = -0.0000656000
(543,543) = 0.0001382575
(544,543) = -0.0000656000
(544,545) = -0.0000656000
(544,544) = 0.0001382575
(545,544) = -0.0000656000
(545,546) = -0.0000656000
(545,545) = 0.0001382575
(546,545) = -0.0000656000
(546,547) = -0.0000656000
(546,546) = 0.0001382575
(547,546) = -0.0000656000
(547,548) = -0.0000656000
(547,547) = 0.0001382575
(548,547) = -0.0000656000
(548,549) = -0.0000656000
(548,548) = 0.0001382575
(549,548) = -0.0000656000
(549,550) = -0.0000656000
(549,549) = 0.0001382575
(550,549) = -0.0000656000
(550,551) = -0.0000656000
(550,550) = 0.0001382575
(551,550) = -0.0000656000
(551,552) = -0.0000656000
(551,551) = 0.0001382575
(552,551) = -0.0000656000
(552,553) = -0.0000656000
(552,552) = 0.0001382575
(553,552) = -0.0000656000
(553,554) = -0.0000656000
(553,553) = 0.0001382575
(554,553) = -0.0000656000
(554,555) = -0.0000656000
(554,554) = 0.0001382575
(555,554) = -0.0000656000
(555,556) = -0.0000656000
(555,555) = 0.0001382575
(556,555) = -0.0000656000
(556,557) = -0.0000656000
(556,556) = 0.0001382575
(557,556) = -0.0000656000
(557,558) = -0.0000656000
(557,557) = 0.0001382575
(558,557) = -0.0000656000
(558,559) = -0.0000656000
(558,558) = 0.0001382575
(559,558) = -0.0000656000
(559,560) = -0.0000656000
(559,559) = 0.0001382575
(560,559) = -0.0000656000
(560,561) = -0.0000656000
(560,560) = 0.0001382575
(561,560) = -0.0000656000
(561,562) = -0.0000656000
(561,561) = 0.0001382575
(562,561) = -0.0000656000
(562,563) = -0.0000656000
(562,562) = 0.0001382575
(563,562) = -0.0000656000
(563,564) = -0.0000656000
(563,563) = 0.0001382575
(564,563) = -0.0000656000
(564,565) = -0.0000656000
(564,564) = 0.0001382575
(565,564) = -0.0000656000
(565,566) = -0.0000656000
(565,565) = 0.0001382575
(566,565) = -0.0000656000
(566,567) = -0.0000656000
(566,566) = 0.0001382575
(567,566) = -0.0000656000
(567,568) = -0.0000656000
(567,567) = 0.0001382575
(568,567) = -0.0000656000
(568,569) = -0.0000656000
(568,568) = 0.0001382575
(569,568) = -0.0000656000
(569,570) = -0.0000656000
(569,569) = 0.0001382575
(570,569) = -0.0000656000
(570,571) = -0.0000656000
(570,570) = 0.0001382575
(571,570) = -0.0000656000
(571,572) = -0.0000656000
(571,571) = 0.0001382575
(572,571) = -0.0000656000
(572,573) = -0.0000656000
(572,572) = 0.0001382575
(573,572) = -0.0000656000
(573,574) = -0.0000656000
(573,573) = 0.0001382575
(574,573) = -0.0000656000
(574,575) = -0.0000656000
(574,574) = 0.0001382575
(575,574) = -0.0000656000
(575,576) = -0.0000656000
(575,575) = 0.0001382575
(576,575) = -0.0000656000
(576,577) = -0.0000656000
(576,576) = 0.0001382575
(577,576) = -0.0000656000
(577,578) = -0.0000656000
(577,577) = 0.0001382575
(578,577) = -0.0000656000
(578,579) = -0.0000656000
(578,578) = 0.0001382575
(579,578) = -0.0000656000
(579,580) = -0.0000656000
(579,579) = 0.0001382575
(580,579) = -0.0000656000
(580,581) = -0.0000656000
(580,580) = 0.0001382575
(581,580) = -0.0000656000
(581,582) = -0.0000656000
(581,581) = 0.0001382575
(582,581) = -0.0000656000
(582,583) = -0.0000656000
(582,582) = 0.0001382575
(583,582) = -0.0000656000
(583,584) = -0.0000656000
(583,583) = 0.0001382575
(584,583) = -0.0000656000
(584,585) = -0.0000656000
(584,584) = 0.0001382575
(585,584) = -0.0000656000
(585,586) = -0.0000656000
(585,585) = 0.0001382575
(586,585) = -0.0000656000
(586,587) = -0.0000656000
(586,586) = 0.0001382575
(587,586) = -0.0000656000
(587,588) = -0.0000656000
(587,587) = 0.0001382575
(588,587) = -0.0000656000
(588,589) = -0.0000656000
(588,588) = 0.0001382575
(589,588) = -0.0000656000
(589,590) = -0.0000656000
(589,589) = 0.0001382575
(590,589) = -0.0000656000
(590,591) = -0.0000656000
(590,590) = 0.0001382575
(591,590) = -0.0000656000
(591,592) = -0.0000656000
(591,591) = 0.0001382575
(592,591) = -0.0000656000
(592,593) = -0.0000656000
(592,592) = 0.0001382575
(593,592) = -0.0000656000
(593,594) = -0.0000656000
(593,593) = 0.0001382575
(594,593) = -0.0000656000
(594,595) = -0.0000656000
(594,594) = 0.0001382575
(595,594) = -0.0000656000
(595,596) = -0.0000656000
(595,595) = 0.0001382575
(596,595) = -0.0000656000
(596,597) = -0.0000656000
(596,596) = 0.0001382575
(597,596) = -0.0000656000
(597,598) = -0.0000656000
(597,597) = 0.0001382575
(598,597) = -0.0000656000
(598,599) = -0.0000656000
(598,598) = 0.0001382575
(599,598) = -0.0000656000
(599,600) = -0.0000656000
(599,599) = 0.0001382575
(600,599) = -0.0000656000
(600,601) = -0.0000656000
(600,600) = 0.0001382575
(601,600) = -0.0000656000
(601,602) = -0.0000656000
(601,601) = 0.0001382575
(602,601) = -0.0000656000
(602,603) = -0.0000656000
(602,602) = 0.0001382575
(603,602) = -0.0000656000
(603,604) = -0.0000656000
(603,603) = 0.0001382575
(604,603) = -0.0000656000
(604,605) = -0.0000656000
(604,604) = 0.0001382575
(605,604) = -0.0000656000
(605,606) = -0.0000656000
(605,605) = 0.0001382575
(606,605) = -0.0000656000
(606,607) = -0.0000656000
(606,606) = 0.0001382575
(607,606) = -0.0000656000
(607,608) = -0.0000656000
(607,607) = 0.0001382575
(608,607) = -0.0000656000
(608,608) = 0.0000726575
