0.0000000000 -77.2642762548
0.1000000000 -77.2959786947
0.2000000000 -77.3275255675
0.3000000000 -77.3589136956
0.4000000000 -77.3901306568
0.5000000000 -77.4211436917
0.6000000000 -77.4518847377
0.7000000000 -77.4822340822
0.8000000000 -77.5120055442
0.9000000000 -77.5409352212
1.0000000000 -77.5686741653
1.1000000000 -77.5947834933
1.2000000000 -77.6187291570
1.3000000000 -77.6398738124
1.4000000000 -77.6574650546
1.5000000000 -77.6706213144
1.6000000000 -77.6783171555
1.7000000000 -77.6793684475
1.8000000000 -77.6724162905
1.9000000000 -77.6559077709
2.0000000000 -77.6280716506
2.1000000000 -77.5868873866
2.2000000000 -77.5300460668
2.3000000000 -77.4549023738
2.4000000000 -77.3584166635
2.5000000000 -77.2370851584
2.6000000000 -77.0868554445
2.7000000000 -76.9030247035
2.8000000000 -76.6801186070
2.9000000000 -76.4117487523
3.0000000000 -76.0904459061
3.1000000000 -75.7074654670
3.2000000000 -75.2525606656
3.3000000000 -74.7137181075
3.4000000000 -74.0768492280
3.5000000000 -73.3254299880
3.6000000000 -72.4400795381
3.7000000000 -71.3980664113
3.8000000000 -70.1727276212
3.9000000000 -68.7327809763
4.0000000000 -67.0415022523
4.1000000000 -65.0557231879
4.2000000000 -62.7245768300
4.3000000000 -59.9878604472
4.4000000000 -56.7737785491
4.5000000000 -52.9956274996
4.6000000000 -48.5466298066
4.7000000000 -43.2915784668
4.8000000000 -37.0533016080
4.9000000000 -29.5916118420
5.0000000000 -20.5735302555
5.1000000000 -9.5466690827
5.2000000000 3.9556954202
5.3000000000 19.4362245266
5.4000000000 32.7442515479
5.5000000000 38.7027259056
5.6000000000 39.1753403833
5.7000000000 38.5335819878
5.8000000000 38.1771172480
5.9000000000 38.0597480421
6.0000000000 38.0464794741
6.1000000000 38.0657360882
6.2000000000 38.0843899476
6.3000000000 38.0881006001
6.4000000000 38.0713895083
6.5000000000 38.0328430195
6.6000000000 37.9728100170
6.7000000000 37.8923096402
6.8000000000 37.7925284297
6.9000000000 37.6746041628
7.0000000000 37.5395473335
7.1000000000 37.3882265695
7.2000000000 37.2213816302
7.3000000000 37.0396463042
7.4000000000 36.8435728776
7.5000000000 36.6336545195
7.6000000000 36.4103442280
7.7000000000 36.1740700804
7.8000000000 35.9252470260
7.9000000000 35.6642856475
8.0000000000 35.3915983708
8.1000000000 35.1076035763
8.2000000000 34.8127280256
8.3000000000 34.5074079563
8.4000000000 34.1920891496
8.5000000000 33.8672262251
8.6000000000 33.5332813709
8.7000000000 33.1907226870
8.8000000000 32.8400222790
8.9000000000 32.4816542207
9.0000000000 32.1160924736
9.1000000000 31.7438088357
9.2000000000 31.3652709742
9.3000000000 30.9809405821
9.4000000000 30.5912716875
9.5000000000 30.1967091334
9.6000000000 29.7976872409
9.7000000000 29.3946286570
9.8000000000 28.9879433880
9.9000000000 28.5780280131
10.0000000000 28.1652650688
10.1000000000 27.7500225952
10.2000000000 27.3326538308
10.3000000000 26.9134970432
10.4000000000 26.4928754829
10.5000000000 26.0710974454
10.6000000000 25.6484564287
10.7000000000 25.2252313736
10.8000000000 24.8016869734
10.9000000000 24.3780740427
11.0000000000 23.9546299335
11.1000000000 23.5315789884
11.2000000000 23.1091330234
11.3000000000 22.6874918309
11.4000000000 22.2668436953
11.5000000000 21.8473659168
11.6000000000 21.4292253351
11.7000000000 21.0125788511
11.8000000000 20.5975739396
11.9000000000 20.1843491521
12.0000000000 19.7730346048
12.1000000000 19.3637524510
12.2000000000 18.9566173351
12.3000000000 18.5517368270
12.4000000000 18.1492118364
12.5000000000 17.7491370053
12.6000000000 17.3516010795
12.7000000000 16.9566872581
12.8000000000 16.5644735212
12.9000000000 16.1750329363
13.0000000000 15.7884339439
13.1000000000 15.4047406226
13.2000000000 15.0240129347
13.3000000000 14.6463069522
13.4000000000 14.2716750657
13.5000000000 13.9001661748
13.6000000000 13.5318258638
13.7000000000 13.1666965604
13.8000000000 12.8048176812
13.9000000000 12.4462257632
14.0000000000 12.0909545831
14.1000000000 11.7390352655
14.2000000000 11.3904963797
14.3000000000 11.0453640278
14.4000000000 10.7036619239
14.5000000000 10.3654114655
14.6000000000 10.0306317980
14.7000000000 9.6993398729
14.8000000000 9.3715505016
14.9000000000 9.0472764033
15.0000000000 8.7265282501
15.1000000000 8.4093147086
15.2000000000 8.0956424785
15.3000000000 7.7855163303
15.4000000000 7.4789391397
15.5000000000 7.1759119231
15.6000000000 6.8764338709
15.7000000000 6.5805023810
15.8000000000 6.2881130934
15.9000000000 5.9992599238
16.0000000000 5.7139350989
16.1000000000 5.4321291921
16.2000000000 5.1538311609
16.3000000000 4.8790283849
16.4000000000 4.6077067051
16.5000000000 4.3398504656
16.6000000000 4.0754425552
16.7000000000 3.8144644521
16.8000000000 3.5568962682
16.9000000000 3.3027167965
17.0000000000 3.0519035588
17.1000000000 2.8044328547
17.2000000000 2.5602798119
17.3000000000 2.3194184374
17.4000000000 2.0818216698
17.5000000000 1.8474614316
17.6000000000 1.6163086831
17.7000000000 1.3883334755
17.8000000000 1.1635050055
17.9000000000 0.9417916692
18.0000000000 0.7231611157
18.1000000000 0.5075803017
18.2000000000 0.2950155442
18.3000000000 0.0854325738
18.4000000000 -0.1212034128
18.5000000000 -0.3249277018
18.6000000000 -0.5257760112
18.7000000000 -0.7237844415
18.8000000000 -0.9189894271
18.9000000000 -1.1114276888
19.0000000000 -1.3011361883
19.1000000000 -1.4881520831
19.2000000000 -1.6725126836
19.3000000000 -1.8542554112
19.4000000000 -2.0334177584
19.5000000000 -2.2100372503
19.6000000000 -2.3841514071
19.7000000000 -2.5557977096
19.8000000000 -2.7250135646
19.9000000000 -2.8918362738
20.0000000000 -3.0563030026
20.1000000000 -3.2184507519
20.2000000000 -3.3783163308
20.3000000000 -3.5359363309
20.4000000000 -3.6913471027
20.5000000000 -3.8445847328
20.6000000000 -3.9956850235
20.7000000000 -4.1446834728
20.8000000000 -4.2916152571
20.9000000000 -4.4365152140
21.0000000000 -4.5794178279
21.1000000000 -4.7203572150
21.2000000000 -4.8593671118
21.3000000000 -4.9964808629
21.4000000000 -5.1317314111
21.5000000000 -5.2651512881
21.6000000000 -5.3967726067
21.7000000000 -5.5266270532
21.8000000000 -5.6547458821
21.9000000000 -5.7811599101
22.0000000000 -5.9058995125
22.1000000000 -6.0289946192
22.2000000000 -6.1504747124
22.3000000000 -6.2703688245
22.4000000000 -6.3887055366
22.5000000000 -6.5055129783
22.6000000000 -6.6208188275
22.7000000000 -6.7346503110
22.8000000000 -6.8470342053
22.9000000000 -6.9579968388
23.0000000000 -7.0675640930
23.1000000000 -7.1757614059
23.2000000000 -7.2826137741
23.3000000000 -7.3881457563
23.4000000000 -7.4923814770
23.5000000000 -7.5953446299
23.6000000000 -7.6970584826
23.7000000000 -7.7975458805
23.8000000000 -7.8968292516
23.9000000000 -7.9949306112
24.0000000000 -8.0918715670
24.1000000000 -8.1876733241
24.2000000000 -8.2823566904
24.3000000000 -8.3759420821
24.4000000000 -8.4684495288
24.5000000000 -8.5598986796
24.6000000000 -8.6503088084
24.7000000000 -8.7396988199
24.8000000000 -8.8280872553
24.9000000000 -8.9154922980
25.0000000000 -9.0019317797
25.1000000000 -9.0874231861
25.2000000000 -9.1719836628
25.3000000000 -9.2556300212
25.4000000000 -9.3383787443
25.5000000000 -9.4202459928
25.6000000000 -9.5012476105
25.7000000000 -9.5813991304
25.8000000000 -9.6607157804
25.9000000000 -9.7392124889
26.0000000000 -9.8169038905
26.1000000000 -9.8938043317
26.2000000000 -9.9699278763
26.3000000000 -10.0452883109
26.4000000000 -10.1198991506
26.5000000000 -10.1937736440
26.6000000000 -10.2669247785
26.7000000000 -10.3393652860
26.8000000000 -10.4111076473
26.9000000000 -10.4821640979
27.0000000000 -10.5525466324
27.1000000000 -10.6222670099
27.2000000000 -10.6913367584
27.3000000000 -10.7597671801
27.4000000000 -10.8275693554
27.5000000000 -10.8947541482
27.6000000000 -10.9613322099
27.7000000000 -11.0273139840
27.8000000000 -11.0927097106
27.9000000000 -11.1575294306
28.0000000000 -11.2217829899
28.1000000000 -11.2854800435
28.2000000000 -11.3486300593
28.3000000000 -11.4112423228
28.4000000000 -11.4733259401
28.5000000000 -11.5348898424
28.6000000000 -11.5959427893
28.7000000000 -11.6564933727
28.8000000000 -11.7165500203
28.9000000000 -11.7761209991
29.0000000000 -11.8352144189
29.1000000000 -11.8938382357
29.2000000000 -11.9520002549
29.3000000000 -12.0097081344
29.4000000000 -12.0669693881
29.5000000000 -12.1237913890
29.6000000000 -12.1801813717
29.7000000000 -12.2361464358
29.8000000000 -12.2916935490
29.9000000000 -12.3468295492
30.0000000000 -12.4015611482
30.1000000000 -12.4558949335
30.2000000000 -12.5098373717
30.3000000000 -12.5633948107
30.4000000000 -12.6165734822
30.5000000000 -12.6693795045
30.6000000000 -12.7218188847
30.7000000000 -12.7738975209
30.8000000000 -12.8256212051
30.9000000000 -12.8769956247
31.0000000000 -12.9280263653
31.1000000000 -12.9787189129
31.2000000000 -13.0290786554
31.3000000000 -13.0791108853
31.4000000000 -13.1288208016
31.5000000000 -13.1782135114
31.6000000000 -13.2272940324
31.7000000000 -13.2760672944
31.8000000000 -13.3245381411
31.9000000000 -13.3727113324
32.0000000000 -13.4205915456
32.1000000000 -13.4681833774
32.2000000000 -13.5154913457
32.3000000000 -13.5625198908
32.4000000000 -13.6092733777
32.5000000000 -13.6557560971
32.6000000000 -13.7019722670
32.7000000000 -13.7479260346
32.8000000000 -13.7936214774
32.9000000000 -13.8390626048
33.0000000000 -13.8842533594
33.1000000000 -13.9291976185
33.2000000000 -13.9738991953
33.3000000000 -14.0183618406
33.4000000000 -14.0625892434
33.5000000000 -14.1065850328
33.6000000000 -14.1503527789
33.7000000000 -14.1938959940
33.8000000000 -14.2372181341
33.9000000000 -14.2803225995
34.0000000000 -14.3232127364
34.1000000000 -14.3658918379
34.2000000000 -14.4083631447
34.3000000000 -14.4506298468
34.4000000000 -14.4926950840
34.5000000000 -14.5345619471
34.6000000000 -14.5762334788
34.7000000000 -14.6177126748
34.8000000000 -14.6590024847
34.9000000000 -14.7001058128
35.0000000000 -14.7410255190
35.1000000000 -14.7817644200
35.2000000000 -14.8223252896
35.3000000000 -14.8627108602
35.4000000000 -14.9029238230
35.5000000000 -14.9429668292
35.6000000000 -14.9828424907
35.7000000000 -15.0225533807
35.8000000000 -15.0621020346
35.9000000000 -15.1014909510
36.0000000000 -15.1407225918
36.1000000000 -15.1797993833
36.2000000000 -15.2187237171
36.3000000000 -15.2574979503
36.4000000000 -15.2961244064
36.5000000000 -15.3346053758
36.6000000000 -15.3729431169
36.7000000000 -15.4111398559
36.8000000000 -15.4491977883
36.9000000000 -15.4871190788
37.0000000000 -15.5249058623
37.1000000000 -15.5625602442
37.2000000000 -15.6000843011
37.3000000000 -15.6374800813
37.4000000000 -15.6747496053
37.5000000000 -15.7118948666
37.6000000000 -15.7489178316
37.7000000000 -15.7858204408
37.8000000000 -15.8226046087
37.9000000000 -15.8592722248
38.0000000000 -15.8958251535
38.1000000000 -15.9322652352
38.2000000000 -15.9685942861
38.3000000000 -16.0048140992
38.4000000000 -16.0409264443
38.5000000000 -16.0769330687
38.6000000000 -16.1128356976
38.7000000000 -16.1486360341
38.8000000000 -16.1843357604
38.9000000000 -16.2199365372
39.0000000000 -16.2554400050
39.1000000000 -16.2908477838
39.2000000000 -16.3261614740
39.3000000000 -16.3613826560
39.4000000000 -16.3965128916
39.5000000000 -16.4315537234
39.6000000000 -16.4665066757
39.7000000000 -16.5013732545
39.8000000000 -16.5361549480
39.9000000000 -16.5708532270
40.0000000000 -16.6054695450
40.1000000000 -16.6400053386
40.2000000000 -16.6744620279
40.3000000000 -16.7088410165
40.4000000000 -16.7431436921
40.5000000000 -16.7773714268
40.6000000000 -16.8115255769
40.7000000000 -16.8456074839
40.8000000000 -16.8796184740
40.9000000000 -16.9135598591
41.0000000000 -16.9474329363
41.1000000000 -16.9812389889
41.2000000000 -17.0149792862
41.3000000000 -17.0486550837
41.4000000000 -17.0822676235
41.5000000000 -17.1158181347
41.6000000000 -17.1493078332
41.7000000000 -17.1827379223
41.8000000000 -17.2161095927
41.9000000000 -17.2494240228
42.0000000000 -17.2826823791
42.1000000000 -17.3158858159
42.2000000000 -17.3490354760
42.3000000000 -17.3821324908
42.4000000000 -17.4151779802
42.5000000000 -17.4481730533
42.6000000000 -17.4811188080
42.7000000000 -17.5140163318
42.8000000000 -17.5468667014
42.9000000000 -17.5796709833
43.0000000000 -17.6124302339
43.1000000000 -17.6451454996
43.2000000000 -17.6778178168
43.3000000000 -17.7104482125
43.4000000000 -17.7430377040
43.5000000000 -17.7755872995
43.6000000000 -17.8080979980
43.7000000000 -17.8405707893
43.8000000000 -17.8730066547
43.9000000000 -17.9054065664
44.0000000000 -17.9377714885
44.1000000000 -17.9701023764
44.2000000000 -18.0024001774
44.3000000000 -18.0346658306
44.4000000000 -18.0669002672
44.5000000000 -18.0991044107
44.6000000000 -18.1312791767
44.7000000000 -18.1634254734
44.8000000000 -18.1955442014
44.9000000000 -18.2276362542
45.0000000000 -18.2597025182
45.1000000000 -18.2917438725
45.2000000000 -18.3237611894
45.3000000000 -18.3557553345
45.4000000000 -18.3877271667
45.5000000000 -18.4196775382
45.6000000000 -18.4516072950
45.7000000000 -18.4835172765
45.8000000000 -18.5154083162
45.9000000000 -18.5472812412
46.0000000000 -18.5791368728
46.1000000000 -18.6109760265
46.2000000000 -18.6427995116
46.3000000000 -18.6746081323
46.4000000000 -18.7064026868
46.5000000000 -18.7381839680
46.6000000000 -18.7699527634
46.7000000000 -18.8017098552
46.8000000000 -18.8334560205
46.9000000000 -18.8651920313
47.0000000000 -18.8969186545
47.1000000000 -18.9286366522
47.2000000000 -18.9603467818
47.3000000000 -18.9920497957
47.4000000000 -19.0237464420
47.5000000000 -19.0554374639
47.6000000000 -19.0871236006
47.7000000000 -19.1188055864
47.8000000000 -19.1504841518
47.9000000000 -19.1821600228
48.0000000000 -19.2138339214
48.1000000000 -19.2455065654
48.2000000000 -19.2771786688
48.3000000000 -19.3088509416
48.4000000000 -19.3405240901
48.5000000000 -19.3721988168
48.6000000000 -19.4038758204
48.7000000000 -19.4355557963
48.8000000000 -19.4672394361
48.9000000000 -19.4989274280
49.0000000000 -19.5306204569
49.1000000000 -19.5623192045
49.2000000000 -19.5940243489
49.3000000000 -19.6257365654
49.4000000000 -19.6574565259
49.5000000000 -19.6891848994
49.6000000000 -19.7209223519
49.7000000000 -19.7526695464
49.8000000000 -19.7844271431
49.9000000000 -19.8161957995
50.0000000000 -19.8479761700
50.1000000000 -19.8797689068
50.2000000000 -19.9115746592
50.3000000000 -19.9433940738
50.4000000000 -19.9752277951
50.5000000000 -20.0070764648
50.6000000000 -20.0389407223
50.7000000000 -20.0708212047
50.8000000000 -20.1027185468
50.9000000000 -20.1346333811
51.0000000000 -20.1665663379
51.1000000000 -20.1985180455
51.2000000000 -20.2304891301
51.3000000000 -20.2624802156
51.4000000000 -20.2944919243
51.5000000000 -20.3265248762
51.6000000000 -20.3585796898
51.7000000000 -20.3906569813
51.8000000000 -20.4227573655
51.9000000000 -20.4548814553
52.0000000000 -20.4870298618
52.1000000000 -20.5192031945
52.2000000000 -20.5514020613
52.3000000000 -20.5836270687
52.4000000000 -20.6158788212
52.5000000000 -20.6481579223
52.6000000000 -20.6804649738
52.7000000000 -20.7128005761
52.8000000000 -20.7451653282
52.9000000000 -20.7775598279
53.0000000000 -20.8099846716
53.1000000000 -20.8424404545
53.2000000000 -20.8749277705
53.3000000000 -20.9074472124
53.4000000000 -20.9399993718
53.5000000000 -20.9725848392
53.6000000000 -21.0052042041
53.7000000000 -21.0378580548
53.8000000000 -21.0705469787
53.9000000000 -21.1032715622
54.0000000000 -21.1360323907
54.1000000000 -21.1688300489
54.2000000000 -21.2016651205
54.3000000000 -21.2345381881
54.4000000000 -21.2674498339
54.5000000000 -21.3004006391
54.6000000000 -21.3333911841
54.7000000000 -21.3664220487
54.8000000000 -21.3994938119
54.9000000000 -21.4326070521
55.0000000000 -21.4657623471
55.1000000000 -21.4989602739
55.2000000000 -21.5322014091
55.3000000000 -21.5654863287
55.4000000000 -21.5988156080
55.5000000000 -21.6321898220
55.6000000000 -21.6656095451
55.7000000000 -21.6990753513
55.8000000000 -21.7325878141
55.9000000000 -21.7661475066
56.0000000000 -21.7997550015
56.1000000000 -21.8334108712
56.2000000000 -21.8671156876
56.3000000000 -21.9008700225
56.4000000000 -21.9346744471
56.5000000000 -21.9685295326
56.6000000000 -22.0024358498
56.7000000000 -22.0363939692
56.8000000000 -22.0704044611
56.9000000000 -22.1044678957
57.0000000000 -22.1385848429
57.1000000000 -22.1727558725
57.2000000000 -22.2069815540
57.3000000000 -22.2412624570
57.4000000000 -22.2755991507
57.5000000000 -22.3099922043
57.6000000000 -22.3444421871
57.7000000000 -22.3789496680
57.8000000000 -22.4135152161
57.9000000000 -22.4481394003
58.0000000000 -22.4828227896
58.1000000000 -22.5175659527
58.2000000000 -22.5523694586
58.3000000000 -22.5872338762
58.4000000000 -22.6221597744
58.5000000000 -22.6571477220
58.6000000000 -22.6921982881
58.7000000000 -22.7273120416
58.8000000000 -22.7624895516
58.9000000000 -22.7977313872
59.0000000000 -22.8330381177
59.1000000000 -22.8684103123
59.2000000000 -22.9038485403
59.3000000000 -22.9393533714
59.4000000000 -22.9749253749
59.5000000000 -23.0105651207
59.6000000000 -23.0462731786
59.7000000000 -23.0820501184
59.8000000000 -23.1178965103
59.9000000000 -23.1538129244
60.0000000000 -23.1897999312
60.1000000000 -23.2258581010
60.2000000000 -23.2619880045
60.3000000000 -23.2981902125
60.4000000000 -23.3344652959
60.5000000000 -23.3708138258
60.6000000000 -23.4072363734
60.7000000000 -23.4437335101
60.8000000000 -23.4803058075
60.9000000000 -23.5169538373
61.0000000000 -23.5536781713
61.1000000000 -23.5904793815
61.2000000000 -23.6273580400
61.3000000000 -23.6643147193
61.4000000000 -23.7013499918
61.5000000000 -23.7384644300
61.6000000000 -23.7756586067
61.7000000000 -23.8129330948
61.8000000000 -23.8502884672
61.9000000000 -23.8877252972
62.0000000000 -23.9252441579
62.1000000000 -23.9628456228
62.2000000000 -24.0005302653
62.3000000000 -24.0382986590
62.4000000000 -24.0761513775
62.5000000000 -24.1140889946
62.6000000000 -24.1521120842
62.7000000000 -24.1902212200
62.8000000000 -24.2284169761
62.9000000000 -24.2666999264
63.0000000000 -24.3050706450
63.1000000000 -24.3435297058
63.2000000000 -24.3820776829
63.3000000000 -24.4207151504
63.4000000000 -24.4594426822
63.5000000000 -24.4982608524
63.6000000000 -24.5371702349
63.7000000000 -24.5761714035
63.8000000000 -24.6152649321
63.9000000000 -24.6544513942
64.0000000000 -24.6937313636
64.1000000000 -24.7331054137
64.2000000000 -24.7725741178
64.3000000000 -24.8121380489
64.4000000000 -24.8517977801
64.5000000000 -24.8915538840
64.6000000000 -24.9314069333
64.7000000000 -24.9713575001
64.8000000000 -25.0114061564
64.9000000000 -25.0515534739
65.0000000000 -25.0918000240
65.1000000000 -25.1321463777
65.2000000000 -25.1725931056
65.3000000000 -25.2131407781
65.4000000000 -25.2537899650
65.5000000000 -25.2945412356
65.6000000000 -25.3353951588
65.7000000000 -25.3763523032
65.8000000000 -25.4174132366
65.9000000000 -25.4585785264
66.0000000000 -25.4998487392
66.1000000000 -25.5412244412
66.2000000000 -25.5827061979
66.3000000000 -25.6242945740
66.4000000000 -25.6659901337
66.5000000000 -25.7077934403
66.6000000000 -25.7497050562
66.7000000000 -25.7917255433
66.8000000000 -25.8338554624
66.9000000000 -25.8760953734
67.0000000000 -25.9184458355
67.1000000000 -25.9609074066
67.2000000000 -26.0034806439
67.3000000000 -26.0461661035
67.4000000000 -26.0889643402
67.5000000000 -26.1318759079
67.6000000000 -26.1749013593
67.7000000000 -26.2180412459
67.8000000000 -26.2612961178
67.9000000000 -26.3046665240
68.0000000000 -26.3481530120
68.1000000000 -26.3917561281
68.2000000000 -26.4354764171
68.3000000000 -26.4793144223
68.4000000000 -26.5232706854
68.5000000000 -26.5673457466
68.6000000000 -26.6115401447
68.7000000000 -26.6558544165
68.8000000000 -26.7002890972
68.9000000000 -26.7448447204
69.0000000000 -26.7895218175
69.1000000000 -26.8343209186
69.2000000000 -26.8792425513
69.3000000000 -26.9242872415
69.4000000000 -26.9694555132
69.5000000000 -27.0147478881
69.6000000000 -27.0601648857
69.7000000000 -27.1057070236
69.8000000000 -27.1513748169
69.9000000000 -27.1971687785
70.0000000000 -27.2430894188
70.1000000000 -27.2891372460
70.2000000000 -27.3353127655
70.3000000000 -27.3816164805
70.4000000000 -27.4280488913
70.5000000000 -27.4746104957
70.6000000000 -27.5213017886
70.7000000000 -27.5681232624
70.8000000000 -27.6150754063
70.9000000000 -27.6621587067
71.0000000000 -27.7093736470
71.1000000000 -27.7567207077
71.2000000000 -27.8042003659
71.3000000000 -27.8518130957
71.4000000000 -27.8995593678
71.5000000000 -27.9474396497
71.6000000000 -27.9954544054
71.7000000000 -28.0436040956
71.8000000000 -28.0918891771
71.9000000000 -28.1403101035
72.0000000000 -28.1888673245
72.1000000000 -28.2375612860
72.2000000000 -28.2863924302
72.3000000000 -28.3353611953
72.4000000000 -28.3844680157
72.5000000000 -28.4337133214
72.6000000000 -28.4830975386
72.7000000000 -28.5326210892
72.8000000000 -28.5822843908
72.9000000000 -28.6320878565
73.0000000000 -28.6820318953
73.1000000000 -28.7321169114
73.2000000000 -28.7823433045
73.3000000000 -28.8327114697
73.4000000000 -28.8832217973
73.5000000000 -28.9338746726
73.6000000000 -28.9846704763
73.7000000000 -29.0356095840
73.8000000000 -29.0866923661
73.9000000000 -29.1379191880
74.0000000000 -29.1892904099
74.1000000000 -29.2408063864
74.2000000000 -29.2924674671
74.3000000000 -29.3442739959
74.4000000000 -29.3962263110
74.5000000000 -29.4483247454
74.6000000000 -29.5005696259
74.7000000000 -29.5529612738
74.8000000000 -29.6055000044
74.9000000000 -29.6581861269
75.0000000000 -29.7110199447
75.1000000000 -29.7640017549
75.2000000000 -29.8171318483
75.3000000000 -29.8704105095
75.4000000000 -29.9238380167
75.5000000000 -29.9774146415
75.6000000000 -30.0311406492
75.7000000000 -30.0850162980
75.8000000000 -30.1390418399
75.9000000000 -30.1932175197
76.0000000000 -30.2475435753
76.1000000000 -30.3020202378
76.2000000000 -30.3566477312
76.3000000000 -30.4114262722
76.4000000000 -30.4663560702
76.5000000000 -30.5214373277
76.6000000000 -30.5766702392
76.7000000000 -30.6320549921
76.8000000000 -30.6875917663
76.9000000000 -30.7432807336
77.0000000000 -30.7991220584
77.1000000000 -30.8551158972
77.2000000000 -30.9112623987
77.3000000000 -30.9675617034
77.4000000000 -31.0240139438
77.5000000000 -31.0806192443
77.6000000000 -31.1373777211
77.7000000000 -31.1942894820
77.8000000000 -31.2513546265
77.9000000000 -31.3085732456
78.0000000000 -31.3659454218
78.1000000000 -31.4234712288
78.2000000000 -31.4811507318
78.3000000000 -31.5389839871
78.4000000000 -31.5969710424
78.5000000000 -31.6551119362
78.6000000000 -31.7134066980
78.7000000000 -31.7718553485
78.8000000000 -31.8304578991
78.9000000000 -31.8892143519
79.0000000000 -31.9481246999
79.1000000000 -32.0071889266
79.2000000000 -32.0664070063
79.3000000000 -32.1257789035
79.4000000000 -32.1853045735
79.5000000000 -32.2449839618
79.6000000000 -32.3048170042
79.7000000000 -32.3648036269
79.8000000000 -32.4249437461
79.9000000000 -32.4852372684
80.0000000000 -32.5456840904
80.1000000000 -32.6062840986
80.2000000000 -32.6670371695
80.3000000000 -32.7279431698
80.4000000000 -32.7890019557
80.5000000000 -32.8502133735
80.6000000000 -32.9115772590
80.7000000000 -32.9730934379
80.8000000000 -33.0347617256
80.9000000000 -33.0965819271
81.0000000000 -33.1585538368
81.1000000000 -33.2206772389
81.2000000000 -33.2829519069
81.3000000000 -33.3453776039
81.4000000000 -33.4079540824
81.5000000000 -33.4706810842
81.6000000000 -33.5335583406
81.7000000000 -33.5965855721
81.8000000000 -33.6597624886
81.9000000000 -33.7230887891
82.0000000000 -33.7865641621
82.1000000000 -33.8501882852
82.2000000000 -33.9139608250
82.3000000000 -33.9778814376
82.4000000000 -34.0419497680
82.5000000000 -34.1061654506
82.6000000000 -34.1705281087
82.7000000000 -34.2350373548
82.8000000000 -34.2996927906
82.9000000000 -34.3644940068
83.0000000000 -34.4294405832
83.1000000000 -34.4945320886
83.2000000000 -34.5597680812
83.3000000000 -34.6251481080
83.4000000000 -34.6906717052
83.5000000000 -34.7563383981
83.6000000000 -34.8221477012
83.7000000000 -34.8880991179
83.8000000000 -34.9541921410
83.9000000000 -35.0204262523
84.0000000000 -35.0868009227
84.1000000000 -35.1533156125
84.2000000000 -35.2199697712
84.3000000000 -35.2867628372
84.4000000000 -35.3536942385
84.5000000000 -35.4207633924
84.6000000000 -35.4879697052
84.7000000000 -35.5553125730
84.8000000000 -35.6227913810
84.9000000000 -35.6904055039
85.0000000000 -35.7581543059
85.1000000000 -35.8260371407
85.2000000000 -35.8940533516
85.3000000000 -35.9622022715
85.4000000000 -36.0304832230
85.5000000000 -36.0988955184
85.6000000000 -36.1674384598
85.7000000000 -36.2361113390
85.8000000000 -36.3049134380
85.9000000000 -36.3738440285
86.0000000000 -36.4429023723
86.1000000000 -36.5120877214
86.2000000000 -36.5813993179
86.3000000000 -36.6508363940
86.4000000000 -36.7203981726
86.5000000000 -36.7900838666
86.6000000000 -36.8598926797
86.7000000000 -36.9298238058
86.8000000000 -36.9998764300
86.9000000000 -37.0700497275
87.0000000000 -37.1403428649
87.1000000000 -37.2107549993
87.2000000000 -37.2812852792
87.3000000000 -37.3519328438
87.4000000000 -37.4226968238
87.5000000000 -37.4935763413
87.6000000000 -37.5645705095
87.7000000000 -37.6356784334
87.8000000000 -37.7068992096
87.9000000000 -37.7782319262
88.0000000000 -37.8496756636
88.1000000000 -37.9212294938
88.2000000000 -37.9928924811
88.3000000000 -38.0646636820
88.4000000000 -38.1365421452
88.5000000000 -38.2085269120
88.6000000000 -38.2806170162
88.7000000000 -38.3528114844
88.8000000000 -38.4251093360
88.9000000000 -38.4975095833
89.0000000000 -38.5700112319
89.1000000000 -38.6426132803
89.2000000000 -38.7153147208
89.3000000000 -38.7881145389
89.4000000000 -38.8610117138
89.5000000000 -38.9340052187
89.6000000000 -39.0070940204
89.7000000000 -39.0802770801
89.8000000000 -39.1535533529
89.9000000000 -39.2269217887
90.0000000000 -39.3003813316
90.1000000000 -39.3739309203
90.2000000000 -39.4475694887
90.3000000000 -39.5212959654
90.4000000000 -39.5951092740
90.5000000000 -39.6690083338
90.6000000000 -39.7429920591
90.7000000000 -39.8170593602
90.8000000000 -39.8912091428
90.9000000000 -39.9654403087
91.0000000000 -40.0397517558
91.1000000000 -40.1141423780
91.2000000000 -40.1886110660
91.3000000000 -40.2631567066
91.4000000000 -40.3377781837
91.5000000000 -40.4124743778
91.6000000000 -40.4872441667
91.7000000000 -40.5620864252
91.8000000000 -40.6370000255
91.9000000000 -40.7119838375
92.0000000000 -40.7870367287
92.1000000000 -40.8621575644
92.2000000000 -40.9373452081
92.3000000000 -41.0125985213
92.4000000000 -41.0879163642
92.5000000000 -41.1632975952
92.6000000000 -41.2387410716
92.7000000000 -41.3142456496
92.8000000000 -41.3898101842
92.9000000000 -41.4654335299
93.0000000000 -41.5411145404
93.1000000000 -41.6168520691
93.2000000000 -41.6926449689
93.3000000000 -41.7684920928
93.4000000000 -41.8443922936
93.5000000000 -41.9203444245
93.6000000000 -41.9963473390
93.7000000000 -42.0723998911
93.8000000000 -42.1485009356
93.9000000000 -42.2246493280
94.0000000000 -42.3008439251
94.1000000000 -42.3770835846
94.2000000000 -42.4533671656
94.3000000000 -42.5296935288
94.4000000000 -42.6060615367
94.5000000000 -42.6824700532
94.6000000000 -42.7589179446
94.7000000000 -42.8354040792
94.8000000000 -42.9119273275
94.9000000000 -42.9884865625
95.0000000000 -43.0650806599
95.1000000000 -43.1417084980
95.2000000000 -43.2183689581
95.3000000000 -43.2950609246
95.4000000000 -43.3717832850
95.5000000000 -43.4485349302
95.6000000000 -43.5253147546
95.7000000000 -43.6021216561
95.8000000000 -43.6789545367
95.9000000000 -43.7558123019
96.0000000000 -43.8326938617
96.1000000000 -43.9095981299
96.2000000000 -43.9865240249
96.3000000000 -44.0634704696
96.4000000000 -44.1404363912
96.5000000000 -44.2174207220
96.6000000000 -44.2944223988
96.7000000000 -44.3714403638
96.8000000000 -44.4484735640
96.9000000000 -44.5255209518
97.0000000000 -44.6025814849
97.1000000000 -44.6796541265
97.2000000000 -44.7567378453
97.3000000000 -44.8338316161
97.4000000000 -44.9109344190
97.5000000000 -44.9880452404
97.6000000000 -45.0651630727
97.7000000000 -45.1422869145
97.8000000000 -45.2194157706
97.9000000000 -45.2965486521
98.0000000000 -45.3736845768
98.1000000000 -45.4508225689
98.2000000000 -45.5279616594
98.3000000000 -45.6051008860
98.4000000000 -45.6822392934
98.5000000000 -45.7593759330
98.6000000000 -45.8365098636
98.7000000000 -45.9136401509
98.8000000000 -45.9907658678
98.9000000000 -46.0678860948
99.0000000000 -46.1449999195
99.1000000000 -46.2221064371
99.2000000000 -46.2992047503
99.3000000000 -46.3762939695
99.4000000000 -46.4533732127
99.5000000000 -46.5304416057
99.6000000000 -46.6074982822
99.7000000000 -46.6845423838
99.8000000000 -46.7615730599
99.9000000000 -46.8385894681
100.0000000000 -46.9155907740
100.1000000000 -46.9925761514
100.2000000000 -47.0695447823
100.3000000000 -47.1464958568
100.4000000000 -47.2234285734
100.5000000000 -47.3003421391
100.6000000000 -47.3772357690
100.7000000000 -47.4541086869
100.8000000000 -47.5309601249
100.9000000000 -47.6077893236
101.0000000000 -47.6845955323
101.1000000000 -47.7613780088
101.2000000000 -47.8381360195
101.3000000000 -47.9148688396
101.4000000000 -47.9915757527
101.5000000000 -48.0682560513
101.6000000000 -48.1449090366
101.7000000000 -48.2215340185
101.8000000000 -48.2981303158
101.9000000000 -48.3746972560
102.0000000000 -48.4512341752
102.1000000000 -48.5277404187
102.2000000000 -48.6042153404
102.3000000000 -48.6806583029
102.4000000000 -48.7570686781
102.5000000000 -48.8334458462
102.6000000000 -48.9097891966
102.7000000000 -48.9860981275
102.8000000000 -49.0623720458
102.9000000000 -49.1386103674
103.0000000000 -49.2148125171
103.1000000000 -49.2909779283
103.2000000000 -49.3671060434
103.3000000000 -49.4431963135
103.4000000000 -49.5192481988
103.5000000000 -49.5952611678
103.6000000000 -49.6712346982
103.7000000000 -49.7471682763
103.8000000000 -49.8230613970
103.9000000000 -49.8989135642
104.0000000000 -49.9747242902
104.1000000000 -50.0504930962
104.2000000000 -50.1262195119
104.3000000000 -50.2019030757
104.4000000000 -50.2775433344
104.5000000000 -50.3531398436
104.6000000000 -50.4286921672
104.7000000000 -50.5041998777
104.8000000000 -50.5796625560
104.9000000000 -50.6550797914
105.0000000000 -50.7304511816
105.1000000000 -50.8057763326
105.2000000000 -50.8810548586
105.3000000000 -50.9562863822
105.4000000000 -51.0314705340
105.5000000000 -51.1066069529
105.6000000000 -51.1816952857
105.7000000000 -51.2567351876
105.8000000000 -51.3317263213
105.9000000000 -51.4066683578
106.0000000000 -51.4815609758
106.1000000000 -51.5564038620
106.2000000000 -51.6311967107
106.3000000000 -51.7059392240
106.4000000000 -51.7806311115
106.5000000000 -51.8552720906
106.6000000000 -51.9298618860
106.7000000000 -52.0044002302
106.8000000000 -52.0788868626
106.9000000000 -52.1533215305
107.0000000000 -52.2277039880
107.1000000000 -52.3020339965
107.2000000000 -52.3763113248
107.3000000000 -52.4505357484
107.4000000000 -52.5247070500
107.5000000000 -52.5988250190
107.6000000000 -52.6728894520
107.7000000000 -52.7469001519
107.8000000000 -52.8208569287
107.9000000000 -52.8947595987
108.0000000000 -52.9686079849
108.1000000000 -53.0424019168
108.2000000000 -53.1161412301
108.3000000000 -53.1898257668
108.4000000000 -53.2634553753
108.5000000000 -53.3370299100
108.6000000000 -53.4105492313
108.7000000000 -53.4840132057
108.8000000000 -53.5574217054
108.9000000000 -53.6307746085
109.0000000000 -53.7040717988
109.1000000000 -53.7773131658
109.2000000000 -53.8504986042
109.3000000000 -53.9236280146
109.4000000000 -53.9967013026
109.5000000000 -54.0697183792
109.6000000000 -54.1426791605
109.7000000000 -54.2155835678
109.8000000000 -54.2884315273
109.9000000000 -54.3612229701
110.0000000000 -54.4339578321
110.1000000000 -54.5066360539
110.2000000000 -54.5792575807
110.3000000000 -54.6518223622
110.4000000000 -54.7243303527
110.5000000000 -54.7967815106
110.6000000000 -54.8691757985
110.7000000000 -54.9415131834
110.8000000000 -55.0137936361
110.9000000000 -55.0860171315
111.0000000000 -55.1581836481
111.1000000000 -55.2302931683
111.2000000000 -55.3023456782
111.3000000000 -55.3743411673
111.4000000000 -55.4462796286
111.5000000000 -55.5181610585
111.6000000000 -55.5899854565
111.7000000000 -55.6617528254
111.8000000000 -55.7334631708
111.9000000000 -55.8051165015
112.0000000000 -55.8767128290
112.1000000000 -55.9482521674
112.2000000000 -56.0197345337
112.3000000000 -56.0911599473
112.4000000000 -56.1625284299
112.5000000000 -56.2338400057
112.6000000000 -56.3050947011
112.7000000000 -56.3762925444
112.8000000000 -56.4474335662
112.9000000000 -56.5185177988
113.0000000000 -56.5895452763
113.1000000000 -56.6605160347
113.2000000000 -56.7314301114
113.3000000000 -56.8022875453
113.4000000000 -56.8730883767
113.5000000000 -56.9438326473
113.6000000000 -57.0145203999
113.7000000000 -57.0851516782
113.8000000000 -57.1557265271
113.9000000000 -57.2262449924
114.0000000000 -57.2967071203
114.1000000000 -57.3671129581
114.2000000000 -57.4374625534
114.3000000000 -57.5077559543
114.4000000000 -57.5779932091
114.5000000000 -57.6481743667
114.6000000000 -57.7182994758
114.7000000000 -57.7883685853
114.8000000000 -57.8583817439
114.9000000000 -57.9283390004
115.0000000000 -57.9982404029
115.1000000000 -58.0680859995
115.2000000000 -58.1378758377
115.3000000000 -58.2076099643
115.4000000000 -58.2772884257
115.5000000000 -58.3469112671
115.6000000000 -58.4164785333
115.7000000000 -58.4859902678
115.8000000000 -58.5554465130
115.9000000000 -58.6248473102
116.0000000000 -58.6941926996
116.1000000000 -58.7634827197
116.2000000000 -58.8327174078
116.3000000000 -58.9018967993
116.4000000000 -58.9710209282
116.5000000000 -59.0400898268
116.6000000000 -59.1091035251
116.7000000000 -59.1780620516
116.8000000000 -59.2469654325
116.9000000000 -59.3158136919
117.0000000000 -59.3846068516
117.1000000000 -59.4533449313
117.2000000000 -59.5220279478
117.3000000000 -59.5906559160
117.4000000000 -59.6592288475
117.5000000000 -59.7277467518
117.6000000000 -59.7962096352
117.7000000000 -59.8646175013
117.8000000000 -59.9329703507
117.9000000000 -60.0012681809
118.0000000000 -60.0695109862
118.1000000000 -60.1376987579
118.2000000000 -60.2058314836
118.3000000000 -60.2739091480
118.4000000000 -60.3419317318
118.5000000000 -60.4098992124
118.6000000000 -60.4778115636
118.7000000000 -60.5456687554
118.8000000000 -60.6134707539
118.9000000000 -60.6812175214
119.0000000000 -60.7489090162
119.1000000000 -60.8165451927
119.2000000000 -60.8841260010
119.3000000000 -60.9516513870
119.4000000000 -61.0191212926
119.5000000000 -61.0865356550
119.6000000000 -61.1538944074
119.7000000000 -61.2211974781
119.8000000000 -61.2884447911
119.9000000000 -61.3556362658
120.0000000000 -61.4227718168
120.1000000000 -61.4898513542
120.2000000000 -61.5568747830
120.3000000000 -61.6238420035
120.4000000000 -61.6907529110
120.5000000000 -61.7576073959
120.6000000000 -61.8244053435
120.7000000000 -61.8911466341
120.8000000000 -61.9578311426
120.9000000000 -62.0244587389
121.0000000000 -62.0910292877
121.1000000000 -62.1575426481
121.2000000000 -62.2239986741
121.3000000000 -62.2903972142
121.4000000000 -62.3567381115
121.5000000000 -62.4230212035
121.6000000000 -62.4892463222
121.7000000000 -62.5554132940
121.8000000000 -62.6215219397
121.9000000000 -62.6875720744
122.0000000000 -62.7535635077
122.1000000000 -62.8194960431
122.2000000000 -62.8853694786
122.3000000000 -62.9511836062
122.4000000000 -63.0169382124
122.5000000000 -63.0826330775
122.6000000000 -63.1482679760
122.7000000000 -63.2138426766
122.8000000000 -63.2793569420
122.9000000000 -63.3448105288
123.0000000000 -63.4102031879
123.1000000000 -63.4755346639
123.2000000000 -63.5408046956
123.3000000000 -63.6060130158
123.4000000000 -63.6711593510
123.5000000000 -63.7362434219
123.6000000000 -63.8012649430
123.7000000000 -63.8662236229
123.8000000000 -63.9311191639
123.9000000000 -63.9959512624
124.0000000000 -64.0607196085
124.1000000000 -64.1254238865
124.2000000000 -64.1900637744
124.3000000000 -64.2546389442
124.4000000000 -64.3191490619
124.5000000000 -64.3835937874
124.6000000000 -64.4479727744
124.7000000000 -64.5122856708
124.8000000000 -64.5765321182
124.9000000000 -64.6407117525
125.0000000000 -64.7048242032
125.1000000000 -64.7688690943
125.2000000000 -64.8328460434
125.3000000000 -64.8967546624
125.4000000000 -64.9605945572
125.5000000000 -65.0243653279
125.6000000000 -65.0880665687
125.7000000000 -65.1516978679
125.8000000000 -65.2152588081
125.9000000000 -65.2787489661
126.0000000000 -65.3421679128
126.1000000000 -65.4055152138
126.2000000000 -65.4687904287
126.3000000000 -65.5319931115
126.4000000000 -65.5951228109
126.5000000000 -65.6581790698
126.6000000000 -65.7211614257
126.7000000000 -65.7840694108
126.8000000000 -65.8469025517
126.9000000000 -65.9096603699
127.0000000000 -65.9723423813
127.1000000000 -66.0349480969
127.2000000000 -66.0974770223
127.3000000000 -66.1599286583
127.4000000000 -66.2223025002
127.5000000000 -66.2845980387
127.6000000000 -66.3468147595
127.7000000000 -66.4089521432
127.8000000000 -66.4710096660
127.9000000000 -66.5329867990
128.0000000000 -66.5948830088
128.1000000000 -66.6566977575
128.2000000000 -66.7184305027
128.3000000000 -66.7800806973
128.4000000000 -66.8416477902
128.5000000000 -66.9031312257
128.6000000000 -66.9645304442
128.7000000000 -67.0258448816
128.8000000000 -67.0870739701
128.9000000000 -67.1482171379
129.0000000000 -67.2092738091
129.1000000000 -67.2702434042
129.2000000000 -67.3311253400
129.3000000000 -67.3919190296
129.4000000000 -67.4526238826
129.5000000000 -67.5132393053
129.6000000000 -67.5737647003
129.7000000000 -67.6341994674
129.8000000000 -67.6945430029
129.9000000000 -67.7547947003
130.0000000000 -67.8149539499
130.1000000000 -67.8750201394
130.2000000000 -67.9349926534
130.3000000000 -67.9948708740
130.4000000000 -68.0546541809
130.5000000000 -68.1143419511
130.6000000000 -68.1739335593
130.7000000000 -68.2334283779
130.8000000000 -68.2928257772
130.9000000000 -68.3521251254
131.0000000000 -68.4113257889
131.1000000000 -68.4704271319
131.2000000000 -68.5294285172
131.3000000000 -68.5883293059
131.4000000000 -68.6471288575
131.5000000000 -68.7058265300
131.6000000000 -68.7644216804
131.7000000000 -68.8229136641
131.8000000000 -68.8813018357
131.9000000000 -68.9395855487
132.0000000000 -68.9977641557
132.1000000000 -69.0558370087
132.2000000000 -69.1138034589
132.3000000000 -69.1716628571
132.4000000000 -69.2294145534
132.5000000000 -69.2870578978
132.6000000000 -69.3445922402
132.7000000000 -69.4020169301
132.8000000000 -69.4593313172
132.9000000000 -69.5165347515
133.0000000000 -69.5736265828
133.1000000000 -69.6306061618
133.2000000000 -69.6874728391
133.3000000000 -69.7442259663
133.4000000000 -69.8008648955
133.5000000000 -69.8573889798
133.6000000000 -69.9137975728
133.7000000000 -69.9700900296
133.8000000000 -70.0262657062
133.9000000000 -70.0823239597
134.0000000000 -70.1382641489
134.1000000000 -70.1940856338
134.2000000000 -70.2497877760
134.3000000000 -70.3053699390
134.4000000000 -70.3608314878
134.5000000000 -70.4161717895
134.6000000000 -70.4713902131
134.7000000000 -70.5264861297
134.8000000000 -70.5814589127
134.9000000000 -70.6363079379
135.0000000000 -70.6910325832
135.1000000000 -70.7456322294
135.2000000000 -70.8001062598
135.3000000000 -70.8544540603
135.4000000000 -70.9086750199
135.5000000000 -70.9627685303
135.6000000000 -71.0167339865
135.7000000000 -71.0705707863
135.8000000000 -71.1242783311
135.9000000000 -71.1778560253
136.0000000000 -71.2313032771
136.1000000000 -71.2846194979
136.2000000000 -71.3378041030
136.3000000000 -71.3908565111
136.4000000000 -71.4437761450
136.5000000000 -71.4965624313
136.6000000000 -71.5492148006
136.7000000000 -71.6017326875
136.8000000000 -71.6541155309
136.9000000000 -71.7063627739
137.0000000000 -71.7584738640
137.1000000000 -71.8104482530
137.2000000000 -71.8622853972
137.3000000000 -71.9139847578
137.4000000000 -71.9655458004
137.5000000000 -72.0169679953
137.6000000000 -72.0682508179
137.7000000000 -72.1193937484
137.8000000000 -72.1703962718
137.9000000000 -72.2212578783
138.0000000000 -72.2719780635
138.1000000000 -72.3225563278
138.2000000000 -72.3729921771
138.3000000000 -72.4232851225
138.4000000000 -72.4734346808
138.5000000000 -72.5234403740
138.6000000000 -72.5733017297
138.7000000000 -72.6230182813
138.8000000000 -72.6725895676
138.9000000000 -72.7220151333
139.0000000000 -72.7712945290
139.1000000000 -72.8204273109
139.2000000000 -72.8694130413
139.3000000000 -72.9182512884
139.4000000000 -72.9669416264
139.5000000000 -73.0154836356
139.6000000000 -73.0638769024
139.7000000000 -73.1121210195
139.8000000000 -73.1602155856
139.9000000000 -73.2081602058
140.0000000000 -73.2559544915
140.1000000000 -73.3035980605
140.2000000000 -73.3510905369
140.3000000000 -73.3984315512
140.4000000000 -73.4456207407
140.5000000000 -73.4926577487
140.6000000000 -73.5395422255
140.7000000000 -73.5862738277
140.8000000000 -73.6328522187
140.9000000000 -73.6792770684
141.0000000000 -73.7255480535
141.1000000000 -73.7716648574
141.2000000000 -73.8176271702
141.3000000000 -73.8634346887
141.4000000000 -73.9090871166
141.5000000000 -73.9545841643
141.6000000000 -73.9999255491
141.7000000000 -74.0451109952
141.8000000000 -74.0901402335
141.9000000000 -74.1350130020
142.0000000000 -74.1797290454
142.1000000000 -74.2242881154
142.2000000000 -74.2686899708
142.3000000000 -74.3129343770
142.4000000000 -74.3570211067
142.5000000000 -74.4009499392
142.6000000000 -74.4447206611
142.7000000000 -74.4883330658
142.8000000000 -74.5317869537
142.9000000000 -74.5750821321
143.0000000000 -74.6182184156
143.1000000000 -74.6611956255
143.2000000000 -74.7040135900
143.3000000000 -74.7466721446
143.4000000000 -74.7891711315
143.5000000000 -74.8315104001
143.6000000000 -74.8736898066
143.7000000000 -74.9157092142
143.8000000000 -74.9575684932
143.9000000000 -74.9992675207
144.0000000000 -75.0408061807
144.1000000000 -75.0821843642
144.2000000000 -75.1234019693
144.3000000000 -75.1644589006
144.4000000000 -75.2053550700
144.5000000000 -75.2460903959
144.6000000000 -75.2866648038
144.7000000000 -75.3270782260
144.8000000000 -75.3673306016
144.9000000000 -75.4074218764
145.0000000000 -75.4473520031
145.1000000000 -75.4871209411
145.2000000000 -75.5267286566
145.3000000000 -75.5661751223
145.4000000000 -75.6054603179
145.5000000000 -75.6445842295
145.6000000000 -75.6835468500
145.7000000000 -75.7223481787
145.8000000000 -75.7609882216
145.9000000000 -75.7994669914
146.0000000000 -75.8377845069
146.1000000000 -75.8759407938
146.2000000000 -75.9139358840
146.3000000000 -75.9517698160
146.4000000000 -75.9894426344
146.5000000000 -76.0269543905
146.6000000000 -76.0643051416
146.7000000000 -76.1014949515
146.8000000000 -76.1385238902
146.9000000000 -76.1753920337
147.0000000000 -76.2120994645
147.1000000000 -76.2486462709
147.2000000000 -76.2850325476
147.3000000000 -76.3212583950
147.4000000000 -76.3573239199
147.5000000000 -76.3932292347
147.6000000000 -76.4289744579
147.7000000000 -76.4645597139
147.8000000000 -76.4999851329
147.9000000000 -76.5352508509
148.0000000000 -76.5703570096
148.1000000000 -76.6053037565
148.2000000000 -76.6400912446
148.3000000000 -76.6747196327
148.4000000000 -76.7091890852
148.5000000000 -76.7434997717
148.6000000000 -76.7776518676
148.7000000000 -76.8116455536
148.8000000000 -76.8454810158
148.9000000000 -76.8791584457
149.0000000000 -76.9126780399
149.1000000000 -76.9460400003
149.2000000000 -76.9792445342
149.3000000000 -77.0122918538
149.4000000000 -77.0451821764
149.5000000000 -77.0779157244
149.6000000000 -77.1104927252
149.7000000000 -77.1429134111
149.8000000000 -77.1751780193
149.9000000000 -77.2072867918
150.0000000000 -77.2392399755
150.1000000000 -77.2710378218
150.2000000000 -77.3026800933
150.3000000000 -77.3341636083
150.4000000000 -77.3654759401
150.5000000000 -77.3965843243
150.6000000000 -77.4274206910
150.7000000000 -77.4578653157
150.8000000000 -77.4877319956
150.9000000000 -77.5167567890
151.0000000000 -77.5445906817
151.1000000000 -77.5707946841
151.2000000000 -77.5948345912
151.3000000000 -77.6160728472
151.4000000000 -77.6337567864
151.5000000000 -77.6470045445
151.6000000000 -77.6547903738
151.7000000000 -77.6559298299
151.8000000000 -77.6490637055
151.9000000000 -77.6326387908
152.0000000000 -77.6048835649
152.1000000000 -77.5637772197
152.2000000000 -77.5070106030
152.3000000000 -77.4319381951
152.4000000000 -77.3355202087
152.5000000000 -77.2142528121
152.6000000000 -77.0640836678
152.7000000000 -76.8803102130
152.8000000000 -76.6574586085
152.9000000000 -76.3891412382
153.0000000000 -76.0678900282
153.1000000000 -75.6849620017
153.2000000000 -75.2301125940
153.3000000000 -74.6913313338
153.4000000000 -74.0545334715
153.5000000000 -73.3031998850
153.6000000000 -72.4179560017
153.7000000000 -71.3760783068
153.8000000000 -70.1509138247
153.9000000000 -68.7111929017
154.0000000000 -67.0202069536
154.1000000000 -65.0348071775
154.2000000000 -62.7041508236
154.3000000000 -59.9680653913
154.4000000000 -56.7547936359
154.5000000000 -52.9776817044
154.6000000000 -48.5300204515
154.7000000000 -43.2767046819
154.8000000000 -37.0407291573
154.9000000000 -29.5821997043
155.0000000000 -20.5686690182
155.1000000000 -9.5487121339
155.2000000000 3.9428399085
155.3000000000 19.4083653747
155.4000000000 32.7064766662
155.5000000000 38.6704274977
155.6000000000 39.1539358704
155.7000000000 38.5188591981
155.8000000000 38.1657996857
155.9000000000 38.0504368644
156.0000000000 38.0384910023
156.1000000000 38.0586797980
156.2000000000 38.0780174731
156.3000000000 38.0822403879
156.4000000000 38.0659154522
156.5000000000 38.0276582372
156.6000000000 37.9678378211
156.7000000000 37.8874881236
156.8000000000 37.7878069816
156.9000000000 37.6699410845
157.0000000000 37.5349081263
157.1000000000 37.3835826571
157.2000000000 37.2167093784
157.3000000000 37.0349262516
157.4000000000 36.8387891208
157.5000000000 36.6287942136
157.6000000000 36.4053971741
157.7000000000 36.1690283813
157.8000000000 35.9201047924
157.9000000000 35.6590387466
158.0000000000 35.3862442060
158.1000000000 35.1021408942
158.2000000000 34.8071567431
158.3000000000 34.5017290068
158.4000000000 34.1863043440
158.5000000000 33.8613381253
158.6000000000 33.5272931767
158.7000000000 33.1846381318
158.8000000000 32.8338455366
158.9000000000 32.4753898202
159.0000000000 32.1097452230
159.1000000000 31.7373837534
159.2000000000 31.3587732276
159.3000000000 30.9743754333
159.4000000000 30.5846444450
159.5000000000 30.1900251106
159.6000000000 29.7909517193
159.7000000000 29.3878468549
159.8000000000 28.9811204344
159.9000000000 28.5711689251
160.0000000000 28.1583747338
160.1000000000 27.7431057559
160.2000000000 27.3257150739
160.3000000000 26.9065407911
160.4000000000 26.4859059874
160.5000000000 26.0641187840
160.6000000000 25.6414725027
160.7000000000 25.2182459079
160.8000000000 24.7947035181
160.9000000000 24.3710959751
161.0000000000 23.9476604616
161.1000000000 23.5246211555
161.2000000000 23.1021897127
161.3000000000 22.6805657709
161.4000000000 22.2599374658
161.5000000000 21.8404819547
161.6000000000 21.4223659408
161.7000000000 21.0057461946
161.8000000000 20.5907700668
161.9000000000 20.1775759909
162.0000000000 19.7662939715
162.1000000000 19.3570460559
162.2000000000 18.9499467882
162.3000000000 18.5451036438
162.4000000000 18.1426174429
162.5000000000 17.7425827432
162.6000000000 17.3450882108
162.7000000000 16.9502169697
162.8000000000 16.5580469287
162.9000000000 16.1686510885
163.0000000000 15.7820978261
163.1000000000 15.3984511600
163.2000000000 15.0177709956
163.3000000000 14.6401133508
163.4000000000 14.2655305647
163.5000000000 13.8940714881
163.6000000000 13.5257816581
163.7000000000 13.1607034577
163.8000000000 12.7988762605
163.9000000000 12.4403365619
164.0000000000 12.0851180989
164.1000000000 11.7332519570
164.2000000000 11.3847666683
164.3000000000 11.0396882984
164.4000000000 10.6980405259
164.5000000000 10.3598447135
164.6000000000 10.0251199726
164.7000000000 9.6938832218
164.8000000000 9.3661492395
164.9000000000 9.0419307131
165.0000000000 8.7212382831
165.1000000000 8.4040805851
165.2000000000 8.0904642882
165.3000000000 7.7803941327
165.4000000000 7.4738729648
165.5000000000 7.1709017716
165.6000000000 6.8714797145
165.7000000000 6.5756041634
165.8000000000 6.2832707303
165.9000000000 5.9944733034
166.0000000000 5.7092040826
166.1000000000 5.4274536150
166.2000000000 5.1492108322
166.3000000000 4.8744630885
166.4000000000 4.6031962004
166.5000000000 4.3353944880
166.6000000000 4.0710408168
166.7000000000 3.8101166421
166.8000000000 3.5526020542
166.9000000000 3.2984758248
167.0000000000 3.0477154552
167.1000000000 2.8002972255
167.2000000000 2.5561962445
167.3000000000 2.3153865013
167.4000000000 2.0778409172
167.5000000000 1.8435313985
167.6000000000 1.6124288899
167.7000000000 1.3845034284
167.8000000000 1.1597241967
167.9000000000 0.9380595780
168.0000000000 0.7194772098
168.1000000000 0.5039440374
168.2000000000 0.2914263678
168.3000000000 0.0818899223
168.4000000000 -0.1247001110
168.5000000000 -0.3283790260
168.6000000000 -0.5291825475
168.7000000000 -0.7271467819
168.8000000000 -0.9223081690
168.9000000000 -1.1147034342
169.0000000000 -1.3043695426
169.1000000000 -1.4913436550
169.2000000000 -1.6756630839
169.3000000000 -1.8573652526
169.4000000000 -2.0364876545
169.5000000000 -2.2130678149
169.6000000000 -2.3871432541
169.7000000000 -2.5587514519
169.8000000000 -2.7279298139
169.9000000000 -2.8947156398
170.0000000000 -3.0591460928
170.1000000000 -3.2212581710
170.2000000000 -3.3810886803
170.3000000000 -3.5386742086
170.4000000000 -3.6940511023
170.5000000000 -3.8472554439
170.6000000000 -3.9983230306
170.7000000000 -4.1472893558
170.8000000000 -4.2941895903
170.9000000000 -4.4390585664
171.0000000000 -4.5819307623
171.1000000000 -4.7228402885
171.2000000000 -4.8618208752
171.3000000000 -4.9989058605
171.4000000000 -5.1341281807
171.5000000000 -5.2675203609
171.6000000000 -5.3991145067
171.7000000000 -5.5289422979
171.8000000000 -5.6570349816
171.9000000000 -5.7834233676
172.0000000000 -5.9081378238
172.1000000000 -6.0312082731
172.2000000000 -6.1526641902
172.3000000000 -6.2725346002
172.4000000000 -6.3908480770
172.5000000000 -6.5076327429
172.6000000000 -6.6229162683
172.7000000000 -6.7367258727
172.8000000000 -6.8490883254
172.9000000000 -6.9600299474
173.0000000000 -7.0695766131
173.1000000000 -7.1777537532
173.2000000000 -7.2845863572
173.3000000000 -7.3900989767
173.4000000000 -7.4943157290
173.5000000000 -7.5972603012
173.6000000000 -7.6989559536
173.7000000000 -7.7994255251
173.8000000000 -7.8986914366
173.9000000000 -7.9967756970
174.0000000000 -8.0936999073
174.1000000000 -8.1894852662
174.2000000000 -8.2841525751
174.3000000000 -8.3777222438
174.4000000000 -8.4702142957
174.5000000000 -8.5616483738
174.6000000000 -8.6520437460
174.7000000000 -8.7414193109
174.8000000000 -8.8297936038
174.9000000000 -8.9171848025
175.0000000000 -9.0036107329
175.1000000000 -9.0890888751
175.2000000000 -9.1736363693
175.3000000000 -9.2572700215
175.4000000000 -9.3400063094
175.5000000000 -9.4218613884
175.6000000000 -9.5028510974
175.7000000000 -9.5829909642
175.8000000000 -9.6622962118
175.9000000000 -9.7407817639
176.0000000000 -9.8184622503
176.1000000000 -9.8953520128
176.2000000000 -9.9714651107
176.3000000000 -10.0468153263
176.4000000000 -10.1214161700
176.5000000000 -10.1952808864
176.6000000000 -10.2684224586
176.7000000000 -10.3408536143
176.8000000000 -10.4125868304
176.9000000000 -10.4836343384
177.0000000000 -10.5540081290
177.1000000000 -10.6237199576
177.2000000000 -10.6927813485
177.3000000000 -10.7612036001
177.4000000000 -10.8289977895
177.5000000000 -10.8961747768
177.6000000000 -10.9627452103
177.7000000000 -11.0287195300
177.8000000000 -11.0941079728
177.9000000000 -11.1589205764
178.0000000000 -11.2231671835
178.1000000000 -11.2868574461
178.2000000000 -11.3500008292
178.3000000000 -11.4126066153
178.4000000000 -11.4746839075
178.5000000000 -11.5362416344
178.6000000000 -11.5972885528
178.7000000000 -11.6578332518
178.8000000000 -11.7178841566
178.9000000000 -11.7774495316
179.0000000000 -11.8365374842
179.1000000000 -11.8951559677
179.2000000000 -11.9533127853
179.3000000000 -12.0110155924
179.4000000000 -12.0682719009
179.5000000000 -12.1250890811
179.6000000000 -12.1814743657
179.7000000000 -12.2374348522
179.8000000000 -12.2929775060
179.9000000000 -12.3481091631
180.0000000000 -12.4028365332
180.1000000000 -12.4571662018
180.2000000000 -12.5111046337
180.3000000000 -12.5646581747
180.4000000000 -12.6178330549
180.5000000000 -12.6706353907
180.6000000000 -12.7230711874
180.7000000000 -12.7751463415
180.8000000000 -12.8268666431
180.9000000000 -12.8782377781
181.0000000000 -12.9292653306
181.1000000000 -12.9799547848
181.2000000000 -13.0303115271
181.3000000000 -13.0803408487
181.4000000000 -13.1300479468
181.5000000000 -13.1794379274
181.6000000000 -13.2285158065
181.7000000000 -13.2772865126
181.8000000000 -13.3257548882
181.9000000000 -13.3739256916
182.0000000000 -13.4218035991
182.1000000000 -13.4693932060
182.2000000000 -13.5166990289
182.3000000000 -13.5637255071
182.4000000000 -13.6104770042
182.5000000000 -13.6569578097
182.6000000000 -13.7031721407
182.7000000000 -13.7491241432
182.8000000000 -13.7948178936
182.9000000000 -13.8402574002
183.0000000000 -13.8854466046
183.1000000000 -13.9303893832
183.2000000000 -13.9750895481
183.3000000000 -14.0195508490
183.4000000000 -14.0637769742
183.5000000000 -14.1077715517
183.6000000000 -14.1515381507
183.7000000000 -14.1950802828
183.8000000000 -14.2384014028
183.9000000000 -14.2815049105
184.0000000000 -14.3243941510
184.1000000000 -14.3670724167
184.2000000000 -14.4095429476
184.3000000000 -14.4518089328
184.4000000000 -14.4938735113
184.5000000000 -14.5357397732
184.6000000000 -14.5774107605
184.7000000000 -14.6188894683
184.8000000000 -14.6601788452
184.9000000000 -14.7012817950
185.0000000000 -14.7422011771
185.1000000000 -14.7829398072
185.2000000000 -14.8235004588
185.3000000000 -14.8638858634
185.4000000000 -14.9040987117
185.5000000000 -14.9441416544
185.6000000000 -14.9840173026
185.7000000000 -15.0237282291
185.8000000000 -15.0632769687
185.9000000000 -15.1026660194
186.0000000000 -15.1418978427
186.1000000000 -15.1809748643
186.2000000000 -15.2198994752
186.3000000000 -15.2586740321
186.4000000000 -15.2973008579
186.5000000000 -15.3357822428
186.6000000000 -15.3741204444
186.7000000000 -15.4123176887
186.8000000000 -15.4503761706
186.9000000000 -15.4882980544
187.0000000000 -15.5260854745
187.1000000000 -15.5637405361
187.2000000000 -15.6012653151
187.3000000000 -15.6386618597
187.4000000000 -15.6759321899
187.5000000000 -15.7130782986
187.6000000000 -15.7501021522
187.7000000000 -15.7870056906
187.8000000000 -15.8237908280
187.9000000000 -15.8604594535
188.0000000000 -15.8970134314
188.1000000000 -15.9334546014
188.2000000000 -15.9697847797
188.3000000000 -16.0060057587
188.4000000000 -16.0421193082
188.5000000000 -16.0781271750
188.6000000000 -16.1140310839
188.7000000000 -16.1498327381
188.8000000000 -16.1855338191
188.9000000000 -16.2211359876
189.0000000000 -16.2566408837
189.1000000000 -16.2920501273
189.2000000000 -16.3273653183
189.3000000000 -16.3625880372
189.4000000000 -16.3977198452
189.5000000000 -16.4327622849
189.6000000000 -16.4677168802
189.7000000000 -16.5025851369
189.8000000000 -16.5373685432
189.9000000000 -16.5720685696
190.0000000000 -16.6066866692
190.1000000000 -16.6412242787
190.2000000000 -16.6756828177
190.3000000000 -16.7100636898
190.4000000000 -16.7443682825
190.5000000000 -16.7785979677
190.6000000000 -16.8127541015
190.7000000000 -16.8468380253
190.8000000000 -16.8808510651
190.9000000000 -16.9147945325
191.0000000000 -16.9486697247
191.1000000000 -16.9824779248
191.2000000000 -17.0162204018
191.3000000000 -17.0498984111
191.4000000000 -17.0835131948
191.5000000000 -17.1170659817
191.6000000000 -17.1505579877
191.7000000000 -17.1839904160
191.8000000000 -17.2173644570
191.9000000000 -17.2506812892
192.0000000000 -17.2839420788
192.1000000000 -17.3171479801
192.2000000000 -17.3503001359
192.3000000000 -17.3833996772
192.4000000000 -17.4164477241
192.5000000000 -17.4494453854
192.6000000000 -17.4823937591
192.7000000000 -17.5152939324
192.8000000000 -17.5481469822
192.9000000000 -17.5809539747
193.0000000000 -17.6137159663
193.1000000000 -17.6464340032
193.2000000000 -17.6791091220
193.3000000000 -17.7117423494
193.4000000000 -17.7443347028
193.5000000000 -17.7768871903
193.6000000000 -17.8094008107
193.7000000000 -17.8418765539
193.8000000000 -17.8743154011
193.9000000000 -17.9067183246
194.0000000000 -17.9390862882
194.1000000000 -17.9714202475
194.2000000000 -18.0037211495
194.3000000000 -18.0359899336
194.4000000000 -18.0682275307
194.5000000000 -18.1004348644
194.6000000000 -18.1326128502
194.7000000000 -18.1647623963
194.8000000000 -18.1968844034
194.9000000000 -18.2289797649
195.0000000000 -18.2610493671
195.1000000000 -18.2930940891
195.2000000000 -18.3251148034
195.3000000000 -18.3571123754
195.4000000000 -18.3890876640
195.5000000000 -18.4210415215
195.6000000000 -18.4529747938
195.7000000000 -18.4848883204
195.8000000000 -18.5167829347
195.9000000000 -18.5486594639
196.0000000000 -18.5805187293
196.1000000000 -18.6123615463
196.2000000000 -18.6441887244
196.3000000000 -18.6760010677
196.4000000000 -18.7077993744
196.5000000000 -18.7395844375
196.6000000000 -18.7713570445
196.7000000000 -18.8031179776
196.8000000000 -18.8348680140
196.9000000000 -18.8666079256
197.0000000000 -18.8983384795
197.1000000000 -18.9300604377
197.2000000000 -18.9617745577
197.3000000000 -18.9934815919
197.4000000000 -19.0251822885
197.5000000000 -19.0568773907
197.6000000000 -19.0885676378
197.7000000000 -19.1202537641
197.8000000000 -19.1519365001
197.9000000000 -19.1836165720
198.0000000000 -19.2152947016
198.1000000000 -19.2469716071
198.2000000000 -19.2786480023
198.3000000000 -19.3103245974
198.4000000000 -19.3420020986
198.5000000000 -19.3736812086
198.6000000000 -19.4053626261
198.7000000000 -19.4370470466
198.8000000000 -19.4687351618
198.9000000000 -19.5004276599
199.0000000000 -19.5321252260
199.1000000000 -19.5638285416
199.2000000000 -19.5955382852
199.3000000000 -19.6272551320
199.4000000000 -19.6589797540
199.5000000000 -19.6907128203
199.6000000000 -19.7224549969
199.7000000000 -19.7542069471
199.8000000000 -19.7859693310
199.9000000000 -19.8177428061
200.0000000000 -19.8495280272
200.1000000000 -19.8813256463
200.2000000000 -19.9131363129
200.3000000000 -19.9449606738
200.4000000000 -19.9767993734
200.5000000000 -20.0086530536
200.6000000000 -20.0405223540
200.7000000000 -20.0724079116
200.8000000000 -20.1043103614
200.9000000000 -20.1362303359
201.0000000000 -20.1681684658
201.1000000000 -20.2001253792
201.2000000000 -20.2321017025
201.3000000000 -20.2640980598
201.4000000000 -20.2961150734
201.5000000000 -20.3281533635
201.6000000000 -20.3602135485
201.7000000000 -20.3922962451
201.8000000000 -20.4244020678
201.9000000000 -20.4565316299
202.0000000000 -20.4886855425
202.1000000000 -20.5208644153
202.2000000000 -20.5530688563
202.3000000000 -20.5852994720
202.4000000000 -20.6175568672
202.5000000000 -20.6498416455
202.6000000000 -20.6821544087
202.7000000000 -20.7144957574
202.8000000000 -20.7468662908
202.9000000000 -20.7792666067
203.0000000000 -20.8116973017
203.1000000000 -20.8441589712
203.2000000000 -20.8766522092
203.3000000000 -20.9091776085
203.4000000000 -20.9417357610
203.5000000000 -20.9743272573
203.6000000000 -21.0069526870
203.7000000000 -21.0396126385
203.8000000000 -21.0723076995
203.9000000000 -21.1050384565
204.0000000000 -21.1378054950
204.1000000000 -21.1706093998
204.2000000000 -21.2034507547
204.3000000000 -21.2363301427
204.4000000000 -21.2692481460
204.5000000000 -21.3022053458
204.6000000000 -21.3352023229
204.7000000000 -21.3682396572
204.8000000000 -21.4013179278
204.9000000000 -21.4344377132
205.0000000000 -21.4675995914
205.1000000000 -21.5008041397
205.2000000000 -21.5340519346
205.3000000000 -21.5673435524
205.4000000000 -21.6006795686
205.5000000000 -21.6340605583
205.6000000000 -21.6674870961
205.7000000000 -21.7009597562
205.8000000000 -21.7344791121
205.9000000000 -21.7680457372
206.0000000000 -21.8016602044
206.1000000000 -21.8353230861
206.2000000000 -21.8690349546
206.3000000000 -21.9027963817
206.4000000000 -21.9366079389
206.5000000000 -21.9704701974
206.6000000000 -22.0043837282
206.7000000000 -22.0383491021
206.8000000000 -22.0723668895
206.9000000000 -22.1064376608
207.0000000000 -22.1405619861
207.1000000000 -22.1747404352
207.2000000000 -22.2089735780
207.3000000000 -22.2432619841
207.4000000000 -22.2776062231
207.5000000000 -22.3120068642
207.6000000000 -22.3464644769
207.7000000000 -22.3809796303
207.8000000000 -22.4155528937
207.9000000000 -22.4501848362
208.0000000000 -22.4848760268
208.1000000000 -22.5196270347
208.2000000000 -22.5544384289
208.3000000000 -22.5893107785
208.4000000000 -22.6242446525
208.5000000000 -22.6592406200
208.6000000000 -22.6942992502
208.7000000000 -22.7294211124
208.8000000000 -22.7646067756
208.9000000000 -22.7998568093
209.0000000000 -22.8351717828
209.1000000000 -22.8705522656
209.2000000000 -22.9059988273
209.3000000000 -22.9415120375
209.4000000000 -22.9770924660
209.5000000000 -23.0127406827
209.6000000000 -23.0484572576
209.7000000000 -23.0842427608
209.8000000000 -23.1200977625
209.9000000000 -23.1560228332
210.0000000000 -23.1920185434
210.1000000000 -23.2280854637
210.2000000000 -23.2642241651
210.3000000000 -23.3004352183
210.4000000000 -23.3367191947
210.5000000000 -23.3730766653
210.6000000000 -23.4095082018
210.7000000000 -23.4460143755
210.8000000000 -23.4825957584
210.9000000000 -23.5192529222
211.0000000000 -23.5559864391
211.1000000000 -23.5927968812
211.2000000000 -23.6296848208
211.3000000000 -23.6666508305
211.4000000000 -23.7036954829
211.5000000000 -23.7408193509
211.6000000000 -23.7780230072
211.7000000000 -23.8153070251
211.8000000000 -23.8526719777
211.9000000000 -23.8901184383
212.0000000000 -23.9276469804
212.1000000000 -23.9652581775
212.2000000000 -24.0029526032
212.3000000000 -24.0407308315
212.4000000000 -24.0785934360
212.5000000000 -24.1165409907
212.6000000000 -24.1545740696
212.7000000000 -24.1926932469
212.8000000000 -24.2308990966
212.9000000000 -24.2691921928
213.0000000000 -24.3075731099
213.1000000000 -24.3460424219
213.2000000000 -24.3846007031
213.3000000000 -24.4232485278
213.4000000000 -24.4619864701
213.5000000000 -24.5008151042
213.6000000000 -24.5397350041
213.7000000000 -24.5787467441
213.8000000000 -24.6178508979
213.9000000000 -24.6570480394
214.0000000000 -24.6963387425
214.1000000000 -24.7357235808
214.2000000000 -24.7752031276
214.3000000000 -24.8147779564
214.4000000000 -24.8544486402
214.5000000000 -24.8942157519
214.6000000000 -24.9340798642
214.7000000000 -24.9740415495
214.8000000000 -25.0141013800
214.9000000000 -25.0542599275
215.0000000000 -25.0945177634
215.1000000000 -25.1348754591
215.2000000000 -25.1753335853
215.3000000000 -25.2158927124
215.4000000000 -25.2565534104
215.5000000000 -25.2973162488
215.6000000000 -25.3381817968
215.7000000000 -25.3791506229
215.8000000000 -25.4202232951
215.9000000000 -25.4614003809
216.0000000000 -25.5026824472
216.1000000000 -25.5440700602
216.2000000000 -25.5855637856
216.3000000000 -25.6271641882
216.4000000000 -25.6688718323
216.5000000000 -25.7106872813
216.6000000000 -25.7526110978
216.7000000000 -25.7946438438
216.8000000000 -25.8367860801
216.9000000000 -25.8790383670
217.0000000000 -25.9214012634
217.1000000000 -25.9638753277
217.2000000000 -26.0064611170
217.3000000000 -26.0491591875
217.4000000000 -26.0919700942
217.5000000000 -26.1348943910
217.6000000000 -26.1779326307
217.7000000000 -26.2210853648
217.8000000000 -26.2643531437
217.9000000000 -26.3077365164
218.0000000000 -26.3512360305
218.1000000000 -26.3948522323
218.2000000000 -26.4385856666
218.3000000000 -26.4824368769
218.4000000000 -26.5264064049
218.5000000000 -26.5704947910
218.6000000000 -26.6147025739
218.7000000000 -26.6590302904
218.8000000000 -26.7034784760
218.9000000000 -26.7480476640
219.0000000000 -26.7927383862
219.1000000000 -26.8375511724
219.2000000000 -26.8824865504
219.3000000000 -26.9275450463
219.4000000000 -26.9727271838
219.5000000000 -27.0180334847
219.6000000000 -27.0634644686
219.7000000000 -27.1090206531
219.8000000000 -27.1547025532
219.9000000000 -27.2005106819
220.0000000000 -27.2464455496
220.1000000000 -27.2925076643
220.2000000000 -27.3386975317
220.3000000000 -27.3850156547
220.4000000000 -27.4314625337
220.5000000000 -27.4780386664
220.6000000000 -27.5247445478
220.7000000000 -27.5715806701
220.8000000000 -27.6185475224
220.9000000000 -27.6656455913
221.0000000000 -27.7128753600
221.1000000000 -27.7602373088
221.2000000000 -27.8077319149
221.3000000000 -27.8553596522
221.4000000000 -27.9031209914
221.5000000000 -27.9510164000
221.6000000000 -27.9990463417
221.7000000000 -28.0472112771
221.8000000000 -28.0955116631
221.9000000000 -28.1439479530
222.0000000000 -28.1925205964
222.1000000000 -28.2412300392
222.2000000000 -28.2900767233
222.3000000000 -28.3390610869
222.4000000000 -28.3881835640
222.5000000000 -28.4374445847
222.6000000000 -28.4868445750
222.7000000000 -28.5363839565
222.8000000000 -28.5860631466
222.9000000000 -28.6358825585
223.0000000000 -28.6858426007
223.1000000000 -28.7359436774
223.2000000000 -28.7861861879
223.3000000000 -28.8365705273
223.4000000000 -28.8870970854
223.5000000000 -28.9377662476
223.6000000000 -28.9885783942
223.7000000000 -29.0395339005
223.8000000000 -29.0906331367
223.9000000000 -29.1418764680
224.0000000000 -29.1932642541
224.1000000000 -29.2447968497
224.2000000000 -29.2964746038
224.3000000000 -29.3482978601
224.4000000000 -29.4002669566
224.5000000000 -29.4523822259
224.6000000000 -29.5046439944
224.7000000000 -29.5570525832
224.8000000000 -29.6096083072
224.9000000000 -29.6623114754
225.0000000000 -29.7151623906
225.1000000000 -29.7681613497
225.2000000000 -29.8213086431
225.3000000000 -29.8746045550
225.4000000000 -29.9280493633
225.5000000000 -29.9816433392
225.6000000000 -30.0353867474
225.7000000000 -30.0892798460
225.8000000000 -30.1433228863
225.9000000000 -30.1975161127
226.0000000000 -30.2518597629
226.1000000000 -30.3063540674
226.2000000000 -30.3609992496
226.3000000000 -30.4157955259
226.4000000000 -30.4707431053
226.5000000000 -30.5258421896
226.6000000000 -30.5810929730
226.7000000000 -30.6364956424
226.8000000000 -30.6920503769
226.9000000000 -30.7477573481
227.0000000000 -30.8036167199
227.1000000000 -30.8596286480
227.2000000000 -30.9157932807
227.3000000000 -30.9721107579
227.4000000000 -31.0285812116
227.5000000000 -31.0852047656
227.6000000000 -31.1419815354
227.7000000000 -31.1989116285
227.8000000000 -31.2559951435
227.9000000000 -31.3132321709
228.0000000000 -31.3706227925
228.1000000000 -31.4281670816
228.2000000000 -31.4858651025
228.3000000000 -31.5437169112
228.4000000000 -31.6017225543
228.5000000000 -31.6598820699
228.6000000000 -31.7181954868
228.7000000000 -31.7766628250
228.8000000000 -31.8352840952
228.9000000000 -31.8940592988
229.0000000000 -31.9529884281
229.1000000000 -32.0120714660
229.2000000000 -32.0713083858
229.3000000000 -32.1306991515
229.4000000000 -32.1902437176
229.5000000000 -32.2499420288
229.6000000000 -32.3097940201
229.7000000000 -32.3697996171
229.8000000000 -32.4299587352
229.9000000000 -32.4902712800
230.0000000000 -32.5507371475
230.1000000000 -32.6113562234
230.2000000000 -32.6721283834
230.3000000000 -32.7330534932
230.4000000000 -32.7941314083
230.5000000000 -32.8553619742
230.6000000000 -32.9167450259
230.7000000000 -32.9782803881
230.8000000000 -33.0399678755
230.9000000000 -33.1018072921
231.0000000000 -33.1637984316
231.1000000000 -33.2259410771
231.2000000000 -33.2882350014
231.3000000000 -33.3506799667
231.4000000000 -33.4132757245
231.5000000000 -33.4760220158
231.6000000000 -33.5389185710
231.7000000000 -33.6019651095
231.8000000000 -33.6651613405
231.9000000000 -33.7285069620
232.0000000000 -33.7920016615
232.1000000000 -33.8556451157
232.2000000000 -33.9194369903
232.3000000000 -33.9833769403
232.4000000000 -34.0474646100
232.5000000000 -34.1116996327
232.6000000000 -34.1760816307
232.7000000000 -34.2406102156
232.8000000000 -34.3052849880
232.9000000000 -34.3701055377
233.0000000000 -34.4350714435
233.1000000000 -34.5001822734
233.2000000000 -34.5654375843
233.3000000000 -34.6308369224
233.4000000000 -34.6963798228
233.5000000000 -34.7620658100
233.6000000000 -34.8278943971
233.7000000000 -34.8938650869
233.8000000000 -34.9599773710
233.9000000000 -35.0262307302
234.0000000000 -35.0926246345
234.1000000000 -35.1591585430
234.2000000000 -35.2258319041
234.3000000000 -35.2926441555
234.4000000000 -35.3595947239
234.5000000000 -35.4266830257
234.6000000000 -35.4939084663
234.7000000000 -35.5612704405
234.8000000000 -35.6287683327
234.9000000000 -35.6964015164
235.0000000000 -35.7641693548
235.1000000000 -35.8320712007
235.2000000000 -35.9001063963
235.3000000000 -35.9682742735
235.4000000000 -36.0365741538
235.5000000000 -36.1050053484
235.6000000000 -36.1735671586
235.7000000000 -36.2422588751
235.8000000000 -36.3110797788
235.9000000000 -36.3800291404
236.0000000000 -36.4491062207
236.1000000000 -36.5183102708
236.2000000000 -36.5876405315
236.3000000000 -36.6570962344
236.4000000000 -36.7266766010
236.5000000000 -36.7963808434
236.6000000000 -36.8662081642
236.7000000000 -36.9361577565
236.8000000000 -37.0062288042
236.9000000000 -37.0764204816
237.0000000000 -37.1467319543
237.1000000000 -37.2171623785
237.2000000000 -37.2877109015
237.3000000000 -37.3583766619
237.4000000000 -37.4291587891
237.5000000000 -37.5000564044
237.6000000000 -37.5710686200
237.7000000000 -37.6421945400
237.8000000000 -37.7134332599
237.9000000000 -37.7847838672
238.0000000000 -37.8562454411
238.1000000000 -37.9278170528
238.2000000000 -37.9994977657
238.3000000000 -38.0712866352
238.4000000000 -38.1431827094
238.5000000000 -38.2151850285
238.6000000000 -38.2872926256
238.7000000000 -38.3595045262
238.8000000000 -38.4318197490
238.9000000000 -38.5042373055
239.0000000000 -38.5767562003
239.1000000000 -38.6493754312
239.2000000000 -38.7220939896
239.3000000000 -38.7949108601
239.4000000000 -38.8678250214
239.5000000000 -38.9408354455
239.6000000000 -39.0139410987
239.7000000000 -39.0871409414
239.8000000000 -39.1604339279
239.9000000000 -39.2338190073
240.0000000000 -39.3072951230
240.1000000000 -39.3808612131
240.2000000000 -39.4545162105
240.3000000000 -39.5282590433
240.4000000000 -39.6020886344
240.5000000000 -39.6760039023
240.6000000000 -39.7500037609
240.7000000000 -39.8240871195
240.8000000000 -39.8982528833
240.9000000000 -39.9724999536
241.0000000000 -40.0468272275
241.1000000000 -40.1212335984
241.2000000000 -40.1957179563
241.3000000000 -40.2702791876
241.4000000000 -40.3449161755
241.5000000000 -40.4196278000
241.6000000000 -40.4944129383
241.7000000000 -40.5692704647
241.8000000000 -40.6441992510
241.9000000000 -40.7191981665
242.0000000000 -40.7942660781
242.1000000000 -40.8694018509
242.2000000000 -40.9446043478
242.3000000000 -41.0198724299
242.4000000000 -41.0952049569
242.5000000000 -41.1706007869
242.6000000000 -41.2460587767
242.7000000000 -41.3215777822
242.8000000000 -41.3971566580
242.9000000000 -41.4727942583
243.0000000000 -41.5484894365
243.1000000000 -41.6242410454
243.2000000000 -41.7000479380
243.3000000000 -41.7759089667
243.4000000000 -41.8518229841
243.5000000000 -41.9277888433
243.6000000000 -42.0038053974
243.7000000000 -42.0798715002
243.8000000000 -42.1559860063
243.9000000000 -42.2321477710
244.0000000000 -42.3083556509
244.1000000000 -42.3846085036
244.2000000000 -42.4609051880
244.3000000000 -42.5372445646
244.4000000000 -42.6136254959
244.5000000000 -42.6900468456
244.6000000000 -42.7665074800
244.7000000000 -42.8430062672
244.8000000000 -42.9195420777
244.9000000000 -42.9961137845
245.0000000000 -43.0727202633
245.1000000000 -43.1493603922
245.2000000000 -43.2260330528
245.3000000000 -43.3027371292
245.4000000000 -43.3794715091
245.5000000000 -43.4562350834
245.6000000000 -43.5330267466
245.7000000000 -43.6098453967
245.8000000000 -43.6866899356
245.9000000000 -43.7635592692
246.0000000000 -43.8404523073
246.1000000000 -43.9173679642
246.2000000000 -43.9943051581
246.3000000000 -44.0712628122
246.4000000000 -44.1482398540
246.5000000000 -44.2252352157
246.6000000000 -44.3022478347
246.7000000000 -44.3792766530
246.8000000000 -44.4563206181
246.9000000000 -44.5333786826
247.0000000000 -44.6104498043
247.1000000000 -44.6875329469
247.2000000000 -44.7646270793
247.3000000000 -44.8417311765
247.4000000000 -44.9188442191
247.5000000000 -44.9959651937
247.6000000000 -45.0730930930
247.7000000000 -45.1502269161
247.8000000000 -45.2273656679
247.9000000000 -45.3045083601
248.0000000000 -45.3816540109
248.1000000000 -45.4588016448
248.2000000000 -45.5359502932
248.3000000000 -45.6130989943
248.4000000000 -45.6902467930
248.5000000000 -45.7673927415
248.6000000000 -45.8445358989
248.7000000000 -45.9216753312
248.8000000000 -45.9988101121
248.9000000000 -46.0759393223
249.0000000000 -46.1530620499
249.1000000000 -46.2301773908
249.2000000000 -46.3072844482
249.3000000000 -46.3843823329
249.4000000000 -46.4614701634
249.5000000000 -46.5385470663
249.6000000000 -46.6156121756
249.7000000000 -46.6926646335
249.8000000000 -46.7697035901
249.9000000000 -46.8467282035
250.0000000000 -46.9237376399
250.1000000000 -47.0007310737
250.2000000000 -47.0777076874
250.3000000000 -47.1546666719
250.4000000000 -47.2316072263
250.5000000000 -47.3085285580
250.6000000000 -47.3854298830
250.7000000000 -47.4623104256
250.8000000000 -47.5391694186
250.9000000000 -47.6160061032
251.0000000000 -47.6928197295
251.1000000000 -47.7696095558
251.2000000000 -47.8463748493
251.3000000000 -47.9231148858
251.4000000000 -47.9998289496
251.5000000000 -48.0765163339
251.6000000000 -48.1531763407
251.7000000000 -48.2298082804
251.8000000000 -48.3064114727
251.9000000000 -48.3829852456
252.0000000000 -48.4595289361
252.1000000000 -48.5360418902
252.2000000000 -48.6125234623
252.3000000000 -48.6889730161
252.4000000000 -48.7653899239
252.5000000000 -48.8417735668
252.6000000000 -48.9181233350
252.7000000000 -48.9944386272
252.8000000000 -49.0707188512
252.9000000000 -49.1469634237
253.0000000000 -49.2231717701
253.1000000000 -49.2993433246
253.2000000000 -49.3754775304
253.3000000000 -49.4515738393
253.4000000000 -49.5276317122
253.5000000000 -49.6036506185
253.6000000000 -49.6796300366
253.7000000000 -49.7555694534
253.8000000000 -49.8314683648
253.9000000000 -49.9073262753
254.0000000000 -49.9831426980
254.1000000000 -50.0589171549
254.2000000000 -50.1346491763
254.3000000000 -50.2103383014
254.4000000000 -50.2859840780
254.5000000000 -50.3615860621
254.6000000000 -50.4371438186
254.7000000000 -50.5126569206
254.8000000000 -50.5881249498
254.9000000000 -50.6635474964
255.0000000000 -50.7389241586
255.1000000000 -50.8142545432
255.2000000000 -50.8895382653
255.3000000000 -50.9647749480
255.4000000000 -51.0399642228
255.5000000000 -51.1151057293
255.6000000000 -51.1901991151
255.7000000000 -51.2652440359
255.8000000000 -51.3402401554
255.9000000000 -51.4151871452
256.0000000000 -51.4900846847
256.1000000000 -51.5649324613
256.2000000000 -51.6397301700
256.3000000000 -51.7144775136
256.4000000000 -51.7891742024
256.5000000000 -51.8638199546
256.6000000000 -51.9384144956
256.7000000000 -52.0129575583
256.8000000000 -52.0874488831
256.9000000000 -52.1618882178
257.0000000000 -52.2362753172
257.1000000000 -52.3106099434
257.2000000000 -52.3848918658
257.3000000000 -52.4591208606
257.4000000000 -52.5332967111
257.5000000000 -52.6074192075
257.6000000000 -52.6814881467
257.7000000000 -52.7555033326
257.8000000000 -52.8294645755
257.9000000000 -52.9033716925
258.0000000000 -52.9772245071
258.1000000000 -53.0510228495
258.2000000000 -53.1247665559
258.3000000000 -53.1984554689
258.4000000000 -53.2720894375
258.5000000000 -53.3456683167
258.6000000000 -53.4191919674
258.7000000000 -53.4926602566
258.8000000000 -53.5660730571
258.9000000000 -53.6394302475
259.0000000000 -53.7127317123
259.1000000000 -53.7859773412
259.2000000000 -53.8591670297
259.3000000000 -53.9323006786
259.4000000000 -54.0053781943
259.5000000000 -54.0783994881
259.6000000000 -54.1513644766
259.7000000000 -54.2242730816
259.8000000000 -54.2971252296
259.9000000000 -54.3699208523
260.0000000000 -54.4426598860
260.1000000000 -54.5153422716
260.2000000000 -54.5879679549
260.3000000000 -54.6605368859
260.4000000000 -54.7330490193
260.5000000000 -54.8055043137
260.6000000000 -54.8779027325
260.7000000000 -54.9502442426
260.8000000000 -55.0225288154
260.9000000000 -55.0947564260
261.0000000000 -55.1669270533
261.1000000000 -55.2390406801
261.2000000000 -55.3110972926
261.3000000000 -55.3830968807
261.4000000000 -55.4550394378
261.5000000000 -55.5269249603
261.6000000000 -55.5987534481
261.7000000000 -55.6705249041
261.8000000000 -55.7422393344
261.9000000000 -55.8138967479
262.0000000000 -55.8854971561
262.1000000000 -55.9570405737
262.2000000000 -56.0285270175
262.3000000000 -56.0999565072
262.4000000000 -56.1713290648
262.5000000000 -56.2426447144
262.6000000000 -56.3139034826
262.7000000000 -56.3851053980
262.8000000000 -56.4562504911
262.9000000000 -56.5273387943
263.0000000000 -56.5983703419
263.1000000000 -56.6693451699
263.2000000000 -56.7402633157
263.3000000000 -56.8111248183
263.4000000000 -56.8819297181
263.5000000000 -56.9526780567
263.6000000000 -57.0233698769
263.7000000000 -57.0940052224
263.8000000000 -57.1645841381
263.9000000000 -57.2351066697
264.0000000000 -57.3055728635
264.1000000000 -57.3759827666
264.2000000000 -57.4463364264
264.3000000000 -57.5166338911
264.4000000000 -57.5868752090
264.5000000000 -57.6570604285
264.6000000000 -57.7271895984
264.7000000000 -57.7972627675
264.8000000000 -57.8672799842
264.9000000000 -57.9372412971
265.0000000000 -58.0071467543
265.1000000000 -58.0769964035
265.2000000000 -58.1467902920
265.3000000000 -58.2165284665
265.4000000000 -58.2862109730
265.5000000000 -58.3558378566
265.6000000000 -58.4254091616
265.7000000000 -58.4949249313
265.8000000000 -58.5643852079
265.9000000000 -58.6337900324
266.0000000000 -58.7031394444
266.1000000000 -58.7724334823
266.2000000000 -58.8416721829
266.3000000000 -58.9108555813
266.4000000000 -58.9799837112
266.5000000000 -59.0490566041
266.6000000000 -59.1180742901
266.7000000000 -59.1870367970
266.8000000000 -59.2559441505
266.9000000000 -59.3247963744
267.0000000000 -59.3935934899
267.1000000000 -59.4623355163
267.2000000000 -59.5310224699
267.3000000000 -59.5996543649
267.4000000000 -59.6682312126
267.5000000000 -59.7367530219
267.6000000000 -59.8052197984
267.7000000000 -59.8736315453
267.8000000000 -59.9419882626
267.9000000000 -60.0102899471
268.0000000000 -60.0785365926
268.1000000000 -60.1467281896
268.2000000000 -60.2148647254
268.3000000000 -60.2829461836
268.4000000000 -60.3509725446
268.5000000000 -60.4189437850
268.6000000000 -60.4868598779
268.7000000000 -60.5547207926
268.8000000000 -60.6225264945
268.9000000000 -60.6902769451
269.0000000000 -60.7579721021
269.1000000000 -60.8256119191
269.2000000000 -60.8931963453
269.3000000000 -60.9607253261
269.4000000000 -61.0281988023
269.5000000000 -61.0956167106
269.6000000000 -61.1629789830
269.7000000000 -61.2302855473
269.8000000000 -61.2975363267
269.9000000000 -61.3647312395
270.0000000000 -61.4318701997
270.1000000000 -61.4989531163
270.2000000000 -61.5659798936
270.3000000000 -61.6329504309
270.4000000000 -61.6998646227
270.5000000000 -61.7667223584
270.6000000000 -61.8335235224
270.7000000000 -61.9002679940
270.8000000000 -61.9669556474
270.9000000000 -62.0335863514
271.0000000000 -62.1001599696
271.1000000000 -62.1666763603
271.2000000000 -62.2331353766
271.3000000000 -62.2995368659
271.4000000000 -62.3658806702
271.5000000000 -62.4321666261
271.6000000000 -62.4983945647
271.7000000000 -62.5645643113
271.8000000000 -62.6306756856
271.9000000000 -62.6967285018
272.0000000000 -62.7627225683
272.1000000000 -62.8286576876
272.2000000000 -62.8945336568
272.3000000000 -62.9603502667
272.4000000000 -63.0261073027
272.5000000000 -63.0918045441
272.6000000000 -63.1574417643
272.7000000000 -63.2230187309
272.8000000000 -63.2885352055
272.9000000000 -63.3539909437
273.0000000000 -63.4193856952
273.1000000000 -63.4847192035
273.2000000000 -63.5499912064
273.3000000000 -63.6152014354
273.4000000000 -63.6803496160
273.5000000000 -63.7454354678
273.6000000000 -63.8104587042
273.7000000000 -63.8754190326
273.8000000000 -63.9403161541
273.9000000000 -64.0051497640
274.0000000000 -64.0699195515
274.1000000000 -64.1346251994
274.2000000000 -64.1992663849
274.3000000000 -64.2638427787
274.4000000000 -64.3283540457
274.5000000000 -64.3927998445
274.6000000000 -64.4571798279
274.7000000000 -64.5214936425
274.8000000000 -64.5857409289
274.9000000000 -64.6499213216
275.0000000000 -64.7140344493
275.1000000000 -64.7780799346
275.2000000000 -64.8420573941
275.3000000000 -64.9059664386
275.4000000000 -64.9698066728
275.5000000000 -65.0335776956
275.6000000000 -65.0972791002
275.7000000000 -65.1609104737
275.8000000000 -65.2244713976
275.9000000000 -65.2879614475
276.0000000000 -65.3513801935
276.1000000000 -65.4147271997
276.2000000000 -65.4780020247
276.3000000000 -65.5412042217
276.4000000000 -65.6043333379
276.5000000000 -65.6673889154
276.6000000000 -65.7303704905
276.7000000000 -65.7932775943
276.8000000000 -65.8561097523
276.9000000000 -65.9188664850
277.0000000000 -65.9815473073
277.1000000000 -66.0441517291
277.2000000000 -66.1066792551
277.3000000000 -66.1691293847
277.4000000000 -66.2315016126
277.5000000000 -66.2937954282
277.6000000000 -66.3560103162
277.7000000000 -66.4181457565
277.8000000000 -66.4802012239
277.9000000000 -66.5421761888
278.0000000000 -66.6040701168
278.1000000000 -66.6658824690
278.2000000000 -66.7276127020
278.3000000000 -66.7892602679
278.4000000000 -66.8508246145
278.5000000000 -66.9123051854
278.6000000000 -66.9737014199
278.7000000000 -67.0350127531
278.8000000000 -67.0962386164
278.9000000000 -67.1573784370
279.0000000000 -67.2184316382
279.1000000000 -67.2793976397
279.2000000000 -67.3402758574
279.3000000000 -67.4010657037
279.4000000000 -67.4617665873
279.5000000000 -67.5223779137
279.6000000000 -67.5828990849
279.7000000000 -67.6433294997
279.8000000000 -67.7036685540
279.9000000000 -67.7639156402
280.0000000000 -67.8240701481
280.1000000000 -67.8841314646
280.2000000000 -67.9440989738
280.3000000000 -68.0039720571
280.4000000000 -68.0637500934
280.5000000000 -68.1234324591
280.6000000000 -68.1830185283
280.7000000000 -68.2425076730
280.8000000000 -68.3018992626
280.9000000000 -68.3611926651
281.0000000000 -68.4203872460
281.1000000000 -68.4794823692
281.2000000000 -68.5384773969
281.3000000000 -68.5973716898
281.4000000000 -68.6561646067
281.5000000000 -68.7148555055
281.6000000000 -68.7734437424
281.7000000000 -68.8319286726
281.8000000000 -68.8903096502
281.9000000000 -68.9485860284
282.0000000000 -69.0067571594
282.1000000000 -69.0648223948
282.2000000000 -69.1227810856
282.3000000000 -69.1806325821
282.4000000000 -69.2383762342
282.5000000000 -69.2960113918
282.6000000000 -69.3535374042
282.7000000000 -69.4109536210
282.8000000000 -69.4682593916
282.9000000000 -69.5254540657
283.0000000000 -69.5825369930
283.1000000000 -69.6395075239
283.2000000000 -69.6963650092
283.3000000000 -69.7531088001
283.4000000000 -69.8097382487
283.5000000000 -69.8662527079
283.6000000000 -69.9226515315
283.7000000000 -69.9789340744
283.8000000000 -70.0350996925
283.9000000000 -70.0911477432
284.0000000000 -70.1470775849
284.1000000000 -70.2028885780
284.2000000000 -70.2585800841
284.3000000000 -70.3141514666
284.4000000000 -70.3696020908
284.5000000000 -70.4249313238
284.6000000000 -70.4801385347
284.7000000000 -70.5352230950
284.8000000000 -70.5901843781
284.9000000000 -70.6450217598
285.0000000000 -70.6997346187
285.1000000000 -70.7543223354
285.2000000000 -70.8087842937
285.3000000000 -70.8631198797
285.4000000000 -70.9173284827
285.5000000000 -70.9714094948
285.6000000000 -71.0253623111
285.7000000000 -71.0791863300
285.8000000000 -71.1328809531
285.9000000000 -71.1864455854
286.0000000000 -71.2398796353
286.1000000000 -71.2931825146
286.2000000000 -71.3463536392
286.3000000000 -71.3993924282
286.4000000000 -71.4522983049
286.5000000000 -71.5050706964
286.6000000000 -71.5577090337
286.7000000000 -71.6102127521
286.8000000000 -71.6625812909
286.9000000000 -71.7148140939
287.0000000000 -71.7669106090
287.1000000000 -71.8188702888
287.2000000000 -71.8706925903
287.3000000000 -71.9223769750
287.4000000000 -71.9739229094
287.5000000000 -72.0253298644
287.6000000000 -72.0765973160
287.7000000000 -72.1277247452
287.8000000000 -72.1787116377
287.9000000000 -72.2295574845
288.0000000000 -72.2802617818
288.1000000000 -72.3308240308
288.2000000000 -72.3812437382
288.3000000000 -72.4315204160
288.4000000000 -72.4816535816
288.5000000000 -72.5316427579
288.6000000000 -72.5814874734
288.7000000000 -72.6311872623
288.8000000000 -72.6807416642
288.9000000000 -72.7301502248
289.0000000000 -72.7794124954
289.1000000000 -72.8285280333
289.2000000000 -72.8774964016
289.3000000000 -72.9263171694
289.4000000000 -72.9749899119
289.5000000000 -73.0235142104
289.6000000000 -73.0718896521
289.7000000000 -73.1201158308
289.8000000000 -73.1681923461
289.9000000000 -73.2161188042
290.0000000000 -73.2638948175
290.1000000000 -73.3115200047
290.2000000000 -73.3589939909
290.3000000000 -73.4063164079
290.4000000000 -73.4534868937
290.5000000000 -73.5005050929
290.6000000000 -73.5473706567
290.7000000000 -73.5940832430
290.8000000000 -73.6406425160
290.9000000000 -73.6870481470
291.0000000000 -73.7332998135
291.1000000000 -73.7793972002
291.2000000000 -73.8253399982
291.3000000000 -73.8711279055
291.4000000000 -73.9167606269
291.5000000000 -73.9622378739
291.6000000000 -74.0075593651
291.7000000000 -74.0527248257
291.8000000000 -74.0977339878
291.9000000000 -74.1425865905
292.0000000000 -74.1872823798
292.1000000000 -74.2318211085
292.2000000000 -74.2762025366
292.3000000000 -74.3204264307
292.4000000000 -74.3644925645
292.5000000000 -74.4084007188
292.6000000000 -74.4521506812
292.7000000000 -74.4957422464
292.8000000000 -74.5391752160
292.9000000000 -74.5824493985
293.0000000000 -74.6255646096
293.1000000000 -74.6685206719
293.2000000000 -74.7113174149
293.3000000000 -74.7539546752
293.4000000000 -74.7964322964
293.5000000000 -74.8387501289
293.6000000000 -74.8809080303
293.7000000000 -74.9229058650
293.8000000000 -74.9647435045
293.9000000000 -75.0064208271
294.0000000000 -75.0479377181
294.1000000000 -75.0892940699
294.2000000000 -75.1304897814
294.3000000000 -75.1715247589
294.4000000000 -75.2123989152
294.5000000000 -75.2531121702
294.6000000000 -75.2936644505
294.7000000000 -75.3340556896
294.8000000000 -75.3742858280
294.9000000000 -75.4143548125
295.0000000000 -75.4542625973
295.1000000000 -75.4940091429
295.2000000000 -75.5335944167
295.3000000000 -75.5730183928
295.4000000000 -75.6122810520
295.5000000000 -75.6513823816
295.6000000000 -75.6903223757
295.7000000000 -75.7291010350
295.8000000000 -75.7677183666
295.9000000000 -75.8061743844
296.0000000000 -75.8444691086
296.1000000000 -75.8826025659
296.2000000000 -75.9205747895
296.3000000000 -75.9583858190
296.4000000000 -75.9960357005
296.5000000000 -76.0335244862
296.6000000000 -76.0708522348
296.7000000000 -76.1080190112
296.8000000000 -76.1450248865
296.9000000000 -76.1818699381
297.0000000000 -76.2185542495
297.1000000000 -76.2550779103
297.2000000000 -76.2914410162
297.3000000000 -76.3276436690
297.4000000000 -76.3636859765
297.5000000000 -76.3995680523
297.6000000000 -76.4352900161
297.7000000000 -76.4708519934
297.8000000000 -76.5062541156
297.9000000000 -76.5414965197
298.0000000000 -76.5765793486
298.1000000000 -76.6115027510
298.2000000000 -76.6462668810
298.3000000000 -76.6808718985
298.4000000000 -76.7153179688
298.5000000000 -76.7496052630
298.6000000000 -76.7837339573
298.7000000000 -76.8177042336
298.8000000000 -76.8515162790
298.9000000000 -76.8851702861
299.0000000000 -76.9186664526
299.1000000000 -76.9520049816
299.2000000000 -76.9851860812
299.3000000000 -77.0182099647
299.4000000000 -77.0510768506
299.5000000000 -77.0837869622
299.6000000000 -77.1163405280
299.7000000000 -77.1487377812
299.8000000000 -77.1809789601
299.9000000000 -77.2130643077
