-67.2058805761
-67.2071873893
-67.2099416077
-67.2144395413
-67.2211650958
-67.2308418332
-67.2445108156
-67.2636426067
-67.2902954814
-67.3273368623
-67.3787518095
-67.4500717485
-67.5489695638
-67.6860850779
-67.8761697262
-68.1396735755
-68.5049454241
-69.0112826784
-69.7131591256
-70.6860854414
-72.0347329305
-73.0076611511
-73.7095416130
-74.2158854236
-74.5811670755
-74.8446850299
-75.0347896026
-75.1719330037
-75.2708696690
-75.3422436006
-75.3937334917
-75.4308788307
-75.4576758616
-75.4770075164
-75.4909535717
-75.5010143999
-75.5082723853
-75.5135083709
-75.5172856649
-75.5200106438
-75.5219764717
-75.5233946403
-75.5244177217
-75.5251557832
-75.5256882284
-75.5260723399
-75.5263494419
-75.5265493461
-75.5266935590
-75.5267975958
-75.5268726489
-75.5269267931
-75.5269658532
-75.5269940316
-75.5270143598
-75.5270290247
-75.5270396042
-75.5270472363
-75.5270527422
-75.5270567142
-75.5270595796
-75.5270616468
-75.5270631381
-75.5270642139
-75.5270649900
-75.5270655499
-75.5270659538
-75.5270662452
-75.5270664554
-75.5270666071
-75.5270667165
-75.5270667954
-75.5270668523
-75.5270668934
-75.5270669230
-75.5270669444
-75.5270669598
-75.5270669709
-75.5270669790
-75.5270669848
-75.5270669889
-75.5270669919
-75.5270669941
-75.5270669957
-75.5270669968
-75.5270669976
-75.5270669982
-75.5270669986
-75.5270669990
-75.5270669992
-75.5270669993
-75.5270669994
-75.5270669995
-75.5270669996
-75.5270669996
-75.5270669997
-75.5270669997
-75.5270669997
-75.5270669997
-75.5270669997
-75.5270669997
-75.5270669997
-75.5270669997
-75.5270669997
-75.5270669997
-75.5270669997
-75.5270669997
-75.5270669997
-75.5270669997
-75.5270669997
-75.5270669997
-75.5270669997
-75.5270669997
-75.5270669997
-75.5270669997
-75.5270669997
-75.5270669997
-75.5270669997
-75.5270669997
-75.5270669997
-75.5270669997
-75.5270669997
-75.5270669997
-75.5270669997
-75.5270669997
-75.5270669997
-75.5270669997
-75.5270669997
-75.5270669997
-75.5270669997
-75.5270669997
-75.5270669997
-75.5270669997
-75.5270669997
-75.5270669997
-75.5270669997
-75.5270669997
-75.5270669997
-75.5270669997
-75.5270669997
-75.5270669997
-75.5270669997
-75.5270669997
-75.5270669997
-75.5270669997
-75.5270669997
-75.5270669997
-75.5270669997
-75.5270669997
-75.5270669997
-75.5270669997
-75.5270669997
-75.5270669997
-75.5270669997
-75.5270669997
-75.5270669997
-75.5270669997
-75.5270669997
-75.5270669997
-75.5270669997
-75.5270669997
-75.5270669997
-75.5270669997
-75.5270669997
-75.5270669997
-75.5270669997
-75.5270669997
-75.5270669997
-75.5270669997
-75.5270669997
-75.5270669997
-75.5270669997
-75.5270669997
-75.5270669997
-75.5270669997
-75.5270669997
-75.5270669997
-75.5270669997
-75.5270669997
-75.5270669997
-75.5270669997
-75.5270669997
-75.5270669997
-75.5270669997
-75.5270669997
-75.5270669997
-75.5270669997
-75.5270669997
-75.5270669997
-75.5270669997
-75.5270669997
-75.5270669997
-75.5270669997
-75.5270669997
-75.5270669997
-75.5270669997
-75.5270669997
-75.5270669997
-75.5270669997
-75.5270669997
-75.5270669997
-75.5270669997
-75.5270669997
-75.5270669997
-75.5270669997
-75.5270669997
-75.5270669997
-75.5270669997
-75.5270669997
-75.5270669997
-75.5270669997
-75.5270669997
-75.5270669997
-75.5270669997
-75.5270669997
-75.5270669997
-75.5270669997
-75.5270669997
-75.5270669997
-75.5270669997
-75.5270669997
-75.5270669997
-75.5270669997
-75.5270669997
-75.5270669997
-75.5270669997
-75.5270669997
-75.5270669997
-75.5270669997
-75.5270669997
-75.5270669997
-75.5270669997
-75.5270669997
-75.5270669997
-75.5270669997
-75.5270669997
-75.5270669997
-75.5270669997
-75.5270669997
-75.5270669997
-75.5270669997
-75.5270669997
-75.5270669997
-75.5270669997
-75.5270669997
-75.5270669997
-75.5270669997
-75.5270669997
-75.5270669997
-75.5270669997
-75.5270669997
-75.5270669997
-75.5270669997
-75.5270669997
-75.5270669997
-75.5270669997
-75.5270669997
-75.5270669997
-75.5270669997
-75.5270669997
-75.5270669997
-75.5270669997
-75.5270669997
-75.5270669997
-75.5270669997
-75.5270669997
-75.5270669997
-75.5270669997
-75.5270669997
-75.5270669997
-75.5270669997
-75.5270669997
-75.5270669997
-75.5270669997
-75.5270669997
-75.5270669997
-75.5270669997
-75.5270669997
-75.5270669997
-75.5270669997
-75.5270669997
-75.5270669997
-75.5270669997
-75.5270669997
-75.5270669997
-75.5270669997
-75.5270669997
-75.5270669997
-75.5270669997
-75.5270669997
-75.5270669997
-75.5270669997
-75.5270669997
-75.5270669997
-75.5270669997
-75.5270669997
-75.5270669997
-75.5270669997
-75.5270669997
-75.5270669997
-75.5270669997
-75.5270669997
-75.5270669997
-75.5270669997
-75.5270669997
-75.5270669997
-75.5270669997
-75.5270669997
-75.5270669997
-75.5270669997
-75.5270669997
-75.5270669997
-75.5270669997
-75.5270669997
-75.5270669997
-75.5270669997
-75.5270669997
-75.5270669997
-75.5270669997
-75.5270669997
-75.5270669997
-75.5270669997
-75.5270669997
-75.5270669997
-75.5270669997
-75.5270669997
-75.5270669997
-75.5270669997
-75.5270669997
-75.5270669997
-75.5270669997
-75.5270669997
-75.5270669997
-75.5270669997
-75.5270669997
-75.5270669997
-75.5270669997
-75.5270669997
-75.5270669997
-75.5270669997
-75.5270669997
-75.5270669997
-75.5270669997
-75.5270669997
-75.5270669997
-75.5270669997
-75.5270669997
-75.5270669997
-75.5270669997
-75.5270669997
-75.5270669997
-75.5270669997
-75.5270669997
-75.5270669997
-75.5270669997
-75.5270669997
-75.5270669997
-75.5270669997
-75.5270669997
-75.5270669997
-75.5270669997
-75.5270669997
-75.5270669997
-75.5270669997
-75.5270669997
-75.5270669997
-75.5270669997
-75.5270669997
-75.5270669997
-75.5270669997
-75.5270669997
-75.5270669997
-75.5270669997
-75.5270669997
-75.5270669997
-75.5270669997
-75.5270669997
-75.5270669997
-75.5270669997
-75.5270669997
-75.5270669997
-75.5270669997
-75.5270669997
-75.5270669997
-75.5270669997
-75.5270669997
-75.5270669997
-75.5270669997
-75.5270669997
-75.5270669997
-75.5270669997
-75.5270669997
-75.5270669997
-75.5270669997
-75.5270669997
-75.5270669997
-75.5270669997
-75.5270669997
-75.5270669997
-75.5270669997
-75.5270669997
-75.5270669997
-75.5270669997
-75.5270669997
-75.5270669997
-75.5270669997
-75.5270669997
-75.5270669997
-75.5270669997
-75.5270669997
-75.5270669997
-75.5270669997
-75.5270669997
-75.5270669997
-75.5270669997
-75.5270669997
-75.5270669997
-75.5270669997
-75.5270669997
-75.5270669997
-75.5270669997
-75.5270669997
-75.5270669997
-75.5270669997
-75.5270669997
-75.5270669997
-75.5270669997
-75.5270669997
-75.5270669997
-75.5270669997
-75.5270669997
-75.5270669997
-75.5270669997
-75.5270669997
-75.5270669997
-75.5270669997
-75.5270669997
-75.5270669997
-75.5270669997
-75.5270669997
-75.5270669997
-75.5270669997
-75.5270669997
-75.5270669997
-75.5270669997
-75.5270669997
-75.5270669997
-75.5270669997
-75.5270669997
-75.5270669997
-75.5270669997
-75.5270669997
-75.5270669997
-75.5270669997
-75.5270669997
-75.5270669997
-75.5270669997
-75.5270669997
-75.5270669997
-75.5270669997
-75.5270669997
-75.5270669997
-75.5270669997
-75.5270669997
-75.5270669997
-75.5270669997
-75.5270669997
-75.5270669997
-75.5270669997
-75.5270669997
-75.5270669997
-75.5270669997
-75.5270669997
-75.5270669997
-75.5270669997
-75.5270669997
-75.5270669997
-75.5270669997
-75.5270669997
-75.5270669997
-75.5270669997
-75.5270669997
-75.5270669997
-75.5270669997
-75.5270669997
-75.5270669997
-75.5270669997
-75.5270669997
-75.5270669997
-75.5270669997
-75.5270669997
-75.5270669997
-75.5270669997
-75.5270669997
-75.5270669997
-75.5270669997
-75.5270669997
-75.5270669997
-75.5270669997
-75.5270669997
-75.5270669997
-75.5270669997
-75.5270669997
-75.5270669997
-75.5270669997
-75.5270669997
-75.5270669997
-75.5270669997
-75.5270669997
-75.5270669997
-75.5270669997
-75.5270669997
-75.5270669997
-75.5270669997
-75.5270669997
-75.5270669997
-75.5270669997
-75.5270669997
-75.5270669997
-75.5270669997
-75.5270669997
-75.5270669997
-75.5270669997
-75.5270669997
-75.5270669997
-75.5270669997
-75.5270669997
-75.5270669997
-75.5270669997
-75.5270669997
-75.5270669997
-75.5270669997
-75.5270669997
-75.5270669997
-75.5270669997
-75.5270669997
-75.5270669997
-75.5270669997
-75.5270669997
-75.5270669997
-75.5270669997
-75.5270669997
-75.5270669997
-75.5270669997
-75.5270669997
-75.5270669997
-75.5270669997
-75.5270669997
-75.5270669997
-75.5270669997
-75.5270669997
-75.5270669997
-75.5270669997
-75.5270669997
-75.5270669997
-75.5270669997
-75.5270669997
-75.5270669997
-75.5270669997
-75.5270669997
-75.5270669997
-75.5270669997
-75.5270669997
-75.5270669997
-75.5270669997
-75.5270669997
-75.5270669997
-75.5270669997
-75.5270669997
-75.5270669997
-75.5270669997
-75.5270669997
-75.5270669997
-75.5270669997
-75.5270669997
-75.5270669997
-75.5270669997
-75.5270669997
-75.5270669997
-75.5270669997
-75.5270669997
-75.5270669997
-75.5270669997
-75.5270669997
-75.5270669997
-75.5270669997
-75.5270669997
-75.5270669997
-75.5270669997
-75.5270669997
-75.5270669997
-75.5270669997
-75.5270669997
-75.5270669997
-75.5270669997
-75.5270669997
-75.5270669997
-75.5270669997
-75.5270669997
-75.5270669997
-75.5270669997
-75.5270669997
-75.5270669997
-75.5270669997
-75.5270669997
-75.5270669997
-75.5270669997
-75.5270669997
-75.5270669997
-75.5270669997
