0.0000000000 -75.3665925563
0.1000000000 -75.4091157205
0.2000000000 -75.4514572697
0.3000000000 -75.4936172063
0.4000000000 -75.5355955404
0.5000000000 -75.5773922902
0.6000000000 -75.6190074819
0.7000000000 -75.6604411493
0.8000000000 -75.7016933339
0.9000000000 -75.7427640841
1.0000000000 -75.7836534546
1.1000000000 -75.8243615042
1.2000000000 -75.8648882933
1.3000000000 -75.9052338783
1.4000000000 -75.9453983045
1.5000000000 -75.9853815942
1.6000000000 -76.0251837314
1.7000000000 -76.0648046397
1.8000000000 -76.1042441539
1.9000000000 -76.1435019832
2.0000000000 -76.1825776653
2.1000000000 -76.2214705098
2.2000000000 -76.2601795295
2.3000000000 -76.2987033590
2.4000000000 -76.3370401581
2.5000000000 -76.3751874997
2.6000000000 -76.4131422393
2.7000000000 -76.4509003652
2.8000000000 -76.4884568266
2.9000000000 -76.5258053374
3.0000000000 -76.5629381512
3.1000000000 -76.5998458060
3.2000000000 -76.6365168313
3.3000000000 -76.6729374136
3.4000000000 -76.7090910118
3.5000000000 -76.7449579162
3.6000000000 -76.7805147384
3.7000000000 -76.8157338218
3.8000000000 -76.8505825578
3.9000000000 -76.8850225901
4.0000000000 -76.9190088881
4.1000000000 -76.9524886645
4.2000000000 -76.9854001102
4.3000000000 -77.0176709136
4.4000000000 -77.0492165260
4.5000000000 -77.0799381286
4.6000000000 -77.1097202485
4.7000000000 -77.1384279633
4.8000000000 -77.1659036213
4.9000000000 -77.1919629938
5.0000000000 -77.2163907623
5.1000000000 -77.2389352235
5.2000000000 -77.2593020793
5.3000000000 -77.2771471513
5.4000000000 -77.2920678377
5.5000000000 -77.3035930928
5.6000000000 -77.3111716766
5.7000000000 -77.3141583763
5.8000000000 -77.3117978505
5.9000000000 -77.3032056876
6.0000000000 -77.2873461992
6.1000000000 -77.2630063885
6.2000000000 -77.2287654363
6.3000000000 -77.1829589367
6.4000000000 -77.1236369827
6.5000000000 -77.0485150510
6.6000000000 -76.9549164543
6.7000000000 -76.8397049260
6.8000000000 -76.6992056569
6.9000000000 -76.5291128255
7.0000000000 -76.3243813354
7.1000000000 -76.0791000940
7.2000000000 -75.7863437266
7.3000000000 -75.4379991046
7.4000000000 -75.0245624683
7.5000000000 -74.5349022152
7.6000000000 -73.9559815836
7.7000000000 -73.2725344262
7.8000000000 -72.4666859653
7.9000000000 -71.5175086727
8.0000000000 -70.4005009308
8.1000000000 -69.0869722954
8.2000000000 -67.5433128287
8.3000000000 -65.7301127858
8.4000000000 -63.6010783352
8.5000000000 -61.1016500739
8.6000000000 -58.1671569731
8.7000000000 -54.7201990795
8.8000000000 -50.6667012726
8.9000000000 -45.8896676132
9.0000000000 -40.2391034439
9.1000000000 -33.5160801678
9.2000000000 -25.4490865357
9.3000000000 -15.6646235302
9.4000000000 -3.6918639068
9.5000000000 10.6922781608
9.6000000000 25.6712417416
9.7000000000 35.7861988897
9.8000000000 38.7571592824
9.9000000000 38.5086575400
10.0000000000 38.0619901820
10.1000000000 37.8864135452
10.2000000000 37.8604573148
10.3000000000 37.8889502137
10.4000000000 37.9252987495
10.5000000000 37.9487710790
10.6000000000 37.9510604427
10.7000000000 37.9296351524
10.8000000000 37.8845247025
10.9000000000 37.8167834696
11.0000000000 37.7277733915
11.1000000000 37.6188464897
11.2000000000 37.4912208791
11.3000000000 37.3459480661
11.4000000000 37.1839209337
11.5000000000 37.0058976038
11.6000000000 36.8125293152
11.7000000000 36.6043869452
11.8000000000 36.3819840233
11.9000000000 36.1457956447
12.0000000000 35.8962734114
12.1000000000 35.6338568269
12.2000000000 35.3589816617
12.3000000000 35.0720858078
12.4000000000 34.7736130892
12.5000000000 34.4640154443
12.6000000000 34.1437538298
12.7000000000 33.8132981443
12.8000000000 33.4731264191
12.9000000000 33.1237234811
13.0000000000 32.7655792542
13.1000000000 32.3991868384
13.2000000000 32.0250404738
13.3000000000 31.6436334773
13.4000000000 31.2554562208
13.5000000000 30.8609942003
13.6000000000 30.4607262350
13.7000000000 30.0551228229
13.8000000000 29.6446446688
13.9000000000 29.2297413942
14.0000000000 28.8108504329
14.1000000000 28.3883961089
14.2000000000 27.9627888918
14.3000000000 27.5344248201
14.4000000000 27.1036850819
14.5000000000 26.6709357413
14.6000000000 26.2365275960
14.7000000000 25.8007961535
14.8000000000 25.3640617127
14.9000000000 24.9266295359
15.0000000000 24.4887901007
15.1000000000 24.0508194172
15.2000000000 23.6129794015
15.3000000000 23.1755182922
15.4000000000 22.7386711036
15.5000000000 22.3026601030
15.6000000000 21.8676953078
15.7000000000 21.4339749925
15.8000000000 21.0016862020
15.9000000000 20.5710052636
16.0000000000 20.1420982942
16.1000000000 19.7151216996
16.2000000000 19.2902226605
16.3000000000 18.8675396050
16.4000000000 18.4472026630
16.5000000000 18.0293341032
16.6000000000 17.6140487499
16.7000000000 17.2014543792
16.8000000000 16.7916520939
16.9000000000 16.3847366776
17.0000000000 15.9807969271
17.1000000000 15.5799159636
17.2000000000 15.1821715237
17.3000000000 14.7876362299
17.4000000000 14.3963778421
17.5000000000 14.0084594898
17.6000000000 13.6239398878
17.7000000000 13.2428735342
17.8000000000 12.8653108926
17.9000000000 12.4912985607
18.0000000000 12.1208794241
18.1000000000 11.7540927979
18.2000000000 11.3909745570
18.3000000000 11.0315572557
18.4000000000 10.6758702375
18.5000000000 10.3239397373
18.6000000000 9.9757889750
18.7000000000 9.6314382430
18.8000000000 9.2909049882
18.9000000000 8.9542038886
19.0000000000 8.6213469258
19.1000000000 8.2923434546
19.2000000000 7.9672002688
19.3000000000 7.6459216659
19.4000000000 7.3285095099
19.5000000000 7.0149632923
19.6000000000 6.7052801933
19.7000000000 6.3994551423
19.8000000000 6.0974808787
19.9000000000 5.7993480123
20.0000000000 5.5050450856
20.1000000000 5.2145586350
20.2000000000 4.9278732546
20.3000000000 4.6449716600
20.4000000000 4.3658347530
20.5000000000 4.0904416879
20.6000000000 3.8187699379
20.7000000000 3.5507953638
20.8000000000 3.2864922819
20.9000000000 3.0258335337
21.0000000000 2.7687905561
21.1000000000 2.5153334519
21.2000000000 2.2654310604
21.3000000000 2.0190510286
21.4000000000 1.7761598824
21.5000000000 1.5367230971
21.6000000000 1.3007051682
21.7000000000 1.0680696813
21.8000000000 0.8387793811
21.9000000000 0.6127962405
22.0000000000 0.3900815273
22.1000000000 0.1705958709
22.2000000000 -0.0457006729
22.3000000000 -0.2588485583
22.4000000000 -0.4688886878
22.5000000000 -0.6758623518
22.6000000000 -0.8798111699
22.7000000000 -1.0807770348
22.8000000000 -1.2788020572
22.9000000000 -1.4739285130
23.0000000000 -1.6661987934
23.1000000000 -1.8556553553
23.2000000000 -2.0423406759
23.3000000000 -2.2262972078
23.4000000000 -2.4075673369
23.5000000000 -2.5861933427
23.6000000000 -2.7622173604
23.7000000000 -2.9356813449
23.8000000000 -3.1066270373
23.9000000000 -3.2750959335
24.0000000000 -3.4411292546
24.1000000000 -3.6047679191
24.2000000000 -3.7660525175
24.3000000000 -3.9250232886
24.4000000000 -4.0817200974
24.5000000000 -4.2361824151
24.6000000000 -4.3884493007
24.7000000000 -4.5385593841
24.8000000000 -4.6865508509
24.9000000000 -4.8324614290
25.0000000000 -4.9763283759
25.1000000000 -5.1181884685
25.2000000000 -5.2580779929
25.3000000000 -5.3960327368
25.4000000000 -5.5320879819
25.5000000000 -5.6662784984
25.6000000000 -5.7986385400
25.7000000000 -5.9292018400
25.8000000000 -6.0580016085
25.9000000000 -6.1850705303
26.0000000000 -6.3104407641
26.1000000000 -6.4341439415
26.2000000000 -6.5562111680
26.3000000000 -6.6766730237
26.4000000000 -6.7955595648
26.5000000000 -6.9129003265
26.6000000000 -7.0287243249
26.7000000000 -7.1430600612
26.8000000000 -7.2559355247
26.9000000000 -7.3673781974
27.0000000000 -7.4774150586
27.1000000000 -7.5860725893
27.2000000000 -7.6933767781
27.3000000000 -7.7993531262
27.4000000000 -7.9040266533
27.5000000000 -8.0074219035
27.6000000000 -8.1095629519
27.7000000000 -8.2104734102
27.8000000000 -8.3101764340
27.9000000000 -8.4086947289
28.0000000000 -8.5060505573
28.1000000000 -8.6022657457
28.2000000000 -8.6973616911
28.3000000000 -8.7913593682
28.4000000000 -8.8842793364
28.5000000000 -8.9761417469
28.6000000000 -9.0669663496
28.7000000000 -9.1567725006
28.8000000000 -9.2455791687
28.9000000000 -9.3334049428
29.0000000000 -9.4202680388
29.1000000000 -9.5061863068
29.2000000000 -9.5911772379
29.3000000000 -9.6752579708
29.4000000000 -9.7584452993
29.5000000000 -9.8407556784
29.6000000000 -9.9222052317
29.7000000000 -10.0028097574
29.8000000000 -10.0825847351
29.9000000000 -10.1615453325
30.0000000000 -10.2397064115
30.1000000000 -10.3170825347
30.2000000000 -10.3936879714
30.3000000000 -10.4695367040
30.4000000000 -10.5446424339
30.5000000000 -10.6190185874
30.6000000000 -10.6926783215
30.7000000000 -10.7656345299
30.8000000000 -10.8378998482
30.9000000000 -10.9094866599
31.0000000000 -10.9804071016
31.1000000000 -11.0506730682
31.2000000000 -11.1202962186
31.3000000000 -11.1892879803
31.4000000000 -11.2576595547
31.5000000000 -11.3254219221
31.6000000000 -11.3925858463
31.7000000000 -11.4591618797
31.8000000000 -11.5251603674
31.9000000000 -11.5905914523
32.0000000000 -11.6554650792
32.1000000000 -11.7197909992
32.2000000000 -11.7835787740
32.3000000000 -11.8468377801
32.4000000000 -11.9095772127
32.5000000000 -11.9718060900
32.6000000000 -12.0335332566
32.7000000000 -12.0947673878
32.8000000000 -12.1555169929
32.9000000000 -12.2157904192
33.0000000000 -12.2755958552
33.1000000000 -12.3349413343
33.2000000000 -12.3938347382
33.3000000000 -12.4522837999
33.4000000000 -12.5102961074
33.5000000000 -12.5678791063
33.6000000000 -12.6250401033
33.7000000000 -12.6817862692
33.8000000000 -12.7381246416
33.9000000000 -12.7940621279
34.0000000000 -12.8496055080
34.1000000000 -12.9047614372
34.2000000000 -12.9595364488
34.3000000000 -13.0139369567
34.4000000000 -13.0679692578
34.5000000000 -13.1216395347
34.6000000000 -13.1749538582
34.7000000000 -13.2279181893
34.8000000000 -13.2805383819
34.9000000000 -13.3328201847
35.0000000000 -13.3847692438
35.1000000000 -13.4363911046
35.2000000000 -13.4876912140
35.3000000000 -13.5386749223
35.4000000000 -13.5893474856
35.5000000000 -13.6397140673
35.6000000000 -13.6897797403
35.7000000000 -13.7395494888
35.8000000000 -13.7890282102
35.9000000000 -13.8382207167
36.0000000000 -13.8871317374
36.1000000000 -13.9357659198
36.2000000000 -13.9841278312
36.3000000000 -14.0322219609
36.4000000000 -14.0800527215
36.5000000000 -14.1276244503
36.6000000000 -14.1749414114
36.7000000000 -14.2220077965
36.8000000000 -14.2688277268
36.9000000000 -14.3154052543
37.0000000000 -14.3617443634
37.1000000000 -14.4078489718
37.2000000000 -14.4537229326
37.3000000000 -14.4993700347
37.4000000000 -14.5447940049
37.5000000000 -14.5899985088
37.6000000000 -14.6349871517
37.7000000000 -14.6797634807
37.8000000000 -14.7243309849
37.9000000000 -14.7686930973
38.0000000000 -14.8128531956
38.1000000000 -14.8568146031
38.2000000000 -14.9005805904
38.3000000000 -14.9441543759
38.4000000000 -14.9875391272
38.5000000000 -15.0307379617
38.6000000000 -15.0737539481
38.7000000000 -15.1165901072
38.8000000000 -15.1592494127
38.9000000000 -15.2017347923
39.0000000000 -15.2440491285
39.1000000000 -15.2861952598
39.2000000000 -15.3281759810
39.3000000000 -15.3699940449
39.4000000000 -15.4116521623
39.5000000000 -15.4531530034
39.6000000000 -15.4944991984
39.7000000000 -15.5356933384
39.8000000000 -15.5767379760
39.9000000000 -15.6176356262
40.0000000000 -15.6583887672
40.1000000000 -15.6989998410
40.2000000000 -15.7394712544
40.3000000000 -15.7798053791
40.4000000000 -15.8200045532
40.5000000000 -15.8600710812
40.6000000000 -15.9000072350
40.7000000000 -15.9398152547
40.8000000000 -15.9794973486
40.9000000000 -16.0190556947
41.0000000000 -16.0584924406
41.1000000000 -16.0978097043
41.2000000000 -16.1370095752
41.3000000000 -16.1760941140
41.4000000000 -16.2150653537
41.5000000000 -16.2539253001
41.6000000000 -16.2926759323
41.7000000000 -16.3313192031
41.8000000000 -16.3698570397
41.9000000000 -16.4082913442
42.0000000000 -16.4466239941
42.1000000000 -16.4848568426
42.2000000000 -16.5229917194
42.3000000000 -16.5610304308
42.4000000000 -16.5989747604
42.5000000000 -16.6368264697
42.6000000000 -16.6745872982
42.7000000000 -16.7122589639
42.8000000000 -16.7498431639
42.9000000000 -16.7873415747
43.0000000000 -16.8247558528
43.1000000000 -16.8620876346
43.2000000000 -16.8993385374
43.3000000000 -16.9365101593
43.4000000000 -16.9736040800
43.5000000000 -17.0106218608
43.6000000000 -17.0475650451
43.7000000000 -17.0844351587
43.8000000000 -17.1212337105
43.9000000000 -17.1579621922
44.0000000000 -17.1946220791
44.1000000000 -17.2312148305
44.2000000000 -17.2677418895
44.3000000000 -17.3042046838
44.4000000000 -17.3406046258
44.5000000000 -17.3769431131
44.6000000000 -17.4132215283
44.7000000000 -17.4494412400
44.8000000000 -17.4856036025
44.9000000000 -17.5217099563
45.0000000000 -17.5577616283
45.1000000000 -17.5937599323
45.2000000000 -17.6297061689
45.3000000000 -17.6656016260
45.4000000000 -17.7014475791
45.5000000000 -17.7372452913
45.6000000000 -17.7729960137
45.7000000000 -17.8087009856
45.8000000000 -17.8443614347
45.9000000000 -17.8799785776
46.0000000000 -17.9155536195
46.1000000000 -17.9510877549
46.2000000000 -17.9865821675
46.3000000000 -18.0220380306
46.4000000000 -18.0574565072
46.5000000000 -18.0928387504
46.6000000000 -18.1281859032
46.7000000000 -18.1634990991
46.8000000000 -18.1987794620
46.9000000000 -18.2340281067
47.0000000000 -18.2692461386
47.1000000000 -18.3044346546
47.2000000000 -18.3395947423
47.3000000000 -18.3747274812
47.4000000000 -18.4098339422
47.5000000000 -18.4449151880
47.6000000000 -18.4799722730
47.7000000000 -18.5150062442
47.8000000000 -18.5500181402
47.9000000000 -18.5850089925
48.0000000000 -18.6199798250
48.1000000000 -18.6549316541
48.2000000000 -18.6898654894
48.3000000000 -18.7247823331
48.4000000000 -18.7596831808
48.5000000000 -18.7945690213
48.6000000000 -18.8294408368
48.7000000000 -18.8642996030
48.8000000000 -18.8991462892
48.9000000000 -18.9339818587
49.0000000000 -18.9688072686
49.1000000000 -19.0036234701
49.2000000000 -19.0384314083
49.3000000000 -19.0732320230
49.4000000000 -19.1080262482
49.5000000000 -19.1428150125
49.6000000000 -19.1775992388
49.7000000000 -19.2123798453
49.8000000000 -19.2471577447
49.9000000000 -19.2819338447
50.0000000000 -19.3167090481
50.1000000000 -19.3514842530
50.2000000000 -19.3862603525
50.3000000000 -19.4210382354
50.4000000000 -19.4558187857
50.5000000000 -19.4906028831
50.6000000000 -19.5253914031
50.7000000000 -19.5601852168
50.8000000000 -19.5949851910
50.9000000000 -19.6297921889
51.0000000000 -19.6646070693
51.1000000000 -19.6994306873
51.2000000000 -19.7342638943
51.3000000000 -19.7691075379
51.4000000000 -19.8039624619
51.5000000000 -19.8388295070
51.6000000000 -19.8737095101
51.7000000000 -19.9086033048
51.8000000000 -19.9435117213
51.9000000000 -19.9784355869
52.0000000000 -20.0133757254
52.1000000000 -20.0483329577
52.2000000000 -20.0833081017
52.3000000000 -20.1183019723
52.4000000000 -20.1533153816
52.5000000000 -20.1883491389
52.6000000000 -20.2234040508
52.7000000000 -20.2584809212
52.8000000000 -20.2935805513
52.9000000000 -20.3287037402
53.0000000000 -20.3638512840
53.1000000000 -20.3990239768
53.2000000000 -20.4342226102
53.3000000000 -20.4694479736
53.4000000000 -20.5047008540
53.5000000000 -20.5399820366
53.6000000000 -20.5752923041
53.7000000000 -20.6106324374
53.8000000000 -20.6460032155
53.9000000000 -20.6814054151
54.0000000000 -20.7168398115
54.1000000000 -20.7523071779
54.2000000000 -20.7878082857
54.3000000000 -20.8233439047
54.4000000000 -20.8589148029
54.5000000000 -20.8945217469
54.6000000000 -20.9301655016
54.7000000000 -20.9658468302
54.8000000000 -21.0015664947
54.9000000000 -21.0373252556
55.0000000000 -21.0731238720
55.1000000000 -21.1089631015
55.2000000000 -21.1448437006
55.3000000000 -21.1807664246
55.4000000000 -21.2167320273
55.5000000000 -21.2527412615
55.6000000000 -21.2887948789
55.7000000000 -21.3248936301
55.8000000000 -21.3610382646
55.9000000000 -21.3972295309
56.0000000000 -21.4334681764
56.1000000000 -21.4697549477
56.2000000000 -21.5060905905
56.3000000000 -21.5424758496
56.4000000000 -21.5789114688
56.5000000000 -21.6153981914
56.6000000000 -21.6519367596
56.7000000000 -21.6885279151
56.8000000000 -21.7251723987
56.9000000000 -21.7618709507
57.0000000000 -21.7986243105
57.1000000000 -21.8354332172
57.2000000000 -21.8722984090
57.3000000000 -21.9092206237
57.4000000000 -21.9462005985
57.5000000000 -21.9832390700
57.6000000000 -22.0203367745
57.7000000000 -22.0574944477
57.8000000000 -22.0947128249
57.9000000000 -22.1319926409
58.0000000000 -22.1693346301
58.1000000000 -22.2067395266
58.2000000000 -22.2442080641
58.3000000000 -22.2817409760
58.4000000000 -22.3193389953
58.5000000000 -22.3570028547
58.6000000000 -22.3947332866
58.7000000000 -22.4325310233
58.8000000000 -22.4703967967
58.9000000000 -22.5083313383
59.0000000000 -22.5463353798
59.1000000000 -22.5844096523
59.2000000000 -22.6225548869
59.3000000000 -22.6607718143
59.4000000000 -22.6990611654
59.5000000000 -22.7374236707
59.6000000000 -22.7758600604
59.7000000000 -22.8143710649
59.8000000000 -22.8529574141
59.9000000000 -22.8916198382
60.0000000000 -22.9303590669
60.1000000000 -22.9691758299
60.2000000000 -23.0080708568
60.3000000000 -23.0470448773
60.4000000000 -23.0860986206
60.5000000000 -23.1252328162
60.6000000000 -23.1644481931
60.7000000000 -23.2037454806
60.8000000000 -23.2431254078
60.9000000000 -23.2825887034
61.0000000000 -23.3221360965
61.1000000000 -23.3617683157
61.2000000000 -23.4014860897
61.3000000000 -23.4412901471
61.4000000000 -23.4811812163
61.5000000000 -23.5211600256
61.6000000000 -23.5612273034
61.7000000000 -23.6013837777
61.8000000000 -23.6416301766
61.9000000000 -23.6819672277
62.0000000000 -23.7223956590
62.1000000000 -23.7629161978
62.2000000000 -23.8035295716
62.3000000000 -23.8442365076
62.4000000000 -23.8850377327
62.5000000000 -23.9259339739
62.6000000000 -23.9669259577
62.7000000000 -24.0080144104
62.8000000000 -24.0492000582
62.9000000000 -24.0904836269
63.0000000000 -24.1318658421
63.1000000000 -24.1733474289
63.2000000000 -24.2149291125
63.3000000000 -24.2566116173
63.4000000000 -24.2983956676
63.5000000000 -24.3402819872
63.6000000000 -24.3822712997
63.7000000000 -24.4243643279
63.8000000000 -24.4665617944
63.9000000000 -24.5088644213
64.0000000000 -24.5512729302
64.1000000000 -24.5937880421
64.2000000000 -24.6364104773
64.3000000000 -24.6791409558
64.4000000000 -24.7219801968
64.5000000000 -24.7649289188
64.6000000000 -24.8079878398
64.7000000000 -24.8511576767
64.8000000000 -24.8944391461
64.9000000000 -24.9378329635
65.0000000000 -24.9813398436
65.1000000000 -25.0249605004
65.2000000000 -25.0686956467
65.3000000000 -25.1125459947
65.4000000000 -25.1565122552
65.5000000000 -25.2005951384
65.6000000000 -25.2447953531
65.7000000000 -25.2891136071
65.8000000000 -25.3335506070
65.9000000000 -25.3781070583
66.0000000000 -25.4227836651
66.1000000000 -25.4675811302
66.2000000000 -25.5125001553
66.3000000000 -25.5575414402
66.4000000000 -25.6027056838
66.5000000000 -25.6479935830
66.6000000000 -25.6934058336
66.7000000000 -25.7389431293
66.8000000000 -25.7846061626
66.9000000000 -25.8303956239
67.0000000000 -25.8763122020
67.1000000000 -25.9223565838
67.2000000000 -25.9685294543
67.3000000000 -26.0148314967
67.4000000000 -26.0612633918
67.5000000000 -26.1078258186
67.6000000000 -26.1545194540
67.7000000000 -26.2013449724
67.8000000000 -26.2483030461
67.9000000000 -26.2953943451
68.0000000000 -26.3426195367
68.1000000000 -26.3899792862
68.2000000000 -26.4374742558
68.3000000000 -26.4851051054
68.4000000000 -26.5328724921
68.5000000000 -26.5807770702
68.6000000000 -26.6288194912
68.7000000000 -26.6770004037
68.8000000000 -26.7253204532
68.9000000000 -26.7737802821
69.0000000000 -26.8223805298
69.1000000000 -26.8711218323
69.2000000000 -26.9200048223
69.3000000000 -26.9690301291
69.4000000000 -27.0181983786
69.5000000000 -27.0675101931
69.6000000000 -27.1169661911
69.7000000000 -27.1665669876
69.8000000000 -27.2163131936
69.9000000000 -27.2662054161
70.0000000000 -27.3162442583
70.1000000000 -27.3664303192
70.2000000000 -27.4167641937
70.3000000000 -27.4672464722
70.4000000000 -27.5178777411
70.5000000000 -27.5686585819
70.6000000000 -27.6195895718
70.7000000000 -27.6706712835
70.8000000000 -27.7219042845
70.9000000000 -27.7732891378
71.0000000000 -27.8248264014
71.1000000000 -27.8765166282
71.2000000000 -27.9283603660
71.3000000000 -27.9803581573
71.4000000000 -28.0325105392
71.5000000000 -28.0848180436
71.6000000000 -28.1372811966
71.7000000000 -28.1899005188
71.8000000000 -28.2426765250
71.9000000000 -28.2956097240
72.0000000000 -28.3487006189
72.1000000000 -28.4019497065
72.2000000000 -28.4553574776
72.3000000000 -28.5089244166
72.4000000000 -28.5626510015
72.5000000000 -28.6165377039
72.6000000000 -28.6705849887
72.7000000000 -28.7247933142
72.8000000000 -28.7791631316
72.9000000000 -28.8336948856
73.0000000000 -28.8883890134
73.1000000000 -28.9432459453
73.2000000000 -28.9982661043
73.3000000000 -29.0534499060
73.4000000000 -29.1087977585
73.5000000000 -29.1643100624
73.6000000000 -29.2199872103
73.7000000000 -29.2758295873
73.8000000000 -29.3318375703
73.9000000000 -29.3880115284
74.0000000000 -29.4443518223
74.1000000000 -29.5008588046
74.2000000000 -29.5575328193
74.3000000000 -29.6143742021
74.4000000000 -29.6713832801
74.5000000000 -29.7285603714
74.6000000000 -29.7859057855
74.7000000000 -29.8434198230
74.8000000000 -29.9011027751
74.9000000000 -29.9589549242
75.0000000000 -30.0169765431
75.1000000000 -30.0751678955
75.2000000000 -30.1335292354
75.3000000000 -30.1920608071
75.4000000000 -30.2507628454
75.5000000000 -30.3096355750
75.6000000000 -30.3686792109
75.7000000000 -30.4278939579
75.8000000000 -30.4872800107
75.9000000000 -30.5468375536
76.0000000000 -30.6065667607
76.1000000000 -30.6664677954
76.2000000000 -30.7265408107
76.3000000000 -30.7867859489
76.4000000000 -30.8472033413
76.5000000000 -30.9077931086
76.6000000000 -30.9685553603
76.7000000000 -31.0294901947
76.8000000000 -31.0905976993
76.9000000000 -31.1518779498
77.0000000000 -31.2133310109
77.1000000000 -31.2749569357
77.2000000000 -31.3367557656
77.3000000000 -31.3987275305
77.4000000000 -31.4608722484
77.5000000000 -31.5231899255
77.6000000000 -31.5856805561
77.7000000000 -31.6483441224
77.8000000000 -31.7111805945
77.9000000000 -31.7741899303
78.0000000000 -31.8373720756
78.1000000000 -31.9007269635
78.2000000000 -31.9642545150
78.3000000000 -32.0279546383
78.4000000000 -32.0918272292
78.5000000000 -32.1558721708
78.6000000000 -32.2200893334
78.7000000000 -32.2844785747
78.8000000000 -32.3490397392
78.9000000000 -32.4137726588
79.0000000000 -32.4786771523
79.1000000000 -32.5437530254
79.2000000000 -32.6090000707
79.3000000000 -32.6744180676
79.4000000000 -32.7400067825
79.5000000000 -32.8057659683
79.6000000000 -32.8716953646
79.7000000000 -32.9377946978
79.8000000000 -33.0040636807
79.9000000000 -33.0705020129
80.0000000000 -33.1371093804
80.1000000000 -33.2038854556
80.2000000000 -33.2708298974
80.3000000000 -33.3379423512
80.4000000000 -33.4052224488
80.5000000000 -33.4726698083
80.6000000000 -33.5402840341
80.7000000000 -33.6080647172
80.8000000000 -33.6760114346
80.9000000000 -33.7441237499
81.0000000000 -33.8124012127
81.1000000000 -33.8808433591
81.2000000000 -33.9494497116
81.3000000000 -34.0182197786
81.4000000000 -34.0871530553
81.5000000000 -34.1562490227
81.6000000000 -34.2255071485
81.7000000000 -34.2949268865
81.8000000000 -34.3645076770
81.9000000000 -34.4342489466
82.0000000000 -34.5041501082
82.1000000000 -34.5742105612
82.2000000000 -34.6444296915
82.3000000000 -34.7148068714
82.4000000000 -34.7853414596
82.5000000000 -34.8560328016
82.6000000000 -34.9268802292
82.7000000000 -34.9978830612
82.8000000000 -35.0690406027
82.9000000000 -35.1403521459
83.0000000000 -35.2118169695
83.1000000000 -35.2834343392
83.2000000000 -35.3552035078
83.3000000000 -35.4271237147
83.4000000000 -35.4991941866
83.5000000000 -35.5714141374
83.6000000000 -35.6437827680
83.7000000000 -35.7162992668
83.8000000000 -35.7889628095
83.9000000000 -35.8617725591
84.0000000000 -35.9347276665
84.1000000000 -36.0078272700
84.2000000000 -36.0810704957
84.3000000000 -36.1544564575
84.4000000000 -36.2279842574
84.5000000000 -36.3016529853
84.6000000000 -36.3754617194
84.7000000000 -36.4494095261
84.8000000000 -36.5234954602
84.9000000000 -36.5977185652
85.0000000000 -36.6720778729
85.1000000000 -36.7465724043
85.2000000000 -36.8212011690
85.3000000000 -36.8959631657
85.4000000000 -36.9708573823
85.5000000000 -37.0458827962
85.6000000000 -37.1210383739
85.7000000000 -37.1963230718
85.8000000000 -37.2717358359
85.9000000000 -37.3472756021
86.0000000000 -37.4229412965
86.1000000000 -37.4987318353
86.2000000000 -37.5746461251
86.3000000000 -37.6506830630
86.4000000000 -37.7268415369
86.5000000000 -37.8031204255
86.6000000000 -37.8795185985
86.7000000000 -37.9560349168
86.8000000000 -38.0326682330
86.9000000000 -38.1094173908
87.0000000000 -38.1862812259
87.1000000000 -38.2632585660
87.2000000000 -38.3403482307
87.3000000000 -38.4175490320
87.4000000000 -38.4948597744
87.5000000000 -38.5722792551
87.6000000000 -38.6498062641
87.7000000000 -38.7274395845
87.8000000000 -38.8051779927
87.9000000000 -38.8830202584
88.0000000000 -38.9609651452
88.1000000000 -39.0390114104
88.2000000000 -39.1171578053
88.3000000000 -39.1954030756
88.4000000000 -39.2737459615
88.5000000000 -39.3521851977
88.6000000000 -39.4307195139
88.7000000000 -39.5093476349
88.8000000000 -39.5880682808
88.9000000000 -39.6668801671
89.0000000000 -39.7457820052
89.1000000000 -39.8247725024
89.2000000000 -39.9038503620
89.3000000000 -39.9830142839
89.4000000000 -40.0622629644
89.5000000000 -40.1415950966
89.6000000000 -40.2210093708
89.7000000000 -40.3005044744
89.8000000000 -40.3800790922
89.9000000000 -40.4597319067
90.0000000000 -40.5394615984
90.1000000000 -40.6192668458
90.2000000000 -40.6991463257
90.3000000000 -40.7790987134
90.4000000000 -40.8591226832
90.5000000000 -40.9392169079
90.6000000000 -41.0193800601
90.7000000000 -41.0996108112
90.8000000000 -41.1799078326
90.9000000000 -41.2602697954
91.0000000000 -41.3406953708
91.1000000000 -41.4211832302
91.2000000000 -41.5017320455
91.3000000000 -41.5823404894
91.4000000000 -41.6630072353
91.5000000000 -41.7437309577
91.6000000000 -41.8245103328
91.7000000000 -41.9053440378
91.8000000000 -41.9862307520
91.9000000000 -42.0671691565
92.0000000000 -42.1481579345
92.1000000000 -42.2291957718
92.2000000000 -42.3102813565
92.3000000000 -42.3914133795
92.4000000000 -42.4725905346
92.5000000000 -42.5538115190
92.6000000000 -42.6350750330
92.7000000000 -42.7163797805
92.8000000000 -42.7977244691
92.9000000000 -42.8791078105
93.0000000000 -42.9605285202
93.1000000000 -43.0419853182
93.2000000000 -43.1234769290
93.3000000000 -43.2050020817
93.4000000000 -43.2865595103
93.5000000000 -43.3681479536
93.6000000000 -43.4497661559
93.7000000000 -43.5314128667
93.8000000000 -43.6130868410
93.9000000000 -43.6947868397
94.0000000000 -43.7765116293
94.1000000000 -43.8582599826
94.2000000000 -43.9400306785
94.3000000000 -44.0218225022
94.4000000000 -44.1036342455
94.5000000000 -44.1854647067
94.6000000000 -44.2673126913
94.7000000000 -44.3491770113
94.8000000000 -44.4310564861
94.9000000000 -44.5129499423
95.0000000000 -44.5948562138
95.1000000000 -44.6767741423
95.2000000000 -44.7587025769
95.3000000000 -44.8406403745
95.4000000000 -44.9225864002
95.5000000000 -45.0045395267
95.6000000000 -45.0864986354
95.7000000000 -45.1684626156
95.8000000000 -45.2504303653
95.9000000000 -45.3324007907
96.0000000000 -45.4143728069
96.1000000000 -45.4963453378
96.2000000000 -45.5783173158
96.3000000000 -45.6602876827
96.4000000000 -45.7422553890
96.5000000000 -45.8242193945
96.6000000000 -45.9061786683
96.7000000000 -45.9881321887
96.8000000000 -46.0700789435
96.9000000000 -46.1520179300
97.0000000000 -46.2339481550
97.1000000000 -46.3158686352
97.2000000000 -46.3977783967
97.3000000000 -46.4796764756
97.4000000000 -46.5615619179
97.5000000000 -46.6434337795
97.6000000000 -46.7252911263
97.7000000000 -46.8071330342
97.8000000000 -46.8889585894
97.9000000000 -46.9707668880
98.0000000000 -47.0525570366
98.1000000000 -47.1343281518
98.2000000000 -47.2160793609
98.3000000000 -47.2978098011
98.4000000000 -47.3795186202
98.5000000000 -47.4612049766
98.6000000000 -47.5428680390
98.7000000000 -47.6245069864
98.8000000000 -47.7061210086
98.9000000000 -47.7877093059
99.0000000000 -47.8692710890
99.1000000000 -47.9508055793
99.2000000000 -48.0323120089
99.3000000000 -48.1137896202
99.4000000000 -48.1952376664
99.5000000000 -48.2766554115
99.6000000000 -48.3580421297
99.7000000000 -48.4393971062
99.8000000000 -48.5207196366
99.9000000000 -48.6020090272
100.0000000000 -48.6832645950
100.1000000000 -48.7644856673
100.2000000000 -48.8456715824
100.3000000000 -48.9268216888
100.4000000000 -49.0079353458
100.5000000000 -49.0890119230
100.6000000000 -49.1700508009
100.7000000000 -49.2510513700
100.8000000000 -49.3320130316
100.9000000000 -49.4129351972
101.0000000000 -49.4938172890
101.1000000000 -49.5746587392
101.2000000000 -49.6554589906
101.3000000000 -49.7362174960
101.4000000000 -49.8169337188
101.5000000000 -49.8976071322
101.6000000000 -49.9782372198
101.7000000000 -50.0588234752
101.8000000000 -50.1393654022
101.9000000000 -50.2198625142
102.0000000000 -50.3003143351
102.1000000000 -50.3807203981
102.2000000000 -50.4610802466
102.3000000000 -50.5413934336
102.4000000000 -50.6216595219
102.5000000000 -50.7018780838
102.6000000000 -50.7820487012
102.7000000000 -50.8621709654
102.8000000000 -50.9422444774
102.9000000000 -51.0222688472
103.0000000000 -51.1022436942
103.1000000000 -51.1821686470
103.2000000000 -51.2620433434
103.3000000000 -51.3418674300
103.4000000000 -51.4216405625
103.5000000000 -51.5013624054
103.6000000000 -51.5810326321
103.7000000000 -51.6606509245
103.8000000000 -51.7402169731
103.9000000000 -51.8197304771
104.0000000000 -51.8991911439
104.1000000000 -51.9785986894
104.2000000000 -52.0579528375
104.3000000000 -52.1372533205
104.4000000000 -52.2164998784
104.5000000000 -52.2956922595
104.6000000000 -52.3748302195
104.7000000000 -52.4539135222
104.8000000000 -52.5329419389
104.9000000000 -52.6119152482
105.0000000000 -52.6908332364
105.1000000000 -52.7696956970
105.2000000000 -52.8485024306
105.3000000000 -52.9272532450
105.4000000000 -53.0059479549
105.5000000000 -53.0845863818
105.6000000000 -53.1631683540
105.7000000000 -53.2416937066
105.8000000000 -53.3201622809
105.9000000000 -53.3985739247
106.0000000000 -53.4769284923
106.1000000000 -53.5552258438
106.2000000000 -53.6334658456
106.3000000000 -53.7116483699
106.4000000000 -53.7897732947
106.5000000000 -53.8678405037
106.6000000000 -53.9458498862
106.7000000000 -54.0238013369
106.8000000000 -54.1016947557
106.9000000000 -54.1795300477
107.0000000000 -54.2573071232
107.1000000000 -54.3350258974
107.2000000000 -54.4126862901
107.3000000000 -54.4902882259
107.4000000000 -54.5678316340
107.5000000000 -54.6453164479
107.6000000000 -54.7227426055
107.7000000000 -54.8001100487
107.8000000000 -54.8774187234
107.9000000000 -54.9546685797
108.0000000000 -55.0318595712
108.1000000000 -55.1089916550
108.2000000000 -55.1860647920
108.3000000000 -55.2630789463
108.4000000000 -55.3400340851
108.5000000000 -55.4169301791
108.6000000000 -55.4937672014
108.7000000000 -55.5705451284
108.8000000000 -55.6472639390
108.9000000000 -55.7239236145
109.0000000000 -55.8005241389
109.1000000000 -55.8770654983
109.2000000000 -55.9535476811
109.3000000000 -56.0299706775
109.4000000000 -56.1063344797
109.5000000000 -56.1826390818
109.6000000000 -56.2588844791
109.7000000000 -56.3350706688
109.8000000000 -56.4111976491
109.9000000000 -56.4872654198
110.0000000000 -56.5632739812
110.1000000000 -56.6392233351
110.2000000000 -56.7151134837
110.3000000000 -56.7909444300
110.4000000000 -56.8667161776
110.5000000000 -56.9424287304
110.6000000000 -57.0180820925
110.7000000000 -57.0936762683
110.8000000000 -57.1692112619
110.9000000000 -57.2446870777
111.0000000000 -57.3201037193
111.1000000000 -57.3954611902
111.2000000000 -57.4707594934
111.3000000000 -57.5459986310
111.4000000000 -57.6211786045
111.5000000000 -57.6962994143
111.6000000000 -57.7713610598
111.7000000000 -57.8463635393
111.8000000000 -57.9213068496
111.9000000000 -57.9961909862
112.0000000000 -58.0710159428
112.1000000000 -58.1457817117
112.2000000000 -58.2204882830
112.3000000000 -58.2951356451
112.4000000000 -58.3697237843
112.5000000000 -58.4442526844
112.6000000000 -58.5187223273
112.7000000000 -58.5931326922
112.8000000000 -58.6674837556
112.9000000000 -58.7417754914
113.0000000000 -58.8160078709
113.1000000000 -58.8901808621
113.2000000000 -58.9642944301
113.3000000000 -59.0383485369
113.4000000000 -59.1123431410
113.5000000000 -59.1862781978
113.6000000000 -59.2601536589
113.7000000000 -59.3339694722
113.8000000000 -59.4077255823
113.9000000000 -59.4814219294
114.0000000000 -59.5550584502
114.1000000000 -59.6286350769
114.2000000000 -59.7021517379
114.3000000000 -59.7756083570
114.4000000000 -59.8490048539
114.5000000000 -59.9223411435
114.6000000000 -59.9956171364
114.7000000000 -60.0688327384
114.8000000000 -60.1419878504
114.9000000000 -60.2150823686
115.0000000000 -60.2881161840
115.1000000000 -60.3610891828
115.2000000000 -60.4340012457
115.3000000000 -60.5068522485
115.4000000000 -60.5796420614
115.5000000000 -60.6523705492
115.6000000000 -60.7250375713
115.7000000000 -60.7976429815
115.8000000000 -60.8701866278
115.9000000000 -60.9426683525
116.0000000000 -61.0150879920
116.1000000000 -61.0874453770
116.2000000000 -61.1597403319
116.3000000000 -61.2319726753
116.4000000000 -61.3041422195
116.5000000000 -61.3762487707
116.6000000000 -61.4482921289
116.7000000000 -61.5202720875
116.8000000000 -61.5921884339
116.9000000000 -61.6640409487
117.0000000000 -61.7358294061
117.1000000000 -61.8075535740
117.2000000000 -61.8792132132
117.3000000000 -61.9508080782
117.4000000000 -62.0223379167
117.5000000000 -62.0938024696
117.6000000000 -62.1652014709
117.7000000000 -62.2365346480
117.8000000000 -62.3078017211
117.9000000000 -62.3790024038
118.0000000000 -62.4501364024
118.1000000000 -62.5212034164
118.2000000000 -62.5922031383
118.3000000000 -62.6631352535
118.4000000000 -62.7339994402
118.5000000000 -62.8047953696
118.6000000000 -62.8755227058
118.7000000000 -62.9461811057
118.8000000000 -63.0167702190
118.9000000000 -63.0872896884
119.0000000000 -63.1577391491
119.1000000000 -63.2281182294
119.2000000000 -63.2984265503
119.3000000000 -63.3686637255
119.4000000000 -63.4388293616
119.5000000000 -63.5089230580
119.6000000000 -63.5789444067
119.7000000000 -63.6488929927
119.8000000000 -63.7187683939
119.9000000000 -63.7885701807
120.0000000000 -63.8582979166
120.1000000000 -63.9279511577
120.2000000000 -63.9975294534
120.3000000000 -64.0670323455
120.4000000000 -64.1364593691
120.5000000000 -64.2058100519
120.6000000000 -64.2750839148
120.7000000000 -64.3442804717
120.8000000000 -64.4133992294
120.9000000000 -64.4824396879
121.0000000000 -64.5514013402
121.1000000000 -64.6202836726
121.2000000000 -64.6890861644
121.3000000000 -64.7578082883
121.4000000000 -64.8264495102
121.5000000000 -64.8950092894
121.6000000000 -64.9634870786
121.7000000000 -65.0318823238
121.8000000000 -65.1001944648
121.9000000000 -65.1684229346
122.0000000000 -65.2365671602
122.1000000000 -65.3046265621
122.2000000000 -65.3726005546
122.3000000000 -65.4404885458
122.4000000000 -65.5082899378
122.5000000000 -65.5760041265
122.6000000000 -65.6436305022
122.7000000000 -65.7111684491
122.8000000000 -65.7786173456
122.9000000000 -65.8459765645
123.0000000000 -65.9132454730
123.1000000000 -65.9804234327
123.2000000000 -66.0475097998
123.3000000000 -66.1145039253
123.4000000000 -66.1814051548
123.5000000000 -66.2482128288
123.6000000000 -66.3149262827
123.7000000000 -66.3815448470
123.8000000000 -66.4480678474
123.9000000000 -66.5144946049
124.0000000000 -66.5808244357
124.1000000000 -66.6470566516
124.2000000000 -66.7131905598
124.3000000000 -66.7792254635
124.4000000000 -66.8451606614
124.5000000000 -66.9109954484
124.6000000000 -66.9767291151
124.7000000000 -67.0423609486
124.8000000000 -67.1078902320
124.9000000000 -67.1733162450
125.0000000000 -67.2386382635
125.1000000000 -67.3038555605
125.2000000000 -67.3689674054
125.3000000000 -67.4339730645
125.4000000000 -67.4988718013
125.5000000000 -67.5636628763
125.6000000000 -67.6283455474
125.7000000000 -67.6929190697
125.8000000000 -67.7573826959
125.9000000000 -67.8217356765
126.0000000000 -67.8859772596
126.1000000000 -67.9501066915
126.2000000000 -68.0141232162
126.3000000000 -68.0780260762
126.4000000000 -68.1418145122
126.5000000000 -68.2054877633
126.6000000000 -68.2690450676
126.7000000000 -68.3324856613
126.8000000000 -68.3958087802
126.9000000000 -68.4590136585
127.0000000000 -68.5220995301
127.1000000000 -68.5850656278
127.2000000000 -68.6479111841
127.3000000000 -68.7106354309
127.4000000000 -68.7732376001
127.5000000000 -68.8357169232
127.6000000000 -68.8980726318
127.7000000000 -68.9603039578
127.8000000000 -69.0224101333
127.9000000000 -69.0843903907
128.0000000000 -69.1462439632
128.1000000000 -69.2079700846
128.2000000000 -69.2695679897
128.3000000000 -69.3310369140
128.4000000000 -69.3923760946
128.5000000000 -69.4535847695
128.6000000000 -69.5146621783
128.7000000000 -69.5756075621
128.8000000000 -69.6364201639
128.9000000000 -69.6970992283
129.0000000000 -69.7576440019
129.1000000000 -69.8180537337
129.2000000000 -69.8783276747
129.3000000000 -69.9384650783
129.4000000000 -69.9984652005
129.5000000000 -70.0583273001
129.6000000000 -70.1180506384
129.7000000000 -70.1776344800
129.8000000000 -70.2370780923
129.9000000000 -70.2963807459
130.0000000000 -70.3555417149
130.1000000000 -70.4145602768
130.2000000000 -70.4734357126
130.3000000000 -70.5321673072
130.4000000000 -70.5907543491
130.5000000000 -70.6491961309
130.6000000000 -70.7074919494
130.7000000000 -70.7656411054
130.8000000000 -70.8236429042
130.9000000000 -70.8814966555
131.0000000000 -70.9392016735
131.1000000000 -70.9967572773
131.2000000000 -71.0541627907
131.3000000000 -71.1114175423
131.4000000000 -71.1685208659
131.5000000000 -71.2254721004
131.6000000000 -71.2822705900
131.7000000000 -71.3389156842
131.8000000000 -71.3954067380
131.9000000000 -71.4517431120
132.0000000000 -71.5079241725
132.1000000000 -71.5639492916
132.2000000000 -71.6198178472
132.3000000000 -71.6755292233
132.4000000000 -71.7310828099
132.5000000000 -71.7864780032
132.6000000000 -71.8417142057
132.7000000000 -71.8967908263
132.8000000000 -71.9517072803
132.9000000000 -72.0064629896
133.0000000000 -72.0610573826
133.1000000000 -72.1154898946
133.2000000000 -72.1697599676
133.3000000000 -72.2238670504
133.4000000000 -72.2778105990
133.5000000000 -72.3315900762
133.6000000000 -72.3852049520
133.7000000000 -72.4386547036
133.8000000000 -72.4919388155
133.9000000000 -72.5450567794
134.0000000000 -72.5980080945
134.1000000000 -72.6507922675
134.2000000000 -72.7034088124
134.3000000000 -72.7558572511
134.4000000000 -72.8081371130
134.5000000000 -72.8602479351
134.6000000000 -72.9121892622
134.7000000000 -72.9639606471
134.8000000000 -73.0155616503
134.9000000000 -73.0669918403
135.0000000000 -73.1182507934
135.1000000000 -73.1693380941
135.2000000000 -73.2202533349
135.3000000000 -73.2709961164
135.4000000000 -73.3215660473
135.5000000000 -73.3719627444
135.6000000000 -73.4221858330
135.7000000000 -73.4722349463
135.8000000000 -73.5221097261
135.9000000000 -73.5718098222
136.0000000000 -73.6213348929
136.1000000000 -73.6706846050
136.2000000000 -73.7198586334
136.3000000000 -73.7688566616
136.4000000000 -73.8176783816
136.5000000000 -73.8663234937
136.6000000000 -73.9147917067
136.7000000000 -73.9630827379
136.8000000000 -74.0111963132
136.9000000000 -74.0591321669
137.0000000000 -74.1068900419
137.1000000000 -74.1544696895
137.2000000000 -74.2018708698
137.3000000000 -74.2490933511
137.4000000000 -74.2961369106
137.5000000000 -74.3430013339
137.6000000000 -74.3896864150
137.7000000000 -74.4361919566
137.8000000000 -74.4825177700
137.9000000000 -74.5286636750
138.0000000000 -74.5746294999
138.1000000000 -74.6204150814
138.2000000000 -74.6660202650
138.3000000000 -74.7114449045
138.4000000000 -74.7566888623
138.5000000000 -74.8017520091
138.6000000000 -74.8466342243
138.7000000000 -74.8913353955
138.8000000000 -74.9358554189
138.9000000000 -74.9801941991
139.0000000000 -75.0243516490
139.1000000000 -75.0683276899
139.2000000000 -75.1121222514
139.3000000000 -75.1557352715
139.4000000000 -75.1991666963
139.5000000000 -75.2424164803
139.6000000000 -75.2854845862
139.7000000000 -75.3283709848
139.8000000000 -75.3710756552
139.9000000000 -75.4135985846
140.0000000000 -75.4559397681
140.1000000000 -75.4980992091
140.2000000000 -75.5400769188
140.3000000000 -75.5818729166
140.4000000000 -75.6234872296
140.5000000000 -75.6649198930
140.6000000000 -75.7061709497
140.7000000000 -75.7472404502
140.8000000000 -75.7881284528
140.9000000000 -75.8288350223
141.0000000000 -75.8693602300
141.1000000000 -75.9097041512
141.2000000000 -75.9498668624
141.3000000000 -75.9898484364
141.4000000000 -76.0296489344
141.5000000000 -76.0692683949
141.6000000000 -76.1087068179
141.7000000000 -76.1479641428
141.8000000000 -76.1870402204
141.9000000000 -76.2259347757
142.0000000000 -76.2646473624
142.1000000000 -76.3031773061
142.2000000000 -76.3415236359
142.3000000000 -76.3796850028
142.4000000000 -76.4176595837
142.5000000000 -76.4554449687
142.6000000000 -76.4930380313
142.7000000000 -76.5304347786
142.8000000000 -76.5676301794
142.9000000000 -76.6046179679
143.0000000000 -76.6413904195
143.1000000000 -76.6779380950
143.2000000000 -76.7142495479
143.3000000000 -76.7503109896
143.4000000000 -76.7861059056
143.5000000000 -76.8216146133
143.6000000000 -76.8568137521
143.7000000000 -76.8916756936
143.8000000000 -76.9261678569
143.9000000000 -76.9602519121
144.0000000000 -76.9938828524
144.1000000000 -77.0270079105
144.2000000000 -77.0595652913
144.3000000000 -77.0914826884
144.4000000000 -77.1226755468
144.5000000000 -77.1530450255
144.6000000000 -77.1824756088
144.7000000000 -77.2108323042
144.8000000000 -77.2379573552
144.9000000000 -77.2636663842
145.0000000000 -77.2877438678
145.1000000000 -77.3099378280
145.2000000000 -77.3299536040
145.3000000000 -77.3474465466
145.4000000000 -77.3620134484
145.5000000000 -77.3731824924
145.6000000000 -77.3804014635
145.7000000000 -77.3830239240
145.8000000000 -77.3802930022
145.9000000000 -77.3713223832
146.0000000000 -77.3550740214
146.1000000000 -77.3303320108
146.2000000000 -77.2956719524
146.3000000000 -77.2494250483
146.4000000000 -77.1896360161
146.5000000000 -77.1140137677
146.6000000000 -77.0198736151
146.7000000000 -76.9040695583
146.8000000000 -76.7629149670
146.9000000000 -76.5920896846
147.0000000000 -76.3865312558
147.1000000000 -76.1403075953
147.2000000000 -75.8464679717
147.3000000000 -75.4968686640
147.4000000000 -75.0819690429
147.5000000000 -74.5905931152
147.6000000000 -74.0096507229
147.7000000000 -73.3238115427
147.8000000000 -72.5151237189
147.9000000000 -71.5625671955
148.0000000000 -70.4415293000
148.1000000000 -69.1231862463
148.2000000000 -67.5737677876
148.3000000000 -65.7536708899
148.4000000000 -63.6163673592
148.5000000000 -61.1070107375
148.6000000000 -58.1605722547
148.7000000000 -54.6991935016
148.8000000000 -50.6281871854
148.9000000000 -45.8296956464
149.0000000000 -40.1524425900
149.1000000000 -33.3955125221
149.2000000000 -25.2842720691
149.3000000000 -15.4405320890
149.4000000000 -3.3887346220
149.5000000000 11.0819150317
149.6000000000 26.0682182764
149.7000000000 36.0346217173
149.8000000000 38.8559792387
149.9000000000 38.5552545409
150.0000000000 38.0990989358
150.1000000000 37.9197840467
150.2000000000 37.8904804030
150.3000000000 37.9158584071
150.4000000000 37.9494476871
150.5000000000 37.9705603926
150.6000000000 37.9708781578
150.7000000000 37.9478327696
150.8000000000 37.9014093140
150.9000000000 37.8326181134
151.0000000000 37.7427809473
151.1000000000 37.6332147476
151.2000000000 37.5051076505
151.3000000000 37.3594858465
151.4000000000 37.1972209495
151.5000000000 37.0190532311
151.6000000000 36.8256189252
151.7000000000 36.6174762549
151.8000000000 36.3951280326
151.9000000000 36.1590402351
152.0000000000 35.9096566694
152.1000000000 35.6474101451
152.2000000000 35.3727306629
152.3000000000 35.0860511237
152.4000000000 34.7878110245
152.5000000000 34.4784585456
152.6000000000 34.1584513775
152.7000000000 33.8282565811
152.8000000000 33.4883497249
152.9000000000 33.1392135027
153.0000000000 32.7813359974
153.1000000000 32.4152087262
153.2000000000 32.0413245759
153.3000000000 31.6601757144
153.4000000000 31.2722515453
153.5000000000 30.8780367575
153.6000000000 30.4780095057
153.7000000000 30.0726397491
153.8000000000 29.6623877649
153.9000000000 29.2477028446
154.0000000000 28.8290221767
154.1000000000 28.4067699141
154.2000000000 27.9813564190
154.3000000000 27.5531776773
154.4000000000 27.1226148711
154.5000000000 26.6900340975
154.6000000000 26.2557862203
154.7000000000 25.8202068397
154.8000000000 25.3836163690
154.9000000000 24.9463202025
155.0000000000 24.5086089629
155.1000000000 24.0707588155
155.2000000000 23.6330318384
155.3000000000 23.1956764371
155.4000000000 22.7589277947
155.5000000000 22.3230083486
155.6000000000 21.8881282849
155.7000000000 21.4544860455
155.8000000000 21.0222688395
155.9000000000 20.5916531549
156.0000000000 20.1628052655
156.1000000000 19.7358817295
156.2000000000 19.3110298754
156.3000000000 18.8883882746
156.4000000000 18.4680871958
156.5000000000 18.0502490420
156.6000000000 17.6349887675
156.7000000000 17.2224142742
156.8000000000 16.8126267874
156.9000000000 16.4057212095
157.0000000000 16.0017864532
157.1000000000 15.6009057528
157.2000000000 15.2031569558
157.3000000000 14.8086127938
157.4000000000 14.4173411340
157.5000000000 14.0294052121
157.6000000000 13.6448638484
157.7000000000 13.2637716457
157.8000000000 12.8861791724
157.9000000000 12.5121331310
158.0000000000 12.1416765120
158.1000000000 11.7748487362
158.2000000000 11.4116857850
158.3000000000 11.0522203200
158.4000000000 10.6964817931
158.5000000000 10.3444965489
158.6000000000 9.9962879181
158.7000000000 9.6518763055
158.8000000000 9.3112792713
158.9000000000 8.9745116086
159.0000000000 8.6415854151
159.1000000000 8.3125101629
159.2000000000 7.9872927646
159.3000000000 7.6659376373
159.4000000000 7.3484467654
159.5000000000 7.0348197617
159.6000000000 6.7250539284
159.7000000000 6.4191443172
159.8000000000 6.1170837899
159.9000000000 5.8188630793
160.0000000000 5.5244708498
160.1000000000 5.2338937602
160.2000000000 4.9471165260
160.3000000000 4.6641219832
160.4000000000 4.3848911532
160.5000000000 4.1094033086
160.6000000000 3.8376360395
160.7000000000 3.5695653217
160.8000000000 3.3051655848
160.9000000000 3.0444097814
161.0000000000 2.7872694575
161.1000000000 2.5337148221
161.2000000000 2.2837148186
161.3000000000 2.0372371951
161.4000000000 1.7942485758
161.5000000000 1.5547145314
161.6000000000 1.3185996497
161.7000000000 1.0858676051
161.8000000000 0.8564812284
161.9000000000 0.6304025748
162.0000000000 0.4075929914
162.1000000000 0.1880131833
162.2000000000 -0.0283767215
162.3000000000 -0.2416171084
162.4000000000 -0.4517488144
162.5000000000 -0.6588130678
162.6000000000 -0.8628514299
162.7000000000 -1.0639057380
162.8000000000 -1.2620180510
162.9000000000 -1.4572305963
163.0000000000 -1.6495857196
163.1000000000 -1.8391258358
163.2000000000 -2.0258933829
163.3000000000 -2.2099307775
163.4000000000 -2.3912803723
163.5000000000 -2.5699844167
163.6000000000 -2.7460850183
163.7000000000 -2.9196241070
163.8000000000 -3.0906434020
163.9000000000 -3.2591843792
164.0000000000 -3.4252882424
164.1000000000 -3.5889958950
164.2000000000 -3.7503479147
164.3000000000 -3.9093845294
164.4000000000 -4.0661455955
164.5000000000 -4.2206705772
164.6000000000 -4.3729985284
164.7000000000 -4.5231680758
164.8000000000 -4.6712174033
164.9000000000 -4.8171842385
165.0000000000 -4.9611058404
165.1000000000 -5.1030189883
165.2000000000 -5.2429599723
165.3000000000 -5.3809645853
165.4000000000 -5.5170681152
165.5000000000 -5.6513053396
165.6000000000 -5.7837105203
165.7000000000 -5.9143174000
165.8000000000 -6.0431591986
165.9000000000 -6.1702686120
166.0000000000 -6.2956778101
166.1000000000 -6.4194184369
166.2000000000 -6.5415216105
166.3000000000 -6.6620179243
166.4000000000 -6.7809374486
166.5000000000 -6.8983097324
166.6000000000 -7.0141638068
166.7000000000 -7.1285281877
166.8000000000 -7.2414308799
166.9000000000 -7.3528993810
167.0000000000 -7.4629606859
167.1000000000 -7.5716412918
167.2000000000 -7.6789672033
167.3000000000 -7.7849639381
167.4000000000 -7.8896565320
167.5000000000 -7.9930695460
167.6000000000 -8.0952270714
167.7000000000 -8.1961527366
167.8000000000 -8.2958697137
167.9000000000 -8.3944007248
168.0000000000 -8.4917680491
168.1000000000 -8.5879935293
168.2000000000 -8.6830985789
168.3000000000 -8.7771041889
168.4000000000 -8.8700309349
168.5000000000 -8.9618989841
168.6000000000 -9.0527281027
168.7000000000 -9.1425376622
168.8000000000 -9.2313466474
168.9000000000 -9.3191736626
169.0000000000 -9.4060369392
169.1000000000 -9.4919543424
169.2000000000 -9.5769433783
169.3000000000 -9.6610212006
169.4000000000 -9.7442046177
169.5000000000 -9.8265100990
169.6000000000 -9.9079537824
169.7000000000 -9.9885514800
169.8000000000 -10.0683186856
169.9000000000 -10.1472705803
170.0000000000 -10.2254220395
170.1000000000 -10.3027876391
170.2000000000 -10.3793816613
170.3000000000 -10.4552181014
170.4000000000 -10.5303106734
170.5000000000 -10.6046728159
170.6000000000 -10.6783176982
170.7000000000 -10.7512582257
170.8000000000 -10.8235070460
170.9000000000 -10.8950765541
171.0000000000 -10.9659788977
171.1000000000 -11.0362259830
171.2000000000 -11.1058294797
171.3000000000 -11.1748008260
171.4000000000 -11.2431512338
171.5000000000 -11.3108916936
171.6000000000 -11.3780329793
171.7000000000 -11.4445856532
171.8000000000 -11.5105600700
171.9000000000 -11.5759663821
172.0000000000 -11.6408145435
172.1000000000 -11.7051143145
172.2000000000 -11.7688752656
172.3000000000 -11.8321067819
172.4000000000 -11.8948180674
172.5000000000 -11.9570181482
172.6000000000 -12.0187158774
172.7000000000 -12.0799199381
172.8000000000 -12.1406388475
172.9000000000 -12.2008809603
173.0000000000 -12.2606544726
173.1000000000 -12.3199674250
173.2000000000 -12.3788277063
173.3000000000 -12.4372430565
173.4000000000 -12.4952210703
173.5000000000 -12.5527691999
173.6000000000 -12.6098947585
173.7000000000 -12.6666049233
173.8000000000 -12.7229067378
173.9000000000 -12.7788071155
174.0000000000 -12.8343128423
174.1000000000 -12.8894305791
174.2000000000 -12.9441668647
174.3000000000 -12.9985281185
174.4000000000 -13.0525206426
174.5000000000 -13.1061506250
174.6000000000 -13.1594241412
174.7000000000 -13.2123471573
174.8000000000 -13.2649255319
174.9000000000 -13.3171650183
175.0000000000 -13.3690712672
175.1000000000 -13.4206498283
175.2000000000 -13.4719061528
175.3000000000 -13.5228455952
175.4000000000 -13.5734734156
175.5000000000 -13.6237947813
175.6000000000 -13.6738147691
175.7000000000 -13.7235383668
175.8000000000 -13.7729704754
175.9000000000 -13.8221159108
176.0000000000 -13.8709794053
176.1000000000 -13.9195656096
176.2000000000 -13.9678790945
176.3000000000 -14.0159243522
176.4000000000 -14.0637057982
176.5000000000 -14.1112277730
176.6000000000 -14.1584945433
176.7000000000 -14.2055103035
176.8000000000 -14.2522791775
176.9000000000 -14.2988052200
177.0000000000 -14.3450924176
177.1000000000 -14.3911446906
177.2000000000 -14.4369658942
177.3000000000 -14.4825598197
177.4000000000 -14.5279301959
177.5000000000 -14.5730806905
177.6000000000 -14.6180149109
177.7000000000 -14.6627364059
177.8000000000 -14.7072486667
177.9000000000 -14.7515551279
178.0000000000 -14.7956591687
178.1000000000 -14.8395641145
178.2000000000 -14.8832732371
178.3000000000 -14.9267897565
178.4000000000 -14.9701168416
178.5000000000 -15.0132576114
178.6000000000 -15.0562151357
178.7000000000 -15.0989924366
178.8000000000 -15.1415924890
178.9000000000 -15.1840182216
179.0000000000 -15.2262725181
179.1000000000 -15.2683582179
179.2000000000 -15.3102781168
179.3000000000 -15.3520349684
179.4000000000 -15.3936314843
179.5000000000 -15.4350703357
179.6000000000 -15.4763541533
179.7000000000 -15.5174855288
179.8000000000 -15.5584670156
179.9000000000 -15.5993011293
180.0000000000 -15.6399903484
180.1000000000 -15.6805371156
180.2000000000 -15.7209438378
180.3000000000 -15.7612128874
180.4000000000 -15.8013466027
180.5000000000 -15.8413472883
180.6000000000 -15.8812172167
180.7000000000 -15.9209586277
180.8000000000 -15.9605737302
180.9000000000 -16.0000647020
181.0000000000 -16.0394336908
181.1000000000 -16.0786828148
181.2000000000 -16.1178141632
181.3000000000 -16.1568297966
181.4000000000 -16.1957317479
181.5000000000 -16.2345220229
181.6000000000 -16.2732026003
181.7000000000 -16.3117754327
181.8000000000 -16.3502424472
181.9000000000 -16.3886055455
182.0000000000 -16.4268666047
182.1000000000 -16.4650274776
182.2000000000 -16.5030899936
182.3000000000 -16.5410559584
182.4000000000 -16.5789271553
182.5000000000 -16.6167053451
182.6000000000 -16.6543922667
182.7000000000 -16.6919896376
182.8000000000 -16.7294991544
182.9000000000 -16.7669224928
183.0000000000 -16.8042613085
183.1000000000 -16.8415172373
183.2000000000 -16.8786918957
183.3000000000 -16.9157868811
183.4000000000 -16.9528037722
183.5000000000 -16.9897441295
183.6000000000 -17.0266094956
183.7000000000 -17.0634013953
183.8000000000 -17.1001213366
183.9000000000 -17.1367708101
184.0000000000 -17.1733512903
184.1000000000 -17.2098642351
184.2000000000 -17.2463110869
184.3000000000 -17.2826932721
184.4000000000 -17.3190122021
184.5000000000 -17.3552692732
184.6000000000 -17.3914658670
184.7000000000 -17.4276033506
184.8000000000 -17.4636830772
184.9000000000 -17.4997063861
185.0000000000 -17.5356746029
185.1000000000 -17.5715890399
185.2000000000 -17.6074509965
185.3000000000 -17.6432617593
185.4000000000 -17.6790226022
185.5000000000 -17.7147347868
185.6000000000 -17.7503995630
185.7000000000 -17.7860181685
185.8000000000 -17.8215918295
185.9000000000 -17.8571217609
186.0000000000 -17.8926091666
186.1000000000 -17.9280552393
186.2000000000 -17.9634611612
186.3000000000 -17.9988281040
186.4000000000 -18.0341572290
186.5000000000 -18.0694496874
186.6000000000 -18.1047066208
186.7000000000 -18.1399291607
186.8000000000 -18.1751184295
186.9000000000 -18.2102755400
187.0000000000 -18.2454015959
187.1000000000 -18.2804976921
187.2000000000 -18.3155649146
187.3000000000 -18.3506043409
187.4000000000 -18.3856170399
187.5000000000 -18.4206040725
187.6000000000 -18.4555664911
187.7000000000 -18.4905053406
187.8000000000 -18.5254216579
187.9000000000 -18.5603164723
188.0000000000 -18.5951908056
188.1000000000 -18.6300456722
188.2000000000 -18.6648820796
188.3000000000 -18.6997010279
188.4000000000 -18.7345035106
188.5000000000 -18.7692905144
188.6000000000 -18.8040630191
188.7000000000 -18.8388219984
188.8000000000 -18.8735684193
188.9000000000 -18.9083032430
189.0000000000 -18.9430274241
189.1000000000 -18.9777419116
189.2000000000 -19.0124476485
189.3000000000 -19.0471455720
189.4000000000 -19.0818366139
189.5000000000 -19.1165217003
189.6000000000 -19.1512017519
189.7000000000 -19.1858776844
189.8000000000 -19.2205504081
189.9000000000 -19.2552208282
190.0000000000 -19.2898898450
190.1000000000 -19.3245583542
190.2000000000 -19.3592272465
190.3000000000 -19.3938974079
190.4000000000 -19.4285697200
190.5000000000 -19.4632450600
190.6000000000 -19.4979243007
190.7000000000 -19.5326083106
190.8000000000 -19.5672979540
190.9000000000 -19.6019940912
191.0000000000 -19.6366975786
191.1000000000 -19.6714092686
191.2000000000 -19.7061300097
191.3000000000 -19.7408606470
191.4000000000 -19.7756020215
191.5000000000 -19.8103549711
191.6000000000 -19.8451203298
191.7000000000 -19.8798989287
191.8000000000 -19.9146915951
191.9000000000 -19.9494991533
192.0000000000 -19.9843224245
192.1000000000 -20.0191622266
192.2000000000 -20.0540193746
192.3000000000 -20.0888946806
192.4000000000 -20.1237889538
192.5000000000 -20.1587030004
192.6000000000 -20.1936376243
192.7000000000 -20.2285936263
192.8000000000 -20.2635718047
192.9000000000 -20.2985729555
193.0000000000 -20.3335978719
193.1000000000 -20.3686473449
193.2000000000 -20.4037221631
193.3000000000 -20.4388231129
193.4000000000 -20.4739509782
193.5000000000 -20.5091065410
193.6000000000 -20.5442905811
193.7000000000 -20.5795038762
193.8000000000 -20.6147472021
193.9000000000 -20.6500213326
194.0000000000 -20.6853270396
194.1000000000 -20.7206650932
194.2000000000 -20.7560362617
194.3000000000 -20.7914413116
194.4000000000 -20.8268810079
194.5000000000 -20.8623561138
194.6000000000 -20.8978673909
194.7000000000 -20.9334155994
194.8000000000 -20.9690014979
194.9000000000 -21.0046258437
195.0000000000 -21.0402893925
195.1000000000 -21.0759928988
195.2000000000 -21.1117371158
195.3000000000 -21.1475227952
195.4000000000 -21.1833506879
195.5000000000 -21.2192215431
195.6000000000 -21.2551361093
195.7000000000 -21.2910951337
195.8000000000 -21.3270993625
195.9000000000 -21.3631495407
196.0000000000 -21.3992464125
196.1000000000 -21.4353907210
196.2000000000 -21.4715832087
196.3000000000 -21.5078246168
196.4000000000 -21.5441156858
196.5000000000 -21.5804571556
196.6000000000 -21.6168497650
196.7000000000 -21.6532942523
196.8000000000 -21.6897913548
196.9000000000 -21.7263418095
197.0000000000 -21.7629463523
197.1000000000 -21.7996057189
197.2000000000 -21.8363206440
197.3000000000 -21.8730918620
197.4000000000 -21.9099201067
197.5000000000 -21.9468061113
197.6000000000 -21.9837506086
197.7000000000 -22.0207543308
197.8000000000 -22.0578180097
197.9000000000 -22.0949423768
198.0000000000 -22.1321281631
198.1000000000 -22.1693760992
198.2000000000 -22.2066869152
198.3000000000 -22.2440613412
198.4000000000 -22.2815001068
198.5000000000 -22.3190039412
198.6000000000 -22.3565735734
198.7000000000 -22.3942097323
198.8000000000 -22.4319131462
198.9000000000 -22.4696845434
199.0000000000 -22.5075246520
199.1000000000 -22.5454341999
199.2000000000 -22.5834139146
199.3000000000 -22.6214645236
199.4000000000 -22.6595867542
199.5000000000 -22.6977813337
199.6000000000 -22.7360489888
199.7000000000 -22.7743904467
199.8000000000 -22.8128064339
199.9000000000 -22.8512976771
200.0000000000 -22.8898649029
200.1000000000 -22.9285088376
200.2000000000 -22.9672302075
200.3000000000 -23.0060297390
200.4000000000 -23.0449081581
200.5000000000 -23.0838661910
200.6000000000 -23.1229045635
200.7000000000 -23.1620240017
200.8000000000 -23.2012252313
200.9000000000 -23.2405089782
201.0000000000 -23.2798759679
201.1000000000 -23.3193269262
201.2000000000 -23.3588625786
201.3000000000 -23.3984836505
201.4000000000 -23.4381908673
201.5000000000 -23.4779849543
201.6000000000 -23.5178666368
201.7000000000 -23.5578366398
201.8000000000 -23.5978956884
201.9000000000 -23.6380445074
202.0000000000 -23.6782838217
202.1000000000 -23.7186143559
202.2000000000 -23.7590368345
202.3000000000 -23.7995519819
202.4000000000 -23.8401605224
202.5000000000 -23.8808631799
202.6000000000 -23.9216606783
202.7000000000 -23.9625537414
202.8000000000 -24.0035430925
202.9000000000 -24.0446294549
203.0000000000 -24.0858135516
203.1000000000 -24.1270961053
203.2000000000 -24.1684778385
203.3000000000 -24.2099594732
203.4000000000 -24.2515417313
203.5000000000 -24.2932253343
203.6000000000 -24.3350110033
203.7000000000 -24.3768994590
203.8000000000 -24.4188914218
203.9000000000 -24.4609876115
204.0000000000 -24.5031887476
204.1000000000 -24.5454955489
204.2000000000 -24.5879087340
204.3000000000 -24.6304290206
204.4000000000 -24.6730571262
204.5000000000 -24.7157937673
204.6000000000 -24.7586396600
204.7000000000 -24.8015955198
204.8000000000 -24.8446620614
204.9000000000 -24.8878399986
205.0000000000 -24.9311300447
205.1000000000 -24.9745329121
205.2000000000 -25.0180493122
205.3000000000 -25.0616799558
205.4000000000 -25.1054255525
205.5000000000 -25.1492868112
205.6000000000 -25.1932644395
205.7000000000 -25.2373591441
205.8000000000 -25.2815716308
205.9000000000 -25.3259026040
206.0000000000 -25.3703527669
206.1000000000 -25.4149228216
206.2000000000 -25.4596134690
206.3000000000 -25.5044254085
206.4000000000 -25.5493593383
206.5000000000 -25.5944159548
206.6000000000 -25.6395959535
206.7000000000 -25.6849000279
206.8000000000 -25.7303288701
206.9000000000 -25.7758831705
207.0000000000 -25.8215636180
207.1000000000 -25.8673708995
207.2000000000 -25.9133057001
207.3000000000 -25.9593687033
207.4000000000 -26.0055605903
207.5000000000 -26.0518820407
207.6000000000 -26.0983337317
207.7000000000 -26.1449163385
207.8000000000 -26.1916305343
207.9000000000 -26.2384769897
208.0000000000 -26.2854563734
208.1000000000 -26.3325693513
208.2000000000 -26.3798165871
208.3000000000 -26.4271987421
208.4000000000 -26.4747164746
208.5000000000 -26.5223704407
208.6000000000 -26.5701612933
208.7000000000 -26.6180896830
208.8000000000 -26.6661562570
208.9000000000 -26.7143616599
209.0000000000 -26.7627065331
209.1000000000 -26.8111915150
209.2000000000 -26.8598172406
209.3000000000 -26.9085843419
209.4000000000 -26.9574934473
209.5000000000 -27.0065451819
209.6000000000 -27.0557401672
209.7000000000 -27.1050790211
209.8000000000 -27.1545623578
209.9000000000 -27.2041907879
210.0000000000 -27.2539649178
210.1000000000 -27.3038853502
210.2000000000 -27.3539526837
210.3000000000 -27.4041675126
210.4000000000 -27.4545304274
210.5000000000 -27.5050420137
210.6000000000 -27.5557028532
210.7000000000 -27.6065135228
210.8000000000 -27.6574745948
210.9000000000 -27.7085866370
211.0000000000 -27.7598502123
211.1000000000 -27.8112658787
211.2000000000 -27.8628341892
211.3000000000 -27.9145556918
211.4000000000 -27.9664309291
211.5000000000 -28.0184604387
211.6000000000 -28.0706447526
211.7000000000 -28.1229843975
211.8000000000 -28.1754798944
211.9000000000 -28.2281317585
212.0000000000 -28.2809404993
212.1000000000 -28.3339066205
212.2000000000 -28.3870306197
212.3000000000 -28.4403129884
212.4000000000 -28.4937542118
212.5000000000 -28.5473547688
212.6000000000 -28.6011151320
212.7000000000 -28.6550357673
212.8000000000 -28.7091171341
212.9000000000 -28.7633596848
213.0000000000 -28.8177638652
213.1000000000 -28.8723301140
213.2000000000 -28.9270588627
213.3000000000 -28.9819505358
213.4000000000 -29.0370055503
213.5000000000 -29.0922243160
213.6000000000 -29.1476072349
213.7000000000 -29.2031547017
213.8000000000 -29.2588671029
213.9000000000 -29.3147448174
214.0000000000 -29.3707882162
214.1000000000 -29.4269976621
214.2000000000 -29.4833735095
214.3000000000 -29.5399161048
214.4000000000 -29.5966257857
214.5000000000 -29.6535028817
214.6000000000 -29.7105477132
214.7000000000 -29.7677605921
214.8000000000 -29.8251418215
214.9000000000 -29.8826916952
215.0000000000 -29.9404104982
215.1000000000 -29.9982985061
215.2000000000 -30.0563559853
215.3000000000 -30.1145831927
215.4000000000 -30.1729803755
215.5000000000 -30.2315477716
215.6000000000 -30.2902856087
215.7000000000 -30.3491941051
215.8000000000 -30.4082734686
215.9000000000 -30.4675238974
216.0000000000 -30.5269455791
216.1000000000 -30.5865386912
216.2000000000 -30.6463034009
216.3000000000 -30.7062398646
216.4000000000 -30.7663482283
216.5000000000 -30.8266286271
216.6000000000 -30.8870811855
216.7000000000 -30.9477060169
216.8000000000 -31.0085032237
216.9000000000 -31.0694728973
217.0000000000 -31.1306151177
217.1000000000 -31.1919299537
217.2000000000 -31.2534174626
217.3000000000 -31.3150776903
217.4000000000 -31.3769106711
217.5000000000 -31.4389164274
217.6000000000 -31.5010949701
217.7000000000 -31.5634462981
217.8000000000 -31.6259703983
217.9000000000 -31.6886672456
218.0000000000 -31.7515368027
218.1000000000 -31.8145790203
218.2000000000 -31.8777938367
218.3000000000 -31.9411811777
218.4000000000 -32.0047409568
218.5000000000 -32.0684730749
218.6000000000 -32.1323774205
218.7000000000 -32.1964538691
218.8000000000 -32.2607022839
218.9000000000 -32.3251225148
219.0000000000 -32.3897143993
219.1000000000 -32.4544777616
219.2000000000 -32.5194124133
219.3000000000 -32.5845181525
219.4000000000 -32.6497947646
219.5000000000 -32.7152420216
219.6000000000 -32.7808596824
219.7000000000 -32.8466474927
219.8000000000 -32.9126051847
219.9000000000 -32.9787324774
220.0000000000 -33.0450290764
220.1000000000 -33.1114946739
220.2000000000 -33.1781289486
220.3000000000 -33.2449315657
220.4000000000 -33.3119021769
220.5000000000 -33.3790404203
220.6000000000 -33.4463459205
220.7000000000 -33.5138182885
220.8000000000 -33.5814571216
220.9000000000 -33.6492620035
221.0000000000 -33.7172325042
221.1000000000 -33.7853681803
221.2000000000 -33.8536685744
221.3000000000 -33.9221332157
221.4000000000 -33.9907616194
221.5000000000 -34.0595532875
221.6000000000 -34.1285077079
221.7000000000 -34.1976243550
221.8000000000 -34.2669026898
221.9000000000 -34.3363421593
222.0000000000 -34.4059421971
222.1000000000 -34.4757022231
222.2000000000 -34.5456216438
222.3000000000 -34.6156998519
222.4000000000 -34.6859362270
222.5000000000 -34.7563301349
222.6000000000 -34.8268809279
222.7000000000 -34.8975879453
222.8000000000 -34.9684505127
222.9000000000 -35.0394679426
223.0000000000 -35.1106395342
223.1000000000 -35.1819645734
223.2000000000 -35.2534423332
223.3000000000 -35.3250720732
223.4000000000 -35.3968530404
223.5000000000 -35.4687844685
223.6000000000 -35.5408655786
223.7000000000 -35.6130955789
223.8000000000 -35.6854736648
223.9000000000 -35.7579990192
224.0000000000 -35.8306708125
224.1000000000 -35.9034882025
224.2000000000 -35.9764503347
224.3000000000 -36.0495563424
224.4000000000 -36.1228053466
224.5000000000 -36.1961964564
224.6000000000 -36.2697287688
224.7000000000 -36.3434013691
224.8000000000 -36.4172133307
224.9000000000 -36.4911637155
225.0000000000 -36.5652515738
225.1000000000 -36.6394759447
225.2000000000 -36.7138358558
225.3000000000 -36.7883303237
225.4000000000 -36.8629583541
225.5000000000 -36.9377189417
225.6000000000 -37.0126110706
225.7000000000 -37.0876337141
225.8000000000 -37.1627858353
225.9000000000 -37.2380663870
226.0000000000 -37.3134743116
226.1000000000 -37.3890085419
226.2000000000 -37.4646680004
226.3000000000 -37.5404516005
226.4000000000 -37.6163582455
226.5000000000 -37.6923868297
226.6000000000 -37.7685362381
226.7000000000 -37.8448053469
226.8000000000 -37.9211930230
226.9000000000 -37.9976981251
227.0000000000 -38.0743195030
227.1000000000 -38.1510559986
227.2000000000 -38.2279064452
227.3000000000 -38.3048696686
227.4000000000 -38.3819444864
227.5000000000 -38.4591297090
227.6000000000 -38.5364241391
227.7000000000 -38.6138265724
227.8000000000 -38.6913357975
227.9000000000 -38.7689505962
228.0000000000 -38.8466697435
228.1000000000 -38.9244920084
228.2000000000 -39.0024161532
228.3000000000 -39.0804409345
228.4000000000 -39.1585651029
228.5000000000 -39.2367874036
228.6000000000 -39.3151065761
228.7000000000 -39.3935213548
228.8000000000 -39.4720304694
228.9000000000 -39.5506326443
229.0000000000 -39.6293265996
229.1000000000 -39.7081110511
229.2000000000 -39.7869847103
229.3000000000 -39.8659462849
229.4000000000 -39.9449944787
229.5000000000 -40.0241279920
229.6000000000 -40.1033455220
229.7000000000 -40.1826457626
229.8000000000 -40.2620274050
229.9000000000 -40.3414891375
230.0000000000 -40.4210296463
230.1000000000 -40.5006476150
230.2000000000 -40.5803417256
230.3000000000 -40.6601106581
230.4000000000 -40.7399530907
230.5000000000 -40.8198677008
230.6000000000 -40.8998531641
230.7000000000 -40.9799081557
230.8000000000 -41.0600313500
230.9000000000 -41.1402214208
231.0000000000 -41.2204770416
231.1000000000 -41.3007968859
231.2000000000 -41.3811796274
231.3000000000 -41.4616239400
231.4000000000 -41.5421284984
231.5000000000 -41.6226919779
231.6000000000 -41.7033130550
231.7000000000 -41.7839904071
231.8000000000 -41.8647227134
231.9000000000 -41.9455086544
232.0000000000 -42.0263469126
232.1000000000 -42.1072361724
232.2000000000 -42.1881751207
232.3000000000 -42.2691624466
232.4000000000 -42.3501968418
232.5000000000 -42.4312770012
232.6000000000 -42.5124016223
232.7000000000 -42.5935694060
232.8000000000 -42.6747790569
232.9000000000 -42.7560292827
233.0000000000 -42.8373187954
233.1000000000 -42.9186463107
233.2000000000 -43.0000105486
233.3000000000 -43.0814102334
233.4000000000 -43.1628440941
233.5000000000 -43.2443108642
233.6000000000 -43.3258092824
233.7000000000 -43.4073380923
233.8000000000 -43.4888960428
233.9000000000 -43.5704818882
234.0000000000 -43.6520943885
234.1000000000 -43.7337323095
234.2000000000 -43.8153944227
234.3000000000 -43.8970795059
234.4000000000 -43.9787863432
234.5000000000 -44.0605137249
234.6000000000 -44.1422604482
234.7000000000 -44.2240253167
234.8000000000 -44.3058071410
234.9000000000 -44.3876047387
235.0000000000 -44.4694169347
235.1000000000 -44.5512425610
235.2000000000 -44.6330804571
235.3000000000 -44.7149294701
235.4000000000 -44.7967884550
235.5000000000 -44.8786562742
235.6000000000 -44.9605317984
235.7000000000 -45.0424139064
235.8000000000 -45.1243014851
235.9000000000 -45.2061934298
236.0000000000 -45.2880886440
236.1000000000 -45.3699860402
236.2000000000 -45.4518845393
236.3000000000 -45.5337830709
236.4000000000 -45.6156805736
236.5000000000 -45.6975759951
236.6000000000 -45.7794682919
236.7000000000 -45.8613564299
236.8000000000 -45.9432393842
236.9000000000 -46.0251161391
237.0000000000 -46.1069856886
237.1000000000 -46.1888470360
237.2000000000 -46.2706991943
237.3000000000 -46.3525411861
237.4000000000 -46.4343720439
237.5000000000 -46.5161908098
237.6000000000 -46.5979965360
237.7000000000 -46.6797882844
237.8000000000 -46.7615651272
237.9000000000 -46.8433261465
238.0000000000 -46.9250704345
238.1000000000 -47.0067970935
238.2000000000 -47.0885052363
238.3000000000 -47.1701939857
238.4000000000 -47.2518624749
238.5000000000 -47.3335098475
238.6000000000 -47.4151352574
238.7000000000 -47.4967378689
238.8000000000 -47.5783168569
238.9000000000 -47.6598714067
239.0000000000 -47.7414007140
239.1000000000 -47.8229039851
239.2000000000 -47.9043804369
239.3000000000 -47.9858292969
239.4000000000 -48.0672498029
239.5000000000 -48.1486412036
239.6000000000 -48.2300027581
239.7000000000 -48.3113337363
239.8000000000 -48.3926334184
239.9000000000 -48.4739010955
240.0000000000 -48.5551360690
240.1000000000 -48.6363376512
240.2000000000 -48.7175051647
240.3000000000 -48.7986379429
240.4000000000 -48.8797353297
240.5000000000 -48.9607966794
240.6000000000 -49.0418213569
240.7000000000 -49.1228087377
240.8000000000 -49.2037582077
240.9000000000 -49.2846691633
241.0000000000 -49.3655410111
241.1000000000 -49.4463731684
241.2000000000 -49.5271650627
241.3000000000 -49.6079161317
241.4000000000 -49.6886258237
241.5000000000 -49.7692935970
241.6000000000 -49.8499189201
241.7000000000 -49.9305012717
241.8000000000 -50.0110401407
241.9000000000 -50.0915350258
242.0000000000 -50.1719854360
242.1000000000 -50.2523908901
242.2000000000 -50.3327509167
242.3000000000 -50.4130650544
242.4000000000 -50.4933328514
242.5000000000 -50.5735538659
242.6000000000 -50.6537276654
242.7000000000 -50.7338538272
242.8000000000 -50.8139319379
242.9000000000 -50.8939615939
243.0000000000 -50.9739424006
243.1000000000 -51.0538739728
243.2000000000 -51.1337559346
243.3000000000 -51.2135879192
243.4000000000 -51.2933695688
243.5000000000 -51.3731005347
243.6000000000 -51.4527804769
243.7000000000 -51.5324090643
243.8000000000 -51.6119859747
243.9000000000 -51.6915108942
244.0000000000 -51.7709835177
244.1000000000 -51.8504035485
244.2000000000 -51.9297706981
244.3000000000 -52.0090846865
244.4000000000 -52.0883452417
244.5000000000 -52.1675520999
244.6000000000 -52.2467050051
244.7000000000 -52.3258037094
244.8000000000 -52.4048479724
244.9000000000 -52.4838375616
245.0000000000 -52.5627722520
245.1000000000 -52.6416518261
245.2000000000 -52.7204760735
245.3000000000 -52.7992447914
245.4000000000 -52.8779577838
245.5000000000 -52.9566148621
245.6000000000 -53.0352158443
245.7000000000 -53.1137605554
245.8000000000 -53.1922488268
245.9000000000 -53.2706804969
246.0000000000 -53.3490554102
246.1000000000 -53.4273734177
246.2000000000 -53.5056343765
246.3000000000 -53.5838381501
246.4000000000 -53.6619846076
246.5000000000 -53.7400736242
246.6000000000 -53.8181050808
246.7000000000 -53.8960788640
246.8000000000 -53.9739948656
246.9000000000 -54.0518529832
247.0000000000 -54.1296531193
247.1000000000 -54.2073951817
247.2000000000 -54.2850790831
247.3000000000 -54.3627047412
247.4000000000 -54.4402720784
247.5000000000 -54.5177810216
247.6000000000 -54.5952315024
247.7000000000 -54.6726234565
247.8000000000 -54.7499568240
247.9000000000 -54.8272315491
248.0000000000 -54.9044475800
248.1000000000 -54.9816048686
248.2000000000 -55.0587033706
248.3000000000 -55.1357430453
248.4000000000 -55.2127238553
248.5000000000 -55.2896457668
248.6000000000 -55.3665087488
248.7000000000 -55.4433127735
248.8000000000 -55.5200578163
248.9000000000 -55.5967438548
249.0000000000 -55.6733708698
249.1000000000 -55.7499388443
249.2000000000 -55.8264477637
249.3000000000 -55.9028976157
249.4000000000 -55.9792883900
249.5000000000 -56.0556200785
249.6000000000 -56.1318926747
249.7000000000 -56.2081061738
249.8000000000 -56.2842605728
249.9000000000 -56.3603558699
250.0000000000 -56.4363920646
250.1000000000 -56.5123691576
250.2000000000 -56.5882871508
250.3000000000 -56.6641460467
250.4000000000 -56.7399458487
250.5000000000 -56.8156865609
250.6000000000 -56.8913681876
250.7000000000 -56.9669907338
250.8000000000 -57.0425542045
250.9000000000 -57.1180586047
251.0000000000 -57.1935039397
251.1000000000 -57.2688902143
251.2000000000 -57.3442174330
251.3000000000 -57.4194856001
251.4000000000 -57.4946947190
251.5000000000 -57.5698447926
251.6000000000 -57.6449358229
251.7000000000 -57.7199678110
251.8000000000 -57.7949407566
251.9000000000 -57.8698546586
252.0000000000 -57.9447095142
252.1000000000 -58.0195053193
252.2000000000 -58.0942420681
252.3000000000 -58.1689197530
252.4000000000 -58.2435383648
252.5000000000 -58.3180978919
252.6000000000 -58.3925983208
252.7000000000 -58.4670396358
252.8000000000 -58.5414218189
252.9000000000 -58.6157448492
253.0000000000 -58.6900087037
253.1000000000 -58.7642133563
253.2000000000 -58.8383587783
253.3000000000 -58.9124449379
253.4000000000 -58.9864718002
253.5000000000 -59.0604393271
253.6000000000 -59.1343474772
253.7000000000 -59.2081962058
253.8000000000 -59.2819854644
253.9000000000 -59.3557152011
254.0000000000 -59.4293853599
254.1000000000 -59.5029958814
254.2000000000 -59.5765467017
254.3000000000 -59.6500377531
254.4000000000 -59.7234689637
254.5000000000 -59.7968402572
254.6000000000 -59.8701515529
254.7000000000 -59.9434027657
254.8000000000 -60.0165938057
254.9000000000 -60.0897245785
255.0000000000 -60.1627949847
255.1000000000 -60.2358049202
255.2000000000 -60.3087542757
255.3000000000 -60.3816429370
255.4000000000 -60.4544707846
255.5000000000 -60.5272376936
255.6000000000 -60.5999435342
255.7000000000 -60.6725881706
255.8000000000 -60.7451714618
255.9000000000 -60.8176932612
256.0000000000 -60.8901534164
256.1000000000 -60.9625517692
256.2000000000 -61.0348881556
256.3000000000 -61.1071624058
256.4000000000 -61.1793743438
256.5000000000 -61.2515237877
256.6000000000 -61.3236105494
256.7000000000 -61.3956344345
256.8000000000 -61.4675952425
256.9000000000 -61.5394927664
257.0000000000 -61.6113267930
257.1000000000 -61.6830971024
257.2000000000 -61.7548034685
257.3000000000 -61.8264456584
257.4000000000 -61.8980234326
257.5000000000 -61.9695365449
257.6000000000 -62.0409847426
257.7000000000 -62.1123677661
257.8000000000 -62.1836853488
257.9000000000 -62.2549372177
258.0000000000 -62.3261230923
258.1000000000 -62.3972426858
258.2000000000 -62.4682957040
258.3000000000 -62.5392818460
258.4000000000 -62.6102008035
258.5000000000 -62.6810522615
258.6000000000 -62.7518358978
258.7000000000 -62.8225513831
258.8000000000 -62.8931983810
258.9000000000 -62.9637765478
259.0000000000 -63.0342855328
259.1000000000 -63.1047249781
259.2000000000 -63.1750945187
259.3000000000 -63.2453937823
259.4000000000 -63.3156223893
259.5000000000 -63.3857799532
259.6000000000 -63.4558660800
259.7000000000 -63.5258803686
259.8000000000 -63.5958224109
259.9000000000 -63.6656917912
260.0000000000 -63.7354880871
260.1000000000 -63.8052108686
260.2000000000 -63.8748596988
260.3000000000 -63.9444341336
260.4000000000 -64.0139337218
260.5000000000 -64.0833580050
260.6000000000 -64.1527065179
260.7000000000 -64.2219787880
260.8000000000 -64.2911743358
260.9000000000 -64.3602926749
261.0000000000 -64.4293333119
261.1000000000 -64.4982957465
261.2000000000 -64.5671794715
261.3000000000 -64.6359839729
261.4000000000 -64.7047087298
261.5000000000 -64.7733532148
261.6000000000 -64.8419168935
261.7000000000 -64.9103992250
261.8000000000 -64.9787996619
261.9000000000 -65.0471176501
262.0000000000 -65.1153526293
262.1000000000 -65.1835040324
262.2000000000 -65.2515712862
262.3000000000 -65.3195538112
262.4000000000 -65.3874510216
262.5000000000 -65.4552623256
262.6000000000 -65.5229871252
262.7000000000 -65.5906248165
262.8000000000 -65.6581747895
262.9000000000 -65.7256364285
263.0000000000 -65.7930091121
263.1000000000 -65.8602922132
263.2000000000 -65.9274850990
263.3000000000 -65.9945871312
263.4000000000 -66.0615976663
263.5000000000 -66.1285160553
263.6000000000 -66.1953416439
263.7000000000 -66.2620737730
263.8000000000 -66.3287117781
263.9000000000 -66.3952549901
264.0000000000 -66.4617027347
264.1000000000 -66.5280543333
264.2000000000 -66.5943091024
264.3000000000 -66.6604663540
264.4000000000 -66.7265253959
264.5000000000 -66.7924855314
264.6000000000 -66.8583460597
264.7000000000 -66.9241062759
264.8000000000 -66.9897654713
264.9000000000 -67.0553229332
265.0000000000 -67.1207779453
265.1000000000 -67.1861297876
265.2000000000 -67.2513777367
265.3000000000 -67.3165210660
265.4000000000 -67.3815590453
265.5000000000 -67.4464909417
265.6000000000 -67.5113160191
265.7000000000 -67.5760335386
265.8000000000 -67.6406427586
265.9000000000 -67.7051429350
266.0000000000 -67.7695333212
266.1000000000 -67.8338131681
266.2000000000 -67.8979817248
266.3000000000 -67.9620382378
266.4000000000 -68.0259819523
266.5000000000 -68.0898121113
266.6000000000 -68.1535279562
266.7000000000 -68.2171287271
266.8000000000 -68.2806136625
266.9000000000 -68.3439819998
267.0000000000 -68.4072329753
267.1000000000 -68.4703658243
267.2000000000 -68.5333797812
267.3000000000 -68.5962740799
267.4000000000 -68.6590479537
267.5000000000 -68.7217006355
267.6000000000 -68.7842313579
267.7000000000 -68.8466393535
267.8000000000 -68.9089238548
267.9000000000 -68.9710840945
268.0000000000 -69.0331193057
268.1000000000 -69.0950287220
268.2000000000 -69.1568115773
268.3000000000 -69.2184671066
268.4000000000 -69.2799945455
268.5000000000 -69.3413931308
268.6000000000 -69.4026621004
268.7000000000 -69.4638006934
268.8000000000 -69.5248081505
268.9000000000 -69.5856837139
269.0000000000 -69.6464266276
269.1000000000 -69.7070361373
269.2000000000 -69.7675114907
269.3000000000 -69.8278519379
269.4000000000 -69.8880567310
269.5000000000 -69.9481251245
269.6000000000 -70.0080563757
269.7000000000 -70.0678497444
269.8000000000 -70.1275044931
269.9000000000 -70.1870198874
270.0000000000 -70.2463951960
270.1000000000 -70.3056296907
270.2000000000 -70.3647226467
270.3000000000 -70.4236733427
270.4000000000 -70.4824810608
270.5000000000 -70.5411450872
270.6000000000 -70.5996647115
270.7000000000 -70.6580392277
270.8000000000 -70.7162679335
270.9000000000 -70.7743501311
271.0000000000 -70.8322851269
271.1000000000 -70.8900722319
271.2000000000 -70.9477107616
271.3000000000 -71.0052000360
271.4000000000 -71.0625393803
271.5000000000 -71.1197281244
271.6000000000 -71.1767656032
271.7000000000 -71.2336511568
271.8000000000 -71.2903841307
271.9000000000 -71.3469638755
272.0000000000 -71.4033897475
272.1000000000 -71.4596611085
272.2000000000 -71.5157773260
272.3000000000 -71.5717377733
272.4000000000 -71.6275418295
272.5000000000 -71.6831888798
272.6000000000 -71.7386783154
272.7000000000 -71.7940095338
272.8000000000 -71.8491819385
272.9000000000 -71.9041949398
273.0000000000 -71.9590479540
273.1000000000 -72.0137404042
273.2000000000 -72.0682717201
273.3000000000 -72.1226413380
273.4000000000 -72.1768487012
273.5000000000 -72.2308932597
273.6000000000 -72.2847744704
273.7000000000 -72.3384917974
273.8000000000 -72.3920447119
273.9000000000 -72.4454326922
274.0000000000 -72.4986552238
274.1000000000 -72.5517117997
274.2000000000 -72.6046019200
274.3000000000 -72.6573250926
274.4000000000 -72.7098808326
274.5000000000 -72.7622686630
274.6000000000 -72.8144881141
274.7000000000 -72.8665387241
274.8000000000 -72.9184200389
274.9000000000 -72.9701316122
275.0000000000 -73.0216730056
275.1000000000 -73.0730437886
275.2000000000 -73.1242435385
275.3000000000 -73.1752718408
275.4000000000 -73.2261282890
275.5000000000 -73.2768124846
275.6000000000 -73.3273240373
275.7000000000 -73.3776625649
275.8000000000 -73.4278276936
275.9000000000 -73.4778190575
276.0000000000 -73.5276362992
276.1000000000 -73.5772790696
276.2000000000 -73.6267470278
276.3000000000 -73.6760398414
276.4000000000 -73.7251571863
276.5000000000 -73.7740987467
276.6000000000 -73.8228642155
276.7000000000 -73.8714532937
276.8000000000 -73.9198656910
276.9000000000 -73.9681011256
277.0000000000 -74.0161593239
277.1000000000 -74.0640400211
277.2000000000 -74.1117429609
277.3000000000 -74.1592678953
277.4000000000 -74.2066145849
277.5000000000 -74.2537827990
277.6000000000 -74.3007723153
277.7000000000 -74.3475829200
277.8000000000 -74.3942144080
277.9000000000 -74.4406665824
278.0000000000 -74.4869392552
278.1000000000 -74.5330322468
278.2000000000 -74.5789453860
278.3000000000 -74.6246785103
278.4000000000 -74.6702314655
278.5000000000 -74.7156041061
278.6000000000 -74.7607962949
278.7000000000 -74.8058079031
278.8000000000 -74.8506388107
278.9000000000 -74.8952889058
279.0000000000 -74.9397580849
279.1000000000 -74.9840462532
279.2000000000 -75.0281533238
279.3000000000 -75.0720792186
279.4000000000 -75.1158238675
279.5000000000 -75.1593872089
279.6000000000 -75.2027691892
279.7000000000 -75.2459697634
279.8000000000 -75.2889888943
279.9000000000 -75.3318265533
