0 -65.70568002 0.102345555
1 -66.47587799 0.09836237904
2 -67.2310725 0.09458839063
3 -67.97031735 0.09101706518
4 -68.69266488 0.08764187404
5 -69.39718634 0.08445623824
6 -70.08299185 0.08145349717
7 -70.74924907 0.07862689274
8 -71.3951996 0.07596956893
9 -72.02017079 0.0734745907
10 -72.62357033 0.07113501731
11 -73.20477898 0.06894427751
12 -73.76236087 0.06689852307
13 -74.28858077 0.06501228387
14 -74.73146292 0.06342432449
15 -74.73182263 0.06312844647
16 -71.80501683 0.07158661765
17 -49.25566818 0.1775293882
18 27.27415514 0.9779889873
19 36.34990825 0.9999028349
20 35.34349401 0.9998975535
21 32.41637199 0.9998281059
22 28.48498478 0.999649526
23 24.07183578 0.9992196896
24 19.56548194 0.9982473652
25 15.21885032 0.9962304134
26 11.17984764 0.9924669806
27 7.526418009 0.9862170253
28 4.288970333 0.9769929682
29 1.46327243 0.9648052379
30 -0.9794511528 0.9501766259
31 -3.082481296 0.933927605
32 -4.894536425 0.9169025823
33 -6.463192856 0.899787015
34 -7.831190348 0.8830479032
35 -9.035021649 0.866954913
36 -10.10491897 0.8516314273
37 -11.06551484 0.8371052422
38 -11.9367271 0.8233477027
39 -12.73463592 0.8103002673
40 -13.47225541 0.7978911085
41 -14.16017324 0.7860448286
42 -14.80706425 0.77468777
43 -15.42009583 0.7637506519
44 -16.00524524 0.7531696478
45 -16.56754732 0.7428865966
46 -17.11128807 0.7328487578
47 -17.64015623 0.723008353
48 -18.15736263 0.7133220291
49 -18.66573459 0.7037503175
50 -19.16779102 0.6942571295
51 -19.66580237 0.6848093052
52 -20.16183881 0.6753762247
53 -20.65780897 0.6659294814
54 -21.15549106 0.6564426181
55 -21.65655786 0.6468909228
56 -22.16259644 0.637251282
57 -22.67512349 0.627502089
58 -23.19559671 0.6176232061
59 -23.72542274 0.6075959792
60 -24.26596165 0.5974033034
61 -24.8185285 0.5870297376
62 -25.38439167 0.5764616674
63 -25.96476839 0.5656875113
64 -26.56081721 0.5546979667
65 -27.17362782 0.543486288
66 -27.80420812 0.5320485882
67 -28.45346897 0.5203841499
68 -29.12220695 0.5084957311
69 -29.81108569 0.4963898472
70 -30.52061643 0.484077007
71 -31.25113879 0.4715718806
72 -32.00280271 0.4588933753
73 -32.77555266 0.4460645997
74 -33.56911545 0.4331126968
75 -34.38299268 0.4200685354
76 -35.21645889 0.4069662566
77 -36.06856614 0.3938426827
78 -36.93815565 0.3807366028
79 -37.82387626 0.367687965
80 -38.72420953 0.3547370075
81 -39.63750052 0.3419233719
82 -40.56199294 0.32928524
83 -41.49586719 0.3168585377
84 -42.43727945 0.3046762416
85 -43.38440004 0.292767818
86 -44.33544935 0.2811588139
87 -45.28872983 0.2698706054
88 -46.24265288 0.2589203054
89 -47.19575981 0.2483208146
90 -48.14673644 0.2380810007
91 -49.09442118 0.2282059804
92 -50.03780693 0.2186974802
93 -50.97603706 0.2095542491
94 -51.90839634 0.2007725006
95 -52.83429728 0.1923463618
96 -53.75326301 0.1842683117
97 -54.66490718 0.1765295956
98 -55.56891212 0.1691206031
99 -56.46500581 0.1620312044
100 -57.35293858 0.1552510379
101 -58.2324605 0.1487697488
102 -59.10330004 0.1425771761
103 -59.96514496 0.1366634916
104 -60.81762603 0.1310192922
105 -61.66030427 0.1256356489
106 -62.49266222 0.1205041193
107 -63.3140996 0.1156167275
108 -64.12393358 0.1109659195
109 -64.9214035 0.1065444993
110 -65.70568002 0.102345555
111 -66.47587799 0.09836237903
112 -67.2310725 0.09458839063
113 -67.97031736 0.09101706517
114 -68.69266488 0.08764187403
115 -69.39718634 0.08445623823
116 -70.08299185 0.08145349716
117 -70.74924907 0.07862689274
118 -71.39519959 0.07596956896
119 -72.02017073 0.0734745909
120 -72.62356991 0.07113501862
121 -73.20477615 0.06894428618
122 -73.76234162 0.06689858053
123 -74.28844958 0.06501266584
124 -74.73056634 0.06342687923
125 -74.7256824 0.06314586678
126 -71.76305745 0.07171908715
127 -48.98322191 0.1793184847
128 27.40774788 0.9788676894
129 36.35248102 0.9999031883
130 35.33045855 0.9998973251
131 32.39610809 0.9998274763
132 28.46071602 0.9996479768
133 24.04608604 0.9992160494
134 19.54002341 0.9982394015
135 15.19477224 0.9962145927
136 11.15776283 0.9924389024
137 7.506622927 0.9861728081
138 4.271534609 0.9769310074
139 1.44809723 0.9647270796
140 -0.9925770359 0.9500863002
141 -3.093825502 0.9338300504
142 -4.904377221 0.9168022512
143 -6.47178977 0.8996871933
144 -7.838770149 0.8829506477
145 -9.041774875 0.866861292
146 -10.11100218 0.8515418263
147 -11.07105522 0.8370196232
148 -11.94182761 0.8232657899
149 -12.73937999 0.8102216672
150 -13.47671098 0.7978153825
151 -14.16439602 0.7859715337
152 -14.81110035 0.7746164808
153 -15.42398377 0.7636809702
154 -16.0090176 0.7531012059
155 -16.57123197 0.7428190568
156 -17.11490915 0.7327818105
157 -17.64373492 0.7229417137
158 -18.1609178 0.7132554351
159 -18.66928326 0.703683525
160 -19.17134874 0.694189911
161 -19.66938356 0.6847414471
162 -20.16545698 0.6753075251
163 -20.66147695 0.6658597488
164 -21.15922117 0.6563716703
165 -21.66036201 0.6468185859
166 -22.16648623 0.63717739
167 -22.67911032 0.6274264839
168 -23.1996918 0.6175457384
169 -23.72963713 0.6075165086
170 -24.27030627 0.5973217
171 -24.82301409 0.5869458836
172 -25.38902875 0.576375459
173 -25.96956718 0.565598861
174 -26.56578756 0.5546068063
175 -27.17877908 0.5433925714
176 -27.80954899 0.5319522946
177 -28.45900735 0.5202852868
178 -29.12794976 0.5083943377
179 -29.81703868 0.496285997
180 -30.52678398 0.4839708103
181 -31.25752374 0.4714634858
182 -32.00940615 0.4587829702
183 -32.78237382 0.4459524107
184 -33.57615155 0.4329989871
185 -34.3902389 0.4199536023
186 -35.2239083 0.4068504272
187 -36.07620981 0.3937263077
188 -36.94598273 0.3806200502
189 -37.83187417 0.3675716124
190 -38.73236421 0.3546212341
191 -39.6457967 0.3418085502
192 -40.57041449 0.329171728
193 -41.50439745 0.3167466718
194 -42.44590162 0.3045663303
195 -43.3930975 0.2926601374
196 -44.34420599 0.2810536037
197 -45.29753032 0.2697680674
198 -46.25148293 0.2588206025
199 -47.20460633 0.2482240719
200 -48.15558765 0.237987307
201 -49.10326668 0.228115391
202 -50.04663769 0.2186100203
203 -50.9848454 0.2094699177
204 -51.91717577 0.2006912744
205 -52.84304242 0.1922681991
206 -53.76196938 0.1841931567
207 -54.67357101 0.1764573817
208 -55.57753016 0.1690512566
209 -56.47357505 0.1619646473
210 -57.3614561 0.1551871905
211 -58.24092318 0.1487085313
212 -59.11170443 0.1425185108
213 -59.97348704 0.1366073039
214 -60.8259011 0.1309655108
215 -61.66850683 0.1255842067
216 -62.5007859 0.120454953
217 -63.32213714 0.1155697776
218 -64.13187685 0.1109211292
219 -64.92924357 0.1065018146
220 -65.71340728 0.1023049231
221 -66.48348227 0.09832374813
222 -67.23854329 0.09455170895
223 -67.97764397 0.0909822803
224 -68.69983669 0.08760893241
225 -69.40419296 0.08442508476
226 -70.08982337 0.08142407496
227 -70.75589623 0.07859914309
228 -71.40165395 0.07594343138
229 -72.02642475 0.07345000345
230 -72.62961688 0.07111191883
231 -73.2106087 0.06892261597
232 -73.76794098 0.0668783174
233 -74.29371077 0.06499403274
234 -74.73477558 0.06341178087
235 -74.72386738 0.0631480378
236 -71.72064919 0.07184978726
237 -48.67614696 0.181340406
238 27.56287905 0.9798306975
239 36.35776708 0.9999036253
240 35.31777917 0.9998971063
241 32.37546558 0.9998268342
242 28.4357717 0.9996463784
243 24.01957179 0.9992122842
244 19.51382211 0.9982311678
245 15.17002771 0.9961982641
246 11.13511083 0.9924099918
247 7.486365653 0.9861274062
248 4.253738143 0.9768675819
249 1.432654421 0.9646473453
250 -1.005887576 0.949994503
251 -3.105281571 0.933731336
252 -4.914266158 0.916701235
253 -6.480378657 0.8995872725
254 -7.846291763 0.8828539464
255 -9.048424378 0.8667689152
256 -10.11693959 0.8514541771
257 -11.07641027 0.8369366712
258 -11.94670504 0.8231872619
259 -12.74386442 0.810147171
260 -13.48087105 0.7977444815
261 -14.16828777 0.7859037889
262 -14.81476985 0.7745514733
263 -15.42746927 0.7636183106
264 -16.0123511 0.7530405385
265 -16.57444058 0.7427600587
266 -17.11801602 0.7327241896
267 -17.64676008 0.7228852055
268 -18.16387874 0.7131997998
269 -18.67219543 0.7036285445
270 -19.17422596 0.6941353857
271 -19.67223831 0.6846871937
272 -20.16830069 0.6752533746
273 -20.66432015 0.6658055446
274 -21.16207369 0.6563172666
275 -21.66323309 0.6467638472
276 -22.16938466 0.6371221901
277 -22.68204446 0.6273707053
278 -23.20266967 0.6174892724
279 -23.73266647 0.6074592555
280 -24.27339451 0.5972635694
281 -24.82616836 0.5868867952
282 -25.39225592 0.5763153437
283 -25.97287377 0.5655376618
284 -26.56917972 0.55454448
285 -27.1822625 0.5433290899
286 -27.81312887 0.5318876466
287 -28.46268829 0.5202194795
288 -29.13173565 0.5083273983
289 -29.82093261 0.496217974
290 -30.53078815 0.4839017746
291 -31.26163935 0.4713935312
292 -32.01363331 0.4587122135
293 -32.78671147 0.4458809908
294 -33.58059744 0.432927064
295 -34.39478953 0.4198813546
296 -35.22855896 0.4067780492
297 -36.08095463 0.393654006
298 -36.95081473 0.3805480394
299 -37.83678543 0.3675001102
300 -38.73734599 0.3545504568
301 -39.65083964 0.3417387077
302 -40.57550881 0.3291030197
303 -41.50953316 0.3166792821
304 -42.45106872 0.3045004257
305 -43.39828619 0.2925958636
306 -44.34940686 0.2809910841
307 -45.30273449 0.2697074023
308 -46.2566822 0.258761869
309 -47.20979324 0.2481673245
310 -48.16075558 0.2379325791
311 -49.10840984 0.2280626969
312 -50.05175113 0.218559357
313 -50.98992496 0.2094212673
314 -51.92221803 0.2006446069
315 -52.84804461 0.1922234745
316 -53.76692925 0.1841503273
317 -54.67848679 0.1764163946
318 -55.58240034 0.1690120552
319 -56.47839835 0.1619271732
320 -57.36623127 0.1551513848
321 -58.24564894 0.1486743361
322 -59.11637932 0.1424858695
323 -59.97810937 0.1365761621
324 -60.83046882 0.1309358167
325 -61.67301751 0.1255559112
326 -62.50523668 0.1204280097
327 -63.32652475 0.1155441426
328 -64.13619756 0.1108967608
329 -64.93349331 0.1064786728
330 -65.71758161 0.1022829695
