0 -47.4012 0.246191 0.0436378 0.693487
1 -41.2283 0.299808 0.041725 0.693096
2 -33.7208 0.398844 0.0318441 0.692901
3 -31.7443 0.453221 0.0223058 0.692866
4 -30.3732 0.479421 0.0166751 0.692887
5 -29.6371 0.494645 0.0135304 0.692943
6 -29.3532 0.501339 0.0118695 0.693015
7 -29.3575 0.502333 0.0110607 0.693092
8 -29.5352 0.499837 0.0107344 0.693165
9 -29.8158 0.495283 0.0106828 0.693231
10 -30.1591 0.489514 0.0107914 0.693287
11 -30.5428 0.483003 0.0109984 0.693331
12 -30.9549 0.476008 0.0112706 0.693362
13 -31.3891 0.468672 0.0115911 0.693379
14 -31.842 0.461074 0.0119516 0.693381
15 -32.3118 0.453258 0.0123486 0.693369
16 -32.7977 0.445252 0.0127818 0.693342
17 -33.299 0.437077 0.0132523 0.693299
18 -33.8155 0.428748 0.0137624 0.69324
19 -34.3469 0.420278 0.0143151 0.693165
20 -34.893 0.411683 0.0149143 0.693073
21 -35.4535 0.402977 0.0155638 0.692965
22 -36.0281 0.394175 0.0162686 0.692839
23 -36.6163 0.385293 0.0170335 0.692695
24 -37.2176 0.37635 0.0178643 0.692534
25 -37.8315 0.367363 0.0187671 0.692355
26 -38.4572 0.358352 0.0197483 0.692157
27 -39.0942 0.349335 0.0208151 0.691941
28 -39.7414 0.340333 0.0219751 0.691706
29 -40.3982 0.331365 0.0232366 0.691453
30 -41.0635 0.322452 0.0246081 0.69118
31 -41.7364 0.31361 0.026099 0.690889
32 -42.4159 0.30486 0.0277192 0.690579
33 -43.1011 0.296217 0.0294788 0.69025
34 -43.7909 0.287699 0.0313888 0.689902
35 -44.4842 0.279319 0.0334604 0.689536
36 -45.1802 0.271092 0.0357054 0.689151
37 -45.8779 0.263029 0.038136 0.688747
38 -46.5764 0.255139 0.0407646 0.688325
39 -47.2747 0.247432 0.0436043 0.687885
40 -47.9723 0.239913 0.046668 0.687427
41 -48.6682 0.23259 0.0499692 0.686952
42 -49.3619 0.225464 0.0535212 0.686459
43 -50.0528 0.218538 0.0573379 0.685949
44 -50.7403 0.211813 0.0614327 0.685422
45 -51.4241 0.205289 0.0658194 0.684878
46 -52.1038 0.198964 0.0705115 0.684319
47 -52.779 0.192837 0.0755225 0.683743
48 -53.4496 0.186903 0.0808657 0.683152
49 -54.1155 0.181159 0.0865541 0.682545
50 -54.7764 0.1756 0.0926004 0.681923
51 -55.4323 0.170223 0.099017 0.681287
52 -56.0833 0.165021 0.105816 0.680636
53 -56.7294 0.159989 0.113008 0.679971
54 -57.3705 0.155122 0.120604 0.679292
55 -58.0069 0.150415 0.128615 0.678599
56 -58.6384 0.145861 0.137049 0.677893
57 -59.2654 0.141457 0.145914 0.677174
58 -59.8877 0.137196 0.155218 0.676442
59 -60.5056 0.133074 0.164966 0.675697
60 -61.119 0.129086 0.175163 0.67494
61 -61.7279 0.125228 0.185811 0.674172
62 -62.3325 0.121495 0.19691 0.673391
63 -62.9326 0.117885 0.20846 0.672598
64 -63.5281 0.114394 0.220456 0.671794
65 -64.1189 0.111019 0.232893 0.670979
66 -64.7048 0.107757 0.245762 0.670153
67 -65.2855 0.104605 0.25905 0.669316
68 -65.8608 0.101563 0.272744 0.668468
69 -66.4303 0.0986263 0.286824 0.66761
70 -66.9936 0.0957949 0.301269 0.666742
71 -67.5502 0.0930668 0.316055 0.665864
72 -68.0996 0.0904405 0.331153 0.664976
73 -68.6414 0.0879144 0.346532 0.664079
74 -69.1749 0.0854873 0.362157 0.663173
75 -69.6996 0.0831577 0.377991 0.662258
76 -70.2149 0.0809243 0.393995 0.661335
77 -70.7202 0.0787854 0.410125 0.660403
78 -71.215 0.0767397 0.426338 0.659463
79 -71.6986 0.0747852 0.442589 0.658515
80 -72.1706 0.0729202 0.458832 0.657559
81 -72.6305 0.0711429 0.47502 0.656597
82 -73.0778 0.069451 0.491107 0.655627
83 -73.5121 0.0678425 0.507048 0.654651
84 -73.933 0.0663151 0.5228 0.653668
85 -74.3403 0.0648662 0.53832 0.652679
86 -74.7337 0.0634936 0.553568 0.651684
87 -75.1131 0.0621945 0.568509 0.650684
88 -75.4783 0.0609664 0.583107 0.649679
89 -75.8292 0.0598066 0.597332 0.648669
90 -76.166 0.0587123 0.611158 0.647655
91 -76.4885 0.0576809 0.624561 0.646636
92 -76.797 0.0567097 0.637521 0.645613
93 -77.0916 0.0557959 0.650023 0.644587
94 -77.3725 0.054937 0.662054 0.643557
95 -77.6398 0.0541304 0.673607 0.642524
96 -77.894 0.0533734 0.684674 0.641489
97 -78.1353 0.0526637 0.695255 0.64045
98 -78.364 0.0519988 0.70535 0.63941
99 -78.5805 0.0513763 0.714963 0.638367
100 -78.7851 0.0507941 0.724099 0.637322
101 -78.9782 0.05025 0.732766 0.636276
102 -79.1603 0.0497418 0.740975 0.635228
103 -79.3317 0.0492675 0.748737 0.634179
104 -79.4929 0.0488254 0.756065 0.633129
105 -79.6441 0.0484136 0.762972 0.632078
106 -79.786 0.0480303 0.769474 0.631027
107 -79.9188 0.0476739 0.775585 0.629975
108 -80.0429 0.0473429 0.781322 0.628922
109 -80.1588 0.0470357 0.7867 0.62787
110 -80.2667 0.046751 0.791736 0.626818
111 -80.3672 0.0464875 0.796446 0.625765
112 -80.4605 0.0462438 0.800845 0.624713
113 -80.5471 0.0460189 0.80495 0.623662
114 -80.6272 0.0458115 0.808776 0.622611
115 -80.7011 0.0456208 0.812338 0.62156
116 -80.7692 0.0454456 0.815651 0.62051
117 -80.8319 0.0452851 0.818728 0.619462
118 -80.8893 0.0451383 0.821582 0.618414
119 -80.9417 0.0450045 0.824227 0.617367
120 -80.9895 0.0448829 0.826676 0.616321
121 -81.0329 0.0447728 0.828939 0.615277
122 -81.072 0.0446734 0.831028 0.614234
123 -81.1072 0.0445842 0.832953 0.613192
124 -81.1387 0.0445045 0.834725 0.612151
125 -81.1666 0.0444338 0.836353 0.611112
126 -81.1912 0.0443715 0.837846 0.610075
127 -81.2126 0.0443172 0.839213 0.609039
128 -81.2311 0.0442704 0.840461 0.608005
129 -81.2467 0.0442306 0.841597 0.606972
130 -81.2597 0.0441975 0.842629 0.605942
131 -81.2702 0.0441707 0.843564 0.604913
132 -81.2783 0.0441497 0.844406 0.603886
133 -81.2842 0.0441343 0.845163 0.60286
134 -81.288 0.0441241 0.84584 0.601837
135 -81.2898 0.0441189 0.846441 0.600815
136 -81.2897 0.0441183 0.846971 0.599796
137 -81.2879 0.0441222 0.847435 0.598778
138 -81.2843 0.0441301 0.847837 0.597763
139 -81.2792 0.0441421 0.84818 0.596749
140 -81.2726 0.0441578 0.848468 0.595738
141 -81.2646 0.0441769 0.848705 0.594728
142 -81.2553 0.0441993 0.848894 0.593721
143 -81.2447 0.044225 0.849037 0.592716
144 -81.233 0.0442535 0.849136 0.591713
145 -81.2201 0.0442849 0.849196 0.590712
146 -81.2061 0.044319 0.849218 0.589714
147 -81.1912 0.0443556 0.849204 0.588717
148 -81.1753 0.0443945 0.849157 0.587723
149 -81.1585 0.0444358 0.849078 0.586731
150 -81.1408 0.0444792 0.848969 0.585741
151 -81.1224 0.0445247 0.848831 0.584753
152 -81.1032 0.044572 0.848667 0.583768
153 -81.0833 0.0446213 0.848478 0.582785
154 -81.0627 0.0446724 0.848264 0.581804
155 -81.0414 0.0447252 0.848028 0.580825
156 -81.0195 0.0447796 0.847771 0.579849
157 -80.997 0.0448354 0.847493 0.578875
158 -80.974 0.0448928 0.847195 0.577903
159 -80.9504 0.0449516 0.84688 0.576934
160 -80.9264 0.0450117 0.846547 0.575966
161 -80.9018 0.0450731 0.846197 0.575001
162 -80.8768 0.0451358 0.845831 0.574039
163 -80.8514 0.0451996 0.84545 0.573078
164 -80.8256 0.0452646 0.845055 0.57212
165 -80.7993 0.0453306 0.844646 0.571164
166 -80.7727 0.0453978 0.844224 0.570211
167 -80.7457 0.0454659 0.843789 0.56926
168 -80.7184 0.0455349 0.843342 0.568311
169 -80.6907 0.045605 0.842883 0.567364
170 -80.6628 0.0456759 0.842413 0.56642
171 -80.6345 0.0457477 0.841932 0.565478
172 -80.6059 0.0458204 0.841441 0.564539
173 -80.5771 0.0458939 0.84094 0.563601
174 -80.5479 0.0459682 0.840429 0.562666
175 -80.5185 0.0460433 0.839909 0.561733
176 -80.4889 0.0461192 0.83938 0.560803
177 -80.459 0.0461958 0.838843 0.559875
178 -80.4289 0.0462731 0.838296 0.558949
179 -80.3986 0.0463511 0.837742 0.558026
180 -80.3681 0.0464298 0.83718 0.557104
181 -80.3373 0.0465092 0.836609 0.556186
182 -80.3063 0.0465893 0.836032 0.555269
183 -80.2751 0.04667 0.835447 0.554355
184 -80.2438 0.0467513 0.834854 0.553442
185 -80.2122 0.0468333 0.834255 0.552533
186 -80.1804 0.0469159 0.833648 0.551625
187 -80.1485 0.0469991 0.833035 0.55072
188 -80.1164 0.0470829 0.832415 0.549818
189 -80.0841 0.0471674 0.831788 0.548917
190 -80.0516 0.0472524 0.831155 0.548019
191 -80.019 0.047338 0.830516 0.547123
192 -79.9862 0.0474242 0.82987 0.546229
193 -79.9532 0.047511 0.829218 0.545337
194 -79.9201 0.0475983 0.82856 0.544448
195 -79.8868 0.0476863 0.827896 0.543562
196 -79.8533 0.0477748 0.827226 0.542677
197 -79.8197 0.0478639 0.826549 0.541795
198 -79.7859 0.0479535 0.825867 0.540914
199 -79.752 0.0480438 0.825179 0.540037
200 -79.7179 0.0481346 0.824485 0.539161
201 -79.6836 0.048226 0.823785 0.538288
202 -79.6492 0.048318 0.82308 0.537417
203 -79.6146 0.0484106 0.822368 0.536548
204 -79.5799 0.0485037 0.821651 0.535682
205 -79.545 0.0485975 0.820928 0.534818
206 -79.51 0.0486918 0.820198 0.533956
207 -79.4748 0.0487867 0.819463 0.533096
208 -79.4394 0.0488823 0.818722 0.532238
209 -79.4039 0.0489784 0.817975 0.531383
210 -79.3682 0.0490752 0.817222 0.53053
211 -79.3323 0.0491726 0.816463 0.52968
212 -79.2963 0.0492706 0.815698 0.528831
213 -79.2601 0.0493693 0.814927 0.527985
214 -79.2237 0.0494686 0.81415 0.527141
215 -79.1872 0.0495685 0.813367 0.526299
216 -79.1505 0.0496692 0.812577 0.52546
217 -79.1136 0.0497705 0.811782 0.524622
218 -79.0765 0.0498725 0.81098 0.523787
219 -79.0393 0.0499751 0.810171 0.522954
220 -79.0018 0.0500785 0.809356 0.522124
221 -72.3394 0.0675964 0.799359 0.521348
222 -65.1546 0.0975086 0.763156 0.520703
223 -63.3068 0.112745 0.704967 0.520162
224 -60.7572 0.127159 0.640129 0.519673
225 -57.0816 0.150159 0.563257 0.519258
226 -50.9939 0.193981 0.463736 0.51897
227 -37.7283 0.31235 0.319251 0.518957
228 14.1756 0.874535 0.141642 0.520027
229 37.5021 0.999879 0.0523761 0.523688
230 36.5115 0.999919 0.0194558 0.527612
231 34.2748 0.99988 0.00736169 0.531418
232 31.4013 0.999797 0.00294063 0.535065
233 28.1824 0.999635 0.00135273 0.538531
234 24.8485 0.999328 0.000817022 0.541807
235 21.5546 0.998776 0.000677654 0.544896
236 18.3939 0.997838 0.000692528 0.547804
237 15.4202 0.996339 0.000771586 0.550541
238 12.6651 0.994088 0.000880437 0.553121
239 10.1471 0.990925 0.00100484 0.555557
240 7.87491 0.986764 0.00113769 0.557861
241 5.84907 0.981631 0.0012743 0.560049
242 4.06231 0.975668 0.00141094 0.562131
243 2.50083 0.969107 0.00154447 0.564122
244 1.14601 0.962216 0.0016723 0.566033
245 -0.0235176 0.955258 0.00179255 0.567873
246 -1.03005 0.948448 0.00190401 0.569651
247 -1.89527 0.941947 0.00200609 0.571377
248 -2.63934 0.935855 0.00209872 0.573055
249 -3.28035 0.930224 0.0021822 0.574692
250 -3.83415 0.925069 0.00225709 0.576293
251 -4.31443 0.920378 0.0023241 0.577862
252 -4.73282 0.916124 0.00238399 0.579402
253 -5.09918 0.912273 0.00243755 0.580916
254 -5.4218 0.908783 0.00248552 0.582406
255 -5.70763 0.905617 0.0025286 0.583875
256 -5.96252 0.902735 0.00256744 0.585325
257 -6.19133 0.900101 0.00260259 0.586755
258 -6.39816 0.897684 0.00263457 0.588169
259 -6.58646 0.895453 0.00266383 0.589567
260 -6.75909 0.893384 0.00269075 0.59095
261 -6.91848 0.891453 0.00271566 0.592318
262 -7.06668 0.889641 0.00273887 0.593672
263 -7.20539 0.887929 0.00276062 0.595014
264 -7.33607 0.886304 0.00278112 0.596343
265 -7.45996 0.884752 0.00280058 0.597659
266 -7.57807 0.883262 0.00281914 0.598964
267 -7.69131 0.881824 0.00283695 0.600257
268 -7.80041 0.88043 0.00285413 0.601539
269 -7.906 0.879073 0.00287077 0.60281
270 -8.00862 0.877746 0.00288697 0.60407
271 -8.10875 0.876444 0.0029028 0.605319
272 -8.20675 0.875162 0.00291833 0.606558
273 -8.30298 0.873896 0.00293362 0.607786
274 -8.39772 0.872644 0.0029487 0.609005
275 -8.4912 0.871401 0.00296363 0.610213
276 -8.58365 0.870166 0.00297844 0.611412
277 -8.67523 0.868936 0.00299316 0.612601
278 -8.76611 0.867708 0.00300781 0.61378
279 -8.85641 0.866483 0.00302243 0.614949
280 -8.94625 0.865257 0.00303704 0.616109
281 -9.03573 0.86403 0.00305164 0.61726
282 -9.12493 0.862801 0.00306626 0.618401
283 -9.21393 0.861568 0.00308091 0.619533
284 -9.30279 0.860331 0.00309561 0.620655
285 -9.39156 0.859089 0.00311036 0.621769
286 -9.4803 0.857842 0.00312517 0.622874
287 -9.56905 0.856588 0.00314005 0.623969
288 -9.65783 0.855328 0.00315501 0.625056
289 -9.7467 0.85406 0.00317006 0.626133
290 -9.83567 0.852785 0.0031852 0.627202
291 -9.92477 0.851502 0.00320044 0.628262
292 -10.014 0.85021 0.00321578 0.629314
293 -10.1035 0.84891 0.00323124 0.630356
294 -10.1931 0.847601 0.0032468 0.63139
295 -10.2829 0.846283 0.00326249 0.632416
296 -10.373 0.844956 0.0032783 0.633433
297 -10.4633 0.843618 0.00329423 0.634441
298 -10.5539 0.842271 0.0033103 0.635441
299 -10.6447 0.840914 0.00332649 0.636433
300 -10.7358 0.839547 0.00334283 0.637416
301 -10.8272 0.838169 0.00335931 0.638391
302 -10.9189 0.83678 0.00337593 0.639358
303 -11.0109 0.835381 0.0033927 0.640316
304 -11.1032 0.83397 0.00340962 0.641267
305 -11.1959 0.832548 0.0034267 0.642209
306 -11.2889 0.831115 0.00344394 0.643143
307 -11.3823 0.829671 0.00346134 0.644069
308 -11.476 0.828214 0.00347891 0.644987
309 -11.5701 0.826746 0.00349665 0.645898
310 -11.6646 0.825266 0.00351456 0.6468
311 -11.7595 0.823773 0.00353265 0.647694
312 -11.8548 0.822268 0.00355092 0.64858
313 -11.9505 0.82075 0.00356939 0.649459
314 -12.0466 0.819219 0.00358804 0.65033
315 -12.1432 0.817675 0.00360688 0.651193
316 -12.2402 0.816118 0.00362593 0.652048
317 -12.3377 0.814547 0.00364518 0.652896
318 -12.4356 0.812962 0.00366464 0.653736
319 -12.5341 0.811364 0.00368432 0.654568
320 -12.633 0.809752 0.00370421 0.655393
321 -12.7324 0.808125 0.00372433 0.65621
322 -12.8324 0.806483 0.00374468 0.65702
323 -12.9329 0.804826 0.00376527 0.657822
324 -13.0339 0.803154 0.0037861 0.658617
325 -13.1355 0.801467 0.00380717 0.659404
326 -13.2377 0.799764 0.00382851 0.660184
327 -13.3405 0.798045 0.0038501 0.660956
328 -13.4439 0.79631 0.00387196 0.661721
329 -13.548 0.794557 0.0038941 0.662479
330 -13.6526 0.792788 0.00391652 0.663229
331 -13.758 0.791002 0.00393923 0.663972
332 -13.864 0.789198 0.00396224 0.664708
333 -13.9707 0.787376 0.00398556 0.665436
334 -14.0782 0.785535 0.00400919 0.666157
335 -14.1864 0.783676 0.00403315 0.666871
336 -14.2953 0.781797 0.00405744 0.667578
337 -14.4051 0.779899 0.00408208 0.668278
338 -14.5156 0.777981 0.00410707 0.66897
339 -14.627 0.776042 0.00413243 0.669656
340 -14.7393 0.774082 0.00415817 0.670334
341 -14.8524 0.772101 0.0041843 0.671005
342 -14.9665 0.770097 0.00421083 0.671669
343 -15.0815 0.768071 0.00423777 0.672326
344 -15.1975 0.766022 0.00426514 0.672975
345 -15.3145 0.76395 0.00429296 0.673618
346 -15.4325 0.761853 0.00432123 0.674253
347 -15.5516 0.759731 0.00434997 0.674882
348 -15.6717 0.757583 0.00437921 0.675503
349 -15.7931 0.75541 0.00440895 0.676117
350 -15.9156 0.753209 0.00443922 0.676725
351 -16.0393 0.750981 0.00447003 0.677325
352 -16.1643 0.748724 0.0045014 0.677918
353 -16.2906 0.746438 0.00453336 0.678504
354 -16.4182 0.744122 0.00456593 0.679083
355 -16.5472 0.741775 0.00459913 0.679655
356 -16.6777 0.739396 0.00463299 0.680219
357 -16.8096 0.736984 0.00466753 0.680777
358 -16.9431 0.734539 0.00470277 0.681328
359 -17.0783 0.732058 0.00473876 0.681871
360 -17.215 0.729542 0.00477551 0.682408
361 -17.3535 0.726988 0.00481307 0.682937
362 -17.4938 0.724396 0.00485146 0.683459
363 -17.636 0.721764 0.00489073 0.683974
364 -17.7801 0.719092 0.00493091 0.684481
365 -17.9262 0.716377 0.00497204 0.684982
366 -18.0744 0.713618 0.00501416 0.685475
367 -18.2247 0.710814 0.00505734 0.685961
368 -18.3773 0.707963 0.0051016 0.686439
369 -18.5323 0.705064 0.00514701 0.68691
370 -18.6897 0.702115 0.00519362 0.687374
371 -18.8496 0.699113 0.00524149 0.68783
372 -19.0122 0.696058 0.00529068 0.688279
373 -19.1775 0.692946 0.00534127 0.688721
374 -19.3458 0.689777 0.00539333 0.689154
375 -19.517 0.686547 0.00544693 0.68958
376 -19.6913 0.683255 0.00550216 0.689999
377 -19.869 0.679897 0.0055591 0.690409
378 -20.05 0.676472 0.00561787 0.690812
379 -20.2346 0.672977 0.00567855 0.691207
380 -20.423 0.669409 0.00574125 0.691594
381 -20.6152 0.665765 0.00580611 0.691972
382 -20.8115 0.662042 0.00587325 0.692343
383 -21.0121 0.658237 0.00594281 0.692705
384 -21.2172 0.654346 0.00601494 0.693059
385 -21.4269 0.650366 0.0060898 0.693405
386 -21.6415 0.646294 0.00616757 0.693742
387 -21.8613 0.642125 0.00624844 0.69407
388 -22.0864 0.637856 0.00633262 0.69439
389 -22.3172 0.633482 0.00642033 0.6947
390 -22.5538 0.628999 0.00651182 0.695001
391 -22.7966 0.624404 0.00660735 0.695294
392 -23.046 0.61969 0.00670721 0.695576
393 -23.3021 0.614854 0.00681172 0.695849
394 -23.5653 0.609891 0.00692123 0.696113
395 -23.836 0.604795 0.00703612 0.696366
396 -24.1145 0.599562 0.00715678 0.696609
397 -24.4013 0.594186 0.00728369 0.696842
398 -24.6966 0.588662 0.00741733 0.697065
399 -25.0009 0.582985 0.00755824 0.697276
400 -25.3146 0.57715 0.00770703 0.697477
401 -25.6382 0.571151 0.00786436 0.697666
402 -25.972 0.564984 0.00803094 0.697844
403 -26.3166 0.558643 0.00820758 0.69801
404 -26.6724 0.552124 0.00839515 0.698163
405 -27.0399 0.545422 0.00859463 0.698305
406 -27.4196 0.538533 0.00880709 0.698433
407 -27.8118 0.531455 0.00903371 0.698549
408 -28.2172 0.524183 0.00927581 0.698651
409 -28.6361 0.516716 0.00953484 0.69874
410 -29.069 0.509053 0.00981242 0.698814
411 -29.5163 0.501192 0.0101103 0.698874
412 -29.9784 0.493136 0.0104305 0.698919
413 -30.4557 0.484886 0.0107752 0.698949
414 -30.9486 0.476444 0.0111467 0.698963
415 -31.4572 0.467817 0.0115479 0.698962
416 -31.9818 0.459011 0.0119817 0.698944
417 -32.5225 0.450033 0.0124513 0.698909
418 -33.0794 0.440894 0.0129604 0.698857
419 -33.6525 0.431605 0.013513 0.698787
420 -34.2417 0.42218 0.0141136 0.6987
421 -34.8467 0.412634 0.0147671 0.698594
422 -35.4673 0.402984 0.0154789 0.69847
423 -36.1031 0.39325 0.0162549 0.698327
424 -36.7534 0.383451 0.0171015 0.698165
425 -37.4178 0.373607 0.0180258 0.697983
426 -38.0954 0.363742 0.0190356 0.697781
427 -38.7854 0.353879 0.0201393 0.69756
428 -39.4869 0.34404 0.0213458 0.697318
429 -40.199 0.334249 0.0226651 0.697057
430 -40.9205 0.324529 0.0241075 0.696775
431 -41.6504 0.314902 0.0256842 0.696473
432 -42.3875 0.305389 0.0274074 0.69615
433 -43.1306 0.29601 0.0292895 0.695807
434 -43.8787 0.286784 0.031344 0.695444
435 -44.6305 0.277727 0.033585 0.695061
436 -45.3849 0.268855 0.036027 0.694658
437 -46.1409 0.260179 0.0386853 0.694234
438 -46.8975 0.251712 0.0415757 0.693792
439 -47.6536 0.243461 0.0447145 0.69333
