0 -81.48345242 0.0436424864
1 -64.73935413 0.0959160618
2 -38.38546459 0.2789311988
3 41.1273051 0.9977993046
4 42.91090133 0.999973236
5 46.13635847 0.9999851313
6 39.06874261 0.9999523843
7 34.78627772 0.999891422
8 30.66731397 0.9997658727
9 26.50436139 0.9994954794
10 22.39899328 0.9989335822
11 18.46038228 0.9978374266
12 14.76519305 0.9958577996
13 11.36324291 0.9925772722
14 8.285010537 0.9876146445
15 5.544502957 0.9807677209
16 3.139879188 0.9721173278
17 1.054873617 0.9620226593
18 -0.7378013532 0.9510110614
19 -2.271799137 0.9396326543
20 -3.582653025 0.928351142
21 -4.704453807 0.9174969298
22 -5.667929537 0.9072694913
23 -6.499669724 0.8977640027
24 -7.222089608 0.8890030987
25 -7.853785955 0.8809641943
26 -8.410049772 0.8735996014
27 -8.903402003 0.8668499635
28 -9.344086803 0.860652582
29 -9.740497299 0.8549462185
30 -10.09952994 0.849673622
31 -10.42687316 0.8447826582
32 -10.72723981 0.8402266218
33 -11.00455298 0.8359640957
34 -11.26209434 0.8319585812
35 -11.50262252 0.8281780289
36 -11.72846769 0.8245943465
37 -11.94160746 0.8211829229
38 -12.14372794 0.8179221888
39 -12.3362731 0.8147932211
40 -12.52048486 0.8117793942
41 -12.69743581 0.808866074
42 -12.86805602 0.8060403526
43 -13.03315508 0.8032908188
44 -13.19344046 0.8006073594
45 -13.34953263 0.7979809889
46 -13.5019778 0.7954037015
47 -13.65125854 0.7928683441
48 -13.79780273 0.7903685069
49 -13.94199117 0.7878984278
50 -14.08416399 0.7854529106
51 -14.22462613 0.7830272531
52 -14.36365207 0.7806171857
53 -14.50148979 0.7782188166
54 -14.6383643 0.7758285848
55 -14.77448058 0.7734432187
56 -14.91002623 0.7710596998
57 -15.04517371 0.7686752304
58 -15.1800823 0.7662872055
59 -15.31489987 0.763893188
60 -15.44976438 0.7614908858
61 -15.58480524 0.7590781329
62 -15.72014446 0.7566528709
63 -15.8558978 0.7542131334
64 -15.99217563 0.7517570317
65 -16.12908385 0.7492827416
66 -16.2667246 0.7467884918
67 -16.40519703 0.7442725529
68 -16.54459788 0.7417332278
69 -16.68502211 0.739168842
70 -16.8265634 0.7365777355
71 -16.96931469 0.7339582546
72 -17.11336866 0.7313087446
73 -17.25881814 0.7286275425
74 -17.40575656 0.7259129701
75 -17.55427837 0.723163328
76 -17.70447939 0.7203768886
77 -17.85645728 0.7175518906
78 -18.01031181 0.7146865329
79 -18.16614532 0.7117789682
80 -18.32406306 0.7088272982
81 -18.48417355 0.7058295668
82 -18.64658897 0.7027837552
83 -18.81142555 0.6996877759
84 -18.97880393 0.6965394668
85 -19.14884955 0.6933365859
86 -19.32169311 0.6900768051
87 -19.49747091 0.6867577051
88 -19.67632532 0.683376769
89 -19.85840519 0.6799313772
90 -20.04386632 0.6764188012
91 -20.23287194 0.6728361987
92 -20.42559312 0.6691806074
93 -20.62220933 0.6654489403
94 -20.82290891 0.6616379804
95 -21.02788959 0.6577443761
96 -21.23735898 0.6537646373
97 -21.45153514 0.6496951311
98 -21.67064707 0.6455320794
99 -21.89493526 0.6412715565
100 -22.12465216 0.6369094885
101 -22.36006274 0.6324416534
102 -22.60144489 0.6278636831
103 -22.84908993 0.6231710676
104 -23.10330291 0.6183591608
105 -23.364403 0.6134231893
106 -23.63272368 0.6083582646
107 -23.90861289 0.6031593986
108 -24.19243302 0.597821523
109 -24.48456079 0.5923395137
110 -24.78538686 0.5867082205
111 -25.09531532 0.5809225029
112 -25.41476283 0.5749772718
113 -25.74415753 0.5688675392
114 -26.08393756 0.5625884756
115 -26.43454923 0.5561354753
116 -26.7964447 0.5495042308
117 -27.17007923 0.5426908167
118 -27.55590786 0.5356917818
119 -27.95438157 0.5285042507
120 -28.36594277 0.5211260337
121 -28.79102024 0.513555744
122 -29.2300234 0.5057929197
123 -29.683336 0.4978381514
124 -30.15130917 0.4896932088
125 -30.6342541 0.4813611662
126 -31.13243414 0.472846521
127 -31.64605681 0.4641553019
128 -32.17526557 0.4552951608
129 -32.7201318 0.4462754432
130 -33.28064715 0.4371072323
131 -33.85671644 0.4278033613
132 -34.44815167 0.4183783883
133 -35.05466712 0.4088485318
134 -35.67587609 0.3992315621
135 -36.31128943 0.3895466505
136 -36.96031614 0.3798141738
137 -37.62226617 0.370055481
138 -38.29635553 0.3602926237
139 -38.98171364 0.3505480609
140 -39.67739299 0.3408443442
141 -40.3823806 0.3312037948
142 -41.09561133 0.3216481834
143 -41.8159823 0.3121984233
144 -42.54236829 0.3028742866
145 -43.27363738 0.2936941539
146 -44.00866658 0.284674803
147 -44.74635672 0.2758312433
148 -45.48564637 0.2671765982
149 -46.2255244 0.2587220364
150 -46.96504075 0.2504767497
151 -47.7033154 0.2424479761
152 -48.43954525 0.2346410604
153 -49.17300901 0.2270595502
154 -49.90307002 0.2197053169
155 -50.62917719 0.2125786989
156 -51.35086409 0.2056786584
157 -52.06774647 0.1990029466
158 -52.7795183 0.1925482722
159 -53.48594657 0.1863104688
160 -54.18686499 0.1802846576
161 -54.88216688 0.1744654016
162 -55.57179723 0.1688468512
163 -56.25574427 0.1634228774
164 -56.93403061 0.158187193
165 -57.60670407 0.1531334613
166 -58.27382834 0.1482553909
167 -58.93547371 0.1435468179
168 -59.59170778 0.1390017754
169 -60.24258651 0.1346145491
170 -60.88814568 0.1303797221
171 -61.52839282 0.1262922066
172 -62.16329999 0.1223472645
173 -62.79279737 0.1185405173
174 -63.41676795 0.1148679454
175 -64.03504347 0.1113258782
176 -64.64740167 0.1079109753
177 -65.25356514 0.1046202005
178 -65.85320161 0.1014507896
179 -66.44592596 0.09840021251
180 -67.03130372 0.09546613314
181 -67.60885618 0.09264636618
182 -68.17806678 0.08993883428
183 -68.73838874 0.08734152604
184 -69.28925371 0.08485245662
185 -69.83008099 0.0824696321
186 -70.36028728 0.08019101845
187 -70.87929643 0.07801451601
188 -71.38654908 0.07593793979
189 -71.88151174 0.07395900574
190 -72.36368525 0.07207532295
191 -72.83261223 0.0702843913
192 -73.28788344 0.06858360424
193 -73.72914307 0.06697025569
194 -74.15609259 0.06544155073
195 -74.56849346 0.06399461884
196 -74.9661686 0.06262652923
197 -75.34900262 0.06133430737
198 -75.71694109 0.06011495203
199 -76.06998872 0.05896545228
200 -76.40820688 0.05788280397
201 -76.73171033 0.05686402525
202 -77.04066347 0.0559061709
203 -77.33527618 0.0550063452
204 -77.61579939 0.05416171324
205 -77.8825205 0.05336951073
206 -78.13575878 0.05262705209
207 -78.37586075 0.0519317371
208 -78.60319576 0.05128105604
209 -78.81815173 0.05067259349
210 -79.02113105 0.0501040309
211 -79.21254687 0.04957314808
212 -79.39281956 0.04907782367
213 -79.56237358 0.04861603486
214 -79.72163454 0.04818585627
215 -79.87102671 0.04778545835
216 -80.01097072 0.04741310519
217 -80.14188161 0.04706715201
218 -80.26416713 0.04674604228
219 -80.37822632 0.04644830466
220 -80.48444829 0.04617254968
221 -80.5832113 0.04591746644
222 -80.67488196 0.04568181913
223 -80.75981466 0.0454644436
224 -80.83835113 0.04526424391
225 -80.91082019 0.04508018893
226 -80.97753757 0.04491130903
227 -81.03880587 0.04475669281
228 -81.09491462 0.04461548394
229 -81.14614044 0.04448687815
230 -81.19274718 0.04437012027
231 -81.23498621 0.04426450142
232 -81.27309674 0.04416935635
233 -81.30730611 0.04408406084
234 -81.33783022 0.04400802931
235 -81.36487386 0.04394071246
236 -64.65789559 0.09633605638
237 -38.4563534 0.2787060083
238 41.10479807 0.9977013631
239 42.89332023 0.9999731479
240 46.08828552 0.9999850065
241 38.92960925 0.9999512193
242 34.529426 0.9998863497
243 30.28631375 0.9997493896
244 26.00156566 0.9994483072
245 21.78373148 0.9988117518
246 17.74702366 0.9975536209
247 13.97166562 0.9952635252
248 10.5096486 0.9914607554
249 7.391876118 0.9857296871
250 4.63066427 0.97789119
251 2.22052555 0.9681073027
252 0.1404181952 0.956844015
253 -1.641741956 0.9447195598
254 -3.163565802 0.9323358862
255 -4.463348127 0.9201703481
256 -5.576806127 0.9085423683
257 -6.535422055 0.8976299174
258 -7.365960138 0.8875054824
259 -8.090670653 0.8781722681
260 -8.727813542 0.8695927887
261 -9.292276896 0.8617086952
262 -9.79617373 0.8544533693
263 -10.24936723 0.847759355
264 -10.65991087 0.8415624041
265 -11.03440699 0.8358034259
266 -11.37829443 0.8304292031
267 -11.69607718 0.8253924175
268 -11.99150562 0.8206513176
269 -12.26772 0.8161692222
270 -12.52736428 0.8119139711
271 -12.77267667 0.807857382
272 -13.00556195 0.8039747447
273 -13.22764952 0.8002443638
274 -13.44034019 0.796647155
275 -13.64484409 0.7931662918
276 -13.84221161 0.7897868996
277 -14.03335867 0.7864957915
278 -14.21908757 0.7832812411
279 -14.40010423 0.7801327868
280 -14.57703251 0.7770410635
281 -14.7504262 0.7739976583
282 -14.92077906 0.7709949853
283 -15.08853331 0.768026178
284 -15.25408682 0.7650849961
285 -15.4177992 0.7621657446
286 -15.57999705 0.7592632033
287 -15.74097841 0.7563725658
288 -15.90101665 0.7534893853
289 -16.06036384 0.7506095279
290 -16.2192536 0.747729131
291 -16.37790367 0.7448445665
292 -16.53651818 0.7419524084
293 -16.69528955 0.7390494037
294 -16.85440027 0.7361324467
295 -17.01402447 0.7331985554
296 -17.17432925 0.7302448509
297 -17.33547602 0.7272685377
298 -17.49762156 0.7242668871
299 -17.66091908 0.7212372207
300 -17.8255192 0.7181768959
301 -17.9915708 0.7150832923
302 -18.15922186 0.711953799
303 -18.32862022 0.7087858026
304 -18.49991432 0.7055766761
305 -18.67325388 0.7023237684
306 -18.84879061 0.699024394
307 -19.0266788 0.6956758232
308 -19.207076 0.6922752732
309 -19.39014362 0.6888198988
310 -19.57604753 0.6853067842
311 -19.76495869 0.6817329341
312 -19.95705373 0.6780952664
313 -20.15251555 0.6743906042
314 -20.35153394 0.6706156682
315 -20.55430618 0.6667670704
316 -20.76103762 0.6628413069
317 -20.97194231 0.6588347524
318 -21.1872436 0.6547436547
319 -21.40717473 0.65056413
320 -21.63197944 0.6462921592
321 -21.86191253 0.6419235851
322 -22.09724046 0.6374541112
323 -22.33824186 0.6328793015
324 -22.58520807 0.6281945827
325 -22.83844356 0.623395248
326 -23.0982664 0.6184764636
327 -23.3650085 0.6134332779
328 -23.63901594 0.6082606347
329 -23.92064903 0.6029533892
330 -24.21028228 0.5975063293
331 -24.50830428 0.5919142018
332 -24.81511721 0.5861717434
333 -25.13113631 0.5802737192
334 -25.45678887 0.5742149674
335 -25.79251308 0.5679904515
336 -26.1387564 0.5615953212
337 -26.49597355 0.5550249813
338 -26.86462405 0.5482751705
339 -27.24516925 0.5413420484
340 -27.63806878 0.5342222928
341 -28.04377645 0.526913205
342 -28.46273553 0.5194128236
343 -28.89537333 0.5117200451
344 -29.34209527 0.5038347497
345 -29.80327821 0.4957579296
346 -30.27926334 0.4874918178
347 -30.77034849 0.4790400124
348 -31.27678016 0.4704075927
349 -31.79874528 0.4616012234
350 -32.33636299 0.4526292393
351 -32.88967665 0.4435017075
352 -33.45864625 0.4342304591
353 -34.04314169 0.4248290883
354 -34.64293708 0.4153129112
355 -35.2577064 0.4056988833
356 -35.88702092 0.3960054725
357 -36.53034849 0.3862524885
358 -37.18705502 0.3764608691
359 -37.85640821 0.3666524285
360 -38.53758367 0.3568495733
361 -39.22967327 0.3470749944
362 -39.9316957 0.3373513437
363 -40.64260881 0.3277009076
364 -41.3613236 0.3181452868
365 -42.08671923 0.3087050943
366 -42.81765879 0.2993996818
367 -43.55300509 0.2902469013
368 -44.29163622 0.2812629111
369 -45.03246025 0.2724620279
370 -45.77442876 0.2638566291
371 -46.51654875 0.2554571033
372 -47.2578928 0.2472718486
373 -47.99760722 0.2393073122
374 -48.73491815 0.2315680687
375 -49.4691356 0.2240569283
376 -50.19965541 0.2167750703
377 -50.92595942 0.2097221948
378 -51.64761381 0.2028966853
379 -52.36426593 0.1962957784
380 -53.07563969 0.1899157337
381 -53.78152986 0.183752002
382 -54.48179531 0.1777993853
383 -55.17635143 0.1720521901
384 -55.86516194 0.1665043679
385 -56.54823016 0.1611496452
386 -57.22558993 0.1559816394
387 -57.89729636 0.1509939627
388 -58.56341642 0.1461803118
389 -59.2240196 0.1415345443
390 -59.87916877 0.1370507429
391 -60.52891137 0.1327232662
392 -61.17327103 0.1285467869
393 -61.81223993 0.1245163196
394 -62.44577187 0.1206272355
395 -63.07377638 0.1168752679
396 -63.69611399 0.1132565068
397 -64.31259278 0.109767385
398 -64.92296637 0.1064046556
399 -65.52693339 0.1031653631
400 -66.12413868 0.1000468081
401 -66.71417591 0.09704650877
402 -67.29659187 0.09416215873
403 -67.8708922 0.09139158407
404 -68.43654834 0.08873270082
405 -68.99300564 0.08618347413
406 -69.53969232 0.08374188061
407 -70.07602887 0.08140587485
408 -70.60143782 0.07917336101
409 -71.11535347 0.07704217003
410 -71.61723117 0.07501004281
411 -72.10655617 0.07307461929
412 -72.58285153 0.07123343326
413 -73.04568504 0.06948391242
414 -73.49467511 0.06782338314
415 -73.92949528 0.06624907912
416 -74.34987756 0.06475815324
417 -74.75561453 0.06334769177
418 -75.14656021 0.0620147302
419 -75.52262978 0.06075626989
420 -75.8837984 0.05956929503
421 -76.23009903 0.05845078932
422 -76.56161954 0.05739775181
423 -76.87849929 0.05640721183
424 -77.18092513 0.05547624243
425 -77.46912714 0.05460197248
426 -77.74337412 0.05378159711
427 -78.00396905 0.05301238663
428 -78.25124445 0.0522916938
429 -78.48555788 0.05161695973
430 -78.70728763 0.05098571827
431 -78.9168285 0.05039559915
432 -79.11458795 0.04984433001
433 -79.30098244 0.04932973729
434 -79.47643414 0.04884974636
435 -79.64136786 0.04840238074
436 -79.79620834 0.04798576073
437 -79.94137789 0.04759810155
438 -80.07729423 0.04723771088
439 -80.20436867 0.04690298624
440 -80.32300456 0.04659241195
441 -80.43359598 0.04630455594
442 -80.53652663 0.04603806645
443 -80.63216901 0.04579166863
444 -80.72088371 0.04556416105
445 -80.80301891 0.04535441229
446 -80.87891001 0.04516135748
447 -80.94887946 0.04498399498
448 -81.0132366 0.04482138304
449 -81.07227772 0.0446726366
450 -81.12628611 0.04453692423
451 -81.17553223 0.04441346509
452 -81.22027395 0.04430152611
453 -81.26075681 0.04420041918
454 -81.29721437 0.04410949857
455 -81.3298685 0.04402815842
456 -81.35892984 0.04395583036
457 -81.38459812 0.04389198124
458 -81.40706262 0.04383611099
459 -81.42650256 0.04378775066
460 -81.4430875 0.04374646041
461 -81.45697783 0.0437118278
462 -81.46832509 0.04368346605
463 -81.47727246 0.04366101245
464 -81.48395511 0.04364412683
465 -81.48850062 0.04363249022
466 -81.49102935 0.04362580344
467 -81.4916548 0.04362378592
468 -81.490484 0.04362617447
469 -81.48761781 0.04363272224
470 -81.48315127 0.04364319767
471 -64.73887075 0.09591822968
472 -38.3833483 0.2789488572
473 41.12747209 0.9978002902
474 42.911132 0.9999732371
475 46.13683734 0.9999851325
476 39.0695235 0.999952391
477 34.78745026 0.9998914449
478 30.66894869 0.9997659414
479 26.50647708 0.9994956695
480 22.40156766 0.9989340658
481 18.46336467 0.9978385438
482 14.76851386 0.9958601304
483 11.36682119 0.9925816503
484 8.288761926 0.9876220551
485 5.548348587 0.9807790826
486 3.143753979 0.9721332576
487 1.058731423 0.9620433524
488 -0.7339870012 0.9510363335
489 -2.268037952 0.9396620877
490 -3.578942629 0.9283842411
491 -4.700784396 0.9175332289
492 -5.664287607 0.9073086055
493 -6.496040629 0.8978056383
494 -7.218459118 0.8890470431
495 -7.85014108 0.8810102988
496 -8.406379121 0.8736477637
497 -8.899695855 0.8669001136
498 -9.340337025 0.8607046713
499 -9.736697198 0.8550002121
500 -10.09567407 0.8497294936
501 -10.42295716 0.8448403867
502 -10.72326021 0.8402861891
503 -11.00050706 0.8360254854
504 -11.25798002 0.8320217778
505 -11.49843819 0.8282430174
506 -11.72421217 0.8246611125
507 -11.93727988 0.8212514523
508 -12.13932769 0.8179924679
509 -12.33179976 0.8148652371
510 -12.51593817 0.8118531349
511 -12.6928156 0.8089415281
512 -12.8633622 0.80611751
513 -13.02838761 0.8033696704
514 -13.18859931 0.8006878975
515 -13.34461777 0.798063207
516 -13.49698919 0.7954875948
517 -13.6461961 0.7929539095
518 -13.79266634 0.7904557426
519 -13.93678065 0.787987334
520 -14.07887909 0.7855434891
521 -14.21926656 0.7831195076
522 -14.35821743 0.7807111217
523 -14.49597962 0.7783144416
524 -14.63277802 0.7759259083
525 -14.76881755 0.7735422521
526 -14.9042857 0.7711604565
527 -15.03935482 0.7687777259
528 -15.1741841 0.7663914576
529 -15.30892129 0.7639992163
530 -15.44370424 0.7615987125
531 -15.57866223 0.7591877822
532 -15.71391717 0.7567643694
533 -15.84958469 0.7543265102
534 -15.98577502 0.7518723181
535 -16.12259394 0.7493999717
536 -16.26014344 0.746907702
537 -16.39852253 0.7443937825
538 -16.53782781 0.7418565187
539 -16.67815407 0.739294239
540 -16.81959484 0.7367052863
541 -16.96224289 0.7340880101
542 -17.10619072 0.7314407587
543 -17.25153097 0.7287618724
544 -17.3983569 0.7260496767
545 -17.54676274 0.7233024753
546 -17.69684412 0.7205185448
547 -17.84869845 0.7176961274
548 -18.00242531 0.7148334262
549 -18.15812677 0.7119285981
550 -18.31590783 0.7089797492
551 -18.47587674 0.705984928
552 -18.63814541 0.7029421204
553 -18.80282976 0.6998492441
554 -18.97005013 0.696704142
555 -19.13993163 0.6935045777
556 -19.31260461 0.6902482288
557 -19.48820501 0.6869326819
558 -19.6668748 0.6835554263
559 -19.84876244 0.6801138488
560 -20.03402331 0.6766052277
561 -20.22282016 0.6730267274
562 -20.41532362 0.6693753929
563 -20.61171266 0.6656481447
564 -20.81217509 0.6618417733
565 -21.01690808 0.6579529352
566 -21.22611869 0.6539781479
567 -21.44002437 0.649913787
568 -21.65885349 0.6457560825
569 -21.88284588 0.6415011171
570 -22.11225333 0.6371448252
571 -22.34734009 0.632682993
572 -22.58838335 0.6281112607
573 -22.83567364 0.6234251257
574 -23.08951528 0.6186199493
575 -23.35022664 0.6136909649
576 -23.61814042 0.6086332902
577 -23.89360378 0.6034419419
578 -24.17697831 0.5981118554
579 -24.46863996 0.5926379092
580 -24.76897865 0.5870149537
581 -25.07839776 0.5812378466
582 -25.39731329 0.5753014948
583 -25.7261528 0.5692009036
584 -26.06535394 0.562931233
585 -26.41536263 0.5564878632
586 -26.7766308 0.5498664686
587 -27.14961361 0.5430631004
588 -27.53476625 0.536074279
589 -27.93254001 0.528897095
590 -28.34337791 0.5215293184
591 -28.76770964 0.5139695154
592 -29.20594584 0.5062171708
593 -29.65847181 0.4982728146
594 -30.12564069 0.490138149
595 -30.60776603 0.4818161744
596 -31.10511401 0.4733113081
597 -31.61789538 0.4646294933
598 -32.14625732 0.4557782916
599 -32.69027533 0.4467669554
600 -33.24994556 0.4376064732
601 -33.82517776 0.4283095838
602 -34.41578906 0.4188907532
603 -35.02149917 0.4093661124
604 -35.64192691 0.3997533519
605 -36.27658869 0.3900715717
606 -36.92489898 0.3803410896
607 -37.58617297 0.3705832089
608 -38.25963157 0.3608199514
609 -38.94440868 0.3510737623
610 -39.63956064 0.3413671972
611 -40.34407768 0.3317225987
612 -41.05689709 0.3221617762
613 -41.77691764 0.3127056975
614 -42.50301487 0.303374204
615 -43.23405683 0.2941857579
616 -43.9689196 0.2851572292
617 -44.70650232 0.2763037269
618 -45.4457412 0.2676384793
619 -46.18562204 0.2591727622
620 -46.92519122 0.2509158746
621 -47.66356472 0.2428751592
622 -48.39993511 0.2350560614
623 -49.13357659 0.2274622233
624 -49.86384786 0.2200956036
625 -50.5901932 0.2129566198
626 -51.31214166 0.2060443043
627 -52.02930463 0.1993564696
628 -52.74137199 0.1928898765
629 -53.4481069 0.1866404016
630 -54.14933969 0.1806032004
631 -54.84496061 0.1747728626
632 -55.5349121 0.1691435571
633 -56.21918027 0.1637091667
634 -56.8977861 0.1584634101
635 -57.57077627 0.1533999505
636 -58.23821387 0.148512492
637 -58.90016902 0.1437948621
638 -59.55670969 0.1392410816
639 -60.20789266 0.1348454216
640 -60.85375496 0.1306024484
641 -61.49430581 0.1265070559
642 -62.12951929 0.122554487
643 -62.75932792 0.118740344
644 -63.38361728 0.1150605882
645 -64.00222187 0.1115115309
646 -64.6149223 0.1080898147
647 -65.22144404 0.104792388
648 -65.82145764 0.101616473
649 -66.41458065 0.09855952817
650 -67.00038104 0.09561920818
651 -67.57838222 0.09279332076
652 -68.14806937 0.09007978387
653 -68.70889705 0.08747658357
654 -69.26029773 0.08498173447
655 -69.80169106 0.08259324385
656 -70.33249354 0.08030908039
657 -70.85212833 0.07812714829
658 -71.36003488 0.0760452673
659 -71.85567805 0.07406115866
660 -72.33855661 0.072172437
661 -72.80821074 0.07037660771
662 -73.26422849 0.06867106945
663 -73.70625105 0.06705312089
664 -74.13397679 0.06551997118
665 -74.54716392 0.06406875314
666 -74.94563208 0.06269653842
667 -75.32926266 0.06140035408
668 -75.69799802 0.06017719953
669 -76.05183983 0.05902406362
670 -76.39084657 0.05793794115
671 -76.7151303 0.0569158484
672 -77.02485293 0.05595483759
673 -77.32022209 0.05505200979
674 -77.60148668 0.05420452638
675 -77.86893235 0.05340961885
676 -78.12287684 0.05266459706
677 -78.3636654 0.05196685589
678 -78.59166633 0.05131388055
679 -78.80726672 0.05070325035
680 -79.01086834 0.05013264141
681 -79.20288392 0.04959982815
682 -79.38373357 0.04910268386
683 -79.55384164 0.04863918038
684 -79.71363381 0.04820738712
685 -79.86353451 0.04780546939
686 -80.00396467 0.04743168629
687 -80.13533968 0.04708438822
688 -80.25806777 0.04676201398
689 -80.37254849 0.04646308771
690 -80.47917154 0.04618621567
691 -80.5783158 0.04593008281
692 -80.67034854 0.04569344939
693 -80.75562482 0.04547514753
694 -80.83448708 0.04527407773
695 -80.90726483 0.04508920548
696 -80.97427452 0.04491955795
697 -81.03581946 0.04476422072
698 -81.0921899 0.04462233461
699 -81.14366312 0.04449309266
700 -81.19050365 0.04437573715
701 -81.23296355 0.04426955682
702 -81.27128264 0.04417388416
703 -81.30568891 0.04408809285
704 -81.33639885 0.0440115953
705 -81.36361784 0.04394384036
