0 -29.15091722 0.5072298519
1 -29.61527707 0.4990724307
2 -30.09536696 0.490708831
3 -30.59153709 0.4821422349
4 -31.10408124 0.4733774888
5 -31.63322693 0.464421236
6 -32.17912569 0.4552820267
7 -32.7418435 0.4459703996
8 -33.32135189 0.4364989284
9 -33.91752 0.4268822255
10 -34.53010804 0.4171368973
11 -35.15876249 0.4072814471
12 -35.80301347 0.3973361233
13 -36.4622745 0.3873227125
14 -37.13584495 0.3772642808
15 -37.82291529 0.3671848698
16 -38.52257513 0.3571091539
17 -39.23382391 0.3470620718
18 -39.95558409 0.3370684433
19 -40.68671633 0.327152587
20 -41.42603624 0.31733795
21 -42.17233216 0.3076467663
22 -42.92438338 0.2980997525
23 -43.6809781 0.288715852
24 -44.44093072 0.2795120339
25 -45.20309776 0.2705031494
26 -45.9663921 0.261701849
27 -46.72979517 0.2531185547
28 -47.49236685 0.2447614873
29 -48.25325292 0.2366367387
30 -49.01169012 0.2287483849
31 -49.76700877 0.2210986307
32 -50.51863314 0.2136879776
33 -51.26607972 0.2065154085
34 -52.00895357 0.1995785809
35 -52.74694301 0.1928740235
36 -53.47981277 0.1863973301
37 -54.20739602 0.1801433472
38 -54.9295853 0.1741063516
39 -55.64632256 0.1682802155
40 -56.35758874 0.1626585571
41 -57.06339272 0.1572348771
42 -57.76376018 0.1520026771
43 -58.45872229 0.1469555634
44 -59.14830466 0.142087333
45 -59.83251652 0.1373920437
46 -60.51134066 0.1328640675
47 -61.18472405 0.1284981288
48 -61.85256962 0.1242893266
49 -62.51472936 0.1202331432
50 -63.17099889 0.1163254388
51 -63.82111382 0.1125624345
52 -64.46474801 0.1089406837
53 -65.10151378 0.1054570365
54 -65.7309642 0.1021085951
55 -66.35259732 0.09889266593
56 -66.96586229 0.0958067087
57 -67.57016724 0.09284828527
58 -68.16488844 0.0900150102
59 -68.74938067 0.08730450498
60 -69.3229883 0.08471435751
61 -69.88505671 0.08224208797
62 -70.43494371 0.07988512188
63 -70.97203055 0.0776407709
64 -71.49573222 0.07550622108
65 -72.00550674 0.07347852844
66 -72.50086324 0.0715546212
67 -72.98136862 0.06973130765
68 -73.44665276 0.06800528881
69 -73.89641222 0.06637317481
70 -74.33041245 0.0648315038
71 -74.74848857 0.06337676251
72 -75.15054491 0.06200540755
73 -75.5365533 0.0607138865
74 -75.90655047 0.05949865839
75 -76.2606345 0.05835621279
76 -76.59896073 0.05728308742
77 -76.92173707 0.05627588375
78 -77.22921906 0.05533128066
79 -77.52170463 0.054446046
80 -77.79952891 0.05361704614
81 -78.06305899 0.05284125352
82 -78.31268882 0.05211575239
83 -78.54883435 0.05143774292
84 -78.77192888 0.05080454366
85 -78.98241876 0.05021359282
86 -79.18075939 0.04966244827
87 -79.36741157 0.04914878662
88 -79.54283821 0.04867040141
89 -79.7075014 0.04822520065
90 -79.86185982 0.04781120381
91 -80.00636649 0.04742653832
92 -80.14146681 0.04706943583
93 -80.26759693 0.04673822817
94 -80.38518238 0.04643134319
95 -80.49463698 0.04614730044
96 -80.5963619 0.04588470694
97 -80.69074502 0.04564225286
98 -80.77816045 0.04541870728
99 -80.85896813 0.04521291407
100 -80.93351373 0.0450237878
101 -81.00212854 0.04485030987
102 -81.06512949 0.0446915247
103 -81.12281936 0.0445465361
104 -81.17548692 0.0444145038
105 -81.22340723 0.04429464012
106 -81.266842 0.04418620684
107 -81.30603992 0.04408851215
108 -81.34123708 0.04400090784
109 -81.37265738 0.04392278658
110 -81.400513 0.04385357944
111 -81.42500478 0.04379275353
112 -81.4463222 0.04373981074
113 -81.46463963 0.04369429416
114 -81.48007877 0.04365586239
115 -81.49236983 0.04362496948
116 -81.49781942 0.0436089547
117 -81.46221621 0.04367653116
118 -81.07885388 0.04445084129
119 -77.61418181 0.05203899875
120 -47.42426534 0.1766401747
121 35.40984584 0.994744488
122 38.53812945 0.9999409885
123 37.36667636 0.999929624
124 35.07834898 0.9998939685
125 31.92785353 0.9998118109
126 28.23848014 0.9996303197
127 24.33473113 0.9992464288
128 20.45348554 0.9984808701
129 16.74102532 0.9970607884
130 13.28111093 0.9946331304
131 10.11932032 0.9908288248
132 7.276606905 0.9853716037
133 4.755680973 0.9781851064
134 2.544795236 0.9694367996
135 0.6214707399 0.9594928703
136 -1.043385595 0.9488148138
137 -2.48157112 0.937853871
138 -3.724530842 0.9269819691
139 -4.801399288 0.9164661256
140 -5.738021879 0.9064736117
141 -6.556676205 0.8970916206
142 -7.276212986 0.8883498661
143 -7.912405076 0.8802403164
144 -8.478369387 0.8727322383
145 -8.984986299 0.8657827367
146 -9.441280349 0.8593436901
147 -9.854748956 0.8533660724
148 -10.23163806 0.8478024886
149 -10.57716929 0.842608543
150 -10.89572523 0.8377434706
151 -11.19099975 0.8331703207
152 -11.46611975 0.8288558805
153 -11.72374371 0.8247704569
154 -11.96614158 0.8208875909
155 -12.19525976 0.8171837472
156 -12.41277414 0.813638007
157 -12.62013342 0.8102317759
158 -12.81859485 0.8069485152
159 -13.00925358 0.8037734985
160 -13.19306717 0.8006935945
161 -13.37087582 0.7976970742
162 -13.54341938 0.7947734405
163 -13.71135164 0.7919132788
164 -13.87525229 0.789108126
165 -14.03563714 0.7863503548
166 -14.19296672 0.7836330734
167 -14.34765366 0.7809500364
168 -14.500069 0.7782955677
169 -14.65054762 0.775664492
170 -14.79939284 0.7730520746
171 -14.94688056 0.770453969
172 -15.09326265 0.7678661694
173 -15.23877012 0.7652849698
174 -15.38361568 0.7627069274
175 -15.52799614 0.7601288296
176 -15.67209447 0.7575476649
177 -15.81608159 0.7549605975
178 -15.96011802 0.7523649429
179 -16.10435527 0.7497581477
180 -16.24893716 0.7471377703
181 -16.394001 0.7445014637
182 -16.53967855 0.7418469596
183 -16.68609707 0.7391720542
184 -16.83338009 0.736474595
185 -16.98164828 0.7337524683
186 -17.13102014 0.7310035881
187 -17.28161269 0.7282258853
188 -17.43354211 0.7254172977
189 -17.58692436 0.7225757603
190 -17.74187574 0.7196991965
191 -17.89851343 0.7167855096
192 -18.05695605 0.7138325737
193 -18.21732416 0.7108382264
194 -18.37974076 0.7078002603
195 -18.54433181 0.7047164153
196 -18.71122672 0.7015843714
197 -18.88055886 0.6984017402
198 -19.05246603 0.6951660583
199 -19.22709102 0.6918747791
200 -19.40458208 0.6885252656
201 -19.58509347 0.685114783
202 -19.768786 0.6816404913
203 -19.95582756 0.6780994375
204 -20.14639373 0.6744885487
205 -20.34066829 0.6708046249
206 -20.53884391 0.6670443314
207 -20.74112267 0.6632041927
208 -20.94771676 0.6592805853
209 -21.15884906 0.6552697319
210 -21.37475382 0.6511676959
211 -21.59567733 0.646970376
212 -21.82187851 0.6426735032
213 -22.05362964 0.6382726369
214 -22.29121692 0.6337631642
215 -22.53494115 0.6291402998
216 -22.78511824 0.6243990886
217 -23.04207979 0.6195344104
218 -23.30617351 0.6145409879
219 -23.57776359 0.6094133978
220 -23.85723096 0.6041460869
221 -24.14497335 0.5987333917
222 -24.44140526 0.5931695648
223 -24.74695761 0.5874488072
224 -25.06207723 0.5815653072
225 -25.38722591 0.5755132882
226 -25.72287923 0.5692870652
227 -26.06952485 0.5628811104
228 -26.42766038 0.5562901301
229 -26.7977907 0.5495091522
230 -27.18042463 0.5425336252
231 -27.57607101 0.5353595293
232 -27.98523399 0.5279834981
233 -28.40840764 0.5204029513
234 -28.84606972 0.5126162365
235 -29.29867472 0.5046227784
236 -29.76664612 0.4964232319
237 -30.25036799 0.4880196361
238 -30.75017598 0.4794155643
239 -31.26634792 0.4706162648
240 -31.79909417 0.4616287854
241 -32.34854795 0.4524620766
242 -32.9147561 0.4431270643
243 -33.49767035 0.4336366875
244 -34.09713979 0.4240058915
245 -34.71290463 0.4142515745
246 -35.34459179 0.4043924807
247 -35.99171271 0.3944490406
248 -36.65366349 0.3844431568
249 -37.32972777 0.3743979404
250 -38.01908234 0.3643374032
251 -38.72080551 0.3542861146
252 -39.43388814 0.3442688343
253 -40.15724695 0.3343101335
254 -40.88973984 0.3244340174
255 -41.63018272 0.3146635649
256 -42.37736724 0.3050205948
257 -43.13007881 0.2955253733
258 -43.88711441 0.2861963688
259 -44.64729959 0.2770500626
260 -45.40950407 0.2681008162
261 -46.17265558 0.2593607984
262 -46.93575173 0.250839967
263 -47.69786941 0.2425461033
264 -48.45817194 0.2344848907
265 -49.21591369 0.2266600331
266 -49.97044239 0.2190734017
267 -50.72119912 0.2117252056
268 -51.46771633 0.2046141766
269 -52.20961391 0.1977377625
270 -52.94659364 0.1910923217
271 -53.67843222 0.1846733155
272 -54.4049731 0.178475493
273 -55.12611724 0.1724930656
274 -55.84181321 0.1667198689
275 -56.55204656 0.1611495108
276 -57.25682883 0.1557755029
277 -57.95618638 0.1505913774
278 -58.65014913 0.1455907863
279 -59.33873952 0.1407675847
280 -60.02196188 0.136115898
281 -60.69979234 0.1316301721
282 -61.37216974 0.1273052091
283 -62.03898754 0.1231361871
284 -62.70008709 0.1191186666
285 -63.35525251 0.115248583
286 -64.00420727 0.1115222278
287 -64.64661275 0.1079362195
288 -65.28206876 0.1044874657
289 -65.91011609 0.1011731184
290 -66.53024107 0.09799052587
291 -67.14188204 0.09493718108
292 -67.74443737 0.09201067106
293 -68.33727498 0.08920862776
294 -68.91974287 0.08652868301
295 -69.49118037 0.08396842879
296 -70.05092968 0.08152538408
297 -70.59834735 0.07919696897
298 -71.13281532 0.07698048652
299 -71.65375121 0.07487311206
300 -72.16061749 0.07287188983
301 -72.65292944 0.07097373604
302 -73.13026172 0.06917544756
303 -73.59225334 0.06747371531
304 -74.0386112 0.06586514107
305 -74.46911203 0.06434625689
306 -74.88360304 0.06291354587
307 -75.28200115 0.06156346362
308 -75.66429112 0.0602924594
309 -76.03052275 0.05909699658
310 -76.38080712 0.05797357163
311 -76.71531236 0.05691873152
312 -77.03425879 0.05592908919
313 -77.33791385 0.05500133692
314 -77.62658681 0.05413225768
315 -77.90062342 0.05331873443
316 -78.16040065 0.05255775743
317 -78.40632155 0.05184642974
318 -78.63881033 0.05118197109
319 -78.85830774 0.05056172016
320 -79.06526673 0.04998313566
321 -79.2601485 0.0494437962
322 -79.44341884 0.04894139913
323 -79.61554488 0.04847375871
324 -79.77699223 0.04803880347
325 -79.92822238 0.0476345731
326 -80.06969051 0.04725921493
327 -80.2018436 0.04691098008
328 -80.32511883 0.04658821936
329 -80.43994228 0.04628937906
330 -80.54672782 0.04601299669
331 -80.6458763 0.04575769661
332 -80.73777493 0.04552218573
333 -80.82279677 0.04530524932
334 -80.90130053 0.0451057468
335 -80.97363031 0.04492260772
336 -81.04011568 0.04475482784
337 -81.10107169 0.04460146536
338 -81.15679904 0.04446163731
339 -81.20758435 0.04433451606
340 -81.25370045 0.04421932602
341 -81.2954067 0.04411534051
342 -81.33294942 0.04402187877
343 -81.36656232 0.04393830312
344 -81.39646688 0.04386401629
345 -81.42287286 0.04379845891
346 -81.44597872 0.04374110718
347 -81.46597177 0.0436914713
348 -81.48302579 0.04364909904
349 -81.49727612 0.04361362476
350 -81.50859338 0.04358522289
351 -81.51455809 0.04356867237
352 -81.49236484 0.04360970471
353 -81.23720181 0.04412249488
354 -78.92162572 0.04904644188
355 -58.49261652 0.1166158467
356 31.9356565 0.9754152675
357 38.58265276 0.9999378219
358 37.68016837 0.9999333739
359 35.57954044 0.9999031489
360 32.56944867 0.9998326231
361 28.95674634 0.9996758352
362 25.07510947 0.9993413238
363 21.17947406 0.9986664818
364 17.4308388 0.9973972436
365 13.92227623 0.9951938531
366 10.70505601 0.9916845537
367 7.804056022 0.986567795
368 5.225087124 0.9797239145
369 2.958886896 0.9712743684
370 0.9847546496 0.9615529342
371 -0.7253927882 0.951009773
372 -2.203030172 0.9401029696
373 -3.479784128 0.9292214387
374 -4.585272725 0.9186517358
375 -5.545961318 0.9085785617
376 -6.384772461 0.8991025896
377 -7.121163489 0.8902629754
378 -7.771446137 0.8820577768
379 -8.349199852 0.8744598629
380 -8.865693778 0.8674282251
381 -9.330275145 0.8609155099
382 -9.750707348 0.8548727673
383 -10.13345485 0.8492522748
384 -10.48391866 0.8440090936
385 -10.80662876 0.8391018185
386 -11.1054004 0.8344928336
387 -11.38346068 0.8301482779
388 -11.64355108 0.8260378498
389 -11.88801055 0.8221345322
390 -12.11884307 0.8184142864
391 -12.33777267 0.8148557441
392 -12.54628855 0.8114399121
393 -12.74568203 0.8081499005
394 -12.93707711 0.8049706741
395 -13.12145576 0.8018888314
396 -13.29967895 0.798892407
397 -13.47250421 0.7959706978
398 -13.64060038 0.7931141099
399 -13.80456005 0.7903140239
400 -13.96491002 0.7875626773
401 -14.12212026 0.7848530608
402 -14.27661146 0.7821788279
403 -14.42876153 0.7795342151
404 -14.57891123 0.7769139724
405 -14.72736891 0.7743133012
406 -14.87441467 0.7717278006
407 -15.02030401 0.7691534196
408 -15.1652709 0.7665864143
409 -15.30953056 0.7640233109
410 -15.45328185 0.7614608721
411 -15.59670936 0.7588960673
412 -15.73998529 0.7563260464
413 -15.88327111 0.7537481154
414 -16.02671901 0.7511597157
415 -16.17047321 0.7485584041
416 -16.31467116 0.7459418356
417 -16.45944458 0.7433077473
418 -16.60492042 0.7406539439
419 -16.75122178 0.7379782844
420 -16.89846864 0.7352786694
421 -17.04677869 0.7325530297
422 -17.19626794 0.7297993156
423 -17.34705142 0.727015487
424 -17.49924375 0.7241995032
425 -17.65295976 0.7213493145
426 -17.80831499 0.7184628531
427 -17.96542627 0.7155380248
428 -18.12441219 0.7125727007
429 -18.28539366 0.7095647094
430 -18.44849436 0.7065118292
431 -18.61384129 0.7034117804
432 -18.78156519 0.7002622174
433 -18.95180112 0.6970607218
434 -19.1246889 0.6938047941
435 -19.30037369 0.6904918467
436 -19.47900642 0.6871191961
437 -19.66074442 0.6836840559
438 -19.84575191 0.6801835284
439 -20.03420056 0.6766145981
440 -20.2262701 0.6729741237
441 -20.42214892 0.6692588311
442 -20.62203462 0.6654653061
443 -20.82613469 0.661589988
444 -21.03466717 0.6576291624
445 -21.24786121 0.6535789556
446 -21.46595783 0.6494353291
447 -21.68921053 0.6451940751
448 -21.91788598 0.6408508124
449 -22.15226464 0.6364009846
450 -22.39264145 0.6318398589
451 -22.63932639 0.6271625272
452 -22.89264507 0.6223639098
453 -23.15293921 0.6174387612
454 -23.42056711 0.6123816797
455 -23.6959039 0.6071871208
456 -23.97934178 0.601849415
457 -24.27129 0.5963627909
458 -24.57217471 0.5907214045
459 -24.88243849 0.5849193753
460 -25.20253962 0.5789508302
461 -25.53295106 0.5728099558
462 -25.87415892 0.5664910609
463 -26.22666054 0.5599886486
464 -26.59096201 0.5532975004
465 -26.96757514 0.5464127705
466 -27.35701372 0.539330094
467 -27.75978912 0.5320457049
468 -28.17640513 0.5245565667
469 -28.60735197 0.5168605128
470 -29.05309959 0.5089563954
471 -29.5140901 0.5008442401
472 -29.99072953 0.4925254033
473 -30.48337893 0.4840027276
474 -30.99234496 0.4752806902
475 -31.51787016 0.4663655381
476 -32.06012313 0.457265404
477 -32.61918894 0.4479903945
478 -33.19506003 0.4385526448
479 -33.78762803 0.4289663318
480 -34.39667694 0.4192476406
481 -35.02187787 0.4094146789
482 -35.66278592 0.3994873364
483 -36.31883944 0.3894870902
484 -36.98936188 0.3794367567
485 -37.67356642 0.3693601963
486 -38.37056343 0.3592819784
487 -39.07937061 0.3492270174
488 -39.79892569 0.3392201914
489 -40.5281012 0.3292859585
490 -41.26572093 0.319447983
491 -42.01057756 0.3097287864
492 -42.76145079 0.3001494342
493 -43.51712548 0.2907292692
494 -44.27640904 0.2814856982
495 -45.03814774 0.2724340362
496 -45.80124134 0.2635874099
497 -46.56465569 0.2549567194
498 -47.3274332 0.2465506534
499 -48.08870077 0.2383757529
500 -48.84767537 0.2304365156
501 -49.60366718 0.2227355351
502 -50.35608046 0.2152736639
503 -51.10441219 0.2080501953
504 -51.84824887 0.2010630556
505 -52.58726148 0.1943089999
506 -53.32119906 0.1877838075
507 -54.04988086 0.1814824705
508 -54.7731875 0.1753993744
509 -55.49105125 0.1695284656
510 -56.20344564 0.1638634056
511 -56.91037455 0.15839771
512 -57.61186106 0.1531248715
513 -58.30793619 0.1480384664
514 -58.99862775 0.1431322447
515 -59.68394948 0.1384002033
516 -60.36389077 0.1338366433
517 -61.03840717 0.129436211
518 -61.70741184 0.1251939241
519 -62.37076839 0.1211051826
520 -63.0282851 0.1171657667
521 -63.67971089 0.1133718221
522 -64.32473313 0.1097198339
523 -64.96297746 0.1062065921
524 -65.5940096 0.1028291489
525 -66.21733919 0.09958477134
526 -66.83242551 0.09647089106
527 -67.43868497 0.09348505265
528 -68.03550007 0.09062486386
529 -68.62222946 0.08788794895
530 -69.19821898 0.08527190681
531 -69.76281295 0.08277427546
532 -70.31536568 0.08039250345
533 -70.85525258 0.07812392901
534 -71.38188061 0.07596576667
535 -71.89469785 0.07391510136
536 -72.39320181 0.07196888919
537 -72.87694644 0.07012396423
538 -73.34554763 0.06837705018
539 -73.79868725 0.06672477606
540 -74.23611571 0.06516369463
541 -74.65765296 0.06369030271
542 -75.06318838 0.0623010623
543 -75.45267927 0.06099242186
544 -75.82614845 0.05976083692
545 -76.1836809 0.05860278951
546 -76.52541978 0.05751480611
547 -76.85156188 0.05649347371
548 -77.16235265 0.05553545387
549 -77.45808113 0.05463749475
550 -77.73907464 0.05379644112
551 -78.0056936 0.05300924227
552 -78.25832637 0.05227295819
553 -78.49738435 0.05158476397
554 -78.72329728 0.05094195265
555 -78.93650888 0.05034193672
556 -79.13747272 0.04978224837
557 -79.32664857 0.0492605388
558 -79.50449901 0.04877457654
559 -79.67148638 0.04832224517
560 -79.82807019 0.04790154037
561 -79.97470473 0.04751056659
562 -80.11183708 0.04714753328
563 -80.23990544 0.04681075095
564 -80.35933766 0.04649862702
565 -80.47055007 0.04620966155
566 -80.57394659 0.04594244297
567 -80.66991797 0.04569564376
568 -80.75884126 0.04546801626
569 -80.84107947 0.04525838842
570 -80.91698132 0.04506565979
571 -80.98688118 0.04488879758
572 -81.05109906 0.04472683279
573 -81.10994077 0.04457885663
574 -81.16369806 0.04444401692
575 -81.21264895 0.0443215148
576 -81.25705799 0.04421060151
577 -81.29717665 0.04411057538
578 -81.33324371 0.04402077891
579 -81.3654857 0.04394059606
580 -81.39411728 0.04386944972
581 -81.41934171 0.04380679933
582 -81.4413508 0.04375213962
583 -81.46032112 0.04370500689
584 -81.47637662 0.04366505321
585 -81.48925066 0.04363272459
586 -81.49526257 0.04361533409
587 -81.46030532 0.04368139081
588 -81.078643 0.04445209394
589 -77.62582477 0.05201255979
590 -47.53843355 0.1759360495
591 35.38189821 0.9946715024
592 38.5376732 0.9999409685
593 37.36771029 0.9999296366
594 35.07961628 0.9998939938
595 31.92856012 0.9998118391
596 28.23794022 0.9996302946
597 24.33253475 0.9992461578
598 20.44950066 0.9984798537
599 16.73531847 0.9970579814
600 13.27386854 0.9946267283
601 10.11079035 0.9908162491
602 7.267055469 0.9853498231
603 4.745358898 0.9781512337
604 2.533914641 0.9693886851
605 0.6101934024 0.9594294079
606 -1.054948807 0.9487358831
607 -2.493353224 0.9377600471
608 -3.736498434 0.9268741872
609 -4.813542227 0.9163454171
610 -5.750344703 0.906340946
611 -6.56919174 0.8969478331
612 -7.28893797 0.8881956415
613 -7.925357358 0.8800762005
614 -8.491566257 0.872558661
615 -8.99844358 0.8656000363
616 -9.455011978 0.8591521348
617 -9.868766861 0.8531658781
618 -10.24595223 0.8475938328
619 -10.59178789 0.8423915744
620 -10.91065484 0.8375183166
621 -11.20624557 0.8329370926
622 -11.48168579 0.8286146771
623 -11.73963299 0.8245213667
624 -11.98235632 0.8206306937
625 -12.21180155 0.8169191155
626 -12.42964408 0.813365706
627 -12.63733224 0.8099518643
628 -12.83612302 0.8066610449
629 -13.02711144 0.8034785149
630 -13.21125497 0.8003911362
631 -13.38939382 0.797387173
632 -13.56226793 0.794456121
633 -13.73053119 0.7915885586
634 -13.89476349 0.788776015
635 -14.05548085 0.7860108555
636 -14.21314406 0.7832861801
637 -14.36816605 0.7805957355
638 -14.52091819 0.7779338375
639 -14.6717357 0.7752953021
640 -14.8209223 0.772675386
641 -14.96875426 0.7700697337
642 -15.11548392 0.7674743304
643 -15.26134269 0.7648854608
644 -15.40654378 0.7622996724
645 -15.55128448 0.7597137428
646 -15.69574827 0.7571246506
647 -15.8401066 0.7545295494
648 -15.98452053 0.7519257441
649 -16.12914215 0.7493106704
650 -16.2741159 0.7466818754
651 -16.41957968 0.7440370002
652 -16.56566591 0.7413737646
653 -16.71250252 0.7386899523
654 -16.86021376 0.7359833976
655 -17.00892101 0.7332519736
656 -17.15874355 0.7304935802
657 -17.30979919 0.7277061338
658 -17.46220497 0.7248875569
659 -17.61607771 0.7220357689
660 -17.77153465 0.7191486768
661 -17.92869394 0.7162241664
662 -18.0876752 0.7132600942
663 -18.24860008 0.7102542789
664 -18.41159271 0.7072044935
665 -18.57678024 0.7041084575
666 -18.74429332 0.7009638291
667 -18.91426665 0.6977681979
668 -19.08683944 0.6945190766
669 -19.26215594 0.6912138944
670 -19.44036596 0.6878499884
671 -19.6216254 0.6844245972
672 -19.8060968 0.6809348525
673 -19.99394989 0.6773777724
674 -20.18536217 0.6737502535
675 -20.38051948 0.6700490642
676 -20.57961662 0.6662708371
677 -20.78285796 0.6624120626
678 -20.99045805 0.6584690824
679 -21.20264229 0.6544380832
680 -21.41964758 0.6503150913
681 -21.64172293 0.6460959682
682 -21.86913018 0.6417764064
683 -22.10214461 0.6373519271
684 -22.34105556 0.6328178792
685 -22.58616707 0.6281694397
686 -22.83779842 0.6234016164
687 -23.09628465 0.618509254
688 -23.36197701 0.613487042
689 -23.63524326 0.6083295274
690 -23.91646795 0.6030311307
691 -24.20605241 0.5975861676
692 -24.50441469 0.5919888763
693 -24.81198918 0.5862334509
694 -25.12922596 0.5803140825
695 -25.45658992 0.5742250085
696 -25.79455935 0.5679605709
697 -26.14362424 0.5615152843
698 -26.504284 0.554883915
699 -26.87704466 0.5480615711
700 -27.26241543 0.5410438036
701 -27.66090459 0.5338267199
702 -28.07301467 0.5264071079
703 -28.49923686 0.5187825708
704 -28.94004468 0.5109516709
705 -29.39588676 0.502914079
