0 -15.38731204 0.7633792111
1 -15.72371195 0.7573237953
2 -16.04961267 0.7514175078
3 -16.36657746 0.7456380469
4 -16.67598718 0.7399652394
5 -16.97907056 0.7343807516
6 -17.27692907 0.7288678356
7 -17.57055764 0.7234111073
8 -17.86086198 0.7179963525
9 -18.14867314 0.712610357
10 -18.43475982 0.7072407589
11 -18.7198389 0.7018759185
12 -19.00458447 0.6965048051
13 -19.28963558 0.6911168977
14 -19.57560303 0.6857020975
15 -19.86307531 0.6802506515
16 -20.15262373 0.6747530863
17 -20.44480711 0.6692001493
18 -20.74017583 0.6635827589
19 -21.03927547 0.6578919618
20 -21.34265002 0.6521188974
21 -21.65084485 0.6462547695
22 -21.96440915 0.6402908247
23 -22.28389823 0.6342183385
24 -22.6098754 0.6280286087
25 -22.94291351 0.6217129576
26 -23.28359617 0.6152627429
27 -23.63251861 0.608669378
28 -23.99028804 0.6019243637
29 -24.3575236 0.5950193309
30 -24.73485573 0.5879460974
31 -25.12292498 0.5806967367
32 -25.52238009 0.573263664
33 -25.93387531 0.565639736
34 -26.35806698 0.5578183686
35 -26.79560902 0.5497936706
36 -27.24714758 0.5415605938
37 -27.71331457 0.5331150986
38 -28.1947201 0.5244543334
39 -28.6919439 0.5155768238
40 -29.2055256 0.5064826693
41 -29.7359542 0.4971737402
42 -30.2836566 0.4876538695
43 -30.84898562 0.4779290309
44 -31.43220777 0.4680074943
45 -32.0334911 0.4578999483
46 -32.65289353 0.4476195803
47 -33.2903523 0.4371821035
48 -33.94567496 0.4266057228
49 -34.61853247 0.4159110311
50 -35.30845494 0.4051208346
51 -36.01483051 0.3942599023
52 -36.73690764 0.3833546461
53 -37.47380108 0.3724327377
54 -38.22450155 0.3615226725
55 -38.98788901 0.3506532972
56 -39.76274912 0.3398533182
57 -40.54779247 0.3291508094
58 -41.34167582 0.3185727404
59 -42.14302462 0.3081445425
60 -42.95045594 0.2978897291
61 -43.76260106 0.2878295828
62 -44.57812677 0.2779829184
63 -45.39575482 0.2683659247
64 -46.21427884 0.2589920867
65 -47.03257843 0.2498721824
66 -47.84962995 0.241014348
67 -48.66451414 0.2324242019
68 -49.47642037 0.2241050164
69 -50.28464775 0.216057926
70 -51.08860335 0.2082821605
71 -51.88779763 0.2007752938
72 -52.68183767 0.193533497
73 -53.47041818 0.1865517902
74 -54.25331102 0.179824285
75 -55.03035315 0.1733444124
76 -55.80143372 0.1671051343
77 -56.56648024 0.1610991333
78 -57.32544454 0.1553189809
79 -58.07828845 0.1497572822
80 -58.8249698 0.1444067971
81 -59.565429 0.1392605373
82 -60.2995764 0.1343118405
83 -61.02728099 0.1295544217
84 -61.74836065 0.1249824036
85 -62.46257425 0.1205903266
86 -63.16961597 0.116373141
87 -63.86911204 0.1123261831
88 -64.56061998 0.1084451387
89 -65.24363052 0.1047259955
90 -65.91757213 0.1011649887
91 -66.58181793 0.09775854158
92 -67.23569486 0.0945032064
93 -67.87849471 0.09139560587
94 -68.50948652 0.08843237976
95 -69.12793 0.085610138
96 -69.7330893 0.08292542189
97 -70.32424681 0.08037467457
98 -70.90071627 0.07795422108
99 -71.46185506 0.07566025795
100 -72.007075 0.07348885155
101 -72.53585162 0.07143594448
102 -73.0477316 0.06949736844
103 -73.54233834 0.06766886249
104 -74.01937559 0.0659460951
105 -74.47862927 0.0643246886
106 -74.91996759 0.06280024487
107 -75.3433395 0.06136837105
108 -75.74877195 0.06002470442
109 -76.13636592 0.05876493573
110 -76.50629149 0.05758483038
111 -76.85878237 0.05648024722
112 -77.19412977 0.05544715475
113 -77.51267601 0.05448164476
114 -77.81480717 0.05357994533
115 -78.10093936 0.05273844631
116 -78.37145226 0.05195384608
117 -78.62618513 0.05122430528
118 -78.86030905 0.05055886359
119 -79.03015913 0.05005479404
120 -78.76991783 0.0505433606
121 -75.04859727 0.05963985421
122 -43.62834885 0.206466729
123 34.47897723 0.9952947073
124 37.98807968 0.9999344763
125 36.60167099 0.9999192238
126 33.907486 0.9998691192
127 30.30866302 0.9997480956
128 26.19991076 0.9994671405
129 21.93506124 0.9988462473
130 17.76064851 0.997568795
131 13.82614729 0.9951645711
132 10.21536338 0.9910711352
133 6.969631541 0.9847955386
134 4.100190002 0.9761156028
135 1.595398094 0.9651948158
136 -0.572760007 0.9525315237
137 -2.441841729 0.9387869281
138 -4.052745337 0.9246044081
139 -5.445173736 0.9104980056
140 -6.655015329 0.8968194163
141 -7.713273713 0.8837748798
142 -8.645987358 0.8714610614
143 -9.47466325 0.8599010894
144 -10.21690976 0.849073219
145 -10.88709363 0.8389310001
146 -11.49693868 0.8294163843
147 -12.05603691 0.820467725
148 -12.57226926 0.8120243688
149 -13.05214501 0.8040290845
150 -13.50107251 0.7964291772
151 -13.92357399 0.7891768325
152 -14.32345575 0.7822290325
153 -14.70394317 0.775547249
154 -15.06778807 0.769097036
155 -15.41735446 0.762847593
156 -15.75468735 0.7567713358
157 -16.08156818 0.7508434949
158 -16.39955988 0.7450417507
159 -16.71004356 0.7393459076
160 -17.01424861 0.7337376049
161 -17.31327762 0.7282000638
162 -17.60812704 0.7227178651
163 -17.89970443 0.7172767556
164 -18.18884308 0.7118634782
165 -18.47631423 0.7064656242
166 -18.76283763 0.7010715038
167 -19.04909056 0.6956700326
168 -19.33571558 0.6902506326
169 -19.62332728 0.6848031449
170 -19.91251826 0.6793177537
171 -20.20386426 0.6737849197
172 -20.49792881 0.6681953227
173 -20.79526731 0.6625398113
174 -21.09643064 0.6568093614
175 -21.4019684 0.650995041
176 -21.71243179 0.6450879827
177 -22.02837614 0.6390793634
178 -22.35036306 0.6329603912
179 -22.67896235 0.626722301
180 -23.0147535 0.6203563577
181 -23.35832684 0.6138538696
182 -23.71028427 0.6072062112
183 -24.07123959 0.6004048574
184 -24.44181831 0.5934414298
185 -24.82265686 0.5863077564
186 -25.21440126 0.5789959454
187 -25.61770501 0.5714984743
188 -26.03322621 0.5638082954
189 -26.46162382 0.5559189579
190 -26.90355298 0.5478247465
191 -27.35965927 0.5395208365
192 -27.83057199 0.5310034642
193 -28.31689628 0.5222701095
194 -28.81920415 0.5133196893
195 -29.33802454 0.5041527548
196 -29.87383242 0.4947716891
197 -30.42703717 0.485180897
198 -30.99797038 0.4753869783
199 -31.58687363 0.4653988757
200 -32.1938863 0.4552279873
201 -32.81903419 0.4448882329
202 -33.46221925 0.4343960649
203 -34.12321114 0.4237704146
204 -34.80164094 0.413032569
205 -35.49699778 0.4022059724
206 -36.20862863 0.3913159559
207 -36.93574167 0.3803893962
208 -37.67741333 0.3694543143
209 -38.43259907 0.358539426
210 -39.20014771 0.3476736592
211 -39.97881874 0.3368856585
212 -40.76730238 0.3262032949
213 -41.56424124 0.3156532008
214 -42.36825325 0.3052603488
215 -43.17795457 0.2950476886
216 -43.99198201 0.285035855
217 -44.80901389 0.2752429519
218 -45.62778891 0.2656844185
219 -46.44712228 0.2563729726
220 -47.26591894 0.2473186294
221 -48.08318342 0.2385287849
222 -48.89802648 0.2300083561
223 -49.70966843 0.2217599653
224 -50.51743934 0.2137841578
225 -51.32077636 0.2060796417
226 -52.11921848 0.1986435397
227 -52.912399 0.191471644
228 -53.70003603 0.1845586662
229 -54.48192145 0.1778984771
230 -55.25790855 0.1714843311
231 -56.02789872 0.1653090717
232 -56.79182754 0.1593653158
233 -57.5496505 0.1536456152
234 -58.3013288 0.1481425947
235 -59.04681536 0.1428490664
236 -59.78604163 0.1377581197
237 -60.51890529 0.1328631885
238 -61.24525936 0.1281580963
239 -61.96490302 0.1236370797
240 -62.67757433 0.119294793
241 -63.38294534 0.1151262949
242 -64.08061953 0.1111270202
243 -64.77013201 0.1072927397
244 -65.45095222 0.1036195093
245 -66.12248929 0.1001036144
246 -66.78409971 0.09674150975
247 -67.43509719 0.09352975981
248 -68.07476417 0.09046498213
249 -68.70236463 0.08754379546
250 -69.31715773 0.08476277532
251 -69.91841162 0.08211841816
252 -70.50541712 0.07960711488
253 -71.07750058 0.0772251341
254 -71.63403579 0.07496861467
255 -72.17445424 0.07283356683
256 -72.69825387 0.0708158809
257 -73.20500591 0.06891134217
258 -73.69435975 0.06711565055
259 -74.16604605 0.06542444364
260 -74.61987793 0.06383332175
261 -75.05575049 0.06233787376
262 -75.47363893 0.0609337027
263 -75.87359531 0.05961645015
264 -76.25574422 0.05838181902
265 -76.6202777 0.0572255939
266 -76.96744947 0.05614365906
267 -77.29756876 0.05513201371
268 -77.6109938 0.0541867848
269 -77.90812449 0.05330423909
270 -78.18938862 0.05248080798
271 -78.45517481 0.05171323438
272 -78.70532215 0.05099973637
273 -78.93493065 0.05034953005
274 -79.09961545 0.04986122586
275 -78.82687989 0.05037877406
276 -75.02522 0.05966352065
277 -42.94540015 0.2111484332
278 34.67368499 0.995676778
279 37.99739778 0.999934703
280 36.59578993 0.9999191498
281 33.89606983 0.9998688506
282 30.29505599 0.9997474655
283 26.18658117 0.9994658278
284 21.92359087 0.9988438075
285 17.75182515 0.9975648652
286 13.82021915 0.9951593388
287 10.21226131 0.9910659603
288 6.969115856 0.9847933376
289 4.101944495 0.9761205798
290 1.599093705 0.9652115665
291 -0.5674235536 0.9525640319
292 -2.435114145 0.9388379792
293 -4.044820223 0.9246755394
294 -5.436193311 0.9105897889
295 -6.645079676 0.8969318208
296 -7.702450644 0.8839075715
297 -8.634321008 0.8716136011
298 -9.462180802 0.8600730452
299 -10.20362641 0.8492642198
300 -10.87301611 0.8391407563
301 -11.48206767 0.8296446905
302 -12.0403687 0.8207144553
303 -12.55579685 0.812289469
304 -13.03485882 0.8043125645
305 -13.48296086 0.7967311039
306 -13.90462335 0.7894973245
307 -14.30365093 0.7825682557
308 -14.68326736 0.7759054131
309 -15.0462229 0.7694743929
310 -15.39487994 0.763244435
311 -15.73128182 0.7571879948
312 -16.05720824 0.7512803426
313 -16.3742203 0.7454991987
314 -16.68369715 0.7398244079
315 -16.98686611 0.7342376509
316 -17.28482758 0.7287221915
317 -17.57857564 0.7232626545
318 -17.86901539 0.717844832
319 -18.15697743 0.7124555141
320 -18.44323019 0.7070823413
321 -18.72849043 0.7017136743
322 -19.01343222 0.6963384816
323 -19.29869474 0.6909462397
324 -19.58488902 0.6855268461
325 -19.87260383 0.6800705434
326 -20.16241092 0.674567852
327 -20.4548696 0.669009513
328 -20.75053082 0.6633864373
329 -21.0499408 0.6576896639
330 -21.35364425 0.6519103238
331 -21.66218731 0.6460396124
332 -21.97612001 0.6400687678
333 -22.29599855 0.6339890571
334 -22.62238713 0.6277917704
335 -22.95585958 0.6214682233
336 -23.29700049 0.6150097674
337 -23.64640605 0.6084078121
338 -24.00468444 0.6016538561
339 -24.37245575 0.594739531
340 -24.75035128 0.5876566582
341 -25.13901239 0.5803973189
342 -25.53908848 0.5729539405
343 -25.95123437 0.5653193972
344 -26.37610669 0.5574871288
345 -26.8143595 0.5494512745
346 -27.26663876 0.5412068246
347 -27.73357586 0.5327497865
348 -28.21578 0.5240773643
349 -28.71382958 0.5151881494
350 -29.2282624 0.5060823167
351 -29.75956507 0.4967618217
352 -30.30816155 0.4872305923
353 -30.87440115 0.4774947059
354 -31.45854621 0.4675625432
355 -32.06076003 0.4574449101
356 -32.68109523 0.4471551143
357 -33.31948322 0.4367089907
358 -33.97572532 0.4261248634
359 -34.6494859 0.4154234394
360 -35.34028835 0.4046276294
361 -36.04751403 0.3937622943
362 -36.77040477 0.3828539224
363 -37.50806902 0.3719302421
364 -38.25949169 0.3610197846
365 -39.02354762 0.3501514095
366 -39.79901815 0.3393538123
367 -40.58461053 0.3286550329
368 -41.37897916 0.3180819848
369 -42.18074825 0.3076600229
370 -42.98853472 0.297412567
371 -43.80097074 0.287360792
372 -44.61672501 0.2775233947
373 -45.43452205 0.2679164392
374 -46.25315907 0.2585532832
375 -47.07151984 0.2494445779
376 -47.88858538 0.2405983362
377 -48.7034414 0.23202006
378 -49.5152824 0.2237129134
379 -50.32341263 0.2156779327
380 -51.12724415 0.2079142608
381 -51.9262922 0.2004193964
382 -52.72016819 0.1931894474
383 -53.50857081 0.1862193824
384 -54.29127526 0.1795032726
385 -55.06812129 0.1730345195
386 -55.83900015 0.166806065
387 -56.60384079 0.1608105806
388 -57.36259574 0.1550406342
389 -58.11522686 0.149488834
390 -58.86169129 0.1441479484
391 -59.60192809 0.1390110018
392 -60.33584565 0.1340713479
393 -61.06331046 0.1293227198
394 -61.78413745 0.1247592591
395 -62.49808216 0.1203755253
396 -63.20483525 0.116166487
397 -63.90401928 0.1121274975
398 -64.59518813 0.1082542571
399 -65.27782909 0.1045427656
400 -65.95136744 0.1009892672
401 -66.61517356 0.09759019137
402 -67.26857217 0.0943420933
403 -67.91085346 0.09124159581
404 -68.54128555 0.08828533622
405 -69.15912794 0.08546991975
406 -69.76364531 0.08279188122
407 -70.35412129 0.08024765605
408 -70.92987157 0.07783356082
409 -71.49025605 0.07554578327
410 -72.03468964 0.0733803812
411 -72.5626514 0.07133328917
412 -73.07369191 0.06940033174
413 -73.56743871 0.06757724194
414 -74.04359985 0.0658596835
415 -74.50196562 0.06424327541
416 -74.94240855 0.06272361763
417 -75.36488185 0.06129631679
418 -75.76941653 0.05995701101
419 -76.15611738 0.05870139312
420 -76.52515809 0.05752523176
421 -76.87677561 0.05642438999
422 -77.21126412 0.05539484137
423 -77.52896855 0.05443268349
424 -77.83027726 0.05353415077
425 -78.1156083 0.05269563987
426 -78.38534291 0.05191385629
427 -78.63932099 0.05118696862
428 -78.87270738 0.05052403316
429 -79.04176469 0.05002243885
430 -78.77996357 0.05051464505
431 -75.04958664 0.05963086517
432 -43.55371869 0.2069667075
433 34.50351799 0.9953407699
434 37.98989918 0.9999345125
435 36.60181507 0.9999192274
436 33.90727186 0.9998691145
437 30.3084644 0.9997480857
438 26.19994154 0.9994671402
439 21.93543127 0.9988463144
440 17.76138957 0.9975690897
441 13.82724128 0.9951654319
442 10.21676493 0.9910731268
443 6.971284301 0.984799408
444 4.102038346 0.9761221286
445 1.597394881 0.9652046259
446 -0.5706496812 0.952544986
447 -2.439640305 0.9388041552
448 -4.050464791 0.9246253353
449 -5.442818376 0.9105224823
450 -6.652584419 0.8968472739
451 -7.710763508 0.8838059687
452 -8.643392522 0.8714952654
453 -9.471977749 0.8599383278
454 -10.21412739 0.8491134418
455 -10.88420829 0.8389741828
456 -11.49394452 0.829462522
457 -12.05292836 0.8205168282
458 -12.56904101 0.8120764599
459 -13.048792 0.8040841954
460 -13.49758983 0.7964873475
461 -13.91995687 0.7892381084
462 -14.31969949 0.7822934662
463 -14.70004307 0.7756148979
464 -15.06373941 0.7691679631
465 -15.41315243 0.7629218665
