0 -77.35137207 0.0549686518
1 -77.66189098 0.05403462897
2 -77.95619504 0.05316263801
3 -78.23470768 0.05234916097
4 -78.49774329 0.05159115176
5 -78.74449586 0.05088834796
6 -78.96469701 0.05026221602
7 -79.06942481 0.04991218631
8 -78.31686323 0.05154370547
9 -70.58011175 0.07247552897
10 -10.54797574 0.532797351
11 37.2397671 0.999673444
12 37.7212555 0.9999330822
13 35.83182294 0.9999074247
14 32.79638665 0.9998398906
15 28.98481843 0.9996792632
16 24.79084823 0.999311589
17 20.5350395 0.9985163706
18 16.42838922 0.9969255287
19 12.59518152 0.9940269698
20 9.10315139 0.9892598305
21 5.982661211 0.9822004442
22 3.236680277 0.9727491545
23 0.8474330384 0.9611934156
24 -1.216971686 0.9481065831
25 -2.995783203 0.9341608471
26 -4.529883104 0.9199645126
27 -5.85789596 0.9059781952
28 -7.01414001 0.8925020821
29 -8.027943981 0.8797019578
30 -8.923780234 0.8676465266
31 -9.721790142 0.8563414014
32 -10.43843794 0.8457548831
33 -11.08715366 0.8358355776
34 -11.67890405 0.8265236022
35 -12.22267307 0.817757293
36 -12.72585427 0.8094769668
37 -13.19456604 0.80162684
38 -13.63390236 0.794155841
39 -14.04813173 0.787017784
40 -14.44085473 0.7801711938
41 -14.81512918 0.7735789567
42 -15.17356969 0.7672078975
43 -15.51842743 0.7610283422
44 -15.85165408 0.7550136971
45 -16.17495362 0.7491400591
46 -16.48982437 0.7433858635
47 -16.79759333 0.7377315705
48 -17.09944449 0.732159389
49 -17.39644216 0.726653034
50 -17.68955046 0.721197514
51 -17.97964965 0.7157789459
52 -18.26754987 0.7103843928
53 -18.55400278 0.7050017227
54 -18.83971159 0.6996194846
55 -19.1253396 0.6942267994
56 -19.41151762 0.688813266
57 -19.69885044 0.6833688769
58 -19.98792249 0.6778839459
59 -20.27930284 0.6723490445
60 -20.57354963 0.6667549463
61 -20.87121396 0.6610925804
62 -21.17284341 0.6553529907
63 -21.47898516 0.6495273038
64 -21.79018874 0.6436067031
65 -22.10700845 0.6375824103
66 -22.43000544 0.6314456749
67 -22.75974952 0.6251877713
68 -23.09682054 0.6188000046
69 -23.44180945 0.6122737258
70 -23.79531897 0.6056003574
71 -24.15796372 0.5987714301
72 -24.53036998 0.5917786321
73 -24.91317476 0.5846138711
74 -25.30702427 0.5772693518
75 -25.7125717 0.5697376682
76 -26.13047414 0.5620119123
77 -26.56138866 0.5540857992
78 -27.00596742 0.5459538094
79 -27.46485176 0.5376113465
80 -27.93866521 0.5290549101
81 -28.4280054 0.5202822807
82 -28.93343495 0.5112927133
83 -29.45547131 0.5020871351
84 -29.99457572 0.4926683415
85 -30.55114147 0.4830411825
86 -31.12548173 0.4732127312
87 -31.71781727 0.4631924248
88 -32.32826451 0.4529921677
89 -32.95682428 0.4426263877
90 -33.60337191 0.4321120334
91 -34.26764924 0.4214685075
92 -34.94925887 0.4107175283
93 -35.64766141 0.3998829174
94 -36.36217596 0.3889903149
95 -37.09198419 0.3780668258
96 -37.83613816 0.3671406096
97 -38.59357177 0.3562404231
98 -39.36311572 0.3453951355
99 -40.14351535 0.3346332332
100 -40.93345105 0.3239823344
101 -41.73156019 0.3134687326
102 -42.53646008 0.303116987
103 -43.34677078 0.2929495735
104 -44.16113725 0.2829866078
105 -44.97824982 0.2732456463
106 -45.7968625 0.2637415681
107 -46.61580857 0.2544865338
108 -47.4340131 0.2454900176
109 -48.25050221 0.2367589027
110 -49.06440899 0.2282976304
111 -49.87497623 0.2201083918
112 -50.68155603 0.2121913501
113 -51.48360661 0.204544883
114 -52.28068661 0.1971658351
115 -53.07244717 0.1900497721
116 -53.85862214 0.1831912286
117 -54.63901673 0.1765839445
118 -55.41349502 0.170221086
119 -56.1819665 0.1640954461
120 -56.94437209 0.1581996249
121 -57.70066989 0.1525261862
122 -58.45082099 0.1470677904
123 -59.19477564 0.1418173043
124 -59.93246021 0.1367678866
125 -60.66376516 0.1319130505
126 -61.38853444 0.1272467044
127 -62.10655662 0.1227631721
128 -62.81755814 0.1184571936
129 -63.52119869 0.1143239088
130 -64.21706932 0.1103588271
131 -64.90469295 0.1065577845
132 -65.58352767 0.1029168924
133 -66.25297247 0.09943248033
134 -66.91237536 0.09610103624
135 -67.56104355 0.09291914695
136 -68.19825521 0.08988344227
137 -68.82327249 0.08699054443
138 -69.43535519 0.08423702517
139 -70.03377461 0.08161937151
140 -70.6178271 0.07913396108
141 -71.18684678 0.07677704704
142 -71.74021715 0.07454475226
143 -72.27738112 0.07243307186
144 -72.79784943 0.07043788315
145 -73.30120708 0.06855496141
146 -73.78711796 0.06678000027
147 -74.25532755 0.06510863518
148 -74.70566381 0.06353646868
149 -75.13803648 0.06205909625
150 -75.55243487 0.06067213172
151 -75.94892444 0.05937123142
152 -76.32764233 0.05815211654
153 -76.68879212 0.05701059312
154 -77.03263799 0.05594256947
155 -77.35949848 0.05494407109
156 -77.66973983 0.05401125319
157 -77.9637678 0.05314041438
158 -78.24200682 0.05232803779
159 -78.50477418 0.05157107377
160 -78.75128331 0.05086921735
161 -78.9714252 0.05024356755
162 -79.07760953 0.04989047629
163 -78.33911377 0.05148862853
164 -70.72012095 0.07203492708
165 -11.45545856 0.522225754
166 37.21813371 0.9996571652
167 37.73093039 0.9999331796
168 35.85133438 0.999907747
169 32.82324668 0.9998406705
170 29.01615315 0.9996810913
171 24.82389263 0.9993157032
172 20.56780365 0.9985250458
173 16.45964002 0.9969423289
174 12.62420539 0.9940564655
175 9.129567499 0.9893064841
176 6.006323042 0.9822669658
177 3.257623431 0.9728352937
178 0.8658303164 0.9612960201
179 -1.200860244 0.9482207957
180 -2.981658903 0.9342815834
181 -4.517446494 0.9200874926
182 -5.846870363 0.906100343
183 -7.004282556 0.892621479
184 -8.019048175 0.8798175974
185 -8.915673818 0.867758039
186 -9.714330904 0.856448822
187 -10.43150899 0.8458584833
188 -11.08065898 0.8359357526
189 -11.67276458 0.8266207989
190 -12.21682341 0.8178519679
191 -12.72024009 0.8095695621
192 -13.18914184 0.8017177714
193 -13.62862984 0.7942454923
194 -14.04297835 0.7871065066
195 -14.43579267 0.7802593076
196 -14.81013444 0.7736667525
197 -15.1686214 0.76729564
198 -15.51350726 0.7611162731
199 -15.84674583 0.7551020377
200 -16.1700428 0.7492290133
201 -16.48489792 0.7434756201
202 -16.79263936 0.7378223055
203 -17.09445206 0.7322512677
204 -17.39140111 0.7267462124
205 -17.68445129 0.7212921404
206 -17.97448335 0.7158751626
207 -18.26230784 0.7104823369
208 -18.54867675 0.7051015271
209 -18.83429352 0.6997212788
210 -19.11982162 0.6943307108
211 -19.40589196 0.6889194197
212 -19.69310939 0.6834773969
213 -19.98205838 0.677994955
214 -20.27330797 0.6724626648
215 -20.56741623 0.6668712997
216 -20.86493419 0.6612117881
217 -21.16640932 0.6554751737
218 -21.47238868 0.6496525825
219 -21.78342165 0.6437351972
220 -22.1000624 0.6377142384
221 -22.42287193 0.631580954
222 -22.7524199 0.625326616
223 -23.08928602 0.6189425265
224 -23.43406113 0.6124200325
225 -23.78734783 0.6057505512
226 -24.14976071 0.5989256068
227 -24.521926 0.5919368791
228 -24.90448074 0.5847762662
229 -25.29807123 0.5774359607
230 -25.70335082 0.5699085425
231 -26.12097684 0.5621870871
232 -26.5516067 0.5542652906
233 -26.995893 0.5461376117
234 -27.45447766 0.5377994297
235 -27.92798488 0.5292472167
236 -28.41701315 0.5204787233
237 -28.92212606 0.5114931717
238 -29.44384218 0.5022914542
239 -29.98262403 0.4928763292
240 -30.53886634 0.4832526084
241 -31.11288383 0.4734273254
242 -31.70489898 0.463409878
243 -32.31502999 0.4532121322
244 -32.94327955 0.4428484786
245 -33.58952496 0.432335832
246 -34.25350996 0.4216935645
247 -34.93483907 0.4109433689
248 -35.63297474 0.4001090471
249 -36.34723778 0.3892162255
250 -37.07681144 0.3782920033
251 -37.82074913 0.3673645409
252 -38.57798591 0.3564626039
253 -39.34735329 0.3456150777
254 -40.12759723 0.334850472
255 -40.91739836 0.3241964344
256 -41.71539405 0.3136792937
257 -42.52020127 0.3033236482
258 -43.3304395 0.2931520167
259 -44.14475283 0.2831845594
260 -44.96183051 0.2734388788
261 -45.7804253 0.2639298991
262 -46.59936908 0.2546698253
263 -47.41758541 0.2456681738
264 -48.23409884 0.2369318668
265 -49.04804089 0.2284653818
266 -49.85865277 0.2202709419
267 -50.66528508 0.2123487385
268 -51.46739462 0.2046971735
269 -52.26453874 0.1973131116
270 -53.05636741 0.1901921346
271 -53.84261347 0.1833287896
272 -54.62308129 0.1767168258
273 -55.39763432 0.1703494153
274 -56.16618157 0.1642193546
275 -56.9286637 0.1583192447
276 -57.68503874 0.1526416484
277 -58.43526787 0.1471792236
278 -59.17930165 0.141924833
279 -59.91706689 0.1368716305
280 -60.64845467 0.1320131237
281 -61.37330967 0.1273432152
282 -62.09142134 0.1228562229
283 -62.80251701 0.1185468807
284 -63.50625742 0.114410323
285 -64.20223462 0.1104420541
286 -64.88997258 0.1066379054
287 -65.56893037 0.1029939846
288 -66.23850795 0.09950661793
289 -66.89805417 0.09617229078
290 -67.546877 0.09298758823
291 -68.18425522 0.08994913888
292 -68.80945146 0.08705356435
293 -69.42172582 0.08429743622
294 -70.02034973 0.08167724173
295 -70.60461949 0.07918935902
296 -71.17386903 0.07683004191
297 -71.72748145 0.07459541402
298 -72.26489913 0.07248147124
299 -72.78563213 0.07048409152
300 -73.28926464 0.06859905069
301 -73.77545964 0.0668220427
302 -74.24396161 0.06514870314
303 -74.69459745 0.06357463443
304 -75.12727578 0.06209543168
305 -75.54198476 0.06070670809
306 -75.93878871 0.05940411916
307 -76.31782363 0.05818338499
308 -76.67929198 0.05704031033
309 -77.02345685 0.05597080204
310 -77.35063575 0.05497088398
311 -77.66119394 0.05403670964
312 -77.95553618 0.05316457597
313 -78.23408542 0.05235096568
314 -78.49715273 0.05159283989
315 -78.74390571 0.05088999664
316 -78.96385881 0.05026439796
317 -79.0662963 0.04991955371
318 -78.29458559 0.05159611715
319 -70.40059264 0.07303918037
320 -9.345552919 0.5467569518
321 37.26946483 0.9996933693
322 37.709712 0.9999329683
323 35.80769755 0.9999070253
324 32.76306291 0.9998389179
325 28.9459946 0.9996769833
326 24.75003092 0.9993064713
327 20.49473601 0.9985056247
328 16.39014262 0.996904831
329 12.55987352 0.9939908669
330 9.071239363 0.9892031535
331 5.954304249 0.982120315
332 3.211808045 0.9726463755
333 0.825805585 0.9610722703
334 -1.23569885 0.9479732788
335 -3.011997324 0.9340216899
336 -4.543967127 0.919824688
337 -5.870200111 0.9058413381
338 -7.024969183 0.8923703841
339 -8.037555569 0.8795764985
340 -8.932387588 0.8675276267
341 -9.729568368 0.8562289108
342 -10.44553016 0.8456483862
343 -11.09367684 0.8357345295
344 -11.68495401 0.8264274114
345 -12.2283286 0.8176653704
346 -12.73118059 0.8093887518
347 -13.19961739 0.8015418129
348 -13.63872422 0.7940735271
349 -14.05276247 0.7869377537
350 -14.445327 0.78009306
351 -14.81947093 0.7735023707
352 -15.17780511 0.7671325448
353 -15.52257756 0.7609539387
354 -15.85573742 0.754939985
355 -16.17898656 0.7490668031
356 -16.49382157 0.7433128477
357 -16.80156804 0.7376585956
358 -17.10340875 0.7320862696
359 -17.40040707 0.7265795964
360 -17.69352633 0.7211235942
361 -17.98364617 0.7157043878
362 -18.2715762 0.7103090469
363 -18.55806771 0.7049254444
364 -18.84382362 0.699542133
365 -19.129507 0.6941482366
366 -19.41574853 0.6887333558
367 -19.70315294 0.6832874842
368 -19.99230466 0.6778009356
369 -20.28377281 0.6722642812
370 -20.5781156 0.6666682936
371 -20.87588431 0.6610039003
372 -21.17762669 0.6552621434
373 -21.48389015 0.6494341474
374 -21.79522448 0.643511093
375 -22.11218427 0.6374841998
376 -22.43533099 0.6313447145
377 -22.76523479 0.6250839094
378 -23.10247588 0.6186930873
379 -23.44764558 0.6121635978
380 -23.80134697 0.6054868625
381 -24.16419506 0.5986544121
382 -24.53681647 0.5916579358
383 -24.91984854 0.5844893438
384 -25.31393779 0.5771408452
385 -25.71973764 0.5696050399
386 -26.13790536 0.5618750284
387 -26.56909812 0.5539445371
388 -27.01396806 0.5458080606
389 -27.47315636 0.5374610201
390 -27.94728626 0.5288999366
391 -28.43695494 0.5201226155
392 -28.94272436 0.5111283411
393 -29.46511108 0.5019180741
394 -30.00457523 0.4924946473
395 -30.56150874 0.4828629523
396 -31.13622318 0.473030107
397 -31.72893745 0.4630055966
398 -32.33976583 0.4528013756
399 -32.96870679 0.4424319228
400 -33.61563314 0.4319142377
401 -34.28028397 0.4212677728
402 -34.96225905 0.4105142927
403 -35.66101613 0.3996776613
404 -36.37587143 0.3887835545
405 -37.10600388 0.3778591064
406 -37.85046293 0.3669324966
407 -38.60818016 0.356032493
408 -39.37798421 0.3451879659
409 -40.1586188 0.3344273929
410 -40.94876306 0.3237783736
411 -41.74705362 0.3132671744
412 -42.55210744 0.3029183187
413 -43.36254474 0.2927542403
414 -44.17701107 0.2827950075
415 -44.99419773 0.273058126
416 -45.81286009 0.2635584215
417 -46.63183307 0.2543080013
418 -47.45004363 0.2453162869
419 -48.26651991 0.236590111
420 -49.08039718 0.2281338676
421 -49.89092038 0.2199497043
422 -50.69744379 0.2120377455
423 -51.4994277 0.2043963348
424 -52.2964327 0.1970222878
425 -53.0881117 0.189911146
426 -53.87420009 0.1830574249
427 -54.65450442 0.1764548499
428 -55.42888981 0.1700965767
429 -56.19726651 0.1639753921
430 -56.95957592 0.1580838933
431 -57.71577631 0.1524146441
432 -58.46582864 0.1469603075
433 -59.20968277 0.1417137549
434 -59.94726437 0.1366681513
435 -60.67846299 0.1318170171
436 -61.40312146 0.1271542688
437 -62.12102706 0.1226742383
438 -62.83190478 0.1183716737
439 -63.53541285 0.1142417224
440 -64.23114079 0.1102799005
441 -64.91861007 0.1064820499
442 -65.5972774 0.1028442865
443 -66.26654055 0.09936294325
444 -66.92574653 0.09603451001
445 -67.57420177 0.09285557442
446 -68.21118394 0.08982276588
447 -68.835955 0.08693270525
448 -69.44777483 0.084181962
449 -70.04591515 0.08156702027
450 -70.62967299 0.07908425439
451 -71.19838345 0.076729914
452 -71.75143121 0.07450011842
453 -72.28826061 0.0723908594
454 -72.80838394 0.07039801116
455 -73.31138789 0.06851734632
456 -73.79693813 0.06674455636
457 -74.26478194 0.06507527516
458 -74.7147491 0.06350510425
459 -75.14675111 0.06202963871
460 -75.56077901 0.06064449254
461 -75.95689986 0.05934532279
462 -76.33525233 0.05812785185
463 -76.69604139 0.05698788739
464 -77.03953249 0.05592133978
465 -77.36604527 0.05492423683
