0 -87 0.01
5 -84.77216347 0.03618725031
10 -83.04343688 0.03991476921
15 -81.63004664 0.0432195578
20 -80.41576507 0.04625538174
25 -44.59015945 0.208444161
30 34.79113487 0.9998868944
35 22.79206942 0.9989645022
40 13.3203692 0.9944217485
45 7.266885501 0.9846398752
50 3.895859512 0.9738747612
55 2.167763144 0.9661017223
60 1.305792537 0.9615335999
65 0.8666896708 0.9590184893
70 0.6239886908 0.9575770983
75 0.4668622651 0.9566288424
80 0.3418866501 0.9558683051
85 0.2233693032 0.9551410406
90 0.09890657609 0.9543688623
95 -0.03751488456 0.9535108969
100 -0.1887890581 0.952544378
105 -0.3562400192 0.9514553918
110 -0.5403599976 0.9502344592
115 -0.7411659731 0.9488744363
120 -0.9583790097 0.9473695131
125 -1.191525844 0.9457146961
130 -1.44000164 0.9439055337
135 -1.703106919 0.9419380067
140 -1.980073612 0.9398084923
145 -2.270089352 0.9375137294
150 -2.57232092 0.9350507738
155 -2.885935742 0.9324169461
160 -3.210120288 0.9296097778
165 -3.544094858 0.9266269628
170 -3.887124995 0.9234663108
175 -4.238530187 0.9201257033
180 -4.597690473 0.916603045
185 -4.96405139 0.9128962128
190 -5.337127575 0.9090029987
195 -5.716505274 0.9049210478
200 -6.101844026 0.9006477924
205 -6.492877754 0.8961803788
210 -6.889415314 0.8915155922
215 -7.291339371 0.8866497928
220 -7.698604576 0.88157886
225 -8.111244287 0.8762980299
230 -8.529384227 0.8708016185
235 -8.953244165 0.8650828749
240 -9.383130874 0.8591339618
245 -9.819438037 0.8529458607
250 -10.26265516 0.84650815
255 -10.71338163 0.8398086959
260 -11.17234377 0.832833282
265 -11.64041473 0.8255651782
270 -12.11863843 0.8179846309
275 -12.60825959 0.8100682391
280 -13.11076234 0.8017881728
285 -13.62792077 0.7931111766
290 -14.16186534 0.7839972795
295 -14.71517147 0.7743981069
300 -15.29097849 0.7642546415
