0 -7.047657792 0.8930596573
1 -8.428949495 0.8754563625
2 -9.64977991 0.858526593
3 -10.74039472 0.8423777762
4 -11.7253073 0.8270241896
5 -12.6242739 0.8124266052
6 -13.45321943 0.7985184533
7 -14.22503279 0.7852217911
8 -14.95021598 0.7724564332
9 -15.63739982 0.7601448074
10 -16.29374774 0.7482142653
11 -16.92527017 0.7365979423
12 -17.53706869 0.7252348307
13 -18.13352609 0.7140694557
14 -18.71845467 0.7030513806
15 -19.29521246 0.6921346666
16 -19.86679449 0.6812773555
17 -20.43590476 0.6704410094
18 -21.0050129 0.6595903276
19 -21.57639856 0.6486928431
20 -22.15218585 0.6377187051
21 -22.7343695 0.626640543
22 -23.32483388 0.6154334127
23 -23.92536577 0.6040748202
24 -24.53766151 0.59254482
25 -25.1633291 0.580826183
26 -25.80388534 0.5689046261
27 -26.46074865 0.5567690955
28 -27.13522768 0.5444120899
29 -27.82850633 0.5318300073
30 -28.54162553 0.5190234944
31 -29.27546285 0.5059977747
32 -30.03071057 0.4927629251
33 -30.80785365 0.4793340717
34 -31.60714876 0.4657314738
35 -32.42860611 0.4519804653
36 -33.27197553 0.4381112331
37 -34.1367383 0.4241584149
38 -35.02210618 0.4101605138
39 -35.92702861 0.3961591407
40 -36.8502085 0.3821981072
41 -37.79012665 0.3683224066
42 -38.7450742 0.3545771333
43 -39.71319163 0.3410063941
44 -40.69251274 0.3276522684
45 -41.68101135 0.3145538732
46 -42.67664837 0.3017465743
47 -43.67741701 0.2892613804
48 -44.6813839 0.2771245353
49 -45.68672443 0.2653573137
50 -46.69175106 0.2539760103
51 -47.69493368 0.2429921004
52 -48.69491186 0.2324125437
53 -49.69049908 0.2222401989
54 -50.68067947 0.2124743135
55 -51.66459782 0.2031110567
56 -52.64154391 0.1941440666
57 -53.61093219 0.1855649862
58 -54.57227801 0.1773639689
59 -55.52517152 0.169530139
60 -56.46925044 0.162051996
61 -57.40417283 0.1549177581
62 -58.329591 0.1481156402
63 -59.24512752 0.1416340687
64 -60.1503544 0.1354618339
65 -61.04477628 0.1295881848
66 -61.92781834 0.1240028739
67 -62.79881941 0.1186961576
68 -63.65703066 0.1136587618
69 -64.50161969 0.1088818219
70 -65.33168 0.104356806
71 -66.14624502 0.10007543
72 -66.94430607 0.0960295736
73 -67.72483313 0.09221120288
74 -68.48679735 0.08861230556
75 -69.22919364 0.08522484361
76 -69.95106011 0.08204073274
77 -70.6514788 0.07905189665
78 -71.32946635 0.0762506875
79 -71.9831801 0.07363246942
80 -72.60479443 0.07121148254
81 -73.14782411 0.06911920016
82 -73.31859966 0.06822560419
83 -71.2475619 0.0744199769
84 -55.26416079 0.1439596898
85 17.66973899 0.9085815108
86 34.92538342 0.9998404879
87 34.83625654 0.9998861788
88 32.08413763 0.9998167415
89 28.1683696 0.9996285411
90 23.71676033 0.9991687056
91 19.15520618 0.9981177044
92 14.754617 0.9959221897
93 10.67154925 0.9918134845
94 6.986895169 0.9849989952
95 3.730189364 0.9749903324
96 0.8940257348 0.9618582306
97 -1.554337212 0.9462152488
98 -3.661748085 0.9289579175
99 -5.479510294 0.9109712889
100 -7.056759059 0.8929493374
101 -8.436999691 0.8753490007
102 -9.65698121 0.8584232051
103 -10.74691214 0.8422786685
104 -11.73127433 0.8269292409
105 -12.62979832 0.8123354615
106 -13.45838857 0.7984306512
107 -14.22991782 0.7851368297
108 -14.95487545 0.7723738142
109 -15.6418824 0.7600640554
110 -16.29809439 0.7481349362
111 -16.92951579 0.736519626
112 -17.54124343 0.7251571495
113 -18.13765637 0.7139920619
114 -18.722564 0.7029739536
115 -19.29932203 0.6920569096
116 -19.87092369 0.6811989922
117 -20.44007157 0.6703617823
118 -21.00923417 0.6595099956
119 -21.58069025 0.6486111807
120 -22.15656324 0.6376355015
121 -22.73884729 0.6265556021
122 -23.32942627 0.6153465538
123 -23.93008651 0.6039858789
124 -24.54252392 0.5924536502
125 -25.168346 0.580732659
126 -25.809069 0.5688086454
127 -26.46611068 0.5566705823
128 -27.14077889 0.5443109982
129 -27.83425653 0.5317263246
130 -28.54758341 0.5189172456
131 -29.2816357 0.5058890252
132 -30.03710409 0.4926517834
133 -30.81447172 0.4792206918
134 -31.61399324 0.4656160554
135 -32.43567667 0.451863254
136 -33.27926952 0.4379925176
137 -34.14425067 0.4240385234
138 -35.02982948 0.4100398087
139 -35.93495305 0.3960380114
140 -36.85832213 0.3820769614
141 -37.79841557 0.3682016614
142 -38.75352286 0.3544572054
143 -39.7217832 0.3408876896
144 -40.70122952 0.3275351741
145 -41.68983516 0.3144387481
146 -42.68556101 0.3016337432
147 -43.68640063 0.2891511282
148 -44.69042135 0.2770171044
149 -45.69579959 0.2652529022
150 -46.70084905 0.2538747721
151 -47.70404103 0.242894147
152 -48.70401661 0.2323179474
153 -49.69959078 0.2221489961
154 -50.68974913 0.2123865095
155 -51.6736378 0.2030266303
156 -52.65054779 0.194062975
157 -53.61989453 0.1854871697
158 -54.58119413 0.1772893552
159 -55.53403726 0.1694586472
160 -56.4780619 0.1619835403
161 -57.41292612 0.1548522503
162 -58.33828199 0.1480529922
163 -59.25375161 0.1415741944
164 -60.15890635 0.13540465
165 -61.05325009 0.1295336119
166 -61.93620711 0.1239508363
167 -62.80711533 0.1186465833
168 -63.66522499 0.1136115822
169 -64.50970287 0.108836971
170 -65.33964173 0.1043142194
171 -66.15407445 0.1000350444
172 -66.95199196 0.0959913259
173 -67.7323641 0.09217502933
174 -68.49416209 0.08857814136
175 -69.23638117 0.08519262248
176 -69.95805995 0.08201038685
177 -70.65828096 0.07902335734
178 -71.33606001 0.07622389005
179 -71.98954436 0.07360738255
180 -72.61083747 0.07118829216
181 -73.15298993 0.06909946915
182 -73.3193245 0.06821979615
183 -71.22092101 0.07450369937
184 -55.06811106 0.1450529114
185 18.00589861 0.9119125972
186 34.94421635 0.9998425792
187 34.8271442 0.9998860218
188 32.06607651 0.9998161506
189 28.14583776 0.9996270229
190 23.69258097 0.9991650736
191 19.13124233 0.9981096751
192 14.73198313 0.9959061585
193 10.65085634 0.9917850359
194 6.968425139 0.9849544041
195 3.713993243 0.9749283491
196 0.8799891937 0.9617808116
197 -1.566432965 0.9461266868
198 -3.672169234 0.9288631798
199 -5.488526515 0.9108746805
200 -7.064617193 0.8928539301
201 -8.443912424 0.875256652
202 -9.663125374 0.8583348354
203 -10.75243188 0.8421945705
204 -11.73628608 0.8268493286
205 -12.63439589 0.8122594434
206 -13.46264773 0.7983581384
207 -14.23390011 0.7850674011
208 -14.95863123 0.7723070515
209 -15.64545326 0.7599995614
210 -16.30151502 0.7480723428
211 -16.93281545 0.7364585961
212 -17.54444709 0.7250973767
213 -18.14078561 0.7139332679
214 -18.72563765 0.7029158856
215 -19.30235677 0.6919993373
216 -19.87393445 0.6811417056
217 -20.44307186 0.6703045892
218 -21.01223638 0.6594527198
219 -21.58370582 0.6485536608
220 -22.15960285 0.6375775896
221 -22.74192095 0.6264971637
222 -23.33254342 0.6152874673
223 -23.93325608 0.6039260362
224 -24.54575434 0.5923929571
225 -25.17164521 0.5806710361
226 -25.81244442 0.5687460298
227 -26.46956919 0.5566069284
228 -27.14432672 0.5442462799
229 -27.83789924 0.5316605368
230 -28.55132572 0.5188504058
231 -29.28548146 0.5058211747
232 -30.04105612 0.492582989
233 -30.81853172 0.4791510459
234 -31.61816173 0.4655456761
235 -32.43995287 0.4517922841
236 -33.2836513 0.4379211231
237 -34.14873456 0.4239668909
238 -35.03441068 0.4099681417
239 -35.93962551 0.3959665261
240 -36.86307859 0.3820058818
241 -37.80324781 0.3681312141
242 -38.75842179 0.3543876137
243 -39.72673914 0.3408191686
244 -40.70623238 0.3274679257
245 -41.6948747 0.3143729564
246 -42.69062708 0.3015695714
247 -43.69148335 0.2890887162
248 -44.69551134 0.2769565671
249 -45.7008881 0.2651943293
250 -46.70592809 0.2538182287
251 -47.70910345 0.2428396746
252 -48.70905612 0.2322655659
253 -49.70460197 0.2220987063
254 -50.69472743 0.2123382956
255 -51.6785794 0.2029804625
256 -52.65544956 0.1940188125
257 -53.6247539 0.1854449631
258 -54.58600899 0.1772490491
259 -55.53880579 0.1694201825
260 -56.48278246 0.1619468554
261 -57.4175971 0.1548172834
262 -58.34290171 0.1480196822
263 -59.2583182 0.1415424816
264 -60.16341765 0.135374477
265 -61.05770357 0.1295049238
266 -61.94059984 0.123923581
267 -62.81144397 0.1186207111
268 -63.66948577 0.1135870457
269 -64.51389164 0.1088137248
270 -65.34375402 0.1042922196
271 -66.15810552 0.1000142484
272 -66.95593693 0.09597169172
273 -67.73621804 0.09215651544
274 -68.49792013 0.08856070634
275 -69.24003862 0.08517622487
276 -69.96161238 0.08199498495
277 -70.66172436 0.07900890916
278 -71.33939094 0.07621035293
279 -71.99276052 0.07359471123
280 -72.6139401 0.07117642886
281 -73.15599368 0.06908829698
282 -73.32228702 0.06820894474
283 -71.22391381 0.07449188772
284 -55.06960633 0.1450398175
285 18.01392738 0.9119575437
286 34.94666155 0.9998426751
287 34.82874781 0.9998860571
288 32.06763492 0.9998162039
289 28.14745975 0.9996271339
290 23.69423159 0.999165323
291 19.13286684 0.9981102203
292 14.73353687 0.9959072583
293 10.65230837 0.9917870277
294 6.969757294 0.9849576088
295 3.715199279 0.9749329422
296 0.8810733644 0.961786754
297 -1.565458709 0.9461337646
298 -3.671288719 0.9288711098
299 -5.487722387 0.910883203
300 -7.063872927 0.8928628552
