0 -51.20281411 0.2074636103
1 -52.18311839 0.1983112376
2 -53.15612609 0.1895509193
3 -54.12130825 0.1811734488
4 -55.07822319 0.1731683803
5 -56.02648969 0.1655244605
6 -56.9657596 0.1582300011
7 -57.89569107 0.151273188
8 -58.81592346 0.1446423255
9 -59.7260549 0.1383260176
10 -60.62562352 0.1323132891
11 -61.51409305 0.1265936533
12 -62.39084343 0.1211571319
13 -63.25516685 0.1159942364
14 -64.10626934 0.1110959182
15 -64.94327777 0.1064534993
16 -65.76525178 0.1020585899
17 -66.57120006 0.09790300278
18 -67.36009989 0.09397867237
19 -68.13091901 0.0902775833
20 -68.88263843 0.0867917142
21 -69.61427407 0.08351300238
22 -70.32489022 0.08043335041
23 -71.01356622 0.07754479735
24 -71.67907728 0.07484060981
25 -72.31777814 0.072321959
26 -72.91007343 0.0700391294
27 -73.33411459 0.06834886129
28 -72.81488892 0.06958634203
29 -66.43962108 0.09144550618
30 -25.61844732 0.3918241893
31 31.92456121 0.9980612145
32 35.4180798 0.9998935875
33 33.59109117 0.9998596491
34 30.13285544 0.9997396847
35 25.87254523 0.9994369595
36 21.32079882 0.9987210462
37 16.81806789 0.9971554079
38 12.56982731 0.9940619381
39 8.689052413 0.9886237416
40 5.227520408 0.9801650932
41 2.193915022 0.9684734524
42 -0.4338669321 0.9539245855
43 -2.697300872 0.9373194206
44 -4.646599382 0.9195798484
45 -6.332542602 0.9015038529
46 -7.801575616 0.8836604603
47 -9.093698743 0.8663930699
48 -10.24215661 0.8498707027
49 -11.27403923 0.8341455931
50 -12.21121818 0.8191996521
51 -13.07131186 0.8049766389
52 -13.86854694 0.7914024737
53 -14.61447575 0.7783972091
54 -15.31855232 0.7658816327
55 -15.98858588 0.7537806049
56 -16.63109468 0.7420244965
57 -17.25158096 0.7305495688
58 -17.85474472 0.7192978005
59 -18.44465024 0.7082164528
60 -19.02485639 0.6972575392
61 -19.59851884 0.686377291
62 -20.16847053 0.6755356681
63 -20.73728504 0.6646959374
64 -21.30732651 0.6538243319
65 -21.88078844 0.6428897927
66 -22.45972362 0.6318637946
67 -23.04606634 0.6207202544
68 -23.64164805 0.6094355184
69 -24.24820705 0.597988426
70 -24.86739295 0.5863604459
71 -25.50076605 0.5745358775
72 -26.1497922 0.5625021107
73 -26.81583333 0.5502499316
74 -27.50013407 0.537773861
75 -28.203805 0.5250725051
76 -28.92780316 0.5121488974
77 -29.67291072 0.4990108025
78 -30.43971282 0.4856709549
79 -31.22857594 0.472147198
80 -32.03962821 0.4584624972
81 -32.87274327 0.4446447965
82 -33.72752926 0.4307267026
83 -34.60332428 0.4167449854
84 -35.49919967 0.4027398995
85 -36.41397173 0.3887543426
86 -37.34622211 0.3748328845
87 -38.29432664 0.3610207087
88 -39.2564914 0.34736252
89 -40.23079466 0.3339014752
90 -41.21523253 0.320678192
91 -42.20776621 0.3077298873
92 -43.20636829 0.2950896816
93 -44.2090661 0.2827860966
94 -45.21397991 0.2708427563
95 -46.2193547 0.2592782867
96 -47.22358432 0.2481063991
97 -48.22522755 0.2373361307
98 -49.22301607 0.2269722113
99 -50.21585463 0.2170155216
100 -51.20281411 0.2074636103
101 -52.18311839 0.1983112376
102 -53.15612608 0.1895509193
103 -54.12130824 0.1811734489
104 -55.07822318 0.1731683804
105 -56.02648969 0.1655244605
106 -56.9657596 0.1582300011
107 -57.89569107 0.151273188
108 -58.81592345 0.1446423256
109 -59.72605489 0.1383260176
110 -60.62562352 0.1323132891
111 -61.51409305 0.1265936533
112 -62.39084343 0.121157132
113 -63.25516684 0.1159942364
114 -64.10626934 0.1110959182
115 -64.94327776 0.1064534994
116 -65.76525178 0.1020585899
117 -66.57120006 0.0979030028
118 -67.36009989 0.09397867239
119 -68.13091901 0.09027758332
120 -68.88263843 0.08679171423
121 -69.61427404 0.08351300249
122 -70.32489005 0.08043335102
123 -71.01356517 0.07754480093
124 -71.6790708 0.07484063128
125 -72.31773781 0.07232208871
126 -72.9098215 0.07003991747
127 -73.33253576 0.06835369585
128 -72.80497936 0.06961714111
129 -66.37795345 0.09168641745
130 -25.29043732 0.3955647442
131 31.97275048 0.9981173779
132 35.41480944 0.9998935785
133 33.57833263 0.999859334
134 30.11550893 0.9997388664
135 25.85307032 0.99943497
136 21.30094318 0.998716488
137 16.79894934 0.9971458426
138 12.55209448 0.9940439556
139 8.673042312 0.9885938104
140 5.213355179 0.980121035
141 2.181559377 0.9684155782
142 -0.4445572253 0.953855593
143 -2.706530517 0.9372432245
144 -4.654591658 0.9195002771
145 -6.339510813 0.9014238802
146 -7.807708357 0.8835820247
147 -9.099155255 0.8663172293
148 -10.24706785 0.8497978892
149 -11.27851147 0.8340758433
150 -12.21533724 0.8191327762
151 -13.07514712 0.804912332
152 -13.87215477 0.7913403831
153 -14.61790233 0.7783369726
154 -15.32183581 0.7658228991
155 -15.99175821 0.7537230435
156 -16.63418291 0.7419678003
157 -17.25460831 0.7304934551
158 -17.85773139 0.7192420091
159 -18.44761409 0.708160744
160 -19.02781341 0.6972016914
161 -19.60148356 0.6863210987
162 -20.17145633 0.6754789396
163 -20.74030443 0.6646384937
164 -21.31039125 0.6537660055
165 -21.88390976 0.6428304268
166 -22.46291229 0.631803243
167 -23.04933275 0.6206583818
168 -23.64500225 0.6093722006
169 -24.25165879 0.5979235515
170 -24.87095161 0.586293917
171 -25.50444067 0.5744676123
172 -26.15359138 0.5624320452
173 -26.81976513 0.5501780223
174 -27.50420591 0.5377000872
175 -28.20802354 0.5249968718
176 -28.93217414 0.5120714375
177 -29.6774388 0.4989315794
178 -30.44440143 0.4855900638
179 -31.23342713 0.4720647673
180 -32.04464249 0.4583786883
181 -32.87791954 0.4445598027
182 -33.73286469 0.4306407473
183 -34.60881433 0.4166583186
184 -35.50483807 0.402652793
185 -36.41975059 0.3886670846
186 -37.35213206 0.374745773
187 -38.30035702 0.3609340447
188 -39.26263049 0.3472766004
189 -40.23702997 0.3338165857
190 -41.2215511 0.3205946014
191 -42.2141549 0.3076478415
192 -43.2128141 0.2950093996
193 -44.21555641 0.2827077676
194 -45.22050274 0.2707665381
195 -46.2258989 0.2592043049
196 -47.23013969 0.2480347482
197 -48.23178498 0.2372668758
198 -49.22956751 0.2269053903
199 -50.22239313 0.2169511486
200 -51.20933372 0.2074016786
201 -52.18961409 0.1982517233
202 -53.16259364 0.1894937846
203 -54.12774405 0.1811186457
204 -55.0846241 0.1731158531
205 -56.03285283 0.1654741487
206 -56.97208219 0.1581818418
207 -57.90197024 0.1512271176
208 -58.82215607 0.1445982812
209 -59.73223741 0.1382839384
210 -60.63175189 0.1322731164
211 -61.52016262 0.1265553314
212 -62.39684887 0.1211206078
213 -63.2611022 0.1159594594
214 -64.11212798 0.1110628401
215 -64.94905252 0.1064220733
216 -65.770935 0.1020287701
217 -66.57678376 0.09787474374
218 -67.36557591 0.09395192845
219 -68.13627917 0.09025230825
220 -68.88787469 0.08676786085
221 -69.61937866 0.08349052252
222 -70.32985562 0.08041219539
223 -71.01838402 0.07752492223
224 -71.68373046 0.07482199874
225 -72.32219136 0.07230478009
226 -72.91379805 0.07002468957
227 -73.33432825 0.06834557941
228 -72.79369502 0.06964960624
229 -66.28487376 0.09204729272
230 -24.7705481 0.4015122118
231 32.05202716 0.9982036636
232 35.4121341 0.9998936156
233 33.56054048 0.9998588973
234 30.09062853 0.9997376903
235 25.82493511 0.9994320853
236 21.27219659 0.9987098619
237 16.77125917 0.9971319341
238 12.52641953 0.994017826
239 8.649876623 0.9885503677
240 5.192876176 0.9800571737
241 2.163714929 0.9683318156
242 -0.4599769116 0.9537559022
243 -2.719822198 0.9371333298
244 -4.666078438 0.9193857638
245 -6.349501004 0.9013090849
246 -7.816474337 0.8834697778
247 -9.106926844 0.8662090822
248 -10.25403392 0.8496944841
249 -11.28482515 0.833977248
250 -12.22112206 0.8190387297
251 -13.0805028 0.8048224064
252 -13.87716217 0.7912540812
253 -14.62262747 0.7782537841
254 -15.32633312 0.7657423301
255 -15.99607301 0.7536446307
256 -16.63835335 0.7418911161
257 -17.25866695 0.7304181078
258 -17.86170632 0.7191676411
259 -18.45152989 0.7080870286
260 -19.03169187 0.6971283295
261 -19.60534425 0.6862478154
262 -20.17531705 0.6754054819
263 -20.74418155 0.6645646276
264 -21.31430002 0.6536915146
265 -21.88786449 0.642755111
266 -22.46692652 0.6317269179
267 -23.05341939 0.6205808784
268 -23.6491736 0.609293366
269 -24.25592662 0.5978432497
270 -24.87532717 0.5862120302
271 -25.50893461 0.574384043
272 -26.15821372 0.5623467182
273 -26.82452517 0.5500908873
274 -27.50911211 0.5376111216
275 -28.21308337 0.5249060833
276 -28.93739394 0.5119788665
277 -29.68282361 0.4988373016
278 -30.44995482 0.4854941911
279 -31.23915102 0.4719674492
280 -32.05053706 0.4582801111
281 -32.88398308 0.4444601886
282 -33.73909355 0.430540351
283 -34.6152029 0.4165574234
284 -35.51137885 0.4025517053
285 -36.42643426 0.3885661274
286 -37.35894767 0.3746452787
287 -38.30729223 0.3608343468
288 -39.26967186 0.3471780259
289 -40.24416324 0.3337194473
290 -41.22876155 0.3204991906
291 -42.22142771 0.3075544231
292 -43.22013464 0.2949182068
293 -44.22291058 0.2826189992
294 -45.2278772 0.2706803568
295 -46.23328129 0.2591208372
296 -47.23751879 0.2479540855
297 -48.23915077 0.2371890764
298 -49.23691124 0.2268304825
299 -50.22970726 0.2168791343
300 -51.21661189 0.2073325369
