0.0000000000 -76.6273975112
0.1000000000 -76.6625994272
0.2000000000 -76.4810274436
0.3000000000 -75.9668336719
0.4000000000 -75.1312227974
0.5000000000 -74.0297335238
0.6000000000 -72.7093612599
0.7000000000 -71.1889707633
0.8000000000 -69.4527605771
0.9000000000 -67.4428684468
1.0000000000 -65.0472100000
1.1000000000 -62.1088679339
1.2000000000 -58.5290560704
1.3000000000 -54.3583721781
1.4000000000 -49.6514798304
1.5000000000 -44.2879257536
1.6000000000 -38.0332873696
1.7000000000 -30.6585976731
1.8000000000 -21.8964431555
1.9000000000 -11.3591922361
2.0000000000 1.3884719500
2.1000000000 16.1100492938
2.2000000000 29.6267808461
2.3000000000 36.8048607007
2.4000000000 38.2092843511
2.5000000000 37.8681822547
2.6000000000 37.6015036793
2.7000000000 37.5357752817
2.8000000000 37.5646153529
2.9000000000 37.6212459063
3.0000000000 37.6736455069
3.1000000000 37.7079087908
3.2000000000 37.7189297212
3.3000000000 37.7057241108
3.4000000000 37.6691221006
3.5000000000 37.6106445723
3.6000000000 37.5319715462
3.7000000000 37.4347061003
3.8000000000 37.3202840840
3.9000000000 37.1899536803
4.0000000000 37.0447863828
4.1000000000 36.8857001906
4.2000000000 36.7134856961
4.3000000000 36.5288308034
4.4000000000 36.3323423663
4.5000000000 36.1245642955
4.6000000000 35.9059922659
4.7000000000 35.6770854008
4.8000000000 35.4382753788
4.9000000000 35.1899734051
5.0000000000 34.9325754402
5.1000000000 34.6664660320
5.2000000000 34.3920210366
5.3000000000 34.1096094689
5.4000000000 33.8195946783
5.5000000000 33.5223350091
5.6000000000 33.2181840746
5.7000000000 32.9074907498
5.8000000000 32.5905989644
5.9000000000 32.2678473631
6.0000000000 31.9395688850
6.1000000000 31.6060903029
6.2000000000 31.2677317524
6.3000000000 30.9248062761
6.4000000000 30.5776193988
6.5000000000 30.2264687454
6.6000000000 29.8716437114
6.7000000000 29.5134251881
6.8000000000 29.1520853476
6.9000000000 28.7878874847
7.0000000000 28.4210859168
7.1000000000 28.0519259373
7.2000000000 27.6806438210
7.3000000000 27.3074668750
7.4000000000 26.9326135333
7.5000000000 26.5562934889
7.6000000000 26.1787078594
7.7000000000 25.8000493808
7.8000000000 25.4205026271
7.9000000000 25.0402442483
8.0000000000 24.6594432264
8.1000000000 24.2782611428
8.2000000000 23.8968524552
8.3000000000 23.5153647806
8.4000000000 23.1339391818
8.5000000000 22.7527104544
8.6000000000 22.3718074123
8.7000000000 21.9913531703
8.8000000000 21.6114654216
8.9000000000 21.2322567081
9.0000000000 20.8538346844
9.1000000000 20.4763023717
9.2000000000 20.0997584035
9.3000000000 19.7242972600
9.4000000000 19.3500094930
9.5000000000 18.9769819390
9.6000000000 18.6052979213
9.7000000000 18.2350374410
9.8000000000 17.8662773562
9.9000000000 17.4990915501
10.0000000000 17.1335510878
10.1000000000 16.7697243621
10.2000000000 16.4076772284
10.3000000000 16.0474731285
10.4000000000 15.6891732056
10.5000000000 15.3328364075
10.6000000000 14.9785195816
10.7000000000 14.6262775601
10.8000000000 14.2761632367
10.9000000000 13.9282276351
11.0000000000 13.5825199688
11.1000000000 13.2390876942
11.2000000000 12.8979765568
11.3000000000 12.5592306299
11.4000000000 12.2228923481
11.5000000000 11.8890025346
11.6000000000 11.5576004234
11.7000000000 11.2287236772
11.8000000000 10.9024083998
11.9000000000 10.5786891463
12.0000000000 10.2575989284
12.1000000000 9.9391692175
12.2000000000 9.6234299451
12.3000000000 9.3104095009
12.4000000000 9.0001347297
12.5000000000 8.6926309259
12.6000000000 8.3879218282
12.7000000000 8.0860296135
12.8000000000 7.7869748897
12.9000000000 7.4907766897
13.0000000000 7.1974524655
13.1000000000 6.9070180828
13.2000000000 6.6194878168
13.3000000000 6.3348743495
13.4000000000 6.0531887685
13.5000000000 5.7744405668
13.6000000000 5.4986376458
13.7000000000 5.2257863194
13.8000000000 4.9558913210
13.9000000000 4.6889558122
14.0000000000 4.4249813946
14.1000000000 4.1639681239
14.2000000000 3.9059145263
14.3000000000 3.6508176180
14.4000000000 3.3986729265
14.5000000000 3.1494745155
14.6000000000 2.9032150116
14.7000000000 2.6598856331
14.8000000000 2.4194762223
14.9000000000 2.1819752788
15.0000000000 1.9473699958
15.1000000000 1.7156462979
15.2000000000 1.4867888811
15.3000000000 1.2607812540
15.4000000000 1.0376057811
15.5000000000 0.8172437272
15.6000000000 0.5996753026
15.7000000000 0.3848797101
15.8000000000 0.1728351922
15.9000000000 -0.0364809207
16.0000000000 -0.2430921619
16.1000000000 -0.4470228796
16.2000000000 -0.6482981876
16.3000000000 -0.8469439166
16.4000000000 -1.0429865654
16.5000000000 -1.2364532523
16.6000000000 -1.4273716675
16.7000000000 -1.6157700250
16.8000000000 -1.8016770167
16.9000000000 -1.9851217663
17.0000000000 -2.1661337843
17.1000000000 -2.3447429243
17.2000000000 -2.5209793404
17.3000000000 -2.6948734454
17.4000000000 -2.8664558712
17.5000000000 -3.0357574289
17.6000000000 -3.2028090723
17.7000000000 -3.3676418610
17.8000000000 -3.5302869261
17.9000000000 -3.6907754368
18.0000000000 -3.8491385688
18.1000000000 -4.0054074738
18.2000000000 -4.1596132507
18.3000000000 -4.3117869186
18.4000000000 -4.4619593905
18.5000000000 -4.6101614492
18.6000000000 -4.7564237242
18.7000000000 -4.9007766700
18.8000000000 -5.0432505461
18.9000000000 -5.1838753982
19.0000000000 -5.3226810401
19.1000000000 -5.4596970383
19.2000000000 -5.5949526960
19.3000000000 -5.7284770402
19.4000000000 -5.8602988081
19.5000000000 -5.9904464362
19.6000000000 -6.1189480493
19.7000000000 -6.2458314515
19.8000000000 -6.3711241172
19.9000000000 -6.4948531836
20.0000000000 -6.6170454444
20.1000000000 -6.7377273434
20.2000000000 -6.8569249699
20.3000000000 -6.9746640542
20.4000000000 -7.0909699641
20.5000000000 -7.2058677020
20.6000000000 -7.3193819029
20.7000000000 -7.4315368323
20.8000000000 -7.5423563857
20.9000000000 -7.6518640876
21.0000000000 -7.7600830920
21.1000000000 -7.8670361823
21.2000000000 -7.9727457725
21.3000000000 -8.0772339085
21.4000000000 -8.1805222696
21.5000000000 -8.2826321705
21.6000000000 -8.3835845639
21.7000000000 -8.4834000428
21.8000000000 -8.5820988435
21.9000000000 -8.6797008487
22.0000000000 -8.7762255909
22.1000000000 -8.8716922559
22.2000000000 -8.9661196868
22.3000000000 -9.0595263872
22.4000000000 -9.1519305262
22.5000000000 -9.2433499417
22.6000000000 -9.3338021455
22.7000000000 -9.4233043269
22.8000000000 -9.5118733578
22.9000000000 -9.5995257970
23.0000000000 -9.6862778948
23.1000000000 -9.7721455976
23.2000000000 -9.8571445530
23.3000000000 -9.9412901141
23.4000000000 -10.0245973443
23.5000000000 -10.1070810223
23.6000000000 -10.1887556468
23.7000000000 -10.2696354411
23.8000000000 -10.3497343583
23.9000000000 -10.4290660854
24.0000000000 -10.5076440487
24.1000000000 -10.5854814178
24.2000000000 -10.6625911111
24.3000000000 -10.7389857998
24.4000000000 -10.8146779126
24.5000000000 -10.8896796406
24.6000000000 -10.9640029414
24.7000000000 -11.0376595439
24.8000000000 -11.1106609524
24.9000000000 -11.1830184512
25.0000000000 -11.2547431088
25.1000000000 -11.3258457823
25.2000000000 -11.3963371212
25.3000000000 -11.4662275721
25.4000000000 -11.5355273823
25.5000000000 -11.6042466040
25.6000000000 -11.6723950982
25.7000000000 -11.7399825386
25.8000000000 -11.8070184154
25.9000000000 -11.8735120393
26.0000000000 -11.9394725446
26.1000000000 -12.0049088934
26.2000000000 -12.0698298789
26.3000000000 -12.1342441289
26.4000000000 -12.1981601095
26.5000000000 -12.2615861279
26.6000000000 -12.3245303362
26.7000000000 -12.3870007347
26.8000000000 -12.4490051744
26.9000000000 -12.5105513611
27.0000000000 -12.5716468576
27.1000000000 -12.6322990871
27.2000000000 -12.6925153361
27.3000000000 -12.7523027574
27.4000000000 -12.8116683724
27.5000000000 -12.8706190747
27.6000000000 -12.9291616320
27.7000000000 -12.9873026890
27.8000000000 -13.0450487704
27.9000000000 -13.1024062828
28.0000000000 -13.1593815177
28.1000000000 -13.2159806536
28.2000000000 -13.2722097585
28.3000000000 -13.3280747922
28.4000000000 -13.3835816088
28.5000000000 -13.4387359584
28.6000000000 -13.4935434899
28.7000000000 -13.5480097526
28.8000000000 -13.6021401988
28.9000000000 -13.6559401854
29.0000000000 -13.7094149761
29.1000000000 -13.7625697433
29.2000000000 -13.8154095700
29.3000000000 -13.8679394519
29.4000000000 -13.9201642988
29.5000000000 -13.9720889367
29.6000000000 -14.0237181095
29.7000000000 -14.0750564806
29.8000000000 -14.1261086348
29.9000000000 -14.1768790795
30.0000000000 -14.2273722468
30.1000000000 -14.2775924948
30.2000000000 -14.3275441091
30.3000000000 -14.3772313044
30.4000000000 -14.4266582259
30.5000000000 -14.4758289509
30.6000000000 -14.5247474897
30.7000000000 -14.5734177877
30.8000000000 -14.6218437261
30.9000000000 -14.6700291235
31.0000000000 -14.7179777372
31.1000000000 -14.7656932644
31.2000000000 -14.8131793431
31.3000000000 -14.8604395541
31.4000000000 -14.9074774213
31.5000000000 -14.9542964132
31.6000000000 -15.0008999442
31.7000000000 -15.0472913754
31.8000000000 -15.0934740159
31.9000000000 -15.1394511235
32.0000000000 -15.1852259061
32.1000000000 -15.2308015227
32.2000000000 -15.2761810839
32.3000000000 -15.3213676533
32.4000000000 -15.3663642485
32.5000000000 -15.4111738417
32.6000000000 -15.4557993605
32.7000000000 -15.5002436895
32.8000000000 -15.5445096701
32.9000000000 -15.5886001024
33.0000000000 -15.6325177451
33.1000000000 -15.6762653170
33.2000000000 -15.7198454974
33.3000000000 -15.7632609270
33.4000000000 -15.8065142086
33.5000000000 -15.8496079079
33.6000000000 -15.8925445540
33.7000000000 -15.9353266405
33.8000000000 -15.9779566260
33.9000000000 -16.0204369345
34.0000000000 -16.0627699565
34.1000000000 -16.1049580494
34.2000000000 -16.1470035382
34.3000000000 -16.1889087161
34.4000000000 -16.2306758450
34.5000000000 -16.2723071565
34.6000000000 -16.3138048519
34.7000000000 -16.3551711032
34.8000000000 -16.3964080535
34.9000000000 -16.4375178174
35.0000000000 -16.4785024820
35.1000000000 -16.5193641068
35.2000000000 -16.5601047247
35.3000000000 -16.6007263425
35.4000000000 -16.6412309408
35.5000000000 -16.6816204752
35.6000000000 -16.7218968765
35.7000000000 -16.7620620511
35.8000000000 -16.8021178813
35.9000000000 -16.8420662262
36.0000000000 -16.8819089217
36.1000000000 -16.9216477812
36.2000000000 -16.9612845959
36.3000000000 -17.0008211352
36.4000000000 -17.0402591472
36.5000000000 -17.0796003588
36.6000000000 -17.1188464766
36.7000000000 -17.1579991867
36.8000000000 -17.1970601556
36.9000000000 -17.2360310301
37.0000000000 -17.2749134381
37.1000000000 -17.3137089885
37.2000000000 -17.3524192719
37.3000000000 -17.3910458607
37.4000000000 -17.4295903096
37.5000000000 -17.4680541558
37.6000000000 -17.5064389195
37.7000000000 -17.5447461038
37.8000000000 -17.5829771955
37.9000000000 -17.6211336651
38.0000000000 -17.6592169671
38.1000000000 -17.6972285406
38.2000000000 -17.7351698090
38.3000000000 -17.7730421809
38.4000000000 -17.8108470498
38.5000000000 -17.8485857949
38.6000000000 -17.8862597811
38.7000000000 -17.9238703591
38.8000000000 -17.9614188658
38.9000000000 -17.9989066249
39.0000000000 -18.0363349463
39.1000000000 -18.0737051273
39.2000000000 -18.1110184520
39.3000000000 -18.1482761923
39.4000000000 -18.1854796074
39.5000000000 -18.2226299445
39.6000000000 -18.2597284387
39.7000000000 -18.2967763137
39.8000000000 -18.3337747814
39.9000000000 -18.3707250424
40.0000000000 -18.4076282864
40.1000000000 -18.4444856921
40.2000000000 -18.4812984273
40.3000000000 -18.5180676495
40.4000000000 -18.5547945058
40.5000000000 -18.5914801331
40.6000000000 -18.6281256584
40.7000000000 -18.6647321988
40.8000000000 -18.7013008619
40.9000000000 -18.7378327457
41.0000000000 -18.7743289391
41.1000000000 -18.8107905217
41.2000000000 -18.8472185642
41.3000000000 -18.8836141287
41.4000000000 -18.9199782683
41.5000000000 -18.9563120278
41.6000000000 -18.9926164439
41.7000000000 -19.0288925446
41.8000000000 -19.0651413503
41.9000000000 -19.1013638733
42.0000000000 -19.1375611182
42.1000000000 -19.1737340820
42.2000000000 -19.2098837542
42.3000000000 -19.2460111169
42.4000000000 -19.2821171451
42.5000000000 -19.3182028066
42.6000000000 -19.3542690622
42.7000000000 -19.3903168662
42.8000000000 -19.4263471658
42.9000000000 -19.4623609018
43.0000000000 -19.4983590085
43.1000000000 -19.5343424139
43.2000000000 -19.5703120396
43.3000000000 -19.6062688013
43.4000000000 -19.6422136086
43.5000000000 -19.6781473651
43.6000000000 -19.7140709687
43.7000000000 -19.7499853117
43.8000000000 -19.7858912806
43.9000000000 -19.8217897565
44.0000000000 -19.8576816154
44.1000000000 -19.8935677275
44.2000000000 -19.9294489582
44.3000000000 -19.9653261678
44.4000000000 -20.0012002114
44.5000000000 -20.0370719393
44.6000000000 -20.0729421971
44.7000000000 -20.1088118256
44.8000000000 -20.1446816608
44.9000000000 -20.1805525344
45.0000000000 -20.2164252737
45.1000000000 -20.2523007012
45.2000000000 -20.2881796357
45.3000000000 -20.3240628912
45.4000000000 -20.3599512781
45.5000000000 -20.3958456023
45.6000000000 -20.4317466661
45.7000000000 -20.4676552676
45.8000000000 -20.5035722013
45.9000000000 -20.5394982578
46.0000000000 -20.5754342242
46.1000000000 -20.6113808838
46.2000000000 -20.6473390165
46.3000000000 -20.6833093987
46.4000000000 -20.7192928033
46.5000000000 -20.7552900001
46.6000000000 -20.7913017555
46.7000000000 -20.8273288326
46.8000000000 -20.8633719916
46.9000000000 -20.8994319895
47.0000000000 -20.9355095801
47.1000000000 -20.9716055147
47.2000000000 -21.0077205414
47.3000000000 -21.0438554054
47.4000000000 -21.0800108494
47.5000000000 -21.1161876131
47.6000000000 -21.1523864338
47.7000000000 -21.1886080460
47.8000000000 -21.2248531818
47.9000000000 -21.2611225706
48.0000000000 -21.2974169396
48.1000000000 -21.3337370133
48.2000000000 -21.3700835143
48.3000000000 -21.4064571624
48.4000000000 -21.4428586755
48.5000000000 -21.4792887691
48.6000000000 -21.5157481568
48.7000000000 -21.5522375498
48.8000000000 -21.5887576574
48.9000000000 -21.6253091868
49.0000000000 -21.6618928434
49.1000000000 -21.6985093305
49.2000000000 -21.7351593495
49.3000000000 -21.7718436001
49.4000000000 -21.8085627800
49.5000000000 -21.8453175854
49.6000000000 -21.8821087105
49.7000000000 -21.9189368479
49.8000000000 -21.9558026886
49.9000000000 -21.9927069220
50.0000000000 -22.0296502359
50.1000000000 -22.0666333164
50.2000000000 -22.1036568483
50.3000000000 -22.1407215148
50.4000000000 -22.1778279978
50.5000000000 -22.2149769775
50.6000000000 -22.2521691332
50.7000000000 -22.2894051423
50.8000000000 -22.3266856812
50.9000000000 -22.3640114251
51.0000000000 -22.4013830476
51.1000000000 -22.4388012215
51.2000000000 -22.4762666179
51.3000000000 -22.5137799072
51.4000000000 -22.5513417583
51.5000000000 -22.5889528393
51.6000000000 -22.6266138168
51.7000000000 -22.6643253566
51.8000000000 -22.7020881235
51.9000000000 -22.7399027810
52.0000000000 -22.7777699919
52.1000000000 -22.8156904177
52.2000000000 -22.8536647193
52.3000000000 -22.8916935563
52.4000000000 -22.9297775877
52.5000000000 -22.9679174713
52.6000000000 -23.0061138642
52.7000000000 -23.0443674225
52.8000000000 -23.0826788017
52.9000000000 -23.1210486561
53.0000000000 -23.1594776395
53.1000000000 -23.1979664048
53.2000000000 -23.2365156040
53.3000000000 -23.2751258884
53.4000000000 -23.3137979086
53.5000000000 -23.3525323143
53.6000000000 -23.3913297547
53.7000000000 -23.4301908781
53.8000000000 -23.4691163321
53.9000000000 -23.5081067637
54.0000000000 -23.5471628189
54.1000000000 -23.5862851435
54.2000000000 -23.6254743822
54.3000000000 -23.6647311792
54.4000000000 -23.7040561782
54.5000000000 -23.7434500218
54.6000000000 -23.7829133525
54.7000000000 -23.8224468117
54.8000000000 -23.8620510403
54.9000000000 -23.9017266788
55.0000000000 -23.9414743667
55.1000000000 -23.9812947432
55.2000000000 -24.0211884465
55.3000000000 -24.0611561145
55.4000000000 -24.1011983844
55.5000000000 -24.1413158927
55.6000000000 -24.1815092752
55.7000000000 -24.2217791672
55.8000000000 -24.2621262035
55.9000000000 -24.3025510179
56.0000000000 -24.3430542439
56.1000000000 -24.3836365142
56.2000000000 -24.4242984609
56.3000000000 -24.4650407154
56.4000000000 -24.5058639085
56.5000000000 -24.5467686703
56.6000000000 -24.5877556303
56.7000000000 -24.6288254172
56.8000000000 -24.6699786592
56.9000000000 -24.7112159835
57.0000000000 -24.7525380169
57.1000000000 -24.7939453854
57.2000000000 -24.8354387142
57.3000000000 -24.8770186278
57.4000000000 -24.9186857500
57.5000000000 -24.9604407037
57.6000000000 -25.0022841112
57.7000000000 -25.0442165939
57.8000000000 -25.0862387723
57.9000000000 -25.1283512663
58.0000000000 -25.1705546948
58.1000000000 -25.2128496760
58.2000000000 -25.2552368269
58.3000000000 -25.2977167639
58.4000000000 -25.3402901024
58.5000000000 -25.3829574568
58.6000000000 -25.4257194408
58.7000000000 -25.4685766667
58.8000000000 -25.5115297461
58.9000000000 -25.5545792896
59.0000000000 -25.5977259065
59.1000000000 -25.6409702053
59.2000000000 -25.6843127932
59.3000000000 -25.7277542764
59.4000000000 -25.7712952599
59.5000000000 -25.8149363475
59.6000000000 -25.8586781419
59.7000000000 -25.9025212445
59.8000000000 -25.9464662553
59.9000000000 -25.9905137732
60.0000000000 -26.0346643958
60.1000000000 -26.0789187191
60.2000000000 -26.1232773379
60.3000000000 -26.1677408456
60.4000000000 -26.2123098340
60.5000000000 -26.2569848935
60.6000000000 -26.3017666130
60.7000000000 -26.3466555797
60.8000000000 -26.3916523793
60.9000000000 -26.4367575959
61.0000000000 -26.4819718118
61.1000000000 -26.5272956078
61.2000000000 -26.5727295626
61.3000000000 -26.6182742533
61.4000000000 -26.6639302553
61.5000000000 -26.7096981418
61.6000000000 -26.7555784844
61.7000000000 -26.8015718524
61.8000000000 -26.8476788133
61.9000000000 -26.8938999326
62.0000000000 -26.9402357734
62.1000000000 -26.9866868970
62.2000000000 -27.0332538622
62.3000000000 -27.0799372258
62.4000000000 -27.1267375420
62.5000000000 -27.1736553630
62.6000000000 -27.2206912384
62.7000000000 -27.2678457153
62.8000000000 -27.3151193384
62.9000000000 -27.3625126499
63.0000000000 -27.4100261892
63.1000000000 -27.4576604932
63.2000000000 -27.5054160960
63.3000000000 -27.5532935290
63.4000000000 -27.6012933206
63.5000000000 -27.6494159966
63.6000000000 -27.6976620795
63.7000000000 -27.7460320892
63.8000000000 -27.7945265421
63.9000000000 -27.8431459517
64.0000000000 -27.8918908285
64.1000000000 -27.9407616794
64.2000000000 -27.9897590081
64.3000000000 -28.0388833151
64.4000000000 -28.0881350972
64.5000000000 -28.1375148480
64.6000000000 -28.1870230573
64.7000000000 -28.2366602113
64.8000000000 -28.2864267926
64.9000000000 -28.3363232800
65.0000000000 -28.3863501484
65.1000000000 -28.4365078689
65.2000000000 -28.4867969085
65.3000000000 -28.5372177304
65.4000000000 -28.5877707935
65.5000000000 -28.6384565526
65.6000000000 -28.6892754582
65.7000000000 -28.7402279565
65.8000000000 -28.7913144893
65.9000000000 -28.8425354940
66.0000000000 -28.8938914034
66.1000000000 -28.9453826458
66.2000000000 -28.9970096447
66.3000000000 -29.0487728188
66.4000000000 -29.1006725821
66.5000000000 -29.1527093437
66.6000000000 -29.2048835076
66.7000000000 -29.2571954727
66.8000000000 -29.3096456331
66.9000000000 -29.3622343772
67.0000000000 -29.4149620885
67.1000000000 -29.4678291450
67.2000000000 -29.5208359192
67.3000000000 -29.5739827780
67.4000000000 -29.6272700830
67.5000000000 -29.6806981899
67.6000000000 -29.7342674486
67.7000000000 -29.7879782032
67.8000000000 -29.8418307920
67.9000000000 -29.8958255471
68.0000000000 -29.9499627947
68.1000000000 -30.0042428547
68.2000000000 -30.0586660408
68.3000000000 -30.1132326604
68.4000000000 -30.1679430146
68.5000000000 -30.2227973977
68.6000000000 -30.2777960977
68.7000000000 -30.3329393959
68.8000000000 -30.3882275669
68.9000000000 -30.4436608783
69.0000000000 -30.4992395910
69.1000000000 -30.5549639589
69.2000000000 -30.6108342288
69.3000000000 -30.6668506403
69.4000000000 -30.7230134260
69.5000000000 -30.7793228110
69.6000000000 -30.8357790130
69.7000000000 -30.8923822425
69.8000000000 -30.9491327021
69.9000000000 -31.0060305872
70.0000000000 -31.0630760850
70.1000000000 -31.1202693754
70.2000000000 -31.1776106301
70.3000000000 -31.2351000131
70.4000000000 -31.2927376803
70.5000000000 -31.3505237794
70.6000000000 -31.4084584501
70.7000000000 -31.4665418238
70.8000000000 -31.5247740235
70.9000000000 -31.5831551640
71.0000000000 -31.6416853513
71.1000000000 -31.7003646831
71.2000000000 -31.7591932486
71.3000000000 -31.8181711278
71.4000000000 -31.8772983926
71.5000000000 -31.9365751055
71.6000000000 -31.9960013204
71.7000000000 -32.0555770820
71.8000000000 -32.1153024263
71.9000000000 -32.1751773797
72.0000000000 -32.2352019599
72.1000000000 -32.2953761749
72.2000000000 -32.3557000238
72.3000000000 -32.4161734959
72.4000000000 -32.4767965714
72.5000000000 -32.5375692207
72.6000000000 -32.5984914049
72.7000000000 -32.6595630753
72.8000000000 -32.7207841734
72.9000000000 -32.7821546313
73.0000000000 -32.8436743709
73.1000000000 -32.9053433044
73.2000000000 -32.9671613342
73.3000000000 -33.0291283524
73.4000000000 -33.0912442415
73.5000000000 -33.1535088735
73.6000000000 -33.2159221105
73.7000000000 -33.2784838045
73.8000000000 -33.3411937971
73.9000000000 -33.4040519196
74.0000000000 -33.4670579933
74.1000000000 -33.5302118287
74.2000000000 -33.5935132263
74.3000000000 -33.6569619759
74.4000000000 -33.7205578570
74.5000000000 -33.7843006386
74.6000000000 -33.8481900790
74.7000000000 -33.9122259260
74.8000000000 -33.9764079170
74.9000000000 -34.0407357784
75.0000000000 -34.1052092263
75.1000000000 -34.1698279660
75.2000000000 -34.2345916919
75.3000000000 -34.2995000880
75.4000000000 -34.3645528273
75.5000000000 -34.4297495723
75.6000000000 -34.4950899745
75.7000000000 -34.5605736747
75.8000000000 -34.6262003030
75.9000000000 -34.6919694784
76.0000000000 -34.7578808095
76.1000000000 -34.8239338939
76.2000000000 -34.8901283182
76.3000000000 -34.9564636584
76.4000000000 -35.0229394797
76.5000000000 -35.0895553364
76.6000000000 -35.1563107721
76.7000000000 -35.2232053194
76.8000000000 -35.2902385004
76.9000000000 -35.3574098262
77.0000000000 -35.4247187972
77.1000000000 -35.4921649031
77.2000000000 -35.5597476230
77.3000000000 -35.6274664252
77.4000000000 -35.6953207671
77.5000000000 -35.7633100959
77.6000000000 -35.8314338479
77.7000000000 -35.8996914489
77.8000000000 -35.9680823142
77.9000000000 -36.0366058485
78.0000000000 -36.1052614462
78.1000000000 -36.1740484910
78.2000000000 -36.2429663564
78.3000000000 -36.3120144057
78.4000000000 -36.3811919916
78.5000000000 -36.4504984568
78.6000000000 -36.5199331338
78.7000000000 -36.5894953449
78.8000000000 -36.6591844024
78.9000000000 -36.7289996085
79.0000000000 -36.7989402556
79.1000000000 -36.8690056262
79.2000000000 -36.9391949928
79.3000000000 -37.0095076185
79.4000000000 -37.0799427565
79.5000000000 -37.1504996505
79.6000000000 -37.2211775346
79.7000000000 -37.2919756336
79.8000000000 -37.3628931631
79.9000000000 -37.4339293290
80.0000000000 -37.5050833284
80.1000000000 -37.5763543492
80.2000000000 -37.6477415704
80.3000000000 -37.7192441620
80.4000000000 -37.7908612853
80.5000000000 -37.8625920927
80.6000000000 -37.9344357283
80.7000000000 -38.0063913276
80.8000000000 -38.0784580175
80.9000000000 -38.1506349169
81.0000000000 -38.2229211365
81.1000000000 -38.2953157789
81.2000000000 -38.3678179386
81.3000000000 -38.4404267025
81.4000000000 -38.5131411498
81.5000000000 -38.5859603519
81.6000000000 -38.6588833729
81.7000000000 -38.7319092696
81.8000000000 -38.8050370914
81.9000000000 -38.8782658808
82.0000000000 -38.9515946733
82.1000000000 -39.0250224975
82.2000000000 -39.0985483753
82.3000000000 -39.1721713222
82.4000000000 -39.2458903471
82.5000000000 -39.3197044527
82.6000000000 -39.3936126356
82.7000000000 -39.4676138864
82.8000000000 -39.5417071897
82.9000000000 -39.6158915245
83.0000000000 -39.6901658642
83.1000000000 -39.7645291769
83.2000000000 -39.8389804252
83.3000000000 -39.9135185668
83.4000000000 -39.9881425543
83.5000000000 -40.0628513354
83.6000000000 -40.1376438534
83.7000000000 -40.2125190469
83.8000000000 -40.2874758501
83.9000000000 -40.3625131931
84.0000000000 -40.4376300020
84.1000000000 -40.5128251989
84.2000000000 -40.5880977022
84.3000000000 -40.6634464268
84.4000000000 -40.7388702841
84.5000000000 -40.8143681823
84.6000000000 -40.8899390267
84.7000000000 -40.9655817193
84.8000000000 -41.0412951596
84.9000000000 -41.1170782445
85.0000000000 -41.1929298685
85.1000000000 -41.2688489236
85.2000000000 -41.3448343000
85.3000000000 -41.4208848858
85.4000000000 -41.4969995673
85.5000000000 -41.5731772293
85.6000000000 -41.6494167552
85.7000000000 -41.7257170269
85.8000000000 -41.8020769254
85.9000000000 -41.8784953307
86.0000000000 -41.9549711220
86.1000000000 -42.0315031779
86.2000000000 -42.1080903765
86.3000000000 -42.1847315957
86.4000000000 -42.2614257134
86.5000000000 -42.3381716071
86.6000000000 -42.4149681551
86.7000000000 -42.4918142355
86.8000000000 -42.5687087274
86.9000000000 -42.6456505104
87.0000000000 -42.7226384647
87.1000000000 -42.7996714721
87.2000000000 -42.8767484150
87.3000000000 -42.9538681775
87.4000000000 -43.0310296451
87.5000000000 -43.1082317048
87.6000000000 -43.1854732457
87.7000000000 -43.2627531585
87.8000000000 -43.3400703364
87.9000000000 -43.4174236745
88.0000000000 -43.4948120706
88.1000000000 -43.5722344250
88.2000000000 -43.6496896406
88.3000000000 -43.7271766234
88.4000000000 -43.8046942822
88.5000000000 -43.8822415291
88.6000000000 -43.9598172793
88.7000000000 -44.0374204519
88.8000000000 -44.1150499690
88.9000000000 -44.1927047570
89.0000000000 -44.2703837458
89.1000000000 -44.3480858694
89.2000000000 -44.4258100660
89.3000000000 -44.5035552780
89.4000000000 -44.5813204524
89.5000000000 -44.6591045404
89.6000000000 -44.7369064983
89.7000000000 -44.8147252869
89.8000000000 -44.8925598719
89.9000000000 -44.9704092243
90.0000000000 -45.0482723199
90.1000000000 -45.1261481403
90.2000000000 -45.2040356720
90.3000000000 -45.2819339073
90.4000000000 -45.3598418440
90.5000000000 -45.4377584859
90.6000000000 -45.5156828423
90.7000000000 -45.5936139288
90.8000000000 -45.6715507668
90.9000000000 -45.7494923840
91.0000000000 -45.8274378144
91.1000000000 -45.9053860985
91.2000000000 -45.9833362829
91.3000000000 -46.0612874211
91.4000000000 -46.1392385732
91.5000000000 -46.2171888060
91.6000000000 -46.2951371932
91.7000000000 -46.3730828154
91.8000000000 -46.4510247601
91.9000000000 -46.5289621222
92.0000000000 -46.6068940034
92.1000000000 -46.6848195130
92.2000000000 -46.7627377674
92.3000000000 -46.8406478906
92.4000000000 -46.9185490139
92.5000000000 -46.9964402761
92.6000000000 -47.0743208239
92.7000000000 -47.1521898114
92.8000000000 -47.2300464007
92.9000000000 -47.3078897613
93.0000000000 -47.3857190709
93.1000000000 -47.4635335151
93.2000000000 -47.5413322873
93.3000000000 -47.6191145890
93.4000000000 -47.6968796298
93.5000000000 -47.7746266273
93.6000000000 -47.8523548073
93.7000000000 -47.9300634039
93.8000000000 -48.0077516593
93.9000000000 -48.0854188240
94.0000000000 -48.1630641570
94.1000000000 -48.2406869252
94.2000000000 -48.3182864044
94.3000000000 -48.3958618784
94.4000000000 -48.4734126396
94.5000000000 -48.5509379889
94.6000000000 -48.6284372354
94.7000000000 -48.7059096971
94.8000000000 -48.7833547001
94.9000000000 -48.8607715794
95.0000000000 -48.9381596781
95.1000000000 -49.0155183483
95.2000000000 -49.0928469504
95.3000000000 -49.1701448534
95.4000000000 -49.2474114348
95.5000000000 -49.3246460809
95.6000000000 -49.4018481862
95.7000000000 -49.4790171542
95.8000000000 -49.5561523966
95.9000000000 -49.6332533338
96.0000000000 -49.7103193948
96.1000000000 -49.7873500171
96.2000000000 -49.8643446467
96.3000000000 -49.9413027382
96.4000000000 -50.0182237545
96.5000000000 -50.0951071672
96.6000000000 -50.1719524562
96.7000000000 -50.2487591101
96.8000000000 -50.3255266255
96.9000000000 -50.4022545078
97.0000000000 -50.4789422706
97.1000000000 -50.5555894357
97.2000000000 -50.6321955334
97.3000000000 -50.7087601023
97.4000000000 -50.7852826890
97.5000000000 -50.8617628485
97.6000000000 -50.9382001441
97.7000000000 -51.0145941468
97.8000000000 -51.0909444361
97.9000000000 -51.1672505993
98.0000000000 -51.2435122319
98.1000000000 -51.3197289371
98.2000000000 -51.3959003263
98.3000000000 -51.4720260185
98.4000000000 -51.5481056407
98.5000000000 -51.6241388276
98.6000000000 -51.7001252215
98.7000000000 -51.7760644725
98.8000000000 -51.8519562381
98.9000000000 -51.9278001837
99.0000000000 -52.0035959817
99.1000000000 -52.0793433123
99.2000000000 -52.1550418629
99.3000000000 -52.2306913282
99.4000000000 -52.3062914102
99.5000000000 -52.3818418178
99.6000000000 -52.4573422674
99.7000000000 -52.5327924820
99.8000000000 -52.6081921920
99.9000000000 -52.6835411344
100.0000000000 -52.7588390530
100.1000000000 -52.8340856984
100.2000000000 -52.9092808280
100.3000000000 -52.9844242055
100.4000000000 -53.0595156015
100.5000000000 -53.1345547927
100.6000000000 -53.2095415622
100.7000000000 -53.2844756997
100.8000000000 -53.3593570006
100.9000000000 -53.4341852669
101.0000000000 -53.5089603063
101.1000000000 -53.5836819326
101.2000000000 -53.6583499654
101.3000000000 -53.7329642301
101.4000000000 -53.8075245578
101.5000000000 -53.8820307853
101.6000000000 -53.9564827548
101.7000000000 -54.0308803139
101.8000000000 -54.1052233156
101.9000000000 -54.1795116182
102.0000000000 -54.2537450850
102.1000000000 -54.3279235847
102.2000000000 -54.4020469905
102.3000000000 -54.4761151809
102.4000000000 -54.5501280390
102.5000000000 -54.6240854525
102.6000000000 -54.6979873138
102.7000000000 -54.7718335199
102.8000000000 -54.8456239720
102.9000000000 -54.9193585758
103.0000000000 -54.9930372410
103.1000000000 -55.0666598817
103.2000000000 -55.1402264156
103.3000000000 -55.2137367647
103.4000000000 -55.2871908546
103.5000000000 -55.3605886146
103.6000000000 -55.4339299778
103.7000000000 -55.5072148805
103.8000000000 -55.5804432628
103.9000000000 -55.6536150676
104.0000000000 -55.7267302415
104.1000000000 -55.7997887339
104.2000000000 -55.8727904972
104.3000000000 -55.9457354869
104.4000000000 -56.0186236610
104.5000000000 -56.0914549805
104.6000000000 -56.1642294086
104.7000000000 -56.2369469113
104.8000000000 -56.3096074569
104.9000000000 -56.3822110158
105.0000000000 -56.4547575606
105.1000000000 -56.5272470662
105.2000000000 -56.5996795092
105.3000000000 -56.6720548680
105.4000000000 -56.7443731230
105.5000000000 -56.8166342559
105.6000000000 -56.8888382501
105.7000000000 -56.9609850906
105.8000000000 -57.0330747633
105.9000000000 -57.1051072556
106.0000000000 -57.1770825560
106.1000000000 -57.2490006537
106.2000000000 -57.3208615392
106.3000000000 -57.3926652034
106.4000000000 -57.4644116382
106.5000000000 -57.5361008359
106.6000000000 -57.6077327892
106.7000000000 -57.6793074913
106.8000000000 -57.7508249355
106.9000000000 -57.8222851154
107.0000000000 -57.8936880246
107.1000000000 -57.9650336566
107.2000000000 -58.0363220048
107.3000000000 -58.1075530622
107.4000000000 -58.1787268215
107.5000000000 -58.2498432750
107.6000000000 -58.3209024144
107.7000000000 -58.3919042305
107.8000000000 -58.4628487136
107.9000000000 -58.5337358529
108.0000000000 -58.6045656368
108.1000000000 -58.6753380525
108.2000000000 -58.7460530860
108.3000000000 -58.8167107220
108.4000000000 -58.8873109439
108.5000000000 -58.9578537335
108.6000000000 -59.0283390711
108.7000000000 -59.0987669352
108.8000000000 -59.1691373028
108.9000000000 -59.2394501486
109.0000000000 -59.3097054456
109.1000000000 -59.3799031648
109.2000000000 -59.4500432747
109.3000000000 -59.5201257419
109.4000000000 -59.5901505304
109.5000000000 -59.6601176019
109.6000000000 -59.7300269156
109.7000000000 -59.7998784278
109.8000000000 -59.8696720923
109.9000000000 -59.9394078601
110.0000000000 -60.0090856794
110.1000000000 -60.0787054950
110.2000000000 -60.1482672492
110.3000000000 -60.2177708807
110.4000000000 -60.2872163251
110.5000000000 -60.3566035147
110.6000000000 -60.4259323785
110.7000000000 -60.4952028419
110.8000000000 -60.5644148266
110.9000000000 -60.6335682508
111.0000000000 -60.7026630291
111.1000000000 -60.7716990721
111.2000000000 -60.8406762866
111.3000000000 -60.9095945754
111.4000000000 -60.9784538373
111.5000000000 -61.0472539671
111.6000000000 -61.1159948552
111.7000000000 -61.1846763879
111.8000000000 -61.2532984473
111.9000000000 -61.3218609109
112.0000000000 -61.3903636519
112.1000000000 -61.4588065389
112.2000000000 -61.5271894361
112.3000000000 -61.5955122029
112.4000000000 -61.6637746940
112.5000000000 -61.7319767594
112.6000000000 -61.8001182444
112.7000000000 -61.8681989892
112.8000000000 -61.9362188293
112.9000000000 -62.0041775950
113.0000000000 -62.0720751118
113.1000000000 -62.1399111999
113.2000000000 -62.2076856746
113.3000000000 -62.2753983459
113.4000000000 -62.3430490185
113.5000000000 -62.4106374920
113.6000000000 -62.4781635605
113.7000000000 -62.5456270131
113.8000000000 -62.6130276331
113.9000000000 -62.6803651986
114.0000000000 -62.7476394822
114.1000000000 -62.8148502510
114.2000000000 -62.8819972666
114.3000000000 -62.9490802850
114.4000000000 -63.0160990566
114.5000000000 -63.0830533263
114.6000000000 -63.1499428332
114.7000000000 -63.2167673109
114.8000000000 -63.2835264872
114.9000000000 -63.3502200842
115.0000000000 -63.4168478183
115.1000000000 -63.4834094002
115.2000000000 -63.5499045349
115.3000000000 -63.6163329214
115.4000000000 -63.6826942531
115.5000000000 -63.7489882177
115.6000000000 -63.8152144969
115.7000000000 -63.8813727667
115.8000000000 -63.9474626973
115.9000000000 -64.0134839532
116.0000000000 -64.0794361929
116.1000000000 -64.1453190692
116.2000000000 -64.2111322291
116.3000000000 -64.2768753138
116.4000000000 -64.3425479588
116.5000000000 -64.4081497938
116.6000000000 -64.4736804425
116.7000000000 -64.5391395233
116.8000000000 -64.6045266484
116.9000000000 -64.6698414247
117.0000000000 -64.7350834532
117.1000000000 -64.8002523293
117.2000000000 -64.8653476425
117.3000000000 -64.9303689772
117.4000000000 -64.9953159117
117.5000000000 -65.0601880190
117.6000000000 -65.1249848666
117.7000000000 -65.1897060162
117.8000000000 -65.2543510245
117.9000000000 -65.3189194423
118.0000000000 -65.3834108153
118.1000000000 -65.4478246839
118.2000000000 -65.5121605830
118.3000000000 -65.5764180422
118.4000000000 -65.6405965862
118.5000000000 -65.7046957342
118.6000000000 -65.7687150004
118.7000000000 -65.8326538941
118.8000000000 -65.8965119193
118.9000000000 -65.9602885752
119.0000000000 -66.0239833561
119.1000000000 -66.0875957514
119.2000000000 -66.1511252459
119.3000000000 -66.2145713193
119.4000000000 -66.2779334471
119.5000000000 -66.3412110999
119.6000000000 -66.4044037437
119.7000000000 -66.4675108405
119.8000000000 -66.5305318474
119.9000000000 -66.5934662174
120.0000000000 -66.6563133994
120.1000000000 -66.7190728379
120.2000000000 -66.7817439735
120.3000000000 -66.8443262426
120.4000000000 -66.9068190777
120.5000000000 -66.9692219076
120.6000000000 -67.0315341573
120.7000000000 -67.0937552479
120.8000000000 -67.1558845971
120.9000000000 -67.2179216190
121.0000000000 -67.2798657244
121.1000000000 -67.3417163206
121.2000000000 -67.4034728117
121.3000000000 -67.4651345987
121.4000000000 -67.5267010793
121.5000000000 -67.5881716487
121.6000000000 -67.6495456986
121.7000000000 -67.7108226185
121.8000000000 -67.7720017949
121.9000000000 -67.8330826117
122.0000000000 -67.8940644504
122.1000000000 -67.9549466901
122.2000000000 -68.0157287075
122.3000000000 -68.0764098774
122.4000000000 -68.1369895721
122.5000000000 -68.1974671623
122.6000000000 -68.2578420166
122.7000000000 -68.3181135018
122.8000000000 -68.3782809831
122.9000000000 -68.4383438243
123.0000000000 -68.4983013874
123.1000000000 -68.5581530333
123.2000000000 -68.6178981217
123.3000000000 -68.6775360108
123.4000000000 -68.7370660582
123.5000000000 -68.7964876203
123.6000000000 -68.8558000530
123.7000000000 -68.9150027110
123.8000000000 -68.9740949490
123.9000000000 -69.0330761208
124.0000000000 -69.0919455799
124.1000000000 -69.1507026797
124.2000000000 -69.2093467734
124.3000000000 -69.2678772141
124.4000000000 -69.3262933550
124.5000000000 -69.3845945496
124.6000000000 -69.4427801515
124.7000000000 -69.5008495148
124.8000000000 -69.5588019943
124.9000000000 -69.6166369452
125.0000000000 -69.6743537236
125.1000000000 -69.7319516863
125.2000000000 -69.7894301913
125.3000000000 -69.8467885974
125.4000000000 -69.9040262650
125.5000000000 -69.9611425553
125.6000000000 -70.0181368312
125.7000000000 -70.0750084573
125.8000000000 -70.1317567994
125.9000000000 -70.1883812255
126.0000000000 -70.2448811050
126.1000000000 -70.3012558096
126.2000000000 -70.3575047129
126.3000000000 -70.4136271907
126.4000000000 -70.4696226212
126.5000000000 -70.5254903849
126.6000000000 -70.5812298646
126.7000000000 -70.6368404461
126.8000000000 -70.6923215176
126.9000000000 -70.7476724701
127.0000000000 -70.8028926977
127.1000000000 -70.8579815973
127.2000000000 -70.9129385690
127.3000000000 -70.9677630163
127.4000000000 -71.0224543455
127.5000000000 -71.0770119669
127.6000000000 -71.1314352939
127.7000000000 -71.1857237435
127.8000000000 -71.2398767368
127.9000000000 -71.2938936981
128.0000000000 -71.3477740560
128.1000000000 -71.4015172430
128.2000000000 -71.4551226956
128.3000000000 -71.5085898544
128.4000000000 -71.5619181643
128.5000000000 -71.6151070745
128.6000000000 -71.6681560388
128.7000000000 -71.7210645152
128.8000000000 -71.7738319666
128.9000000000 -71.8264578602
129.0000000000 -71.8789416683
129.1000000000 -71.9312828678
129.2000000000 -71.9834809407
129.3000000000 -72.0355353737
129.4000000000 -72.0874456589
129.5000000000 -72.1392112932
129.6000000000 -72.1908317791
129.7000000000 -72.2423066241
129.8000000000 -72.2936353410
129.9000000000 -72.3448174483
130.0000000000 -72.3958524697
130.1000000000 -72.4467399348
130.2000000000 -72.4974793784
130.3000000000 -72.5480703414
130.4000000000 -72.5985123702
130.5000000000 -72.6488050170
130.6000000000 -72.6989478401
130.7000000000 -72.7489404035
130.8000000000 -72.7987822773
130.9000000000 -72.8484730375
131.0000000000 -72.8980122665
131.1000000000 -72.9473995525
131.2000000000 -72.9966344901
131.3000000000 -73.0457166801
131.4000000000 -73.0946457296
131.5000000000 -73.1434212521
131.6000000000 -73.1920428674
131.7000000000 -73.2405102018
131.8000000000 -73.2888228879
131.9000000000 -73.3369805651
132.0000000000 -73.3849828791
132.1000000000 -73.4328294823
132.2000000000 -73.4805200338
132.3000000000 -73.5280541992
132.4000000000 -73.5754316509
132.5000000000 -73.6226520680
132.6000000000 -73.6697151363
132.7000000000 -73.7166205485
132.8000000000 -73.7633680039
132.9000000000 -73.8099572090
133.0000000000 -73.8563878767
133.1000000000 -73.9026597271
133.2000000000 -73.9487724872
133.3000000000 -73.9947258907
133.4000000000 -74.0405196785
133.5000000000 -74.0861535982
133.6000000000 -74.1316274046
133.7000000000 -74.1769408593
133.8000000000 -74.2220937310
133.9000000000 -74.2670857956
134.0000000000 -74.3119168355
134.1000000000 -74.3565866407
134.2000000000 -74.4010950078
134.3000000000 -74.4454417407
134.4000000000 -74.4896266502
134.5000000000 -74.5336495543
134.6000000000 -74.5775102779
134.7000000000 -74.6212086531
134.8000000000 -74.6647445187
134.9000000000 -74.7081177211
135.0000000000 -74.7513281132
135.1000000000 -74.7943755552
135.2000000000 -74.8372599145
135.3000000000 -74.8799810651
135.4000000000 -74.9225388884
135.5000000000 -74.9649332726
135.6000000000 -75.0071641128
135.7000000000 -75.0492313114
135.8000000000 -75.0911347776
135.9000000000 -75.1328744274
136.0000000000 -75.1744501839
136.1000000000 -75.2158619773
136.2000000000 -75.2571097442
136.3000000000 -75.2981934287
136.4000000000 -75.3391129812
136.5000000000 -75.3798683593
136.6000000000 -75.4204595274
136.7000000000 -75.4608864565
136.8000000000 -75.5011491245
136.9000000000 -75.5412475161
137.0000000000 -75.5811816226
137.1000000000 -75.6209514421
137.2000000000 -75.6605569794
137.3000000000 -75.6999982457
137.4000000000 -75.7392752592
137.5000000000 -75.7783880442
137.6000000000 -75.8173366320
137.7000000000 -75.8561210602
137.8000000000 -75.8947413728
137.9000000000 -75.9331976204
138.0000000000 -75.9714898600
138.1000000000 -76.0096181549
138.2000000000 -76.0475825749
138.3000000000 -76.0853831958
138.4000000000 -76.1230200999
138.5000000000 -76.1604933757
138.6000000000 -76.1978031180
138.7000000000 -76.2349494274
138.8000000000 -76.2719324110
138.9000000000 -76.3087521817
139.0000000000 -76.3454088585
139.1000000000 -76.3819025665
139.2000000000 -76.4182334366
139.3000000000 -76.4544016056
139.4000000000 -76.4904072162
139.5000000000 -76.5262504169
139.6000000000 -76.5619313619
139.7000000000 -76.5974502113
139.8000000000 -76.6328071307
139.9000000000 -76.6680022913
140.0000000000 -76.7030358699
140.1000000000 -76.7379080491
140.2000000000 -76.5560092887
140.3000000000 -76.0414992969
140.4000000000 -75.2056093479
140.5000000000 -74.1039365643
140.6000000000 -72.7835571296
140.7000000000 -71.2634269902
140.8000000000 -69.5278373811
140.9000000000 -67.5189926931
141.0000000000 -65.1246939381
141.1000000000 -62.1872265081
141.2000000000 -58.6064315031
141.3000000000 -54.4329505943
141.4000000000 -49.7228343633
141.5000000000 -44.3558713129
141.6000000000 -38.0964578580
141.7000000000 -30.7145989379
141.8000000000 -21.9416207721
141.9000000000 -11.3870076480
142.0000000000 1.3901017361
142.1000000000 16.1601103340
142.2000000000 29.7298867053
142.3000000000 36.9198788810
142.4000000000 38.2984550276
142.5000000000 37.9323372691
142.6000000000 37.6512673567
142.7000000000 37.5770407969
142.8000000000 37.6003452941
142.9000000000 37.6531043148
143.0000000000 37.7026630946
143.1000000000 37.7347784645
143.2000000000 37.7441497494
143.3000000000 37.7296717935
143.4000000000 37.6920939038
143.5000000000 37.6328793911
143.6000000000 37.5536651077
143.7000000000 37.4560204790
143.8000000000 37.3413543670
143.9000000000 37.2108928652
144.0000000000 37.0656891167
144.1000000000 36.9066457044
144.2000000000 36.7345401587
144.3000000000 36.5500492395
144.4000000000 36.3537702415
144.5000000000 36.1462388387
144.6000000000 35.9279435840
144.7000000000 35.6993374268
144.8000000000 35.4608466842
144.9000000000 35.2128779002
145.0000000000 34.9558229837
145.1000000000 34.6900629626
145.2000000000 34.4159706402
145.3000000000 34.1339123909
145.4000000000 33.8442492881
145.5000000000 33.5473377237
145.6000000000 33.2435296466
145.7000000000 32.9331725228
145.8000000000 32.6166091009
145.9000000000 32.2941770471
146.0000000000 31.9662085020
146.1000000000 31.6330295992
146.2000000000 31.2949599761
146.3000000000 30.9523123016
146.4000000000 30.6053918353
146.5000000000 30.2544960325
146.6000000000 29.8999142015
146.7000000000 29.5419272181
146.8000000000 29.1808072992
146.9000000000 28.8168178369
147.0000000000 28.4502132886
147.1000000000 28.0812391241
147.2000000000 27.7101318235
147.3000000000 27.3371189227
147.4000000000 26.9624191022
147.5000000000 26.5862423150
147.6000000000 26.2087899477
147.7000000000 25.8302550114
147.8000000000 25.4508223574
147.9000000000 25.0706689134
148.0000000000 24.6899639367
148.1000000000 24.3088692797
148.2000000000 23.9275396658
148.3000000000 23.5461229707
148.4000000000 23.1647605078
148.5000000000 22.7835873149
148.6000000000 22.4027324386
148.7000000000 22.0223192170
148.8000000000 21.6424655565
148.9000000000 21.2632842026
149.0000000000 20.8848830029
149.1000000000 20.5073651625
149.2000000000 20.1308294887
149.3000000000 19.7553706263
149.4000000000 19.3810792828
149.5000000000 19.0080424416
149.6000000000 18.6363435648
149.7000000000 18.2660627847
149.8000000000 17.8972770831
149.9000000000 17.5300604605
150.0000000000 17.1644840930
150.1000000000 16.8006164785
150.2000000000 16.4385235726
150.3000000000 16.0782689129
150.4000000000 15.7199137336
150.5000000000 15.3635170707
150.6000000000 15.0091358563
150.7000000000 14.6568250049
150.8000000000 14.3066374905
150.9000000000 13.9586244150
151.0000000000 13.6128350696
151.1000000000 13.2693169873
151.2000000000 12.9281159898
151.3000000000 12.5892762269
151.4000000000 12.2528402097
151.5000000000 11.9188488390
151.6000000000 11.5873414275
151.7000000000 11.2583557175
151.8000000000 10.9319278946
151.9000000000 10.6080925969
152.0000000000 10.2868829216
152.1000000000 9.9683304277
152.2000000000 9.6524651365
152.3000000000 9.3393155302
152.4000000000 9.0289085485
152.5000000000 8.7212695834
152.6000000000 8.4164224742
152.7000000000 8.1143895003
152.8000000000 7.8151913755
152.9000000000 7.5188472411
153.0000000000 7.2253746598
153.1000000000 6.9347896105
153.2000000000 6.6471064844
153.3000000000 6.3623380811
153.4000000000 6.0804956082
153.5000000000 5.8015886805
153.6000000000 5.5256253229
153.7000000000 5.2526119743
153.8000000000 4.9825534944
153.9000000000 4.7154531719
154.0000000000 4.4513127365
154.1000000000 4.1901323724
154.2000000000 3.9319107346
154.3000000000 3.6766449681
154.4000000000 3.4243307290
154.5000000000 3.1749622089
154.6000000000 2.9285321615
154.7000000000 2.6850319315
154.8000000000 2.4444514858
154.9000000000 2.2067794474
155.0000000000 1.9720031309
155.1000000000 1.7401085803
155.2000000000 1.5110806089
155.3000000000 1.2849028399
155.4000000000 1.0615577500
155.5000000000 0.8410267130
155.6000000000 0.6232900456
155.7000000000 0.4083270537
155.8000000000 0.1961160795
155.9000000000 -0.0133654501
156.0000000000 -0.2201409758
156.1000000000 -0.4242347562
156.2000000000 -0.6256718197
156.3000000000 -0.8244779152
156.4000000000 -1.0206794635
156.5000000000 -1.2143035087
156.6000000000 -1.4053776703
156.7000000000 -1.5939300961
156.8000000000 -1.7799894153
156.9000000000 -1.9635846924
157.0000000000 -2.1447453830
157.1000000000 -2.3235012892
157.2000000000 -2.4998825173
157.3000000000 -2.6739194363
157.4000000000 -2.8456426372
157.5000000000 -3.0150828943
157.6000000000 -3.1822711274
157.7000000000 -3.3472383660
157.8000000000 -3.5100157139
157.9000000000 -3.6706343163
158.0000000000 -3.8291253277
158.1000000000 -3.9855198817
158.2000000000 -4.1398490619
158.3000000000 -4.2921438747
158.4000000000 -4.4424352231
158.5000000000 -4.5907538820
158.6000000000 -4.7371304759
158.7000000000 -4.8815954561
158.8000000000 -5.0241790814
158.9000000000 -5.1649113984
159.0000000000 -5.3038222243
159.1000000000 -5.4409411302
159.2000000000 -5.5762974261
159.3000000000 -5.7099201471
159.4000000000 -5.8418380402
159.5000000000 -5.9720795530
159.6000000000 -6.1006728229
159.7000000000 -6.2276456676
159.8000000000 -6.3530255764
159.9000000000 -6.4768397025
160.0000000000 -6.5991148563
160.1000000000 -6.7198774997
160.2000000000 -6.8391537406
160.3000000000 -6.9569693285
160.4000000000 -7.0733496515
160.5000000000 -7.1883197328
160.6000000000 -7.3019042283
160.7000000000 -7.4141274256
160.8000000000 -7.5250132423
160.9000000000 -7.6345852256
161.0000000000 -7.7428665523
161.1000000000 -7.8498800291
161.2000000000 -7.9556480935
161.3000000000 -8.0601928149
161.4000000000 -8.1635358967
161.5000000000 -8.2656986774
161.6000000000 -8.3667021337
161.7000000000 -8.4665668827
161.8000000000 -8.5653131849
161.9000000000 -8.6629609469
162.0000000000 -8.7595297254
162.1000000000 -8.8550387302
162.2000000000 -8.9495068281
162.3000000000 -9.0429525466
162.4000000000 -9.1353940785
162.5000000000 -9.2268492851
162.6000000000 -9.3173357015
162.7000000000 -9.4068705403
162.8000000000 -9.4954706963
162.9000000000 -9.5831527509
163.0000000000 -9.6699329769
163.1000000000 -9.7558273432
163.2000000000 -9.8408515192
163.3000000000 -9.9250208798
163.4000000000 -10.0083505099
163.5000000000 -10.0908552096
163.6000000000 -10.1725494984
163.7000000000 -10.2534476203
163.8000000000 -10.3335635488
163.9000000000 -10.4129109911
164.0000000000 -10.4915033930
164.1000000000 -10.5693539440
164.2000000000 -10.6464755814
164.3000000000 -10.7228809955
164.4000000000 -10.7985826335
164.5000000000 -10.8735927049
164.6000000000 -10.9479231853
164.7000000000 -11.0215858211
164.8000000000 -11.0945921343
164.9000000000 -11.1669534260
165.0000000000 -11.2386807818
165.1000000000 -11.3097850751
165.2000000000 -11.3802769716
165.3000000000 -11.4501669339
165.4000000000 -11.5194652249
165.5000000000 -11.5881819120
165.6000000000 -11.6563268714
165.7000000000 -11.7239097915
165.8000000000 -11.7909401770
165.9000000000 -11.8574273526
166.0000000000 -11.9233804668
166.1000000000 -11.9888084951
166.2000000000 -12.0537202443
166.3000000000 -12.1181243552
166.4000000000 -12.1820293067
166.5000000000 -12.2454434186
166.6000000000 -12.3083748554
166.7000000000 -12.3708316293
166.8000000000 -12.4328216035
166.9000000000 -12.4943524949
167.0000000000 -12.5554318780
167.1000000000 -12.6160671870
167.2000000000 -12.6762657194
167.3000000000 -12.7360346383
167.4000000000 -12.7953809760
167.5000000000 -12.8543116359
167.6000000000 -12.9128333957
167.7000000000 -12.9709529102
167.8000000000 -13.0286767133
167.9000000000 -13.0860112212
168.0000000000 -13.1429627343
168.1000000000 -13.1995374402
168.2000000000 -13.2557414156
168.3000000000 -13.3115806289
168.4000000000 -13.3670609425
168.5000000000 -13.4221881147
168.6000000000 -13.4769678023
168.7000000000 -13.5314055626
168.8000000000 -13.5855068554
168.9000000000 -13.6392770450
169.0000000000 -13.6927214025
169.1000000000 -13.7458451074
169.2000000000 -13.7986532497
169.3000000000 -13.8511508318
169.4000000000 -13.9033427702
169.5000000000 -13.9552338974
169.6000000000 -14.0068289636
169.7000000000 -14.0581326384
169.8000000000 -14.1091495126
169.9000000000 -14.1598840996
170.0000000000 -14.2103408371
170.1000000000 -14.2605240889
170.2000000000 -14.3104381461
170.3000000000 -14.3600872287
170.4000000000 -14.4094754872
170.5000000000 -14.4586070038
170.6000000000 -14.5074857940
170.7000000000 -14.5561158078
170.8000000000 -14.6045009313
170.9000000000 -14.6526449876
171.0000000000 -14.7005517386
171.1000000000 -14.7482248856
171.2000000000 -14.7956680713
171.3000000000 -14.8428848803
171.4000000000 -14.8898788405
171.5000000000 -14.9366534246
171.6000000000 -14.9832120506
171.7000000000 -15.0295580835
171.8000000000 -15.0756948359
171.9000000000 -15.1216255692
172.0000000000 -15.1673534947
172.1000000000 -15.2128817747
172.2000000000 -15.2582135231
172.3000000000 -15.3033518068
172.4000000000 -15.3482996462
172.5000000000 -15.3930600165
172.6000000000 -15.4376358484
172.7000000000 -15.4820300291
172.8000000000 -15.5262454029
172.9000000000 -15.5702847723
173.0000000000 -15.6141508989
173.1000000000 -15.6578465037
173.2000000000 -15.7013742685
173.3000000000 -15.7447368364
173.4000000000 -15.7879368123
173.5000000000 -15.8309767642
173.6000000000 -15.8738592233
173.7000000000 -15.9165866853
173.8000000000 -15.9591616105
173.9000000000 -16.0015864251
174.0000000000 -16.0438635214
174.1000000000 -16.0859952584
174.2000000000 -16.1279839630
174.3000000000 -16.1698319299
174.4000000000 -16.2115414227
174.5000000000 -16.2531146744
174.6000000000 -16.2945538878
174.7000000000 -16.3358612364
174.8000000000 -16.3770388644
174.9000000000 -16.4180888879
175.0000000000 -16.4590133951
175.1000000000 -16.4998144467
175.2000000000 -16.5404940769
175.3000000000 -16.5810542932
175.4000000000 -16.6214970775
175.5000000000 -16.6618243864
175.6000000000 -16.7020381513
175.7000000000 -16.7421402796
175.8000000000 -16.7821326545
175.9000000000 -16.8220171358
176.0000000000 -16.8617955601
176.1000000000 -16.9014697415
176.2000000000 -16.9410414718
176.3000000000 -16.9805125208
176.4000000000 -17.0198846373
176.5000000000 -17.0591595487
176.6000000000 -17.0983389619
176.7000000000 -17.1374245635
176.8000000000 -17.1764180203
176.9000000000 -17.2153209795
177.0000000000 -17.2541350691
177.1000000000 -17.2928618984
177.2000000000 -17.3315030580
177.3000000000 -17.3700601206
177.4000000000 -17.4085346410
177.5000000000 -17.4469281564
177.6000000000 -17.4852421870
177.7000000000 -17.5234782359
177.8000000000 -17.5616377899
177.9000000000 -17.5997223194
178.0000000000 -17.6377332789
178.1000000000 -17.6756721071
178.2000000000 -17.7135402274
178.3000000000 -17.7513390481
178.4000000000 -17.7890699626
178.5000000000 -17.8267343496
178.6000000000 -17.8643335737
178.7000000000 -17.9018689853
178.8000000000 -17.9393419210
178.9000000000 -17.9767537038
179.0000000000 -18.0141056435
179.1000000000 -18.0513990366
179.2000000000 -18.0886351670
179.3000000000 -18.1258153058
179.4000000000 -18.1629407117
179.5000000000 -18.2000126313
179.6000000000 -18.2370322992
179.7000000000 -18.2740009382
179.8000000000 -18.3109197596
179.9000000000 -18.3477899633
180.0000000000 -18.3846127383
180.1000000000 -18.4213892624
180.2000000000 -18.4581207027
180.3000000000 -18.4948082159
180.4000000000 -18.5314529481
180.5000000000 -18.5680560354
180.6000000000 -18.6046186039
180.7000000000 -18.6411417697
180.8000000000 -18.6776266395
180.9000000000 -18.7140743103
181.0000000000 -18.7504858700
181.1000000000 -18.7868623971
181.2000000000 -18.8232049614
181.3000000000 -18.8595146237
181.4000000000 -18.8957924361
181.5000000000 -18.9320394424
181.6000000000 -18.9682566778
181.7000000000 -19.0044451695
181.8000000000 -19.0406059364
181.9000000000 -19.0767399898
182.0000000000 -19.1128483329
182.1000000000 -19.1489319614
182.2000000000 -19.1849918636
182.3000000000 -19.2210290204
182.4000000000 -19.2570444052
182.5000000000 -19.2930389846
182.6000000000 -19.3290137181
182.7000000000 -19.3649695584
182.8000000000 -19.4009074514
182.9000000000 -19.4368283365
183.0000000000 -19.4727331465
183.1000000000 -19.5086228078
183.2000000000 -19.5444982407
183.3000000000 -19.5803603592
183.4000000000 -19.6162100714
183.5000000000 -19.6520482795
183.6000000000 -19.6878758797
183.7000000000 -19.7236937626
183.8000000000 -19.7595028133
183.9000000000 -19.7953039112
184.0000000000 -19.8310979304
184.1000000000 -19.8668857398
184.2000000000 -19.9026682030
184.3000000000 -19.9384461784
184.4000000000 -19.9742205196
184.5000000000 -20.0099920752
184.6000000000 -20.0457616888
184.7000000000 -20.0815301995
184.8000000000 -20.1172984417
184.9000000000 -20.1530672451
185.0000000000 -20.1888374351
185.1000000000 -20.2246098327
185.2000000000 -20.2603852545
185.3000000000 -20.2961645129
185.4000000000 -20.3319484161
185.5000000000 -20.3677377684
185.6000000000 -20.4035333700
185.7000000000 -20.4393360172
185.8000000000 -20.4751465025
185.9000000000 -20.5109656145
186.0000000000 -20.5467941383
186.1000000000 -20.5826328552
186.2000000000 -20.6184825433
186.3000000000 -20.6543439767
186.4000000000 -20.6902179265
186.5000000000 -20.7261051603
186.6000000000 -20.7620064425
186.7000000000 -20.7979225341
186.8000000000 -20.8338541933
186.9000000000 -20.8698021748
187.0000000000 -20.9057672307
187.1000000000 -20.9417501097
187.2000000000 -20.9777515580
187.3000000000 -21.0137723187
187.4000000000 -21.0498131322
187.5000000000 -21.0858747362
187.6000000000 -21.1219578657
187.7000000000 -21.1580632531
187.8000000000 -21.1941916281
187.9000000000 -21.2303437181
188.0000000000 -21.2665202480
188.1000000000 -21.3027219402
188.2000000000 -21.3389495147
188.3000000000 -21.3752036894
188.4000000000 -21.4114851798
188.5000000000 -21.4477946993
188.6000000000 -21.4841329589
188.7000000000 -21.5205006677
188.8000000000 -21.5568985328
188.9000000000 -21.5933272589
189.0000000000 -21.6297875492
189.1000000000 -21.6662801047
189.2000000000 -21.7028056244
189.3000000000 -21.7393648057
189.4000000000 -21.7759583440
189.5000000000 -21.8125869330
189.6000000000 -21.8492512647
189.7000000000 -21.8859520294
189.8000000000 -21.9226899156
189.9000000000 -21.9594656103
190.0000000000 -21.9962797990
190.1000000000 -22.0331331654
190.2000000000 -22.0700263920
190.3000000000 -22.1069601595
190.4000000000 -22.1439351474
190.5000000000 -22.1809520337
190.6000000000 -22.2180114949
190.7000000000 -22.2551142064
190.8000000000 -22.2922608421
190.9000000000 -22.3294520746
191.0000000000 -22.3666885753
191.1000000000 -22.4039710144
191.2000000000 -22.4413000608
191.3000000000 -22.4786763823
191.4000000000 -22.5161006455
191.5000000000 -22.5535735160
191.6000000000 -22.5910956581
191.7000000000 -22.6286677351
191.8000000000 -22.6662904093
191.9000000000 -22.7039643421
192.0000000000 -22.7416901935
192.1000000000 -22.7794686229
192.2000000000 -22.8173002885
192.3000000000 -22.8551858478
192.4000000000 -22.8931259572
192.5000000000 -22.9311212721
192.6000000000 -22.9691724473
192.7000000000 -23.0072801366
192.8000000000 -23.0454449928
192.9000000000 -23.0836676681
193.0000000000 -23.1219488138
193.1000000000 -23.1602890805
193.2000000000 -23.1986891177
193.3000000000 -23.2371495745
193.4000000000 -23.2756710991
193.5000000000 -23.3142543390
193.6000000000 -23.3528999408
193.7000000000 -23.3916085506
193.8000000000 -23.4303808138
193.9000000000 -23.4692173748
194.0000000000 -23.5081188777
194.1000000000 -23.5470859657
194.2000000000 -23.5861192813
194.3000000000 -23.6252194667
194.4000000000 -23.6643871629
194.5000000000 -23.7036230107
194.6000000000 -23.7429276501
194.7000000000 -23.7823017204
194.8000000000 -23.8217458604
194.9000000000 -23.8612607082
195.0000000000 -23.9008469014
195.1000000000 -23.9405050768
195.2000000000 -23.9802358706
195.3000000000 -24.0200399187
195.4000000000 -24.0599178560
195.5000000000 -24.0998703171
195.6000000000 -24.1398979356
195.7000000000 -24.1800013450
195.8000000000 -24.2201811778
195.9000000000 -24.2604380660
196.0000000000 -24.3007726411
196.1000000000 -24.3411855339
196.2000000000 -24.3816773744
196.3000000000 -24.4222487923
196.4000000000 -24.4629004164
196.5000000000 -24.5036328750
196.6000000000 -24.5444467958
196.7000000000 -24.5853428057
196.8000000000 -24.6263215311
196.9000000000 -24.6673835975
197.0000000000 -24.7085296301
197.1000000000 -24.7497602530
197.2000000000 -24.7910760898
197.3000000000 -24.8324777635
197.4000000000 -24.8739658962
197.5000000000 -24.9155411094
197.6000000000 -24.9572040237
197.7000000000 -24.9989552590
197.8000000000 -25.0407954346
197.9000000000 -25.0827251688
198.0000000000 -25.1247450791
198.1000000000 -25.1668557824
198.2000000000 -25.2090578945
198.3000000000 -25.2513520304
198.4000000000 -25.2937388044
198.5000000000 -25.3362188297
198.6000000000 -25.3787927186
198.7000000000 -25.4214610827
198.8000000000 -25.4642245324
198.9000000000 -25.5070836772
199.0000000000 -25.5500391255
199.1000000000 -25.5930914848
199.2000000000 -25.6362413616
199.3000000000 -25.6794893612
199.4000000000 -25.7228360879
199.5000000000 -25.7662821446
199.6000000000 -25.8098281335
199.7000000000 -25.8534746552
199.8000000000 -25.8972223094
199.9000000000 -25.9410716943
200.0000000000 -25.9850234070
200.1000000000 -26.0290780432
200.2000000000 -26.0732361974
200.3000000000 -26.1174984626
200.4000000000 -26.1618654304
200.5000000000 -26.2063376911
200.6000000000 -26.2509158333
200.7000000000 -26.2956004444
200.8000000000 -26.3403921101
200.9000000000 -26.3852914144
201.0000000000 -26.4302989398
201.1000000000 -26.4754152673
201.2000000000 -26.5206409759
201.3000000000 -26.5659766432
201.4000000000 -26.6114228447
201.5000000000 -26.6569801544
201.6000000000 -26.7026491441
201.7000000000 -26.7484303841
201.8000000000 -26.7943244424
201.9000000000 -26.8403318852
202.0000000000 -26.8864532767
202.1000000000 -26.9326891788
202.2000000000 -26.9790401515
202.3000000000 -27.0255067526
202.4000000000 -27.0720895376
202.5000000000 -27.1187890598
202.6000000000 -27.1656058701
202.7000000000 -27.2125405171
202.8000000000 -27.2595935470
202.9000000000 -27.3067655034
203.0000000000 -27.3540569275
203.1000000000 -27.4014683579
203.2000000000 -27.4490003305
203.3000000000 -27.4966533787
203.4000000000 -27.5444280329
203.5000000000 -27.5923248208
203.6000000000 -27.6403442674
203.7000000000 -27.6884868946
203.8000000000 -27.7367532215
203.9000000000 -27.7851437638
204.0000000000 -27.8336590346
204.1000000000 -27.8822995436
204.2000000000 -27.9310657972
204.3000000000 -27.9799582987
204.4000000000 -28.0289775480
204.5000000000 -28.0781240416
204.6000000000 -28.1273982726
204.7000000000 -28.1768007304
204.8000000000 -28.2263319011
204.9000000000 -28.2759922668
205.0000000000 -28.3257823062
205.1000000000 -28.3757024939
205.2000000000 -28.4257533009
205.3000000000 -28.4759351941
205.4000000000 -28.5262486365
205.5000000000 -28.5766940871
205.6000000000 -28.6272720007
205.7000000000 -28.6779828277
205.8000000000 -28.7288270145
205.9000000000 -28.7798050030
206.0000000000 -28.8309172309
206.1000000000 -28.8821641311
206.2000000000 -28.9335461320
206.3000000000 -28.9850636577
206.4000000000 -29.0367171271
206.5000000000 -29.0885069546
206.6000000000 -29.1404335497
206.7000000000 -29.1924973169
206.8000000000 -29.2446986558
206.9000000000 -29.2970379607
207.0000000000 -29.3495156210
207.1000000000 -29.4021320207
207.2000000000 -29.4548875385
207.3000000000 -29.5077825477
207.4000000000 -29.5608174161
207.5000000000 -29.6139925059
207.6000000000 -29.6673081739
207.7000000000 -29.7207647709
207.8000000000 -29.7743626420
207.9000000000 -29.8281021266
208.0000000000 -29.8819835578
208.1000000000 -29.9360072631
208.2000000000 -29.9901735634
208.3000000000 -30.0444827739
208.4000000000 -30.0989352031
208.5000000000 -30.1535311535
208.6000000000 -30.2082709208
208.7000000000 -30.2631547945
208.8000000000 -30.3181830573
208.9000000000 -30.3733559855
209.0000000000 -30.4286738482
209.1000000000 -30.4841369080
209.2000000000 -30.5397454204
209.3000000000 -30.5954996342
209.4000000000 -30.6513997906
209.5000000000 -30.7074461242
209.6000000000 -30.7636388619
209.7000000000 -30.8199782235
209.8000000000 -30.8764644214
209.9000000000 -30.9330976604
210.0000000000 -30.9898781378
210.1000000000 -31.0468060434
210.2000000000 -31.1038815590
210.3000000000 -31.1611048587
210.4000000000 -31.2184761089
210.5000000000 -31.2759954677
210.6000000000 -31.3336630855
210.7000000000 -31.3914791044
210.8000000000 -31.4494436584
210.9000000000 -31.5075568730
211.0000000000 -31.5658188657
211.1000000000 -31.6242297453
211.2000000000 -31.6827896123
211.3000000000 -31.7414985586
211.4000000000 -31.8003566672
211.5000000000 -31.8593640128
211.6000000000 -31.9185206611
211.7000000000 -31.9778266687
211.8000000000 -32.0372820838
211.9000000000 -32.0968869452
212.0000000000 -32.1566412828
212.1000000000 -32.2165451173
212.2000000000 -32.2765984601
212.3000000000 -32.3368013136
212.4000000000 -32.3971536707
212.5000000000 -32.4576555148
212.6000000000 -32.5183068200
212.7000000000 -32.5791075508
212.8000000000 -32.6400576622
212.9000000000 -32.7011570995
213.0000000000 -32.7624057982
213.1000000000 -32.8238036842
213.2000000000 -32.8853506734
213.3000000000 -32.9470466720
213.4000000000 -33.0088915763
213.5000000000 -33.0708852724
213.6000000000 -33.1330276365
213.7000000000 -33.1953185347
213.8000000000 -33.2577578231
213.9000000000 -33.3203453474
214.0000000000 -33.3830809431
214.1000000000 -33.4459644357
214.2000000000 -33.5089956402
214.3000000000 -33.5721743611
214.4000000000 -33.6355003927
214.5000000000 -33.6989735190
214.6000000000 -33.7625935133
214.7000000000 -33.8263601384
214.8000000000 -33.8902731467
214.9000000000 -33.9543322801
215.0000000000 -34.0185372698
215.1000000000 -34.0828878362
215.2000000000 -34.1473836895
215.3000000000 -34.2120245289
215.4000000000 -34.2768100429
215.5000000000 -34.3417399096
215.6000000000 -34.4068137960
215.7000000000 -34.4720313587
215.8000000000 -34.5373922434
215.9000000000 -34.6028960849
216.0000000000 -34.6685425074
216.1000000000 -34.7343311243
216.2000000000 -34.8002615383
216.3000000000 -34.8663333411
216.4000000000 -34.9325461137
216.5000000000 -34.9988994264
216.6000000000 -35.0653928386
216.7000000000 -35.1320258991
216.8000000000 -35.1987981457
216.9000000000 -35.2657091055
217.0000000000 -35.3327582950
217.1000000000 -35.3999452199
217.2000000000 -35.4672693750
217.3000000000 -35.5347302447
217.4000000000 -35.6023273025
217.5000000000 -35.6700600113
217.6000000000 -35.7379278235
217.7000000000 -35.8059301807
217.8000000000 -35.8740665142
217.9000000000 -35.9423362445
218.0000000000 -36.0107387817
218.1000000000 -36.0792735254
218.2000000000 -36.1479398651
218.3000000000 -36.2167371794
218.4000000000 -36.2856648370
218.5000000000 -36.3547221961
218.6000000000 -36.4239086048
218.7000000000 -36.4932234008
218.8000000000 -36.5626659120
218.9000000000 -36.6322354560
219.0000000000 -36.7019313405
219.1000000000 -36.7717528632
219.2000000000 -36.8416993120
219.3000000000 -36.9117699648
219.4000000000 -36.9819640901
219.5000000000 -37.0522809464
219.6000000000 -37.1227197827
219.7000000000 -37.1932798386
219.8000000000 -37.2639603443
219.9000000000 -37.3347605203
220.0000000000 -37.4056795782
220.1000000000 -37.4767167203
220.2000000000 -37.5478711397
220.3000000000 -37.6191420206
220.4000000000 -37.6905285383
220.5000000000 -37.7620298592
220.6000000000 -37.8336451411
220.7000000000 -37.9053735330
220.8000000000 -37.9772141756
220.9000000000 -38.0491662011
221.0000000000 -38.1212287332
221.1000000000 -38.1934008878
221.2000000000 -38.2656817723
221.3000000000 -38.3380704865
221.4000000000 -38.4105661220
221.5000000000 -38.4831677629
221.6000000000 -38.5558744856
221.7000000000 -38.6286853589
221.8000000000 -38.7015994445
221.9000000000 -38.7746157965
222.0000000000 -38.8477334622
222.1000000000 -38.9209514815
222.2000000000 -38.9942688879
222.3000000000 -39.0676847078
222.4000000000 -39.1411979612
222.5000000000 -39.2148076614
222.6000000000 -39.2885128158
222.7000000000 -39.3623124251
222.8000000000 -39.4362054843
222.9000000000 -39.5101909823
223.0000000000 -39.5842679024
223.1000000000 -39.6584352221
223.2000000000 -39.7326919136
223.3000000000 -39.8070369436
223.4000000000 -39.8814692738
223.5000000000 -39.9559878606
223.6000000000 -40.0305916559
223.7000000000 -40.1052796065
223.8000000000 -40.1800506548
223.9000000000 -40.2549037389
224.0000000000 -40.3298377924
224.1000000000 -40.4048517450
224.2000000000 -40.4799445222
224.3000000000 -40.5551150460
224.4000000000 -40.6303622345
224.5000000000 -40.7056850026
224.6000000000 -40.7810822616
224.7000000000 -40.8565529199
224.8000000000 -40.9320958827
224.9000000000 -41.0077100525
225.0000000000 -41.0833943292
225.1000000000 -41.1591476100
225.2000000000 -41.2349687899
225.3000000000 -41.3108567618
225.4000000000 -41.3868104163
225.5000000000 -41.4628286424
225.6000000000 -41.5389103275
225.7000000000 -41.6150543571
225.8000000000 -41.6912596158
225.9000000000 -41.7675249868
226.0000000000 -41.8438493522
226.1000000000 -41.9202315933
226.2000000000 -41.9966705909
226.3000000000 -42.0731652249
226.4000000000 -42.1497143753
226.5000000000 -42.2263169214
226.6000000000 -42.3029717429
226.7000000000 -42.3796777194
226.8000000000 -42.4564337308
226.9000000000 -42.5332386575
227.0000000000 -42.6100913806
227.1000000000 -42.6869907817
227.2000000000 -42.7639357436
227.3000000000 -42.8409251501
227.4000000000 -42.9179578862
227.5000000000 -42.9950328385
227.6000000000 -43.0721488950
227.7000000000 -43.1493049455
227.8000000000 -43.2264998816
227.9000000000 -43.3037325969
228.0000000000 -43.3810019874
228.1000000000 -43.4583069514
228.2000000000 -43.5356463894
228.3000000000 -43.6130192048
228.4000000000 -43.6904243039
228.5000000000 -43.7678605957
228.6000000000 -43.8453269922
228.7000000000 -43.9228224091
228.8000000000 -44.0003457649
228.9000000000 -44.0778959821
229.0000000000 -44.1554719865
229.1000000000 -44.2330727078
229.2000000000 -44.3106970799
229.3000000000 -44.3883440403
229.4000000000 -44.4660125311
229.5000000000 -44.5437014984
229.6000000000 -44.6214098932
229.7000000000 -44.6991366706
229.8000000000 -44.7768807908
229.9000000000 -44.8546412188
230.0000000000 -44.9324169243
230.1000000000 -45.0102068823
230.2000000000 -45.0880100732
230.3000000000 -45.1658254823
230.4000000000 -45.2436521008
230.5000000000 -45.3214889252
230.6000000000 -45.3993349576
230.7000000000 -45.4771892062
230.8000000000 -45.5550506849
230.9000000000 -45.6329184136
231.0000000000 -45.7107914183
231.1000000000 -45.7886687314
231.2000000000 -45.8665493913
231.3000000000 -45.9444324431
231.4000000000 -46.0223169383
231.5000000000 -46.1002019349
231.6000000000 -46.1780864978
231.7000000000 -46.2559696985
231.8000000000 -46.3338506155
231.9000000000 -46.4117283342
232.0000000000 -46.4896019470
232.1000000000 -46.5674705536
232.2000000000 -46.6453332606
232.3000000000 -46.7231891821
232.4000000000 -46.8010374395
232.5000000000 -46.8788771618
232.6000000000 -46.9567074851
232.7000000000 -47.0345275533
232.8000000000 -47.1123365181
232.9000000000 -47.1901335385
233.0000000000 -47.2679177815
233.1000000000 -47.3456884219
233.2000000000 -47.4234446424
233.3000000000 -47.5011856335
233.4000000000 -47.5789105936
233.5000000000 -47.6566187294
233.6000000000 -47.7343092555
233.7000000000 -47.8119813946
233.8000000000 -47.8896343776
233.9000000000 -47.9672674435
234.0000000000 -48.0448798398
234.1000000000 -48.1224708220
234.2000000000 -48.2000396540
234.3000000000 -48.2775856081
234.4000000000 -48.3551079648
234.5000000000 -48.4326060132
234.6000000000 -48.5100790507
234.7000000000 -48.5875263831
234.8000000000 -48.6649473248
234.9000000000 -48.7423411987
235.0000000000 -48.8197073359
235.1000000000 -48.8970450764
235.2000000000 -48.9743537685
235.3000000000 -49.0516327691
235.4000000000 -49.1288814435
235.5000000000 -49.2060991658
235.6000000000 -49.2832853184
235.7000000000 -49.3604392925
235.8000000000 -49.4375604877
235.9000000000 -49.5146483121
236.0000000000 -49.5917021825
236.1000000000 -49.6687215241
236.2000000000 -49.7457057707
236.3000000000 -49.8226543646
236.4000000000 -49.8995667567
236.5000000000 -49.9764424061
236.6000000000 -50.0532807808
236.7000000000 -50.1300813569
236.8000000000 -50.2068436192
236.9000000000 -50.2835670606
237.0000000000 -50.3602511828
237.1000000000 -50.4368954955
237.2000000000 -50.5134995168
237.3000000000 -50.5900627735
237.4000000000 -50.6665848000
237.5000000000 -50.7430651396
237.6000000000 -50.8195033434
237.7000000000 -50.8958989709
237.8000000000 -50.9722515895
237.9000000000 -51.0485607749
238.0000000000 -51.1248261107
238.1000000000 -51.2010471888
238.2000000000 -51.2772236087
238.3000000000 -51.3533549780
238.4000000000 -51.4294409122
238.5000000000 -51.5054810346
238.6000000000 -51.5814749763
238.7000000000 -51.6574223760
238.8000000000 -51.7333228801
238.9000000000 -51.8091761429
239.0000000000 -51.8849818258
239.1000000000 -51.9607395980
239.2000000000 -52.0364491360
239.3000000000 -52.1121101238
239.4000000000 -52.1877222527
239.5000000000 -52.2632852211
239.6000000000 -52.3387987348
239.7000000000 -52.4142625065
239.8000000000 -52.4896762562
239.9000000000 -52.5650397106
240.0000000000 -52.6403526036
240.1000000000 -52.7156146758
240.2000000000 -52.7908256746
240.3000000000 -52.8659853540
240.4000000000 -52.9410934748
240.5000000000 -53.0161498042
240.6000000000 -53.0911541161
240.7000000000 -53.1661061904
240.8000000000 -53.2410058137
240.9000000000 -53.3158527787
241.0000000000 -53.3906468842
241.1000000000 -53.4653879351
241.2000000000 -53.5400757424
241.3000000000 -53.6147101228
241.4000000000 -53.6892908990
241.5000000000 -53.7638178994
241.6000000000 -53.8382909579
241.7000000000 -53.9127099143
241.8000000000 -53.9870746136
241.9000000000 -54.0613849061
242.0000000000 -54.1356406478
242.1000000000 -54.2098416995
242.2000000000 -54.2839879273
242.3000000000 -54.3580792023
242.4000000000 -54.4321154005
242.5000000000 -54.5060964028
242.6000000000 -54.5800220948
242.7000000000 -54.6538923668
242.8000000000 -54.7277071135
242.9000000000 -54.8014662343
243.0000000000 -54.8751696326
243.1000000000 -54.9488172165
243.2000000000 -55.0224088980
243.3000000000 -55.0959445932
243.4000000000 -55.1694242221
243.5000000000 -55.2428477086
243.6000000000 -55.3162149806
243.7000000000 -55.3895259694
243.8000000000 -55.4627806100
243.9000000000 -55.5359788406
244.0000000000 -55.6091206032
244.1000000000 -55.6822058427
244.2000000000 -55.7552345074
244.3000000000 -55.8282065485
244.4000000000 -55.9011219201
244.5000000000 -55.9739805794
244.6000000000 -56.0467824861
244.7000000000 -56.1195276026
244.8000000000 -56.1922158940
244.9000000000 -56.2648473277
245.0000000000 -56.3374218733
245.1000000000 -56.4099395028
245.2000000000 -56.4824001903
245.3000000000 -56.5548039119
245.4000000000 -56.6271506456
245.5000000000 -56.6994403712
245.6000000000 -56.7716730701
245.7000000000 -56.8438487255
245.8000000000 -56.9159673218
245.9000000000 -56.9880288451
246.0000000000 -57.0600332826
246.1000000000 -57.1319806227
246.2000000000 -57.2038708547
246.3000000000 -57.2757039691
246.4000000000 -57.3474799572
246.5000000000 -57.4191988109
246.6000000000 -57.4908605229
246.7000000000 -57.5624650864
246.8000000000 -57.6340124949
246.9000000000 -57.7055027423
247.0000000000 -57.7769358229
247.1000000000 -57.8483117308
247.2000000000 -57.9196304603
247.3000000000 -57.9908920057
247.4000000000 -58.0620963607
247.5000000000 -58.1332435192
247.6000000000 -58.2043334744
247.7000000000 -58.2753662190
247.8000000000 -58.3463417451
247.9000000000 -58.4172600442
248.0000000000 -58.4881211069
248.1000000000 -58.5589249229
248.2000000000 -58.6296714809
248.3000000000 -58.7003607684
248.4000000000 -58.7709927717
248.5000000000 -58.8415674759
248.6000000000 -58.9120848645
248.7000000000 -58.9825449196
248.8000000000 -59.0529476218
248.9000000000 -59.1232929497
249.0000000000 -59.1935808803
249.1000000000 -59.2638113886
249.2000000000 -59.3339844477
249.3000000000 -59.4041000285
249.4000000000 -59.4741580998
249.5000000000 -59.5441586280
249.6000000000 -59.6141015772
249.7000000000 -59.6839869091
249.8000000000 -59.7538145826
249.9000000000 -59.8235845543
250.0000000000 -59.8932967778
250.1000000000 -59.9629512039
250.2000000000 -60.0325477806
250.3000000000 -60.1020864529
250.4000000000 -60.1715671624
250.5000000000 -60.2409898480
250.6000000000 -60.3103544449
250.7000000000 -60.3796608854
250.8000000000 -60.4489090980
250.9000000000 -60.5180990078
251.0000000000 -60.5872305365
251.1000000000 -60.6563036018
251.2000000000 -60.7253181181
251.3000000000 -60.7942739955
251.4000000000 -60.8631711405
251.5000000000 -60.9320094556
251.6000000000 -61.0007888393
251.7000000000 -61.0695091858
251.8000000000 -61.1381703852
251.9000000000 -61.2067723235
252.0000000000 -61.2753148822
252.1000000000 -61.3437979385
252.2000000000 -61.4122213650
252.3000000000 -61.4805850300
252.4000000000 -61.5488887971
252.5000000000 -61.6171325252
252.6000000000 -61.6853160686
252.7000000000 -61.7534392769
252.8000000000 -61.8215019946
252.9000000000 -61.8895040616
253.0000000000 -61.9574453128
253.1000000000 -62.0253255780
253.2000000000 -62.0931446821
253.3000000000 -62.1609024449
253.4000000000 -62.2285986809
253.5000000000 -62.2962331998
253.6000000000 -62.3638058056
253.7000000000 -62.4313162974
253.8000000000 -62.4987644688
253.9000000000 -62.5661501081
254.0000000000 -62.6334729983
254.1000000000 -62.7007329167
254.2000000000 -62.7679296355
254.3000000000 -62.8350629211
254.4000000000 -62.9021325345
254.5000000000 -62.9691382313
254.6000000000 -63.0360797612
254.7000000000 -63.1029568685
254.8000000000 -63.1697692918
254.9000000000 -63.2365167640
255.0000000000 -63.3031990125
255.1000000000 -63.3698157587
255.2000000000 -63.4363667185
255.3000000000 -63.5028516020
255.4000000000 -63.5692701135
255.5000000000 -63.6356219518
255.6000000000 -63.7019068095
255.7000000000 -63.7681243738
255.8000000000 -63.8342743258
255.9000000000 -63.9003563411
256.0000000000 -63.9663700893
256.1000000000 -64.0323152343
256.2000000000 -64.0981914342
256.3000000000 -64.1639983413
256.4000000000 -64.2297356020
256.5000000000 -64.2954028572
256.6000000000 -64.3609997416
256.7000000000 -64.4265258847
256.8000000000 -64.4919809096
256.9000000000 -64.5573644343
257.0000000000 -64.6226760707
257.1000000000 -64.6879154250
257.2000000000 -64.7530820979
257.3000000000 -64.8181756844
257.4000000000 -64.8831957737
257.5000000000 -64.9481419496
257.6000000000 -65.0130137901
257.7000000000 -65.0778108679
257.8000000000 -65.1425327501
257.9000000000 -65.2071789982
258.0000000000 -65.2717491683
258.1000000000 -65.3362428112
258.2000000000 -65.4006594721
258.3000000000 -65.4649986912
258.4000000000 -65.5292600030
258.5000000000 -65.5934429372
258.6000000000 -65.6575470178
258.7000000000 -65.7215717641
258.8000000000 -65.7855166900
258.9000000000 -65.8493813046
259.0000000000 -65.9131651118
259.1000000000 -65.9768676105
259.2000000000 -66.0404882950
259.3000000000 -66.1040266546
259.4000000000 -66.1674821738
259.5000000000 -66.2308543324
259.6000000000 -66.2941426057
259.7000000000 -66.3573464643
259.8000000000 -66.4204653742
259.9000000000 -66.4834987973
260.0000000000 -66.5464461908
260.1000000000 -66.6093070077
260.2000000000 -66.6720806968
260.3000000000 -66.7347667028
260.4000000000 -66.7973644662
260.5000000000 -66.8598734237
260.6000000000 -66.9222930079
260.7000000000 -66.9846226476
260.8000000000 -67.0468617679
260.9000000000 -67.1090097902
261.0000000000 -67.1710661324
261.1000000000 -67.2330302087
261.2000000000 -67.2949014302
261.3000000000 -67.3566792044
261.4000000000 -67.4183629356
261.5000000000 -67.4799520251
261.6000000000 -67.5414458711
261.7000000000 -67.6028438688
261.8000000000 -67.6641454105
261.9000000000 -67.7253498859
262.0000000000 -67.7864566819
262.1000000000 -67.8474651829
262.2000000000 -67.9083747706
262.3000000000 -67.9691848247
262.4000000000 -68.0298947224
262.5000000000 -68.0905038387
262.6000000000 -68.1510115467
262.7000000000 -68.2114172174
262.8000000000 -68.2717202199
262.9000000000 -68.3319199217
263.0000000000 -68.3920156885
263.1000000000 -68.4520068846
263.2000000000 -68.5118928728
263.3000000000 -68.5716730144
263.4000000000 -68.6313466697
263.5000000000 -68.6909131977
263.6000000000 -68.7503719567
263.7000000000 -68.8097223037
263.8000000000 -68.8689635952
263.9000000000 -68.9280951869
264.0000000000 -68.9871164339
264.1000000000 -69.0460266909
264.2000000000 -69.1048253123
264.3000000000 -69.1635116521
264.4000000000 -69.2220850643
264.5000000000 -69.2805449030
264.6000000000 -69.3388905221
264.7000000000 -69.3971212758
264.8000000000 -69.4552365189
264.9000000000 -69.5132356062
265.0000000000 -69.5711178933
265.1000000000 -69.6288827364
265.2000000000 -69.6865294925
265.3000000000 -69.7440575194
265.4000000000 -69.8014661760
265.5000000000 -69.8587548221
265.6000000000 -69.9159228189
265.7000000000 -69.9729695288
265.8000000000 -70.0298943157
265.9000000000 -70.0866965450
266.0000000000 -70.1433755837
266.1000000000 -70.1999308007
266.2000000000 -70.2563615666
266.3000000000 -70.3126672542
266.4000000000 -70.3688472379
266.5000000000 -70.4249008949
266.6000000000 -70.4808276043
266.7000000000 -70.5366267477
266.8000000000 -70.5922977091
266.9000000000 -70.6478398752
267.0000000000 -70.7032526356
267.1000000000 -70.7585353823
267.2000000000 -70.8136875106
267.3000000000 -70.8687084185
267.4000000000 -70.9235975073
267.5000000000 -70.9783541815
267.6000000000 -71.0329778489
267.7000000000 -71.0874679207
267.8000000000 -71.1418238116
267.9000000000 -71.1960449398
268.0000000000 -71.2501307275
268.1000000000 -71.3040806003
268.2000000000 -71.3578939881
268.3000000000 -71.4115703243
268.4000000000 -71.4651090469
268.5000000000 -71.5185095976
268.6000000000 -71.5717714226
268.7000000000 -71.6248939723
268.8000000000 -71.6778767017
268.9000000000 -71.7307190701
269.0000000000 -71.7834205414
269.1000000000 -71.8359805844
269.2000000000 -71.8883986724
269.3000000000 -71.9406742836
269.4000000000 -71.9928069011
269.5000000000 -72.0447960131
269.6000000000 -72.0966411128
269.7000000000 -72.1483416984
269.8000000000 -72.1998972735
269.9000000000 -72.2513073470
270.0000000000 -72.3025714329
270.1000000000 -72.3536890508
270.2000000000 -72.4046597259
270.3000000000 -72.4554829887
270.4000000000 -72.5061583756
270.5000000000 -72.5566854284
270.6000000000 -72.6070636949
270.7000000000 -72.6572927286
270.8000000000 -72.7073720887
270.9000000000 -72.7573013407
271.0000000000 -72.8070800558
271.1000000000 -72.8567078113
271.2000000000 -72.9061841907
271.3000000000 -72.9555087834
271.4000000000 -73.0046811852
271.5000000000 -73.0537009982
271.6000000000 -73.1025678305
271.7000000000 -73.1512812969
271.8000000000 -73.1998410182
271.9000000000 -73.2482466220
272.0000000000 -73.2964977421
272.1000000000 -73.3445940189
272.2000000000 -73.3925350993
272.3000000000 -73.4403206369
272.4000000000 -73.4879502918
272.5000000000 -73.5354237308
272.6000000000 -73.5827406274
272.7000000000 -73.6299006616
272.8000000000 -73.6769035206
272.9000000000 -73.7237488979
273.0000000000 -73.7704364941
273.1000000000 -73.8169660166
273.2000000000 -73.8633371794
273.3000000000 -73.9095497037
273.4000000000 -73.9556033173
273.5000000000 -74.0014977552
273.6000000000 -74.0472327591
273.7000000000 -74.0928080777
273.8000000000 -74.1382234667
273.9000000000 -74.1834786888
274.0000000000 -74.2285735137
274.1000000000 -74.2735077179
274.2000000000 -74.3182810851
274.3000000000 -74.3628934061
274.4000000000 -74.4073444784
274.5000000000 -74.4516341068
274.6000000000 -74.4957621030
274.7000000000 -74.5397282859
274.8000000000 -74.5835324812
274.9000000000 -74.6271745218
275.0000000000 -74.6706542476
275.1000000000 -74.7139715055
275.2000000000 -74.7571261495
275.3000000000 -74.8001180404
275.4000000000 -74.8429470464
275.5000000000 -74.8856130424
275.6000000000 -74.9281159103
275.7000000000 -74.9704555393
275.8000000000 -75.0126318252
275.9000000000 -75.0546446710
276.0000000000 -75.0964939865
276.1000000000 -75.1381796887
276.2000000000 -75.1797017012
276.3000000000 -75.2210599548
276.4000000000 -75.2622543869
276.5000000000 -75.3032849419
276.6000000000 -75.3441515713
276.7000000000 -75.3848542330
276.8000000000 -75.4253928919
276.9000000000 -75.4657675198
277.0000000000 -75.5059780951
277.1000000000 -75.5460246030
277.2000000000 -75.5859070353
277.3000000000 -75.6256253907
277.4000000000 -75.6651796743
277.5000000000 -75.7045698980
277.6000000000 -75.7437960804
277.7000000000 -75.7828582462
277.8000000000 -75.8217564272
277.9000000000 -75.8604906614
278.0000000000 -75.8990609932
278.1000000000 -75.9374674736
278.2000000000 -75.9757101600
278.3000000000 -76.0137891160
278.4000000000 -76.0517044117
278.5000000000 -76.0894561234
278.6000000000 -76.1270443337
278.7000000000 -76.1644691314
278.8000000000 -76.2017306113
278.9000000000 -76.2388288747
279.0000000000 -76.2757640287
279.1000000000 -76.3125361865
279.2000000000 -76.3491454674
279.3000000000 -76.3855919966
279.4000000000 -76.4218759053
279.5000000000 -76.4579973304
279.6000000000 -76.4939564148
279.7000000000 -76.5297533072
279.8000000000 -76.5653881620
279.9000000000 -76.6008611393
