0.0000000000 -66.5447296478
0.1000000000 -66.6128931879
0.2000000000 -66.6809433287
0.3000000000 -66.7488793323
0.4000000000 -66.8167004578
0.5000000000 -66.8844059615
0.6000000000 -66.9519950968
0.7000000000 -67.0194671144
0.8000000000 -67.0868212625
0.9000000000 -67.1540567868
1.0000000000 -67.2211729310
1.1000000000 -67.2881689365
1.2000000000 -67.3550440426
1.3000000000 -67.4217974872
1.4000000000 -67.4884285060
1.5000000000 -67.5549363334
1.6000000000 -67.6213202025
1.7000000000 -67.6875793450
1.8000000000 -67.7537129915
1.9000000000 -67.8197203717
2.0000000000 -67.8856007143
2.1000000000 -67.9513532477
2.2000000000 -68.0169771994
2.3000000000 -68.0824717967
2.4000000000 -68.1478362666
2.5000000000 -68.2130698361
2.6000000000 -68.2781717324
2.7000000000 -68.3431411825
2.8000000000 -68.4079774141
2.9000000000 -68.4726796555
3.0000000000 -68.5372471353
3.1000000000 -68.6016790832
3.2000000000 -68.6659747298
3.3000000000 -68.7301333067
3.4000000000 -68.7941540469
3.5000000000 -68.8580361846
3.6000000000 -68.9217789559
3.7000000000 -68.9853815982
3.8000000000 -69.0488433509
3.9000000000 -69.1121634555
4.0000000000 -69.1753411554
4.1000000000 -69.2383756965
4.2000000000 -69.3012663269
4.3000000000 -69.3640122975
4.4000000000 -69.4266128616
4.5000000000 -69.4890672756
4.6000000000 -69.5513747988
4.7000000000 -69.6135346935
4.8000000000 -69.6755462253
4.9000000000 -69.7374086634
5.0000000000 -69.7991212802
5.1000000000 -69.8606833521
5.2000000000 -69.9220941589
5.3000000000 -69.9833529846
5.4000000000 -70.0444591173
5.5000000000 -70.1054118490
5.6000000000 -70.1662104763
5.7000000000 -70.2268543001
5.8000000000 -70.2873426259
5.9000000000 -70.3476747638
6.0000000000 -70.4078500289
6.1000000000 -70.4678677410
6.2000000000 -70.5277272251
6.3000000000 -70.5874278114
6.4000000000 -70.6469688353
6.5000000000 -70.7063496376
6.6000000000 -70.7655695645
6.7000000000 -70.8246279681
6.8000000000 -70.8835242061
6.9000000000 -70.9422576418
7.0000000000 -71.0008276449
7.1000000000 -71.0592335908
7.2000000000 -71.1174748612
7.3000000000 -71.1755508439
7.4000000000 -71.2334609333
7.5000000000 -71.2912045300
7.6000000000 -71.3487810413
7.7000000000 -71.4061898810
7.8000000000 -71.4634304698
7.9000000000 -71.5205022351
8.0000000000 -71.5774046111
8.1000000000 -71.6341370393
8.2000000000 -71.6906989678
8.3000000000 -71.7470898524
8.4000000000 -71.8033091557
8.5000000000 -71.8593563478
8.6000000000 -71.9152309060
8.7000000000 -71.9709323153
8.8000000000 -72.0264600682
8.9000000000 -72.0818136645
9.0000000000 -72.1369926120
9.1000000000 -72.1919964260
9.2000000000 -72.2468246297
9.3000000000 -72.3014767542
9.4000000000 -72.3559523383
9.5000000000 -72.4102509290
9.6000000000 -72.4643720811
9.7000000000 -72.5183153577
9.8000000000 -72.5720803298
9.9000000000 -72.6256665768
10.0000000000 -72.6790736860
10.1000000000 -72.7323012532
10.2000000000 -72.7853488825
10.3000000000 -72.8382161863
10.4000000000 -72.8909027852
10.5000000000 -72.9434083086
10.6000000000 -72.9957323939
10.7000000000 -73.0478746874
10.8000000000 -73.0998348437
10.9000000000 -73.1516125258
11.0000000000 -73.2032074056
11.1000000000 -73.2546191633
11.2000000000 -73.3058474878
11.3000000000 -73.3568920768
11.4000000000 -73.4077526364
11.5000000000 -73.4584288815
11.6000000000 -73.5089205355
11.7000000000 -73.5592273309
11.8000000000 -73.6093490085
11.9000000000 -73.6592853179
12.0000000000 -73.7090360176
12.1000000000 -73.7586008746
12.2000000000 -73.8079796647
12.3000000000 -73.8571721725
12.4000000000 -73.9061781912
12.5000000000 -73.9549975228
12.6000000000 -74.0036299780
12.7000000000 -74.0520753762
12.8000000000 -74.1003335455
12.9000000000 -74.1484043226
13.0000000000 -74.1962875531
13.1000000000 -74.2439830910
13.2000000000 -74.2914907991
13.3000000000 -74.3388105488
13.4000000000 -74.3859422199
13.5000000000 -74.4328857011
13.6000000000 -74.4796408894
13.7000000000 -74.5262076904
13.8000000000 -74.5725860181
13.9000000000 -74.6187757950
14.0000000000 -74.6647769520
14.1000000000 -74.7105894283
14.2000000000 -74.7562131715
14.3000000000 -74.8016481373
14.4000000000 -74.8468942897
14.5000000000 -74.8919516006
14.6000000000 -74.9368200503
14.7000000000 -74.9814996267
14.8000000000 -75.0259903257
14.9000000000 -75.0702921509
15.0000000000 -75.1144051137
15.1000000000 -75.1583292327
15.2000000000 -75.2020645340
15.3000000000 -75.2456110510
15.4000000000 -75.2889688239
15.5000000000 -75.3321378996
15.6000000000 -75.3751183317
15.7000000000 -75.4179101798
15.8000000000 -75.4605135096
15.9000000000 -75.5029283921
16.0000000000 -75.5451549035
16.1000000000 -75.5871931244
16.2000000000 -75.6290431393
16.3000000000 -75.6707050363
16.4000000000 -75.7121789055
16.5000000000 -75.7534648389
16.6000000000 -75.7945629287
16.7000000000 -75.8354732666
16.8000000000 -75.8761959417
16.9000000000 -75.9167310394
17.0000000000 -75.9570786390
17.1000000000 -75.9972388118
17.2000000000 -76.0372116176
17.3000000000 -76.0769971026
17.4000000000 -76.1165952949
17.5000000000 -76.1560062002
17.6000000000 -76.1952297972
17.7000000000 -76.2342660313
17.8000000000 -76.2731148075
17.9000000000 -76.3117759827
18.0000000000 -76.3502493557
18.1000000000 -76.3885346562
18.2000000000 -76.4266315317
18.3000000000 -76.4645395319
18.4000000000 -76.5022580910
18.5000000000 -76.5397865063
18.6000000000 -76.5771239134
18.7000000000 -76.6142692574
18.8000000000 -76.6512212586
18.9000000000 -76.6879783725
19.0000000000 -76.7245387431
19.1000000000 -76.7609001477
19.2000000000 -76.7970599328
19.3000000000 -76.8330149382
19.4000000000 -76.8687614084
19.5000000000 -76.9042948884
19.6000000000 -76.9396101020
19.7000000000 -76.9747008086
19.8000000000 -77.0095596350
19.9000000000 -77.0441778785
20.0000000000 -77.0785452761
20.1000000000 -77.1126497331
20.2000000000 -77.1464770051
20.3000000000 -77.1800103248
20.4000000000 -77.2132299645
20.5000000000 -77.2461127219
20.6000000000 -77.2786313179
20.7000000000 -77.3107536895
20.8000000000 -77.3424421598
20.9000000000 -77.3736524651
21.0000000000 -77.4043326126
21.1000000000 -77.4344215402
21.2000000000 -77.4638475444
21.3000000000 -77.4925264351
21.4000000000 -77.5203593710
21.5000000000 -77.5472303195
21.6000000000 -77.5730030763
21.7000000000 -77.5975177682
21.8000000000 -77.6205867496
21.9000000000 -77.6419897880
22.0000000000 -77.6614684139
22.1000000000 -77.6787192928
22.2000000000 -77.6933864466
22.3000000000 -77.7050521283
22.4000000000 -77.7132261148
22.5000000000 -77.7173331444
22.6000000000 -77.7166981786
22.7000000000 -77.7105291115
22.8000000000 -77.6978964858
22.9000000000 -77.6777096983
23.0000000000 -77.6486890902
23.1000000000 -77.6093332109
23.2000000000 -77.5578804275
23.3000000000 -77.4922639044
23.4000000000 -77.4100588178
23.5000000000 -77.3084204736
23.6000000000 -77.1840117729
23.7000000000 -77.0329182101
23.8000000000 -76.8505482796
23.9000000000 -76.6315168190
24.0000000000 -76.3695084011
24.1000000000 -76.0571174110
24.2000000000 -75.6856608869
24.3000000000 -75.2449595513
24.4000000000 -74.7230816879
24.5000000000 -74.1060435939
24.6000000000 -73.3774591930
24.7000000000 -72.5181299245
24.8000000000 -71.5055640129
24.9000000000 -70.3134112745
25.0000000000 -68.9107949406
25.1000000000 -67.2615140073
25.2000000000 -65.3230752472
25.3000000000 -63.0454870685
25.4000000000 -60.3696958233
25.5000000000 -57.2254462739
25.6000000000 -53.5281621874
25.7000000000 -49.1741127988
25.8000000000 -44.0326075380
25.9000000000 -37.9333097931
26.0000000000 -30.6463402328
26.1000000000 -21.8536187767
26.2000000000 -11.1195288046
26.3000000000 2.0414460363
26.4000000000 17.3845693363
26.5000000000 31.3415831525
26.6000000000 38.3180808849
26.7000000000 39.2238471248
26.8000000000 38.5899476039
26.9000000000 38.1909857473
27.0000000000 38.0507374276
27.1000000000 38.0279040823
27.2000000000 38.0441059981
27.3000000000 38.0626794911
27.4000000000 38.0675564243
27.5000000000 38.0524195671
27.6000000000 38.0154499388
27.7000000000 37.9568024828
27.8000000000 37.8774047011
27.9000000000 37.7783997535
28.0000000000 37.6609034960
28.1000000000 37.5259128401
28.2000000000 37.3742849755
28.3000000000 37.2067476964
28.4000000000 37.0239214052
28.5000000000 36.8263435664
28.6000000000 36.6144914858
28.7000000000 36.3888018168
28.8000000000 36.1496864068
28.9000000000 35.8975446580
29.0000000000 35.6327727966
29.1000000000 35.3557705150
29.2000000000 35.0669454362
29.3000000000 34.7667158139
29.4000000000 34.4555118272
29.5000000000 34.1337757786
29.6000000000 33.8019614552
29.7000000000 33.4605328728
29.8000000000 33.1099625823
29.9000000000 32.7507296889
30.0000000000 32.3833177037
30.1000000000 32.0082123271
30.2000000000 31.6258992405
30.3000000000 31.2368619668
30.4000000000 30.8415798445
30.5000000000 30.4405261494
30.6000000000 30.0341663860
30.7000000000 29.6229567623
30.8000000000 29.2073428551
30.9000000000 28.7877584675
31.0000000000 28.3646246738
31.1000000000 27.9383490460
31.2000000000 27.5093250520
31.3000000000 27.0779316134
31.4000000000 26.6445328108
31.5000000000 26.2094777226
31.6000000000 25.7731003836
31.7000000000 25.3357198495
31.8000000000 24.8976403544
31.9000000000 24.4591515469
32.0000000000 24.0205287944
32.1000000000 23.5820335426
32.2000000000 23.1439137199
32.3000000000 22.7064041781
32.4000000000 22.2697271585
32.5000000000 21.8340927777
32.6000000000 21.3996995243
32.7000000000 20.9667347619
32.8000000000 20.5353752309
32.9000000000 20.1057875476
33.0000000000 19.6781286932
33.1000000000 19.2525464922
33.2000000000 18.8291800761
33.3000000000 18.4081603307
33.4000000000 17.9896103248
33.5000000000 17.5736457203
33.6000000000 17.1603751613
33.7000000000 16.7499006429
33.8000000000 16.3423178585
33.9000000000 15.9377165265
34.0000000000 15.5361806961
34.1000000000 15.1377890325
34.2000000000 14.7426150827
34.3000000000 14.3507275218
34.4000000000 13.9621903813
34.5000000000 13.5770632599
34.6000000000 13.1954015180
34.7000000000 12.8172564561
34.8000000000 12.4426754800
34.9000000000 12.0717022513
35.0000000000 11.7043768265
35.1000000000 11.3407357846
35.2000000000 10.9808123441
35.3000000000 10.6246364717
35.4000000000 10.2722349815
35.5000000000 9.9236316281
35.6000000000 9.5788471925
35.7000000000 9.2378995635
35.8000000000 8.9008038131
35.9000000000 8.5675722693
36.0000000000 8.2382145845
36.1000000000 7.9127378028
36.2000000000 7.5911464239
36.3000000000 7.2734424664
36.4000000000 6.9596255304
36.5000000000 6.6496928588
36.6000000000 6.3436393996
36.7000000000 6.0414578671
36.8000000000 5.7431388048
36.9000000000 5.4486706480
37.0000000000 5.1580397884
37.1000000000 4.8712306380
37.2000000000 4.5882256958
37.3000000000 4.3090056143
37.4000000000 4.0335492676
37.5000000000 3.7618338204
37.6000000000 3.4938347981
37.7000000000 3.2295261577
37.8000000000 2.9688803591
37.9000000000 2.7118684373
38.0000000000 2.4584600755
38.1000000000 2.2086236777
38.2000000000 1.9623264416
38.3000000000 1.7195344322
38.4000000000 1.4802126540
38.5000000000 1.2443251239
38.6000000000 1.0118349425
38.7000000000 0.7827043654
38.8000000000 0.5568948735
38.9000000000 0.3343672413
39.0000000000 0.1150816053
39.1000000000 -0.1010024701
39.2000000000 -0.3139259275
39.3000000000 -0.5237301540
39.4000000000 -0.7304569188
39.5000000000 -0.9341483150
39.6000000000 -1.1348467008
39.7000000000 -1.3325946451
39.8000000000 -1.5274348732
39.9000000000 -1.7194102161
40.0000000000 -1.9085635613
40.1000000000 -2.0949378054
40.2000000000 -2.2785758102
40.3000000000 -2.4595203595
40.4000000000 -2.6378141191
40.5000000000 -2.8134995989
40.6000000000 -2.9866191168
40.7000000000 -3.1572147648
40.8000000000 -3.3253283778
40.9000000000 -3.4910015037
41.0000000000 -3.6542753760
41.1000000000 -3.8151908880
41.2000000000 -3.9737885696
41.3000000000 -4.1301085653
41.4000000000 -4.2841906139
41.5000000000 -4.4360740309
41.6000000000 -4.5857976913
41.7000000000 -4.7334000150
41.8000000000 -4.8789189533
41.9000000000 -5.0223919770
42.0000000000 -5.1638560653
42.1000000000 -5.3033476976
42.2000000000 -5.4409028444
42.3000000000 -5.5765569614
42.4000000000 -5.7103449833
42.5000000000 -5.8423013196
42.6000000000 -5.9724598510
42.7000000000 -6.1008539266
42.8000000000 -6.2275163622
42.9000000000 -6.3524794399
43.0000000000 -6.4757749072
43.1000000000 -6.5974339785
43.2000000000 -6.7174873357
43.3000000000 -6.8359651306
43.4000000000 -6.9528969871
43.5000000000 -7.0683120043
43.6000000000 -7.1822387603
43.7000000000 -7.2947053159
43.8000000000 -7.4057392192
43.9000000000 -7.5153675100
44.0000000000 -7.6236167254
44.1000000000 -7.7305129050
44.2000000000 -7.8360815966
44.3000000000 -7.9403478620
44.4000000000 -8.0433362834
44.5000000000 -8.1450709697
44.6000000000 -8.2455755630
44.7000000000 -8.3448732452
44.8000000000 -8.4429867450
44.9000000000 -8.5399383443
45.0000000000 -8.6357498861
45.1000000000 -8.7304427804
45.2000000000 -8.8240380124
45.3000000000 -8.9165561488
45.4000000000 -9.0080173456
45.5000000000 -9.0984413547
45.6000000000 -9.1878475316
45.7000000000 -9.2762548423
45.8000000000 -9.3636818703
45.9000000000 -9.4501468240
46.0000000000 -9.5356675437
46.1000000000 -9.6202615084
46.2000000000 -9.7039458431
46.3000000000 -9.7867373255
46.4000000000 -9.8686523928
46.5000000000 -9.9497071486
46.6000000000 -10.0299173695
46.7000000000 -10.1092985118
46.8000000000 -10.1878657179
46.9000000000 -10.2656338229
47.0000000000 -10.3426173607
47.1000000000 -10.4188305706
47.2000000000 -10.4942874031
47.3000000000 -10.5690015262
47.4000000000 -10.6429863314
47.5000000000 -10.7162549393
47.6000000000 -10.7888202056
47.7000000000 -10.8606947267
47.8000000000 -10.9318908454
47.9000000000 -11.0024206562
48.0000000000 -11.0722960104
48.1000000000 -11.1415285222
48.2000000000 -11.2101295729
48.3000000000 -11.2781103167
48.4000000000 -11.3454816851
48.5000000000 -11.4122543923
48.6000000000 -11.4784389396
48.7000000000 -11.5440456202
48.8000000000 -11.6090845236
48.9000000000 -11.6735655405
49.0000000000 -11.7374983667
49.1000000000 -11.8008925078
49.2000000000 -11.8637572832
49.3000000000 -11.9261018301
49.4000000000 -11.9879351079
49.5000000000 -12.0492659015
49.6000000000 -12.1101028261
49.7000000000 -12.1704543299
49.8000000000 -12.2303286987
49.9000000000 -12.2897340589
50.0000000000 -12.3486783813
50.1000000000 -12.4071694845
50.2000000000 -12.4652150380
50.3000000000 -12.5228225661
50.4000000000 -12.5799994505
50.5000000000 -12.6367529337
50.6000000000 -12.6930901222
50.7000000000 -12.7490179892
50.8000000000 -12.8045433777
50.9000000000 -12.8596730035
51.0000000000 -12.9144134577
51.1000000000 -12.9687712097
51.2000000000 -13.0227526096
51.3000000000 -13.0763638912
51.4000000000 -13.1296111741
51.5000000000 -13.1825004666
51.6000000000 -13.2350376678
51.7000000000 -13.2872285702
51.8000000000 -13.3390788619
51.9000000000 -13.3905941290
52.0000000000 -13.4417798577
52.1000000000 -13.4926414364
52.2000000000 -13.5431841579
52.3000000000 -13.5934132217
52.4000000000 -13.6433337356
52.5000000000 -13.6929507179
52.6000000000 -13.7422690992
52.7000000000 -13.7912937246
52.8000000000 -13.8400293552
52.9000000000 -13.8884806698
53.0000000000 -13.9366522671
53.1000000000 -13.9845486672
53.2000000000 -14.0321743130
53.3000000000 -14.0795335722
53.4000000000 -14.1266307388
53.5000000000 -14.1734700347
53.6000000000 -14.2200556110
53.7000000000 -14.2663915496
53.8000000000 -14.3124818650
53.9000000000 -14.3583305051
54.0000000000 -14.4039413531
54.1000000000 -14.4493182286
54.2000000000 -14.4944648891
54.3000000000 -14.5393850310
54.4000000000 -14.5840822911
54.5000000000 -14.6285602481
54.6000000000 -14.6728224232
54.7000000000 -14.7168722815
54.8000000000 -14.7607132337
54.9000000000 -14.8043486364
55.0000000000 -14.8477817936
55.1000000000 -14.8910159580
55.2000000000 -14.9340543316
55.3000000000 -14.9769000671
55.4000000000 -15.0195562686
55.5000000000 -15.0620259930
55.6000000000 -15.1043122504
55.7000000000 -15.1464180056
55.8000000000 -15.1883461788
55.9000000000 -15.2300996462
56.0000000000 -15.2716812414
56.1000000000 -15.3130937561
56.2000000000 -15.3543399405
56.3000000000 -15.3954225050
56.4000000000 -15.4363441200
56.5000000000 -15.4771074175
56.6000000000 -15.5177149914
56.7000000000 -15.5581693987
56.8000000000 -15.5984731595
56.9000000000 -15.6386287586
57.0000000000 -15.6786386454
57.1000000000 -15.7185052354
57.2000000000 -15.7582309100
57.3000000000 -15.7978180180
57.4000000000 -15.8372688756
57.5000000000 -15.8765857674
57.6000000000 -15.9157709468
57.7000000000 -15.9548266369
57.8000000000 -15.9937550307
57.9000000000 -16.0325582922
58.0000000000 -16.0712385562
58.1000000000 -16.1097979297
58.2000000000 -16.1482384919
58.3000000000 -16.1865622950
58.4000000000 -16.2247713644
58.5000000000 -16.2628676996
58.6000000000 -16.3008532745
58.7000000000 -16.3387300379
58.8000000000 -16.3764999140
58.9000000000 -16.4141648029
59.0000000000 -16.4517265808
59.1000000000 -16.4891871010
59.2000000000 -16.5265481937
59.3000000000 -16.5638116671
59.4000000000 -16.6009793071
59.5000000000 -16.6380528783
59.6000000000 -16.6750341241
59.7000000000 -16.7119247673
59.8000000000 -16.7487265101
59.9000000000 -16.7854410352
60.0000000000 -16.8220700052
60.1000000000 -16.8586150639
60.2000000000 -16.8950778361
60.3000000000 -16.9314599281
60.4000000000 -16.9677629280
60.5000000000 -17.0039884063
60.6000000000 -17.0401379157
60.7000000000 -17.0762129920
60.8000000000 -17.1122151541
60.9000000000 -17.1481459042
61.0000000000 -17.1840067285
61.1000000000 -17.2197990972
61.2000000000 -17.2555244649
61.3000000000 -17.2911842707
61.4000000000 -17.3267799390
61.5000000000 -17.3623128789
61.6000000000 -17.3977844856
61.7000000000 -17.4331961395
61.8000000000 -17.4685492075
61.9000000000 -17.5038450423
62.0000000000 -17.5390849837
62.1000000000 -17.5742703577
62.2000000000 -17.6094024778
62.3000000000 -17.6444826444
62.4000000000 -17.6795121458
62.5000000000 -17.7144922575
62.6000000000 -17.7494242435
62.7000000000 -17.7843093557
62.8000000000 -17.8191488344
62.9000000000 -17.8539439084
63.0000000000 -17.8886957957
63.1000000000 -17.9234057030
63.2000000000 -17.9580748263
63.3000000000 -17.9927043510
63.4000000000 -18.0272954524
63.5000000000 -18.0618492951
63.6000000000 -18.0963670343
63.7000000000 -18.1308498149
63.8000000000 -18.1652987726
63.9000000000 -18.1997150332
64.0000000000 -18.2340997137
64.1000000000 -18.2684539217
64.2000000000 -18.3027787560
64.3000000000 -18.3370753066
64.4000000000 -18.3713446550
64.5000000000 -18.4055878741
64.6000000000 -18.4398060288
64.7000000000 -18.4740001757
64.8000000000 -18.5081713634
64.9000000000 -18.5423206330
65.0000000000 -18.5764490177
65.1000000000 -18.6105575432
65.2000000000 -18.6446472279
65.3000000000 -18.6787190830
65.4000000000 -18.7127741127
65.5000000000 -18.7468133142
65.6000000000 -18.7808376778
65.7000000000 -18.8148481873
65.8000000000 -18.8488458199
65.9000000000 -18.8828315465
66.0000000000 -18.9168063314
66.1000000000 -18.9507711332
66.2000000000 -18.9847269042
66.3000000000 -19.0186745909
66.4000000000 -19.0526151340
66.5000000000 -19.0865494686
66.6000000000 -19.1204785240
66.7000000000 -19.1544032245
66.8000000000 -19.1883244887
66.9000000000 -19.2222432302
67.0000000000 -19.2561603576
67.1000000000 -19.2900767741
67.2000000000 -19.3239933786
67.3000000000 -19.3579110647
67.4000000000 -19.3918307217
67.5000000000 -19.4257532342
67.6000000000 -19.4596794823
67.7000000000 -19.4936103418
67.8000000000 -19.5275466842
67.9000000000 -19.5614893768
68.0000000000 -19.5954392830
68.1000000000 -19.6293972618
68.2000000000 -19.6633641689
68.3000000000 -19.6973408557
68.4000000000 -19.7313281701
68.5000000000 -19.7653269565
68.6000000000 -19.7993380554
68.7000000000 -19.8333623043
68.8000000000 -19.8674005370
68.9000000000 -19.9014535841
69.0000000000 -19.9355222731
69.1000000000 -19.9696074283
69.2000000000 -20.0037098711
69.3000000000 -20.0378304197
69.4000000000 -20.0719698895
69.5000000000 -20.1061290933
69.6000000000 -20.1403088409
69.7000000000 -20.1745099396
69.8000000000 -20.2087331940
69.9000000000 -20.2429794065
70.0000000000 -20.2772493765
70.1000000000 -20.3115439017
70.2000000000 -20.3458637769
70.3000000000 -20.3802097952
70.4000000000 -20.4145827470
70.5000000000 -20.4489834210
70.6000000000 -20.4834126038
70.7000000000 -20.5178710799
70.8000000000 -20.5523596320
70.9000000000 -20.5868790409
71.0000000000 -20.6214300858
71.1000000000 -20.6560135438
71.2000000000 -20.6906301907
71.3000000000 -20.7252808006
71.4000000000 -20.7599661459
71.5000000000 -20.7946869978
71.6000000000 -20.8294441258
71.7000000000 -20.8642382981
71.8000000000 -20.8990702817
71.9000000000 -20.9339408423
72.0000000000 -20.9688507442
72.1000000000 -21.0038007507
72.2000000000 -21.0387916239
72.3000000000 -21.0738241251
72.4000000000 -21.1088990141
72.5000000000 -21.1440170503
72.6000000000 -21.1791789917
72.7000000000 -21.2143855957
72.8000000000 -21.2496376188
72.9000000000 -21.2849358167
73.0000000000 -21.3202809446
73.1000000000 -21.3556737566
73.2000000000 -21.3911150064
73.3000000000 -21.4266054471
73.4000000000 -21.4621458313
73.5000000000 -21.4977369109
73.6000000000 -21.5333794374
73.7000000000 -21.5690741618
73.8000000000 -21.6048218350
73.9000000000 -21.6406232071
74.0000000000 -21.6764790281
74.1000000000 -21.7123900478
74.2000000000 -21.7483570155
74.3000000000 -21.7843806805
74.4000000000 -21.8204617918
74.5000000000 -21.8566010982
74.6000000000 -21.8927993487
74.7000000000 -21.9290572917
74.8000000000 -21.9653756759
74.9000000000 -22.0017552500
75.0000000000 -22.0381967625
75.1000000000 -22.0747009621
75.2000000000 -22.1112685974
75.3000000000 -22.1479004172
75.4000000000 -22.1845971705
75.5000000000 -22.2213596062
75.6000000000 -22.2581884737
75.7000000000 -22.2950845222
75.8000000000 -22.3320485015
75.9000000000 -22.3690811613
76.0000000000 -22.4061832519
76.1000000000 -22.4433555236
76.2000000000 -22.4805987272
76.3000000000 -22.5179136137
76.4000000000 -22.5553009344
76.5000000000 -22.5927614413
76.6000000000 -22.6302958863
76.7000000000 -22.6679050221
76.8000000000 -22.7055896016
76.9000000000 -22.7433503782
77.0000000000 -22.7811881057
77.1000000000 -22.8191035384
77.2000000000 -22.8570974312
77.3000000000 -22.8951705392
77.4000000000 -22.9333236183
77.5000000000 -22.9715574247
77.6000000000 -23.0098727152
77.7000000000 -23.0482702472
77.8000000000 -23.0867507785
77.9000000000 -23.1253150675
78.0000000000 -23.1639638732
78.1000000000 -23.2026979551
78.2000000000 -23.2415180734
78.3000000000 -23.2804249886
78.4000000000 -23.3194194621
78.5000000000 -23.3585022557
78.6000000000 -23.3976741317
78.7000000000 -23.4369358532
78.8000000000 -23.4762881837
78.9000000000 -23.5157318873
79.0000000000 -23.5552677288
79.1000000000 -23.5948964735
79.2000000000 -23.6346188873
79.3000000000 -23.6744357366
79.4000000000 -23.7143477884
79.5000000000 -23.7543558103
79.6000000000 -23.7944605704
79.7000000000 -23.8346628374
79.8000000000 -23.8749633805
79.9000000000 -23.9153629694
80.0000000000 -23.9558623745
80.1000000000 -23.9964623663
80.2000000000 -24.0371637162
80.3000000000 -24.0779671960
80.4000000000 -24.1188735778
80.5000000000 -24.1598836342
80.6000000000 -24.2009981383
80.7000000000 -24.2422178636
80.8000000000 -24.2835435840
80.9000000000 -24.3249760738
81.0000000000 -24.3665161076
81.1000000000 -24.4081644602
81.2000000000 -24.4499219071
81.3000000000 -24.4917892238
81.4000000000 -24.5337671861
81.5000000000 -24.5758565700
81.6000000000 -24.6180581518
81.7000000000 -24.6603727080
81.8000000000 -24.7028010152
81.9000000000 -24.7453438502
82.0000000000 -24.7880019897
82.1000000000 -24.8307762107
82.2000000000 -24.8736672900
82.3000000000 -24.9166760047
82.4000000000 -24.9598031315
82.5000000000 -25.0030494472
82.6000000000 -25.0464157286
82.7000000000 -25.0899027521
82.8000000000 -25.1335112940
82.9000000000 -25.1772421304
83.0000000000 -25.2210960371
83.1000000000 -25.2650737896
83.2000000000 -25.3091761629
83.3000000000 -25.3534039316
83.4000000000 -25.3977578701
83.5000000000 -25.4422387519
83.6000000000 -25.4868473502
83.7000000000 -25.5315844374
83.8000000000 -25.5764507854
83.9000000000 -25.6214471653
84.0000000000 -25.6665743473
84.1000000000 -25.7118331009
84.2000000000 -25.7572241946
84.3000000000 -25.8027483962
84.4000000000 -25.8484064721
84.5000000000 -25.8941991878
84.6000000000 -25.9401273077
84.7000000000 -25.9861915950
84.8000000000 -26.0323928115
84.9000000000 -26.0787317178
85.0000000000 -26.1252090728
85.1000000000 -26.1718256344
85.2000000000 -26.2185821585
85.3000000000 -26.2654793996
85.4000000000 -26.3125181103
85.5000000000 -26.3596990418
85.6000000000 -26.4070229430
85.7000000000 -26.4544905612
85.8000000000 -26.5021026415
85.9000000000 -26.5498599270
86.0000000000 -26.5977631584
86.1000000000 -26.6458130745
86.2000000000 -26.6940104116
86.3000000000 -26.7423559034
86.4000000000 -26.7908502812
86.5000000000 -26.8394942738
86.6000000000 -26.8882886072
86.7000000000 -26.9372340044
86.8000000000 -26.9863311859
86.9000000000 -27.0355808690
87.0000000000 -27.0849837679
87.1000000000 -27.1345405936
87.2000000000 -27.1842520539
87.3000000000 -27.2341188533
87.4000000000 -27.2841416926
87.5000000000 -27.3343212692
87.6000000000 -27.3846582767
87.7000000000 -27.4351534049
87.8000000000 -27.4858073399
87.9000000000 -27.5366207634
88.0000000000 -27.5875943534
88.1000000000 -27.6387287834
88.2000000000 -27.6900247227
88.3000000000 -27.7414828360
88.4000000000 -27.7931037835
88.5000000000 -27.8448882207
88.6000000000 -27.8968367983
88.7000000000 -27.9489501622
88.8000000000 -28.0012289530
88.9000000000 -28.0536738063
89.0000000000 -28.1062853523
89.1000000000 -28.1590642161
89.2000000000 -28.2120110167
89.3000000000 -28.2651263681
89.4000000000 -28.3184108779
89.5000000000 -28.3718651483
89.6000000000 -28.4254897750
89.7000000000 -28.4792853479
89.8000000000 -28.5332524504
89.9000000000 -28.5873916595
90.0000000000 -28.6417035456
90.1000000000 -28.6961886725
90.2000000000 -28.7508475971
90.3000000000 -28.8056808693
90.4000000000 -28.8606890319
90.5000000000 -28.9158726206
90.6000000000 -28.9712321634
90.7000000000 -29.0267681812
90.8000000000 -29.0824811869
90.9000000000 -29.1383716858
91.0000000000 -29.1944401751
91.1000000000 -29.2506871441
91.2000000000 -29.3071130738
91.3000000000 -29.3637184368
91.4000000000 -29.4205036972
91.5000000000 -29.4774693107
91.6000000000 -29.5346157237
91.7000000000 -29.5919433743
91.8000000000 -29.6494526910
91.9000000000 -29.7071440934
92.0000000000 -29.7650179916
92.1000000000 -29.8230747862
92.2000000000 -29.8813148683
92.3000000000 -29.9397386190
92.4000000000 -29.9983464096
92.5000000000 -30.0571386012
92.6000000000 -30.1161155449
92.7000000000 -30.1752775813
92.8000000000 -30.2346250403
92.9000000000 -30.2941582416
93.0000000000 -30.3538774937
93.1000000000 -30.4137830943
93.2000000000 -30.4738753301
93.3000000000 -30.5341544764
93.4000000000 -30.5946207974
93.5000000000 -30.6552745457
93.6000000000 -30.7161159620
93.7000000000 -30.7771452756
93.8000000000 -30.8383627037
93.9000000000 -30.8997684515
94.0000000000 -30.9613627120
94.1000000000 -31.0231456658
94.2000000000 -31.0851174811
94.3000000000 -31.1472783137
94.4000000000 -31.2096283063
94.5000000000 -31.2721675891
94.6000000000 -31.3348962792
94.7000000000 -31.3978144804
94.8000000000 -31.4609222837
94.9000000000 -31.5242197663
95.0000000000 -31.5877069922
95.1000000000 -31.6513840116
95.2000000000 -31.7152508613
95.3000000000 -31.7793075640
95.4000000000 -31.8435541284
95.5000000000 -31.9079905494
95.6000000000 -31.9726168074
95.7000000000 -32.0374328689
95.8000000000 -32.1024386857
95.9000000000 -32.1676341952
96.0000000000 -32.2330193202
96.1000000000 -32.2985939688
96.2000000000 -32.3643580344
96.3000000000 -32.4303113954
96.4000000000 -32.4964539151
96.5000000000 -32.5627854420
96.6000000000 -32.6293058093
96.7000000000 -32.6960148349
96.8000000000 -32.7629123214
96.9000000000 -32.8299980561
97.0000000000 -32.8972718107
97.1000000000 -32.9647333413
97.2000000000 -33.0323823887
97.3000000000 -33.1002186776
97.4000000000 -33.1682419171
97.5000000000 -33.2364518006
97.6000000000 -33.3048480054
97.7000000000 -33.3734301933
97.8000000000 -33.4421980095
97.9000000000 -33.5111510838
98.0000000000 -33.5802890296
98.1000000000 -33.6496114443
98.2000000000 -33.7191179090
98.3000000000 -33.7888079890
98.4000000000 -33.8586812331
98.5000000000 -33.9287371739
98.6000000000 -33.9989753280
98.7000000000 -34.0693951956
98.8000000000 -34.1399962605
98.9000000000 -34.2107779906
99.0000000000 -34.2817398371
99.1000000000 -34.3528812352
99.2000000000 -34.4242016039
99.3000000000 -34.4957003457
99.4000000000 -34.5673768471
99.5000000000 -34.6392304782
99.6000000000 -34.7112605930
99.7000000000 -34.7834665292
99.8000000000 -34.8558476086
99.9000000000 -34.9284031367
100.0000000000 -35.0011324030
100.1000000000 -35.0740346810
100.2000000000 -35.1471092280
100.3000000000 -35.2203552858
100.4000000000 -35.2937720800
100.5000000000 -35.3673588206
100.6000000000 -35.4411147017
100.7000000000 -35.5150389017
100.8000000000 -35.5891305838
100.9000000000 -35.6633888953
101.0000000000 -35.7378129682
101.1000000000 -35.8124019191
101.2000000000 -35.8871548496
101.3000000000 -35.9620708459
101.4000000000 -36.0371489794
101.5000000000 -36.1123883063
101.6000000000 -36.1877878681
101.7000000000 -36.2633466918
101.8000000000 -36.3390637896
101.9000000000 -36.4149381592
102.0000000000 -36.4909687842
102.1000000000 -36.5671546338
102.2000000000 -36.6434946633
102.3000000000 -36.7199878140
102.4000000000 -36.7966330135
102.5000000000 -36.8734291758
102.6000000000 -36.9503752014
102.7000000000 -37.0274699775
102.8000000000 -37.1047123782
102.9000000000 -37.1821012646
103.0000000000 -37.2596354850
103.1000000000 -37.3373138753
103.2000000000 -37.4151352587
103.3000000000 -37.4930984462
103.4000000000 -37.5712022368
103.5000000000 -37.6494454177
103.6000000000 -37.7278267642
103.7000000000 -37.8063450403
103.8000000000 -37.8849989987
103.9000000000 -37.9637873810
104.0000000000 -38.0427089179
104.1000000000 -38.1217623295
104.2000000000 -38.2009463254
104.3000000000 -38.2802596052
104.4000000000 -38.3597008581
104.5000000000 -38.4392687639
104.6000000000 -38.5189619926
104.7000000000 -38.5987792052
104.8000000000 -38.6787190533
104.9000000000 -38.7587801797
105.0000000000 -38.8389612187
105.1000000000 -38.9192607963
105.2000000000 -38.9996775301
105.3000000000 -39.0802100301
105.4000000000 -39.1608568985
105.5000000000 -39.2416167302
105.6000000000 -39.3224881129
105.7000000000 -39.4034696274
105.8000000000 -39.4845598480
105.9000000000 -39.5657573425
106.0000000000 -39.6470606728
106.1000000000 -39.7284683945
106.2000000000 -39.8099790582
106.3000000000 -39.8915912087
106.4000000000 -39.9733033860
106.5000000000 -40.0551141252
106.6000000000 -40.1370219568
106.7000000000 -40.2190254072
106.8000000000 -40.3011229986
106.9000000000 -40.3833132497
107.0000000000 -40.4655946755
107.1000000000 -40.5479657879
107.2000000000 -40.6304250960
107.3000000000 -40.7129711060
107.4000000000 -40.7956023218
107.5000000000 -40.8783172454
107.6000000000 -40.9611143765
107.7000000000 -41.0439922136
107.8000000000 -41.1269492538
107.9000000000 -41.2099839930
108.0000000000 -41.2930949264
108.1000000000 -41.3762805488
108.2000000000 -41.4595393546
108.3000000000 -41.5428698382
108.4000000000 -41.6262704945
108.5000000000 -41.7097398188
108.6000000000 -41.7932763070
108.7000000000 -41.8768784564
108.8000000000 -41.9605447655
108.9000000000 -42.0442737343
109.0000000000 -42.1280638648
109.1000000000 -42.2119136610
109.2000000000 -42.2958216291
109.3000000000 -42.3797862782
109.4000000000 -42.4638061201
109.5000000000 -42.5478796696
109.6000000000 -42.6320054449
109.7000000000 -42.7161819680
109.8000000000 -42.8004077643
109.9000000000 -42.8846813636
110.0000000000 -42.9690012999
110.1000000000 -43.0533661117
110.2000000000 -43.1377743422
110.3000000000 -43.2222245398
110.4000000000 -43.3067152580
110.5000000000 -43.3912450555
110.6000000000 -43.4758124971
110.7000000000 -43.5604161532
110.8000000000 -43.6450546002
110.9000000000 -43.7297264211
111.0000000000 -43.8144302052
111.1000000000 -43.8991645485
111.2000000000 -43.9839280541
111.3000000000 -44.0687193319
111.4000000000 -44.1535369995
111.5000000000 -44.2383796816
111.6000000000 -44.3232460108
111.7000000000 -44.4081346277
111.8000000000 -44.4930441806
111.9000000000 -44.5779733263
112.0000000000 -44.6629207299
112.1000000000 -44.7478850652
112.2000000000 -44.8328650145
112.3000000000 -44.9178592693
112.4000000000 -45.0028665298
112.5000000000 -45.0878855057
112.6000000000 -45.1729149161
112.7000000000 -45.2579534893
112.8000000000 -45.3429999637
112.9000000000 -45.4280530871
113.0000000000 -45.5131116174
113.1000000000 -45.5981743226
113.2000000000 -45.6832399809
113.3000000000 -45.7683073807
113.4000000000 -45.8533753210
113.5000000000 -45.9384426113
113.6000000000 -46.0235080717
113.7000000000 -46.1085705331
113.8000000000 -46.1936288373
113.9000000000 -46.2786818373
114.0000000000 -46.3637283967
114.1000000000 -46.4487673907
114.2000000000 -46.5337977055
114.3000000000 -46.6188182389
114.4000000000 -46.7038278998
114.5000000000 -46.7888256089
114.6000000000 -46.8738102983
114.7000000000 -46.9587809118
114.8000000000 -47.0437364048
114.9000000000 -47.1286757447
115.0000000000 -47.2135979105
115.1000000000 -47.2985018931
115.2000000000 -47.3833866955
115.3000000000 -47.4682513324
115.4000000000 -47.5530948308
115.5000000000 -47.6379162296
115.6000000000 -47.7227145796
115.7000000000 -47.8074889441
115.8000000000 -47.8922383982
115.9000000000 -47.9769620294
116.0000000000 -48.0616589371
116.1000000000 -48.1463282331
116.2000000000 -48.2309690414
116.3000000000 -48.3155804981
116.4000000000 -48.4001617515
116.5000000000 -48.4847119623
116.6000000000 -48.5692303032
116.7000000000 -48.6537159592
116.8000000000 -48.7381681275
116.9000000000 -48.8225860173
117.0000000000 -48.9069688502
117.1000000000 -48.9913158598
117.2000000000 -49.0756262919
117.3000000000 -49.1598994042
117.4000000000 -49.2441344667
117.5000000000 -49.3283307612
117.6000000000 -49.4124875815
117.7000000000 -49.4966042335
117.8000000000 -49.5806800350
117.9000000000 -49.6647143153
118.0000000000 -49.7487064160
118.1000000000 -49.8326556900
118.2000000000 -49.9165615021
118.3000000000 -50.0004232288
118.4000000000 -50.0842402580
118.5000000000 -50.1680119892
118.6000000000 -50.2517378333
118.7000000000 -50.3354172126
118.8000000000 -50.4190495606
118.9000000000 -50.5026343222
119.0000000000 -50.5861709532
119.1000000000 -50.6696589206
119.2000000000 -50.7530977023
119.3000000000 -50.8364867872
119.4000000000 -50.9198256750
119.5000000000 -51.0031138758
119.6000000000 -51.0863509108
119.7000000000 -51.1695363112
119.8000000000 -51.2526696191
119.9000000000 -51.3357503865
120.0000000000 -51.4187781760
120.1000000000 -51.5017525599
120.2000000000 -51.5846731209
120.3000000000 -51.6675394513
120.4000000000 -51.7503511534
120.5000000000 -51.8331078389
120.6000000000 -51.9158091293
120.7000000000 -51.9984546555
120.8000000000 -52.0810440575
120.9000000000 -52.1635769849
121.0000000000 -52.2460530959
121.1000000000 -52.3284720579
121.2000000000 -52.4108335473
121.3000000000 -52.4931372488
121.4000000000 -52.5753828559
121.5000000000 -52.6575700705
121.6000000000 -52.7396986028
121.7000000000 -52.8217681712
121.8000000000 -52.9037785020
121.9000000000 -52.9857293296
122.0000000000 -53.0676203959
122.1000000000 -53.1494514507
122.2000000000 -53.2312222509
122.3000000000 -53.3129325612
122.4000000000 -53.3945821532
122.5000000000 -53.4761708054
122.6000000000 -53.5576983036
122.7000000000 -53.6391644401
122.8000000000 -53.7205690137
122.9000000000 -53.8019118299
123.0000000000 -53.8831927004
123.1000000000 -53.9644114430
123.2000000000 -54.0455678816
123.3000000000 -54.1266618458
123.4000000000 -54.2076931711
123.5000000000 -54.2886616983
123.6000000000 -54.3695672738
123.7000000000 -54.4504097491
123.8000000000 -54.5311889808
123.9000000000 -54.6119048304
124.0000000000 -54.6925571642
124.1000000000 -54.7731458531
124.2000000000 -54.8536707724
124.3000000000 -54.9341318017
124.4000000000 -55.0145288246
124.5000000000 -55.0948617290
124.6000000000 -55.1751304062
124.7000000000 -55.2553347514
124.8000000000 -55.3354746632
124.9000000000 -55.4155500434
125.0000000000 -55.4955607972
125.1000000000 -55.5755068327
125.2000000000 -55.6553880607
125.3000000000 -55.7352043948
125.4000000000 -55.8149557512
125.5000000000 -55.8946420481
125.6000000000 -55.9742632064
125.7000000000 -56.0538191485
125.8000000000 -56.1333097991
125.9000000000 -56.2127350844
126.0000000000 -56.2920949321
126.1000000000 -56.3713892714
126.2000000000 -56.4506180326
126.3000000000 -56.5297811472
126.4000000000 -56.6088785476
126.5000000000 -56.6879101668
126.6000000000 -56.7668759384
126.7000000000 -56.8457757966
126.8000000000 -56.9246096758
126.9000000000 -57.0033775104
127.0000000000 -57.0820792349
127.1000000000 -57.1607147834
127.2000000000 -57.2392840900
127.3000000000 -57.3177870879
127.4000000000 -57.3962237099
127.5000000000 -57.4745938878
127.6000000000 -57.5528975527
127.7000000000 -57.6311346342
127.8000000000 -57.7093050610
127.9000000000 -57.7874087602
128.0000000000 -57.8654456574
128.1000000000 -57.9434156763
128.2000000000 -58.0213187390
128.3000000000 -58.0991547656
128.4000000000 -58.1769236737
128.5000000000 -58.2546253791
128.6000000000 -58.3322597948
128.7000000000 -58.4098268314
128.8000000000 -58.4873263967
128.9000000000 -58.5647583958
129.0000000000 -58.6421227307
129.1000000000 -58.7194193003
129.2000000000 -58.7966480003
129.3000000000 -58.8738087230
129.4000000000 -58.9509013571
129.5000000000 -59.0279257879
129.6000000000 -59.1048818967
129.7000000000 -59.1817695611
129.8000000000 -59.2585886545
129.9000000000 -59.3353390464
130.0000000000 -59.4120206019
130.1000000000 -59.4886331816
130.2000000000 -59.5651766421
130.3000000000 -59.6416508348
130.4000000000 -59.7180556068
130.5000000000 -59.7943908004
130.6000000000 -59.8706562527
130.7000000000 -59.9468517960
130.8000000000 -60.0229772574
130.9000000000 -60.0990324587
131.0000000000 -60.1750172166
131.1000000000 -60.2509313420
131.2000000000 -60.3267746407
131.3000000000 -60.4025469126
131.4000000000 -60.4782479520
131.5000000000 -60.5538775473
131.6000000000 -60.6294354813
131.7000000000 -60.7049215305
131.8000000000 -60.7803354655
131.9000000000 -60.8556770510
132.0000000000 -60.9309460451
132.1000000000 -61.0061422000
132.2000000000 -61.0812652614
132.3000000000 -61.1563149686
132.4000000000 -61.2312910544
132.5000000000 -61.3061932452
132.6000000000 -61.3810212606
132.7000000000 -61.4557748139
132.8000000000 -61.5304536113
132.9000000000 -61.6050573526
133.0000000000 -61.6795857305
133.1000000000 -61.7540384310
133.2000000000 -61.8284151333
133.3000000000 -61.9027155095
133.4000000000 -61.9769392249
133.5000000000 -62.0510859375
133.6000000000 -62.1251552986
133.7000000000 -62.1991469523
133.8000000000 -62.2730605356
133.9000000000 -62.3468956784
134.0000000000 -62.4206520034
134.1000000000 -62.4943291262
134.2000000000 -62.5679266554
134.3000000000 -62.6414441921
134.4000000000 -62.7148813304
134.5000000000 -62.7882376572
134.6000000000 -62.8615127523
134.7000000000 -62.9347061880
134.8000000000 -63.0078175297
134.9000000000 -63.0808463354
135.0000000000 -63.1537921562
135.1000000000 -63.2266545358
135.2000000000 -63.2994330107
135.3000000000 -63.3721271105
135.4000000000 -63.4447363575
135.5000000000 -63.5172602669
135.6000000000 -63.5896983471
135.7000000000 -63.6620500991
135.8000000000 -63.7343150172
135.9000000000 -63.8064925885
136.0000000000 -63.8785822933
136.1000000000 -63.9505836049
136.2000000000 -64.0224959900
136.3000000000 -64.0943189083
136.4000000000 -64.1660518127
136.5000000000 -64.2376941496
136.6000000000 -64.3092453586
136.7000000000 -64.3807048728
136.8000000000 -64.4520721188
136.9000000000 -64.5233465166
137.0000000000 -64.5945274799
137.1000000000 -64.6656144162
137.2000000000 -64.7366067265
137.3000000000 -64.8075038058
137.4000000000 -64.8783050429
137.5000000000 -64.9490098206
137.6000000000 -65.0196175159
137.7000000000 -65.0901274996
137.8000000000 -65.1605391372
137.9000000000 -65.2308517880
138.0000000000 -65.3010648061
138.1000000000 -65.3711775400
138.2000000000 -65.4411893328
138.3000000000 -65.5110995221
138.4000000000 -65.5809074405
138.5000000000 -65.6506124156
138.6000000000 -65.7202137697
138.7000000000 -65.7897108205
138.8000000000 -65.8591028807
138.9000000000 -65.9283892584
139.0000000000 -65.9975692572
139.1000000000 -66.0666421763
139.2000000000 -66.1356073104
139.3000000000 -66.2044639501
139.4000000000 -66.2732113819
139.5000000000 -66.3418488884
139.6000000000 -66.4103757482
139.7000000000 -66.4787912363
139.8000000000 -66.5470946242
139.9000000000 -66.6152851798
140.0000000000 -66.6833621675
140.1000000000 -66.7513248490
140.2000000000 -66.8191724824
140.3000000000 -66.8869043233
140.4000000000 -66.9545196241
140.5000000000 -67.0220176349
140.6000000000 -67.0893976030
140.7000000000 -67.1566587735
140.8000000000 -67.2238003892
140.9000000000 -67.2908216908
141.0000000000 -67.3577219170
141.1000000000 -67.4245003047
141.2000000000 -67.4911560891
141.3000000000 -67.5576885040
141.4000000000 -67.6240967815
141.5000000000 -67.6903801529
141.6000000000 -67.7565378479
141.7000000000 -67.8225690958
141.8000000000 -67.8884731246
141.9000000000 -67.9542491619
142.0000000000 -68.0198964347
142.1000000000 -68.0854141698
142.2000000000 -68.1508015936
142.3000000000 -68.2160579325
142.4000000000 -68.2811824130
142.5000000000 -68.3461742618
142.6000000000 -68.4110327061
142.7000000000 -68.4757569733
142.8000000000 -68.5403462919
142.9000000000 -68.6047998910
143.0000000000 -68.6691170007
143.1000000000 -68.7332968521
143.2000000000 -68.7973386779
143.3000000000 -68.8612417119
143.4000000000 -68.9250051896
143.5000000000 -68.9886283482
143.6000000000 -69.0521104266
143.7000000000 -69.1154506661
143.8000000000 -69.1786483097
143.9000000000 -69.2417026028
144.0000000000 -69.3046127935
144.1000000000 -69.3673781321
144.2000000000 -69.4299978719
144.3000000000 -69.4924712689
144.4000000000 -69.5547975822
144.5000000000 -69.6169760738
144.6000000000 -69.6790060093
144.7000000000 -69.7408866574
144.8000000000 -69.8026172906
144.9000000000 -69.8641971850
145.0000000000 -69.9256256203
145.1000000000 -69.9869018804
145.2000000000 -70.0480252533
145.3000000000 -70.1089950309
145.4000000000 -70.1698105097
145.5000000000 -70.2304709906
145.6000000000 -70.2909757790
145.7000000000 -70.3513241851
145.8000000000 -70.4115155238
145.9000000000 -70.4715491152
146.0000000000 -70.5314242842
146.1000000000 -70.5911403609
146.2000000000 -70.6506966809
146.3000000000 -70.7100925851
146.4000000000 -70.7693274199
146.5000000000 -70.8284005373
146.6000000000 -70.8873112952
146.7000000000 -70.9460590573
146.8000000000 -71.0046431932
146.9000000000 -71.0630630785
147.0000000000 -71.1213180952
147.1000000000 -71.1794076313
147.2000000000 -71.2373310814
147.3000000000 -71.2950878465
147.4000000000 -71.3526773340
147.5000000000 -71.4100989581
147.6000000000 -71.4673521397
147.7000000000 -71.5244363066
147.8000000000 -71.5813508933
147.9000000000 -71.6380953417
148.0000000000 -71.6946691003
148.1000000000 -71.7510716252
148.2000000000 -71.8073023794
148.3000000000 -71.8633608335
148.4000000000 -71.9192464652
148.5000000000 -71.9749587600
148.6000000000 -72.0304972106
148.7000000000 -72.0858613177
148.8000000000 -72.1410505893
148.9000000000 -72.1960645413
149.0000000000 -72.2509026974
149.1000000000 -72.3055645893
149.2000000000 -72.3600497563
149.3000000000 -72.4143577459
149.4000000000 -72.4684881137
149.5000000000 -72.5224404232
149.6000000000 -72.5762142461
149.7000000000 -72.6298091623
149.8000000000 -72.6832247599
149.9000000000 -72.7364606353
150.0000000000 -72.7895163933
150.1000000000 -72.8423916468
150.2000000000 -72.8950860174
150.3000000000 -72.9475991348
150.4000000000 -72.9999306376
150.5000000000 -73.0520801724
150.6000000000 -73.1040473947
150.7000000000 -73.1558319684
150.8000000000 -73.2074335659
150.9000000000 -73.2588518684
151.0000000000 -73.3100865656
151.1000000000 -73.3611373557
151.2000000000 -73.4120039459
151.3000000000 -73.4626860518
151.4000000000 -73.5131833978
151.5000000000 -73.5634957170
151.6000000000 -73.6136227512
151.7000000000 -73.6635642510
151.8000000000 -73.7133199754
151.9000000000 -73.7628896926
152.0000000000 -73.8122731793
152.1000000000 -73.8614702209
152.2000000000 -73.9104806116
152.3000000000 -73.9593041542
152.4000000000 -74.0079406605
152.5000000000 -74.0563899509
152.6000000000 -74.1046518543
152.7000000000 -74.1527262085
152.8000000000 -74.2006128600
152.9000000000 -74.2483116640
153.0000000000 -74.2958224842
153.1000000000 -74.3431451930
153.2000000000 -74.3902796714
153.3000000000 -74.4372258092
153.4000000000 -74.4839835043
153.5000000000 -74.5305526637
153.6000000000 -74.5769332024
153.7000000000 -74.6231250442
153.8000000000 -74.6691281212
153.9000000000 -74.7149423738
154.0000000000 -74.7605677510
154.1000000000 -74.8060042099
154.2000000000 -74.8512517159
154.3000000000 -74.8963102425
154.4000000000 -74.9411797714
154.5000000000 -74.9858602923
154.6000000000 -75.0303518030
154.7000000000 -75.0746543090
154.8000000000 -75.1187678237
154.9000000000 -75.1626923680
155.0000000000 -75.2064279706
155.1000000000 -75.2499746674
155.2000000000 -75.2933325018
155.3000000000 -75.3365015239
155.4000000000 -75.3794817911
155.5000000000 -75.4222733673
155.6000000000 -75.4648763226
155.7000000000 -75.5072907336
155.8000000000 -75.5495166823
155.9000000000 -75.5915542564
156.0000000000 -75.6334035484
156.1000000000 -75.6750646552
156.2000000000 -75.7165376775
156.3000000000 -75.7578227194
156.4000000000 -75.7989198869
156.5000000000 -75.8398292879
156.6000000000 -75.8805510301
156.7000000000 -75.9210852209
156.8000000000 -75.9614319647
156.9000000000 -76.0015913621
157.0000000000 -76.0415635075
157.1000000000 -76.0813484870
157.2000000000 -76.1209463754
157.3000000000 -76.1603572330
157.4000000000 -76.1995811024
157.5000000000 -76.2386180032
157.6000000000 -76.2774679281
157.7000000000 -76.3161308356
157.8000000000 -76.3546066441
157.9000000000 -76.3928952231
158.0000000000 -76.4309963837
158.1000000000 -76.4689098675
158.2000000000 -76.5066353331
158.3000000000 -76.5441723410
158.4000000000 -76.5815203350
158.5000000000 -76.6186786215
158.6000000000 -76.6556463440
158.7000000000 -76.6924224542
158.8000000000 -76.7290056778
158.9000000000 -76.7653944740
159.0000000000 -76.8015869883
159.1000000000 -76.8375809975
159.2000000000 -76.8733738447
159.3000000000 -76.9089623631
159.4000000000 -76.9443427866
159.5000000000 -76.9795106455
159.6000000000 -77.0144606431
159.7000000000 -77.0491865119
159.8000000000 -77.0836808445
159.9000000000 -77.1179348949
160.0000000000 -77.1519383459
160.1000000000 -77.1856790360
160.2000000000 -77.2191426391
160.3000000000 -77.2523122881
160.4000000000 -77.2851681339
160.5000000000 -77.3176868281
160.6000000000 -77.3498409151
160.7000000000 -77.3815981195
160.8000000000 -77.4129205100
160.9000000000 -77.4437635179
161.0000000000 -77.4740747856
161.1000000000 -77.5037928151
161.2000000000 -77.5328453828
161.3000000000 -77.5611476783
161.4000000000 -77.5886001213
161.5000000000 -77.6150857989
161.6000000000 -77.6404674595
161.7000000000 -77.6645839835
161.8000000000 -77.6872462438
161.9000000000 -77.7082322465
162.0000000000 -77.7272814296
162.1000000000 -77.7440879725
162.2000000000 -77.7582929452
162.3000000000 -77.7694750958
162.4000000000 -77.7771400413
162.5000000000 -77.7807075833
162.6000000000 -77.7794968262
162.7000000000 -77.7727087165
162.8000000000 -77.7594055568
162.9000000000 -77.7384869733
163.0000000000 -77.7086617231
163.1000000000 -77.6684146248
163.2000000000 -77.6159677720
163.3000000000 -77.5492350462
163.4000000000 -77.4657687785
163.5000000000 -77.3626972145
163.6000000000 -77.2366512082
163.7000000000 -77.0836783082
163.8000000000 -76.8991420887
163.9000000000 -76.6776042216
164.0000000000 -76.4126863700
164.1000000000 -76.0969084969
164.2000000000 -75.7214996213
164.3000000000 -75.2761763913
164.4000000000 -74.7488840618
164.5000000000 -74.1254935251
164.6000000000 -73.3894468776
164.7000000000 -72.5213425057
164.8000000000 -71.4984486147
164.9000000000 -70.2941310927
165.0000000000 -68.8771767684
165.1000000000 -67.2109848550
165.2000000000 -65.2525844141
165.3000000000 -62.9514075614
165.4000000000 -60.2476942506
165.5000000000 -57.0703010854
165.6000000000 -53.3334925654
165.7000000000 -48.9319490655
165.8000000000 -43.7326841919
165.9000000000 -37.5619005621
166.0000000000 -30.1844120424
166.1000000000 -21.2741791341
166.2000000000 -10.3856004764
166.3000000000 2.9630808140
166.4000000000 18.4167123620
166.5000000000 32.1110503325
166.6000000000 38.5946026944
166.7000000000 39.2582258279
166.8000000000 38.5991484262
166.9000000000 38.2102879137
167.0000000000 38.0747591684
167.1000000000 38.0521502282
167.2000000000 38.0665711075
167.3000000000 38.0826699477
167.4000000000 38.0849823191
167.5000000000 38.0674462096
167.6000000000 38.0283328078
167.7000000000 37.9678116597
167.8000000000 37.8867925907
167.9000000000 37.7863894866
168.0000000000 37.6676869160
168.1000000000 37.5316526353
168.2000000000 37.3791183257
168.3000000000 37.2107902000
168.4000000000 37.0272707462
168.5000000000 36.8290827210
168.6000000000 36.6166914275
168.7000000000 36.3905237504
168.8000000000 36.1509835903
168.9000000000 35.8984638736
169.0000000000 35.6333555339
169.1000000000 35.3560539163
169.2000000000 35.0669630509
169.3000000000 34.7664981983
169.4000000000 34.4550870202
169.5000000000 34.1331696782
169.6000000000 33.8011981163
169.7000000000 33.4596347424
169.8000000000 33.1089506850
169.9000000000 32.7496237731
170.0000000000 32.3821363576
170.1000000000 32.0069730709
170.2000000000 31.6246186001
170.3000000000 31.2355555332
170.4000000000 30.8402623233
170.5000000000 30.4392114017
170.6000000000 30.0328674638
170.7000000000 29.6216859392
170.8000000000 29.2061116551
170.9000000000 28.7865776904
171.0000000000 28.3635044205
171.1000000000 27.9372987421
171.2000000000 27.5083534714
171.3000000000 27.0770469014
171.4000000000 26.6437425071
171.5000000000 26.2087887842
171.6000000000 25.7725192076
171.7000000000 25.3352522964
171.8000000000 24.8972917702
171.9000000000 24.4589267861
172.0000000000 24.0204322420
172.1000000000 23.5820691360
172.2000000000 23.1440849710
172.3000000000 22.7067141940
172.4000000000 22.2701786622
172.5000000000 21.8346881286
172.6000000000 21.4004407373
172.7000000000 20.9676235263
172.8000000000 20.5364129292
172.9000000000 20.1069752724
173.0000000000 19.6794672646
173.1000000000 19.2540364738
173.2000000000 18.8308217905
173.3000000000 18.4099538743
173.4000000000 17.9915555824
173.5000000000 17.5757423783
173.6000000000 17.1626227206
173.7000000000 16.7522984314
173.8000000000 16.3448650426
173.9000000000 15.9404121226
174.0000000000 15.5390235809
174.1000000000 15.1407779535
174.2000000000 14.7457486674
174.3000000000 14.3540042872
174.4000000000 13.9656087428
174.5000000000 13.5806215394
174.6000000000 13.1990979518
174.7000000000 12.8210892032
174.8000000000 12.4466426286
174.9000000000 12.0758018263
175.0000000000 11.7086067962
175.1000000000 11.3450940668
175.2000000000 10.9852968128
175.3000000000 10.6292449624
175.4000000000 10.2769652974
175.5000000000 9.9284815453
175.6000000000 9.5838144654
175.7000000000 9.2429819298
175.8000000000 8.9059989985
175.9000000000 8.5728779922
176.0000000000 8.2436285609
176.1000000000 7.9182577498
176.2000000000 7.5967700643
176.3000000000 7.2791675326
176.4000000000 6.9654497678
176.5000000000 6.6556140297
176.6000000000 6.3496552863
176.7000000000 6.0475662751
176.8000000000 5.7493375660
176.9000000000 5.4549576236
177.0000000000 5.1644128708
177.1000000000 4.8776877543
177.2000000000 4.5947648092
177.3000000000 4.3156247268
177.4000000000 4.0402464216
177.5000000000 3.7686071008
177.6000000000 3.5006823334
177.7000000000 3.2364461218
177.8000000000 2.9758709722
177.9000000000 2.7189279676
178.0000000000 2.4655868394
178.1000000000 2.2158160410
178.2000000000 1.9695828201
178.3000000000 1.7268532921
178.4000000000 1.4875925123
178.5000000000 1.2517645483
178.6000000000 1.0193325521
178.7000000000 0.7902588301
178.8000000000 0.5645049140
178.9000000000 0.3420316291
179.0000000000 0.1227991619
179.1000000000 -0.0932328734
179.2000000000 -0.3061053702
179.3000000000 -0.5158596667
179.4000000000 -0.7225374847
179.5000000000 -0.9261808698
179.6000000000 -1.1268321342
179.7000000000 -1.3245338010
179.8000000000 -1.5193285514
179.9000000000 -1.7112591728
180.0000000000 -1.9003685100
180.1000000000 -2.0866994184
180.2000000000 -2.2702947192
180.3000000000 -2.4511971570
180.4000000000 -2.6294493595
180.5000000000 -2.8050937994
180.6000000000 -2.9781727586
180.7000000000 -3.1487282945
180.8000000000 -3.3168022081
180.9000000000 -3.4824360148
181.0000000000 -3.6456709166
181.1000000000 -3.8065477766
181.2000000000 -3.9651070954
181.3000000000 -4.1213889893
181.4000000000 -4.2754331702
181.5000000000 -4.4272789273
181.6000000000 -4.5769651109
181.7000000000 -4.7245301169
181.8000000000 -4.8700118735
181.9000000000 -5.0134478294
182.0000000000 -5.1548749432
182.1000000000 -5.2943296737
182.2000000000 -5.4318479723
182.3000000000 -5.5674652765
182.4000000000 -5.7012165033
182.5000000000 -5.8331360457
182.6000000000 -5.9632577683
182.7000000000 -6.0916150052
182.8000000000 -6.2182405579
182.9000000000 -6.3431666946
183.0000000000 -6.4664251500
183.1000000000 -6.5880471262
183.2000000000 -6.7080632935
183.3000000000 -6.8265037924
183.4000000000 -6.9433982366
183.5000000000 -7.0587757153
183.6000000000 -7.1726647972
183.7000000000 -7.2850935343
183.8000000000 -7.3960894664
183.9000000000 -7.5056796255
184.0000000000 -7.6138905414
184.1000000000 -7.7207482468
184.2000000000 -7.8262782828
184.3000000000 -7.9305057052
184.4000000000 -8.0334550907
184.5000000000 -8.1351505426
184.6000000000 -8.2356156982
184.7000000000 -8.3348737345
184.8000000000 -8.4329473760
184.9000000000 -8.5298589006
185.0000000000 -8.6256301473
185.1000000000 -8.7202825229
185.2000000000 -8.8138370092
185.3000000000 -8.9063141699
185.4000000000 -8.9977341583
185.5000000000 -9.0881167238
185.6000000000 -9.1774812194
185.7000000000 -9.2658466090
185.8000000000 -9.3532314743
185.9000000000 -9.4396540218
186.0000000000 -9.5251320901
186.1000000000 -9.6096831569
186.2000000000 -9.6933243458
186.3000000000 -9.7760724333
186.4000000000 -9.8579438556
186.5000000000 -9.9389547153
186.6000000000 -10.0191207882
186.7000000000 -10.0984575299
186.8000000000 -10.1769800822
186.9000000000 -10.2547032797
187.0000000000 -10.3316416558
187.1000000000 -10.4078094495
187.2000000000 -10.4832206110
187.3000000000 -10.5578888080
187.4000000000 -10.6318274320
187.5000000000 -10.7050496034
187.6000000000 -10.7775681780
187.7000000000 -10.8493957522
187.8000000000 -10.9205446688
187.9000000000 -10.9910270222
188.0000000000 -11.0608546643
188.1000000000 -11.1300392091
188.2000000000 -11.1985920383
188.3000000000 -11.2665243063
188.4000000000 -11.3338469449
188.5000000000 -11.4005706685
188.6000000000 -11.4667059787
188.7000000000 -11.5322631691
188.8000000000 -11.5972523295
188.9000000000 -11.6616833510
189.0000000000 -11.7255659298
189.1000000000 -11.7889095717
189.2000000000 -11.8517235966
189.3000000000 -11.9140171420
189.4000000000 -11.9757991677
189.5000000000 -12.0370784591
189.6000000000 -12.0978636316
189.7000000000 -12.1581631340
189.8000000000 -12.2179852523
189.9000000000 -12.2773381133
190.0000000000 -12.3362296881
190.1000000000 -12.3946677957
190.2000000000 -12.4526601062
190.3000000000 -12.5102141438
190.4000000000 -12.5673372909
190.5000000000 -12.6240367901
190.6000000000 -12.6803197483
190.7000000000 -12.7361931389
190.8000000000 -12.7916638053
190.9000000000 -12.8467384635
191.0000000000 -12.9014237049
191.1000000000 -12.9557259990
191.2000000000 -13.0096516963
191.3000000000 -13.0632070307
191.4000000000 -13.1163981220
191.5000000000 -13.1692309786
191.6000000000 -13.2217114999
191.7000000000 -13.2738454784
191.8000000000 -13.3256386024
191.9000000000 -13.3770964580
192.0000000000 -13.4282245315
192.1000000000 -13.4790282113
192.2000000000 -13.5295127905
192.3000000000 -13.5796834684
192.4000000000 -13.6295453528
192.5000000000 -13.6791034620
192.6000000000 -13.7283627266
192.7000000000 -13.7773279915
192.8000000000 -13.8260040178
192.9000000000 -13.8743954843
193.0000000000 -13.9225069895
193.1000000000 -13.9703430532
193.2000000000 -14.0179081183
193.3000000000 -14.0652065523
193.4000000000 -14.1122426489
193.5000000000 -14.1590206298
193.6000000000 -14.2055446458
193.7000000000 -14.2518187787
193.8000000000 -14.2978470424
193.9000000000 -14.3436333848
194.0000000000 -14.3891816885
194.1000000000 -14.4344957729
194.2000000000 -14.4795793950
194.3000000000 -14.5244362509
194.4000000000 -14.5690699771
194.5000000000 -14.6134841514
194.6000000000 -14.6576822949
194.7000000000 -14.7016678722
194.8000000000 -14.7454442933
194.9000000000 -14.7890149143
195.0000000000 -14.8323830388
195.1000000000 -14.8755519188
195.2000000000 -14.9185247558
195.3000000000 -14.9613047017
195.4000000000 -15.0038948601
195.5000000000 -15.0462982872
195.6000000000 -15.0885179924
195.7000000000 -15.1305569398
195.8000000000 -15.1724180489
195.9000000000 -15.2141041951
196.0000000000 -15.2556182113
196.1000000000 -15.2969628883
196.2000000000 -15.3381409757
196.3000000000 -15.3791551828
196.4000000000 -15.4200081793
196.5000000000 -15.4607025963
196.6000000000 -15.5012410269
196.7000000000 -15.5416260270
196.8000000000 -15.5818601159
196.9000000000 -15.6219457774
197.0000000000 -15.6618854600
197.1000000000 -15.7016815781
197.2000000000 -15.7413365121
197.3000000000 -15.7808526098
197.4000000000 -15.8202321862
197.5000000000 -15.8594775250
197.6000000000 -15.8985908786
197.7000000000 -15.9375744686
197.8000000000 -15.9764304873
197.9000000000 -16.0151610971
198.0000000000 -16.0537684320
198.1000000000 -16.0922545976
198.2000000000 -16.1306216719
198.3000000000 -16.1688717059
198.4000000000 -16.2070067238
198.5000000000 -16.2450287237
198.6000000000 -16.2829396782
198.7000000000 -16.3207415349
198.8000000000 -16.3584362165
198.9000000000 -16.3960256218
199.0000000000 -16.4335116258
199.1000000000 -16.4708960801
199.2000000000 -16.5081808137
199.3000000000 -16.5453676332
199.4000000000 -16.5824583232
199.5000000000 -16.6194546467
199.6000000000 -16.6563583457
199.7000000000 -16.6931711414
199.8000000000 -16.7298947345
199.9000000000 -16.7665308061
200.0000000000 -16.8030810173
200.1000000000 -16.8395470102
200.2000000000 -16.8759304081
200.3000000000 -16.9122328156
200.4000000000 -16.9484558191
200.5000000000 -16.9846009875
200.6000000000 -17.0206698718
200.7000000000 -17.0566640060
200.8000000000 -17.0925849073
200.9000000000 -17.1284340762
201.0000000000 -17.1642129971
201.1000000000 -17.1999231385
201.2000000000 -17.2355659530
201.3000000000 -17.2711428780
201.4000000000 -17.3066553359
201.5000000000 -17.3421047342
201.6000000000 -17.3774924660
201.7000000000 -17.4128199098
201.8000000000 -17.4480884306
201.9000000000 -17.4832993793
202.0000000000 -17.5184540934
202.1000000000 -17.5535538973
202.2000000000 -17.5886001022
202.3000000000 -17.6235940066
202.4000000000 -17.6585368967
202.5000000000 -17.6934300461
202.6000000000 -17.7282747165
202.7000000000 -17.7630721578
202.8000000000 -17.7978236081
202.9000000000 -17.8325302943
203.0000000000 -17.8671934319
203.1000000000 -17.9018142256
203.2000000000 -17.9363938693
203.3000000000 -17.9709335460
203.4000000000 -18.0054344288
203.5000000000 -18.0398976802
203.6000000000 -18.0743244530
203.7000000000 -18.1087158898
203.8000000000 -18.1430731239
203.9000000000 -18.1773972790
204.0000000000 -18.2116894696
204.1000000000 -18.2459508009
204.2000000000 -18.2801823694
204.3000000000 -18.3143852626
204.4000000000 -18.3485605597
204.5000000000 -18.3827093311
204.6000000000 -18.4168326392
204.7000000000 -18.4509315381
204.8000000000 -18.4850070740
204.9000000000 -18.5190602854
205.0000000000 -18.5530922029
205.1000000000 -18.5871038498
205.2000000000 -18.6210962418
205.3000000000 -18.6550703876
205.4000000000 -18.6890272887
205.5000000000 -18.7229679396
205.6000000000 -18.7568933281
205.7000000000 -18.7908044353
205.8000000000 -18.8247022357
205.9000000000 -18.8585876973
206.0000000000 -18.8924617820
206.1000000000 -18.9263254454
206.2000000000 -18.9601796372
206.3000000000 -18.9940253009
206.4000000000 -19.0278633746
206.5000000000 -19.0616947905
206.6000000000 -19.0955204751
206.7000000000 -19.1293413498
206.8000000000 -19.1631583303
206.9000000000 -19.1969723274
207.0000000000 -19.2307842465
207.1000000000 -19.2645949884
207.2000000000 -19.2984054485
207.3000000000 -19.3322165177
207.4000000000 -19.3660290823
207.5000000000 -19.3998440238
207.6000000000 -19.4336622194
207.7000000000 -19.4674845417
207.8000000000 -19.5013118593
207.9000000000 -19.5351450363
208.0000000000 -19.5689849330
208.1000000000 -19.6028324054
208.2000000000 -19.6366883059
208.3000000000 -19.6705534828
208.4000000000 -19.7044287810
208.5000000000 -19.7383150414
208.6000000000 -19.7722131015
208.7000000000 -19.8061237955
208.8000000000 -19.8400479540
208.9000000000 -19.8739864043
209.0000000000 -19.9079399706
209.1000000000 -19.9419094740
209.2000000000 -19.9758957325
209.3000000000 -20.0098995609
209.4000000000 -20.0439217714
209.5000000000 -20.0779631733
209.6000000000 -20.1120245731
209.7000000000 -20.1461067746
209.8000000000 -20.1802105792
209.9000000000 -20.2143367855
210.0000000000 -20.2484861898
210.1000000000 -20.2826595860
210.2000000000 -20.3168577657
210.3000000000 -20.3510815182
210.4000000000 -20.3853316307
210.5000000000 -20.4196088882
210.6000000000 -20.4539140737
210.7000000000 -20.4882479682
210.8000000000 -20.5226113508
210.9000000000 -20.5570049986
211.0000000000 -20.5914296872
211.1000000000 -20.6258861902
211.2000000000 -20.6603752796
211.3000000000 -20.6948977259
211.4000000000 -20.7294542978
211.5000000000 -20.7640457628
211.6000000000 -20.7986728866
211.7000000000 -20.8333364339
211.8000000000 -20.8680371677
211.9000000000 -20.9027758500
212.0000000000 -20.9375532413
212.1000000000 -20.9723701012
212.2000000000 -21.0072271881
212.3000000000 -21.0421252592
212.4000000000 -21.0770650706
212.5000000000 -21.1120473779
212.6000000000 -21.1470729351
212.7000000000 -21.1821424959
212.8000000000 -21.2172568128
212.9000000000 -21.2524166377
213.0000000000 -21.2876227217
213.1000000000 -21.3228758152
213.2000000000 -21.3581766678
213.3000000000 -21.3935260287
213.4000000000 -21.4289246465
213.5000000000 -21.4643732692
213.6000000000 -21.4998726443
213.7000000000 -21.5354235188
213.8000000000 -21.5710266395
213.9000000000 -21.6066827526
214.0000000000 -21.6423926041
214.1000000000 -21.6781569397
214.2000000000 -21.7139765046
214.3000000000 -21.7498520441
214.4000000000 -21.7857843032
214.5000000000 -21.8217740266
214.6000000000 -21.8578219591
214.7000000000 -21.8939288452
214.8000000000 -21.9300954294
214.9000000000 -21.9663224563
215.0000000000 -22.0026106703
215.1000000000 -22.0389608160
215.2000000000 -22.0753736379
215.3000000000 -22.1118498807
215.4000000000 -22.1483902891
215.5000000000 -22.1849956082
215.6000000000 -22.2216665828
215.7000000000 -22.2584039584
215.8000000000 -22.2952084804
215.9000000000 -22.3320808945
216.0000000000 -22.3690219468
216.1000000000 -22.4060323834
216.2000000000 -22.4431129509
216.3000000000 -22.4802643963
216.4000000000 -22.5174874668
216.5000000000 -22.5547829100
216.6000000000 -22.5921514739
216.7000000000 -22.6295939069
216.8000000000 -22.6671109578
216.9000000000 -22.7047033759
217.0000000000 -22.7423719108
217.1000000000 -22.7801173128
217.2000000000 -22.8179403325
217.3000000000 -22.8558417209
217.4000000000 -22.8938222299
217.5000000000 -22.9318826115
217.6000000000 -22.9700236185
217.7000000000 -23.0082460041
217.8000000000 -23.0465505220
217.9000000000 -23.0849379266
218.0000000000 -23.1234089729
218.1000000000 -23.1619644162
218.2000000000 -23.2006050128
218.3000000000 -23.2393315191
218.4000000000 -23.2781446925
218.5000000000 -23.3170452907
218.6000000000 -23.3560340723
218.7000000000 -23.3951117961
218.8000000000 -23.4342792219
218.9000000000 -23.4735371098
219.0000000000 -23.5128862206
219.1000000000 -23.5523273158
219.2000000000 -23.5918611574
219.3000000000 -23.6314885080
219.4000000000 -23.6712101307
219.5000000000 -23.7110267893
219.6000000000 -23.7509392483
219.7000000000 -23.7909482724
219.8000000000 -23.8310546272
219.9000000000 -23.8712590788
220.0000000000 -23.9115623937
220.1000000000 -23.9519653390
220.2000000000 -23.9924686823
220.3000000000 -24.0330731920
220.4000000000 -24.0737796364
220.5000000000 -24.1145887850
220.6000000000 -24.1555014071
220.7000000000 -24.1965182729
220.8000000000 -24.2376401529
220.9000000000 -24.2788678180
221.0000000000 -24.3202020395
221.1000000000 -24.3616435891
221.2000000000 -24.4031932388
221.3000000000 -24.4448517610
221.4000000000 -24.4866199285
221.5000000000 -24.5284985141
221.6000000000 -24.5704882911
221.7000000000 -24.6125900330
221.8000000000 -24.6548045134
221.9000000000 -24.6971325063
222.0000000000 -24.7395747855
222.1000000000 -24.7821321253
222.2000000000 -24.8248052999
222.3000000000 -24.8675950834
222.4000000000 -24.9105022501
222.5000000000 -24.9535275744
222.6000000000 -24.9966718303
222.7000000000 -25.0399357921
222.8000000000 -25.0833202337
222.9000000000 -25.1268259288
223.0000000000 -25.1704536511
223.1000000000 -25.2142041738
223.2000000000 -25.2580782701
223.3000000000 -25.3020767126
223.4000000000 -25.3462002735
223.5000000000 -25.3904497248
223.6000000000 -25.4348258377
223.7000000000 -25.4793293832
223.8000000000 -25.5239611313
223.9000000000 -25.5687218518
224.0000000000 -25.6136123135
224.1000000000 -25.6586332846
224.2000000000 -25.7037855323
224.3000000000 -25.7490698232
224.4000000000 -25.7944869227
224.5000000000 -25.8400375955
224.6000000000 -25.8857226050
224.7000000000 -25.9315427136
224.8000000000 -25.9774986826
224.9000000000 -26.0235912719
225.0000000000 -26.0698212402
225.1000000000 -26.1161893448
225.2000000000 -26.1626963415
225.3000000000 -26.2093429847
225.4000000000 -26.2561300271
225.5000000000 -26.3030582198
225.6000000000 -26.3501283122
225.7000000000 -26.3973410517
225.8000000000 -26.4446971840
225.9000000000 -26.4921974528
226.0000000000 -26.5398425997
226.1000000000 -26.5876333641
226.2000000000 -26.6355704832
226.3000000000 -26.6836546922
226.4000000000 -26.7318867234
226.5000000000 -26.7802673070
226.6000000000 -26.8287971706
226.7000000000 -26.8774770389
226.8000000000 -26.9263076341
226.9000000000 -26.9752896755
227.0000000000 -27.0244238793
227.1000000000 -27.0737109590
227.2000000000 -27.1231516246
227.3000000000 -27.1727465832
227.4000000000 -27.2224965384
227.5000000000 -27.2724021902
227.6000000000 -27.3224642355
227.7000000000 -27.3726833673
227.8000000000 -27.4230602748
227.9000000000 -27.4735956434
228.0000000000 -27.5242901548
228.1000000000 -27.5751444862
228.2000000000 -27.6261593109
228.3000000000 -27.6773352980
228.4000000000 -27.7286731120
228.5000000000 -27.7801734129
228.6000000000 -27.8318368561
228.7000000000 -27.8836640924
228.8000000000 -27.9356557676
228.9000000000 -27.9878125225
229.0000000000 -28.0401349928
229.1000000000 -28.0926238091
229.2000000000 -28.1452795965
229.3000000000 -28.1981029747
229.4000000000 -28.2510945578
229.5000000000 -28.3042549543
229.6000000000 -28.3575847666
229.7000000000 -28.4110845914
229.8000000000 -28.4647550190
229.9000000000 -28.5185966338
230.0000000000 -28.5726100135
230.1000000000 -28.6267957296
230.2000000000 -28.6811543468
230.3000000000 -28.7356864230
230.4000000000 -28.7903925094
230.5000000000 -28.8452731500
230.6000000000 -28.9003288817
230.7000000000 -28.9555602341
230.8000000000 -29.0109677293
230.9000000000 -29.0665518819
231.0000000000 -29.1223131986
231.1000000000 -29.1782521787
231.2000000000 -29.2343693129
231.3000000000 -29.2906650841
231.4000000000 -29.3471399670
231.5000000000 -29.4037944277
231.6000000000 -29.4606289237
231.7000000000 -29.5176439041
231.8000000000 -29.5748398087
231.9000000000 -29.6322170687
232.0000000000 -29.6897761059
232.1000000000 -29.7475173331
232.2000000000 -29.8054411535
232.3000000000 -29.8635479607
232.4000000000 -29.9218381387
232.5000000000 -29.9803120616
232.6000000000 -30.0389700935
232.7000000000 -30.0978125884
232.8000000000 -30.1568398901
232.9000000000 -30.2160523317
233.0000000000 -30.2754502361
233.1000000000 -30.3350339152
233.2000000000 -30.3948036702
233.3000000000 -30.4547597913
233.4000000000 -30.5149025575
233.5000000000 -30.5752322367
233.6000000000 -30.6357490851
233.7000000000 -30.6964533476
233.8000000000 -30.7573452573
233.9000000000 -30.8184250355
234.0000000000 -30.8796928916
234.1000000000 -30.9411490227
234.2000000000 -31.0027936139
234.3000000000 -31.0646268379
234.4000000000 -31.1266488547
234.5000000000 -31.1888598119
234.6000000000 -31.2512598441
234.7000000000 -31.3138490733
234.8000000000 -31.3766276084
234.9000000000 -31.4395955448
235.0000000000 -31.5027529652
235.1000000000 -31.5660999385
235.2000000000 -31.6296365203
235.3000000000 -31.6933627523
235.4000000000 -31.7572786628
235.5000000000 -31.8213842661
235.6000000000 -31.8856795623
235.7000000000 -31.9501645377
235.8000000000 -32.0148391643
235.9000000000 -32.0797033998
236.0000000000 -32.1447571874
236.1000000000 -32.2100004559
236.2000000000 -32.2754331193
236.3000000000 -32.3410550772
236.4000000000 -32.4068662140
236.5000000000 -32.4728663995
236.6000000000 -32.5390554884
236.7000000000 -32.6054333203
236.8000000000 -32.6719997195
236.9000000000 -32.7387544952
237.0000000000 -32.8056974414
237.1000000000 -32.8728283364
237.2000000000 -32.9401469431
237.3000000000 -33.0076530089
237.4000000000 -33.0753462657
237.5000000000 -33.1432264294
237.6000000000 -33.2112932005
237.7000000000 -33.2795462633
237.8000000000 -33.3479852866
237.9000000000 -33.4166099232
238.0000000000 -33.4854198098
238.1000000000 -33.5544145671
238.2000000000 -33.6235938001
238.3000000000 -33.6929570973
238.4000000000 -33.7625040312
238.5000000000 -33.8322341584
238.6000000000 -33.9021470191
238.7000000000 -33.9722421374
238.8000000000 -34.0425190210
238.9000000000 -34.1129771618
239.0000000000 -34.1836160350
239.1000000000 -34.2544351000
239.2000000000 -34.3254337997
239.3000000000 -34.3966115608
239.4000000000 -34.4679677939
239.5000000000 -34.5395018933
239.6000000000 -34.6112132371
239.7000000000 -34.6831011873
239.8000000000 -34.7551650896
239.9000000000 -34.8274042739
240.0000000000 -34.8998180537
240.1000000000 -34.9724057266
240.2000000000 -35.0451665740
240.3000000000 -35.1180998618
240.4000000000 -35.1912048394
240.5000000000 -35.2644807408
240.6000000000 -35.3379267841
240.7000000000 -35.4115421715
240.8000000000 -35.4853260897
240.9000000000 -35.5592777099
241.0000000000 -35.6333961876
241.1000000000 -35.7076806629
241.2000000000 -35.7821302607
241.3000000000 -35.8567440907
241.4000000000 -35.9315212471
241.5000000000 -36.0064608094
241.6000000000 -36.0815618420
241.7000000000 -36.1568233946
241.8000000000 -36.2322445021
241.9000000000 -36.3078241847
242.0000000000 -36.3835614482
242.1000000000 -36.4594552842
242.2000000000 -36.5355046699
242.3000000000 -36.6117085684
242.4000000000 -36.6880659291
242.5000000000 -36.7645756872
242.6000000000 -36.8412367647
242.7000000000 -36.9180480698
242.8000000000 -36.9950084975
242.9000000000 -37.0721169295
243.0000000000 -37.1493722346
243.1000000000 -37.2267732688
243.2000000000 -37.3043188753
243.3000000000 -37.3820078849
243.4000000000 -37.4598391160
243.5000000000 -37.5378113751
243.6000000000 -37.6159234565
243.7000000000 -37.6941741428
243.8000000000 -37.7725622053
243.9000000000 -37.8510864036
244.0000000000 -37.9297454863
244.1000000000 -38.0085381913
244.2000000000 -38.0874632455
244.3000000000 -38.1665193652
244.4000000000 -38.2457052567
244.5000000000 -38.3250196159
244.6000000000 -38.4044611293
244.7000000000 -38.4840284732
244.8000000000 -38.5637203149
244.9000000000 -38.6435353124
245.0000000000 -38.7234721148
245.1000000000 -38.8035293624
245.2000000000 -38.8837056872
245.3000000000 -38.9639997127
245.4000000000 -39.0444100547
245.5000000000 -39.1249353212
245.6000000000 -39.2055741126
245.7000000000 -39.2863250222
245.8000000000 -39.3671866362
245.9000000000 -39.4481575341
246.0000000000 -39.5292362890
246.1000000000 -39.6104214676
246.2000000000 -39.6917116309
246.3000000000 -39.7731053340
246.4000000000 -39.8546011266
246.5000000000 -39.9361975531
246.6000000000 -40.0178931533
246.7000000000 -40.0996864621
246.8000000000 -40.1815760100
246.9000000000 -40.2635603236
247.0000000000 -40.3456379253
247.1000000000 -40.4278073342
247.2000000000 -40.5100670659
247.3000000000 -40.5924156332
247.4000000000 -40.6748515457
247.5000000000 -40.7573733110
247.6000000000 -40.8399794339
247.7000000000 -40.9226684177
247.8000000000 -41.0054387637
247.9000000000 -41.0882889719
248.0000000000 -41.1712175409
248.1000000000 -41.2542229687
248.2000000000 -41.3373037524
248.3000000000 -41.4204583889
248.4000000000 -41.5036853749
248.5000000000 -41.5869832073
248.6000000000 -41.6703503832
248.7000000000 -41.7537854007
248.8000000000 -41.8372867587
248.9000000000 -41.9208529572
249.0000000000 -42.0044824977
249.1000000000 -42.0881738835
249.2000000000 -42.1719256197
249.3000000000 -42.2557362138
249.4000000000 -42.3396041758
249.5000000000 -42.4235280180
249.6000000000 -42.5075062562
249.7000000000 -42.5915374090
249.8000000000 -42.6756199988
249.9000000000 -42.7597525514
250.0000000000 -42.8439335967
250.1000000000 -42.9281616686
250.2000000000 -43.0124353057
250.3000000000 -43.0967530509
250.4000000000 -43.1811134522
250.5000000000 -43.2655150626
250.6000000000 -43.3499564405
250.7000000000 -43.4344361496
250.8000000000 -43.5189527596
250.9000000000 -43.6035048461
251.0000000000 -43.6880909909
251.1000000000 -43.7727097820
251.2000000000 -43.8573598143
251.3000000000 -43.9420396892
251.4000000000 -44.0267480153
251.5000000000 -44.1114834084
251.6000000000 -44.1962444915
251.7000000000 -44.2810298953
251.8000000000 -44.3658382584
251.9000000000 -44.4506682270
252.0000000000 -44.5355184556
252.1000000000 -44.6203876072
252.2000000000 -44.7052743529
252.3000000000 -44.7901773728
252.4000000000 -44.8750953554
252.5000000000 -44.9600269985
252.6000000000 -45.0449710089
252.7000000000 -45.1299261026
252.8000000000 -45.2148910051
252.9000000000 -45.2998644516
253.0000000000 -45.3848451867
253.1000000000 -45.4698319650
253.2000000000 -45.5548235512
253.3000000000 -45.6398187199
253.4000000000 -45.7248162562
253.5000000000 -45.8098149552
253.6000000000 -45.8948136227
253.7000000000 -45.9798110752
253.8000000000 -46.0648061396
253.9000000000 -46.1497976539
254.0000000000 -46.2347844667
254.1000000000 -46.3197654380
254.2000000000 -46.4047394385
254.3000000000 -46.4897053504
254.4000000000 -46.5746620670
254.5000000000 -46.6596084931
254.6000000000 -46.7445435447
254.7000000000 -46.8294661495
254.8000000000 -46.9143752469
254.9000000000 -46.9992697876
255.0000000000 -47.0841487343
255.1000000000 -47.1690110614
255.2000000000 -47.2538557551
255.3000000000 -47.3386818135
255.4000000000 -47.4234882465
255.5000000000 -47.5082740761
255.6000000000 -47.5930383364
255.7000000000 -47.6777800733
255.8000000000 -47.7624983449
255.9000000000 -47.8471922214
256.0000000000 -47.9318607851
256.1000000000 -48.0165031305
256.2000000000 -48.1011183641
256.3000000000 -48.1857056048
256.4000000000 -48.2702639834
256.5000000000 -48.3547926432
256.6000000000 -48.4392907395
256.7000000000 -48.5237574399
256.8000000000 -48.6081919239
256.9000000000 -48.6925933835
257.0000000000 -48.7769610227
257.1000000000 -48.8612940578
257.2000000000 -48.9455917169
257.3000000000 -49.0298532406
257.4000000000 -49.1140778813
257.5000000000 -49.1982649036
257.6000000000 -49.2824135839
257.7000000000 -49.3665232109
257.8000000000 -49.4505930849
257.9000000000 -49.5346225184
258.0000000000 -49.6186108356
258.1000000000 -49.7025573725
258.2000000000 -49.7864614770
258.3000000000 -49.8703225083
258.4000000000 -49.9541398378
258.5000000000 -50.0379128481
258.6000000000 -50.1216409335
258.7000000000 -50.2053234995
258.8000000000 -50.2889599634
258.9000000000 -50.3725497534
259.0000000000 -50.4560923092
259.1000000000 -50.5395870815
259.2000000000 -50.6230335323
259.3000000000 -50.7064311344
259.4000000000 -50.7897793716
259.5000000000 -50.8730777385
259.6000000000 -50.9563257404
259.7000000000 -51.0395228934
259.8000000000 -51.1226687240
259.9000000000 -51.2057627693
260.0000000000 -51.2888045766
260.1000000000 -51.3717937035
260.2000000000 -51.4547297178
260.3000000000 -51.5376121973
260.4000000000 -51.6204407299
260.5000000000 -51.7032149132
260.6000000000 -51.7859343544
260.7000000000 -51.8685986705
260.8000000000 -51.9512074878
260.9000000000 -52.0337604423
261.0000000000 -52.1162571789
261.1000000000 -52.1986973519
261.2000000000 -52.2810806243
261.3000000000 -52.3634066683
261.4000000000 -52.4456751646
261.5000000000 -52.5278858029
261.6000000000 -52.6100382808
261.7000000000 -52.6921323049
261.8000000000 -52.7741675897
261.9000000000 -52.8561438577
262.0000000000 -52.9380608397
262.1000000000 -53.0199182740
262.2000000000 -53.1017159068
262.3000000000 -53.1834534917
262.4000000000 -53.2651307899
262.5000000000 -53.3467475697
262.6000000000 -53.4283036066
262.7000000000 -53.5097986829
262.8000000000 -53.5912325881
262.9000000000 -53.6726051179
263.0000000000 -53.7539160750
263.1000000000 -53.8351652682
263.2000000000 -53.9163525127
263.3000000000 -53.9974776295
263.4000000000 -54.0785404459
263.5000000000 -54.1595407947
263.6000000000 -54.2404785145
263.7000000000 -54.3213534494
263.8000000000 -54.4021654485
263.9000000000 -54.4829143665
264.0000000000 -54.5636000628
264.1000000000 -54.6442224017
264.2000000000 -54.7247812524
264.3000000000 -54.8052764882
264.4000000000 -54.8857079873
264.5000000000 -54.9660756317
264.6000000000 -55.0463793077
264.7000000000 -55.1266189053
264.8000000000 -55.2067943185
264.9000000000 -55.2869054446
265.0000000000 -55.3669521845
265.1000000000 -55.4469344423
265.2000000000 -55.5268521251
265.3000000000 -55.6067051432
265.4000000000 -55.6864934094
265.5000000000 -55.7662168391
265.6000000000 -55.8458753505
265.7000000000 -55.9254688636
265.8000000000 -56.0049973010
265.9000000000 -56.0844605869
266.0000000000 -56.1638586474
266.1000000000 -56.2431914105
266.2000000000 -56.3224588054
266.3000000000 -56.4016607626
266.4000000000 -56.4807972140
266.5000000000 -56.5598680923
266.6000000000 -56.6388733312
266.7000000000 -56.7178128650
266.8000000000 -56.7966866286
266.9000000000 -56.8754945571
267.0000000000 -56.9542365860
267.1000000000 -57.0329126509
267.2000000000 -57.1115226870
267.3000000000 -57.1900666296
267.4000000000 -57.2685444135
267.5000000000 -57.3469559727
267.6000000000 -57.4253012409
267.7000000000 -57.5035801505
267.8000000000 -57.5817926332
267.9000000000 -57.6599386195
268.0000000000 -57.7380180384
268.1000000000 -57.8160308176
268.2000000000 -57.8939768832
268.3000000000 -57.9718561594
268.4000000000 -58.0496685686
268.5000000000 -58.1274140312
268.6000000000 -58.2050924653
268.7000000000 -58.2827037867
268.8000000000 -58.3602479089
268.9000000000 -58.4377247424
269.0000000000 -58.5151341954
269.1000000000 -58.5924761730
269.2000000000 -58.6697505772
269.3000000000 -58.7469573070
269.4000000000 -58.8240962581
269.5000000000 -58.9011673226
269.6000000000 -58.9781703894
269.7000000000 -59.0551053434
269.8000000000 -59.1319720660
269.9000000000 -59.2087704344
270.0000000000 -59.2855003219
270.1000000000 -59.3621615977
270.2000000000 -59.4387541266
270.3000000000 -59.5152777691
270.4000000000 -59.5917323811
270.5000000000 -59.6681178140
270.6000000000 -59.7444339144
270.7000000000 -59.8206805240
270.8000000000 -59.8968574796
270.9000000000 -59.9729646131
271.0000000000 -60.0490017510
271.1000000000 -60.1249687147
271.2000000000 -60.2008653202
271.3000000000 -60.2766913780
271.4000000000 -60.3524466932
271.5000000000 -60.4281310651
271.6000000000 -60.5037442875
271.7000000000 -60.5792861482
271.8000000000 -60.6547564291
271.9000000000 -60.7301549062
272.0000000000 -60.8054813495
272.1000000000 -60.8807355229
272.2000000000 -60.9559171838
272.3000000000 -61.0310260836
272.4000000000 -61.1060619673
272.5000000000 -61.1810245735
272.6000000000 -61.2559136343
272.7000000000 -61.3307288752
272.8000000000 -61.4054700152
272.9000000000 -61.4801367666
273.0000000000 -61.5547288350
273.1000000000 -61.6292459192
273.2000000000 -61.7036877113
273.3000000000 -61.7780538964
273.4000000000 -61.8523441528
273.5000000000 -61.9265581520
273.6000000000 -62.0006955582
273.7000000000 -62.0747560289
273.8000000000 -62.1487392144
273.9000000000 -62.2226447580
274.0000000000 -62.2964722959
274.1000000000 -62.3702214571
274.2000000000 -62.4438918637
274.3000000000 -62.5174831303
274.4000000000 -62.5909948647
274.5000000000 -62.6644266673
274.6000000000 -62.7377781314
274.7000000000 -62.8110488431
274.8000000000 -62.8842383812
274.9000000000 -62.9573463176
275.0000000000 -63.0303722166
275.1000000000 -63.1033156358
275.2000000000 -63.1761761252
275.3000000000 -63.2489532279
275.4000000000 -63.3216464797
275.5000000000 -63.3942554095
275.6000000000 -63.4667795388
275.7000000000 -63.5392183824
275.8000000000 -63.6115714476
275.9000000000 -63.6838382350
276.0000000000 -63.7560182382
276.1000000000 -63.8281109437
276.2000000000 -63.9001158311
276.3000000000 -63.9720323733
276.4000000000 -64.0438600362
276.5000000000 -64.1155982791
276.6000000000 -64.1872465542
276.7000000000 -64.2588043076
276.8000000000 -64.3302709782
276.9000000000 -64.4016459986
277.0000000000 -64.4729287951
277.1000000000 -64.5441187871
277.2000000000 -64.6152153880
277.3000000000 -64.6862180049
277.4000000000 -64.7571260383
277.5000000000 -64.8279388829
277.6000000000 -64.8986559273
277.7000000000 -64.9692765538
277.8000000000 -65.0398001392
277.9000000000 -65.1102260541
278.0000000000 -65.1805536636
278.1000000000 -65.2507823270
278.2000000000 -65.3209113981
278.3000000000 -65.3909402252
278.4000000000 -65.4608681513
278.5000000000 -65.5306945139
278.6000000000 -65.6004186456
278.7000000000 -65.6700398738
278.8000000000 -65.7395575209
278.9000000000 -65.8089709045
279.0000000000 -65.8782793374
279.1000000000 -65.9474821278
279.2000000000 -66.0165785792
279.3000000000 -66.0855679910
279.4000000000 -66.1544496581
279.5000000000 -66.2232228713
279.6000000000 -66.2918869171
279.7000000000 -66.3604410785
279.8000000000 -66.4288846343
279.9000000000 -66.4972168598
