0.0000000000 -75.2165582891
0.1000000000 -75.2583474832
0.2000000000 -75.2999622821
0.3000000000 -75.3414027060
0.4000000000 -75.3826687823
0.5000000000 -75.4237605453
0.6000000000 -75.4646780364
0.7000000000 -75.5054213040
0.8000000000 -75.5459904032
0.9000000000 -75.5863853950
1.0000000000 -75.6266063460
1.1000000000 -75.6666533261
1.2000000000 -75.7065264058
1.3000000000 -75.7462256508
1.4000000000 -75.7857511149
1.5000000000 -75.8251028281
1.6000000000 -75.8642807812
1.7000000000 -75.9032849038
1.8000000000 -75.9421150356
1.9000000000 -75.9807708903
2.0000000000 -76.0192520087
2.1000000000 -76.0575577029
2.2000000000 -76.0956869871
2.3000000000 -76.1336384960
2.4000000000 -76.1714103886
2.5000000000 -76.2090002353
2.6000000000 -76.2464048877
2.7000000000 -76.2836203282
2.8000000000 -76.3206414982
2.9000000000 -76.3574621005
3.0000000000 -76.3940743753
3.1000000000 -76.4304688429
3.2000000000 -76.4666340107
3.3000000000 -76.5025560374
3.4000000000 -76.5382183479
3.5000000000 -76.5736011900
3.6000000000 -76.6086811233
3.7000000000 -76.6434304272
3.8000000000 -76.6778164149
3.9000000000 -76.7118006346
4.0000000000 -76.7453379392
4.1000000000 -76.7783753993
4.2000000000 -76.8108510329
4.3000000000 -76.8426923181
4.4000000000 -76.8738144504
4.5000000000 -76.9041183001
4.6000000000 -76.9334880166
4.7000000000 -76.9617882187
4.8000000000 -76.9888606970
4.9000000000 -77.0145205459
5.0000000000 -77.0385516242
5.1000000000 -77.0607012298
5.2000000000 -77.0806738511
5.3000000000 -77.0981238363
5.4000000000 -77.1126467935
5.5000000000 -77.1237695035
5.6000000000 -77.1309380864
5.7000000000 -77.1335041241
5.8000000000 -77.1307083832
5.9000000000 -77.1216617272
6.0000000000 -77.1053227331
6.1000000000 -77.0804714448
6.2000000000 -77.0456785998
6.3000000000 -76.9992695514
6.4000000000 -76.9392819759
6.5000000000 -76.8634162996
6.6000000000 -76.7689776004
6.7000000000 -76.6528075277
6.8000000000 -76.5112045399
6.9000000000 -76.3398304729
7.0000000000 -76.1336011217
7.1000000000 -75.8865581339
7.2000000000 -75.5917190621
7.3000000000 -75.2409019035
7.4000000000 -74.8245198459
7.5000000000 -74.3313412170
7.6000000000 -73.7482087792
7.7000000000 -73.0597114610
7.8000000000 -72.2478002809
7.9000000000 -71.2913384392
8.0000000000 -70.1655729947
8.1000000000 -68.8415115958
8.2000000000 -67.2851811725
8.3000000000 -65.4567339077
8.4000000000 -63.3093444422
8.5000000000 -60.7878019069
8.6000000000 -57.8266236456
8.7000000000 -54.3473738391
8.8000000000 -50.2546133195
8.9000000000 -45.4294901714
9.0000000000 -39.7194284016
9.1000000000 -32.9219250716
9.2000000000 -24.7607574960
9.3000000000 -14.8575031862
9.4000000000 -2.7456215278
9.5000000000 11.7278546944
9.6000000000 26.4915838698
9.7000000000 36.0448125446
9.8000000000 38.6592688287
9.9000000000 38.3799896186
10.0000000000 37.9782146819
10.1000000000 37.8320634613
10.2000000000 37.8210702201
10.3000000000 37.8568221123
10.4000000000 37.8964966466
10.5000000000 37.9212647546
10.6000000000 37.9237791481
10.7000000000 37.9019974769
10.8000000000 37.8562019634
10.9000000000 37.7875793857
11.0000000000 37.6975624581
11.1000000000 37.5875423370
11.2000000000 37.4587600702
11.3000000000 37.3122818728
11.4000000000 37.1490112201
11.5000000000 36.9697147992
11.6000000000 36.7750514182
11.7000000000 36.5655990071
11.8000000000 36.3418778281
11.9000000000 36.1043694428
12.0000000000 35.8535316405
12.1000000000 35.5898097935
12.2000000000 35.3136451771
12.3000000000 35.0254807815
12.4000000000 34.7257650895
12.5000000000 34.4149542358
12.6000000000 34.0935128972
12.7000000000 33.7619142141
12.8000000000 33.4206389858
12.9000000000 33.0701743458
13.0000000000 32.7110120825
13.1000000000 32.3436467406
13.2000000000 31.9685736122
13.3000000000 31.5862867033
13.4000000000 31.1972767425
13.5000000000 30.8020292819
13.6000000000 30.4010229285
13.7000000000 29.9947277310
13.8000000000 29.5836037385
13.9000000000 29.1680997397
14.0000000000 28.7486521864
14.1000000000 28.3256842969
14.2000000000 27.8996053357
14.3000000000 27.4708100588
14.4000000000 27.0396783146
14.5000000000 26.6065747878
14.6000000000 26.1718488732
14.7000000000 25.7358346661
14.8000000000 25.2988510559
14.9000000000 24.8612019089
15.0000000000 24.4231763289
15.1000000000 23.9850489821
15.2000000000 23.5470804765
15.3000000000 23.1095177837
15.4000000000 22.6725946949
15.5000000000 22.2365323025
15.6000000000 21.8015394978
15.7000000000 21.3678134800
15.8000000000 20.9355402693
15.9000000000 20.5048952194
16.0000000000 20.0760435237
16.1000000000 19.6491407139
16.2000000000 19.2243331445
16.3000000000 18.8017584633
16.4000000000 18.3815460646
16.5000000000 17.9638175238
16.6000000000 17.5486870118
16.7000000000 17.1362616893
16.8000000000 16.7266420793
16.9000000000 16.3199224185
17.0000000000 15.9161909878
17.1000000000 15.5155304209
17.2000000000 15.1180179929
17.3000000000 14.7237258889
17.4000000000 14.3327214528
17.5000000000 13.9450674184
17.6000000000 13.5608221216
17.7000000000 13.1800396978
17.8000000000 12.8027702619
17.9000000000 12.4290600750
18.0000000000 12.0589516967
18.1000000000 11.6924841256
18.2000000000 11.3296929279
18.3000000000 10.9706103558
18.4000000000 10.6152654567
18.5000000000 10.2636841735
18.6000000000 9.9158894382
18.7000000000 9.5719012582
18.8000000000 9.2317367979
18.9000000000 8.8954104544
19.0000000000 8.5629339301
19.1000000000 8.2343163010
19.2000000000 7.9095640836
19.3000000000 7.5886812985
19.4000000000 7.2716695328
19.5000000000 6.9585280020
19.6000000000 6.6492536108
19.7000000000 6.3438410138
19.8000000000 6.0422826758
19.9000000000 5.7445689338
20.0000000000 5.4506880579
20.1000000000 5.1606263141
20.2000000000 4.8743680280
20.3000000000 4.5918956482
20.4000000000 4.3131898126
20.5000000000 4.0382294140
20.6000000000 3.7669916679
20.7000000000 3.4994521803
20.8000000000 3.2355850170
20.9000000000 2.9753627734
21.0000000000 2.7187566448
21.1000000000 2.4657364973
21.2000000000 2.2162709391
21.3000000000 1.9703273916
21.4000000000 1.7278721609
21.5000000000 1.4888705090
21.6000000000 1.2532867241
21.7000000000 1.0210841914
21.8000000000 0.7922254620
21.9000000000 0.5666723219
22.0000000000 0.3443858595
22.1000000000 0.1253265316
22.2000000000 -0.0905457710
22.3000000000 -0.3032716606
22.4000000000 -0.5128921900
22.5000000000 -0.7194487927
22.6000000000 -0.9229832243
22.7000000000 -1.1235375059
22.8000000000 -1.3211538694
22.9000000000 -1.5158747051
23.0000000000 -1.7077425110
23.1000000000 -1.8967998445
23.2000000000 -2.0830892761
23.3000000000 -2.2666533451
23.4000000000 -2.4475345177
23.5000000000 -2.6257751475
23.6000000000 -2.8014174372
23.7000000000 -2.9745034038
23.8000000000 -3.1450748444
23.9000000000 -3.3131733055
24.0000000000 -3.4788400533
24.1000000000 -3.6421160463
24.2000000000 -3.8030419102
24.3000000000 -3.9616579139
24.4000000000 -4.1180039484
24.5000000000 -4.2721195063
24.6000000000 -4.4240436640
24.7000000000 -4.5738150648
24.8000000000 -4.7214719042
24.9000000000 -4.8670519161
25.0000000000 -5.0105923611
25.1000000000 -5.1521300158
25.2000000000 -5.2917011631
25.3000000000 -5.4293415846
25.4000000000 -5.5650865537
25.5000000000 -5.6989708294
25.6000000000 -5.8310286520
25.7000000000 -5.9612937395
25.8000000000 -6.0897992844
25.9000000000 -6.2165779522
26.0000000000 -6.3416618805
26.1000000000 -6.4650826782
26.2000000000 -6.5868714264
26.3000000000 -6.7070586798
26.4000000000 -6.8256744676
26.5000000000 -6.9427482968
26.6000000000 -7.0583091543
26.7000000000 -7.1723855111
26.8000000000 -7.2850053252
26.9000000000 -7.3961960466
27.0000000000 -7.5059846216
27.1000000000 -7.6143974976
27.2000000000 -7.7214606289
27.3000000000 -7.8271994815
27.4000000000 -7.9316390398
27.5000000000 -8.0348038117
27.6000000000 -8.1367178355
27.7000000000 -8.2374046861
27.8000000000 -8.3368874814
27.9000000000 -8.4351888890
28.0000000000 -8.5323311332
28.1000000000 -8.6283360016
28.2000000000 -8.7232248521
28.3000000000 -8.8170186202
28.4000000000 -8.9097378255
28.5000000000 -9.0014025792
28.6000000000 -9.0920325910
28.7000000000 -9.1816471760
28.8000000000 -9.2702652622
28.9000000000 -9.3579053972
29.0000000000 -9.4445857554
29.1000000000 -9.5303241448
29.2000000000 -9.6151380142
29.3000000000 -9.6990444598
29.4000000000 -9.7820602323
29.5000000000 -9.8642017434
29.6000000000 -9.9454850728
29.7000000000 -10.0259259746
29.8000000000 -10.1055398837
29.9000000000 -10.1843419228
30.0000000000 -10.2623469082
30.1000000000 -10.3395693565
30.2000000000 -10.4160234906
30.3000000000 -10.4917232457
30.4000000000 -10.5666822757
30.5000000000 -10.6409139587
30.6000000000 -10.7144314032
30.7000000000 -10.7872474533
30.8000000000 -10.8593746951
30.9000000000 -10.9308254615
31.0000000000 -11.0016118380
31.1000000000 -11.0717456678
31.2000000000 -11.1412385575
31.3000000000 -11.2101018817
31.4000000000 -11.2783467881
31.5000000000 -11.3459842030
31.6000000000 -11.4130248354
31.7000000000 -11.4794791821
31.8000000000 -11.5453575323
31.9000000000 -11.6106699724
32.0000000000 -11.6754263899
32.1000000000 -11.7396364782
32.2000000000 -11.8033097409
32.3000000000 -11.8664554956
32.4000000000 -11.9290828785
32.5000000000 -11.9912008478
32.6000000000 -12.0528181883
32.7000000000 -12.1139435147
32.8000000000 -12.1745852756
32.9000000000 -12.2347517571
33.0000000000 -12.2944510865
33.1000000000 -12.3536912356
33.2000000000 -12.4124800242
33.3000000000 -12.4708251236
33.4000000000 -12.5287340597
33.5000000000 -12.5862142164
33.6000000000 -12.6432728383
33.7000000000 -12.6999170345
33.8000000000 -12.7561537807
33.9000000000 -12.8119899230
34.0000000000 -12.8674321800
34.1000000000 -12.9224871461
34.2000000000 -12.9771612940
34.3000000000 -13.0314609773
34.4000000000 -13.0853924335
34.5000000000 -13.1389617860
34.6000000000 -13.1921750469
34.7000000000 -13.2450381195
34.8000000000 -13.2975568002
34.9000000000 -13.3497367816
35.0000000000 -13.4015836540
35.1000000000 -13.4531029081
35.2000000000 -13.5042999367
35.3000000000 -13.5551800375
35.4000000000 -13.6057484144
35.5000000000 -13.6560101800
35.6000000000 -13.7059703575
35.7000000000 -13.7556338825
35.8000000000 -13.8050056048
35.9000000000 -13.8540902904
36.0000000000 -13.9028926235
36.1000000000 -13.9514172076
36.2000000000 -13.9996685678
36.3000000000 -14.0476511522
36.4000000000 -14.0953693338
36.5000000000 -14.1428274117
36.6000000000 -14.1900296127
36.7000000000 -14.2369800933
36.8000000000 -14.2836829407
36.9000000000 -14.3301421744
37.0000000000 -14.3763617474
37.1000000000 -14.4223455483
37.2000000000 -14.4680974017
37.3000000000 -14.5136210702
37.4000000000 -14.5589202554
37.5000000000 -14.6039985993
37.6000000000 -14.6488596853
37.7000000000 -14.6935070399
37.8000000000 -14.7379441333
37.9000000000 -14.7821743808
38.0000000000 -14.8262011441
38.1000000000 -14.8700277320
38.2000000000 -14.9136574020
38.3000000000 -14.9570933609
38.4000000000 -15.0003387659
38.5000000000 -15.0433967259
38.6000000000 -15.0862703022
38.7000000000 -15.1289625095
38.8000000000 -15.1714763170
38.9000000000 -15.2138146490
39.0000000000 -15.2559803862
39.1000000000 -15.2979763664
39.2000000000 -15.3398053851
39.3000000000 -15.3814701968
39.4000000000 -15.4229735155
39.5000000000 -15.4643180157
39.6000000000 -15.5055063331
39.7000000000 -15.5465410652
39.8000000000 -15.5874247724
39.9000000000 -15.6281599785
40.0000000000 -15.6687491714
40.1000000000 -15.7091948040
40.2000000000 -15.7494992947
40.3000000000 -15.7896650282
40.4000000000 -15.8296943561
40.5000000000 -15.8695895974
40.6000000000 -15.9093530396
40.7000000000 -15.9489869387
40.8000000000 -15.9884935204
40.9000000000 -16.0278749801
41.0000000000 -16.0671334840
41.1000000000 -16.1062711695
41.2000000000 -16.1452901455
41.3000000000 -16.1841924934
41.4000000000 -16.2229802672
41.5000000000 -16.2616554944
41.6000000000 -16.3002201762
41.7000000000 -16.3386762882
41.8000000000 -16.3770257808
41.9000000000 -16.4152705796
42.0000000000 -16.4534125863
42.1000000000 -16.4914536785
42.2000000000 -16.5293957106
42.3000000000 -16.5672405143
42.4000000000 -16.6049898985
42.5000000000 -16.6426456506
42.6000000000 -16.6802095360
42.7000000000 -16.7176832990
42.8000000000 -16.7550686633
42.9000000000 -16.7923673321
43.0000000000 -16.8295809886
43.1000000000 -16.8667112963
43.2000000000 -16.9037598995
43.3000000000 -16.9407284239
43.4000000000 -16.9776184761
43.5000000000 -17.0144316449
43.6000000000 -17.0511695013
43.7000000000 -17.0878335985
43.8000000000 -17.1244254727
43.9000000000 -17.1609466433
44.0000000000 -17.1973986129
44.1000000000 -17.2337828683
44.2000000000 -17.2701008798
44.3000000000 -17.3063541026
44.4000000000 -17.3425439763
44.5000000000 -17.3786719253
44.6000000000 -17.4147393596
44.7000000000 -17.4507476744
44.8000000000 -17.4866982509
44.9000000000 -17.5225924560
45.0000000000 -17.5584316434
45.1000000000 -17.5942171529
45.2000000000 -17.6299503113
45.3000000000 -17.6656324325
45.4000000000 -17.7012648177
45.5000000000 -17.7368487554
45.6000000000 -17.7723855223
45.7000000000 -17.8078763826
45.8000000000 -17.8433225890
45.9000000000 -17.8787253828
46.0000000000 -17.9140859936
46.1000000000 -17.9494056401
46.2000000000 -17.9846855300
46.3000000000 -18.0199268604
46.4000000000 -18.0551308176
46.5000000000 -18.0902985780
46.6000000000 -18.1254313076
46.7000000000 -18.1605301626
46.8000000000 -18.1955962892
46.9000000000 -18.2306308245
47.0000000000 -18.2656348958
47.1000000000 -18.3006096214
47.2000000000 -18.3355561107
47.3000000000 -18.3704754639
47.4000000000 -18.4053687729
47.5000000000 -18.4402371208
47.6000000000 -18.4750815825
47.7000000000 -18.5099032248
47.8000000000 -18.5447031061
47.9000000000 -18.5794822774
48.0000000000 -18.6142417815
48.1000000000 -18.6489826541
48.2000000000 -18.6837059230
48.3000000000 -18.7184126092
48.4000000000 -18.7531037261
48.5000000000 -18.7877802804
48.6000000000 -18.8224432719
48.7000000000 -18.8570936934
48.8000000000 -18.8917325316
48.9000000000 -18.9263607662
49.0000000000 -18.9609793710
49.1000000000 -18.9955893133
49.2000000000 -19.0301915545
49.3000000000 -19.0647870499
49.4000000000 -19.0993767491
49.5000000000 -19.1339615957
49.6000000000 -19.1685425281
49.7000000000 -19.2031204789
49.8000000000 -19.2376963754
49.9000000000 -19.2722711397
50.0000000000 -19.3068456887
50.1000000000 -19.3414209341
50.2000000000 -19.3759977829
50.3000000000 -19.4105771371
50.4000000000 -19.4451598941
50.5000000000 -19.4797469464
50.6000000000 -19.5143391822
50.7000000000 -19.5489374852
50.8000000000 -19.5835427347
50.9000000000 -19.6181558059
51.0000000000 -19.6527775695
51.1000000000 -19.6874088925
51.2000000000 -19.7220506377
51.3000000000 -19.7567036641
51.4000000000 -19.7913688270
51.5000000000 -19.8260469776
51.6000000000 -19.8607389640
51.7000000000 -19.8954456303
51.8000000000 -19.9301678173
51.9000000000 -19.9649063626
52.0000000000 -19.9996621001
52.1000000000 -20.0344358608
52.2000000000 -20.0692284724
52.3000000000 -20.1040407596
52.4000000000 -20.1388735439
52.5000000000 -20.1737276441
52.6000000000 -20.2086038761
52.7000000000 -20.2435030529
52.8000000000 -20.2784259849
52.9000000000 -20.3133734797
53.0000000000 -20.3483463424
53.1000000000 -20.3833453757
53.2000000000 -20.4183713797
53.3000000000 -20.4534251521
53.4000000000 -20.4885074883
53.5000000000 -20.5236191816
53.6000000000 -20.5587610228
53.7000000000 -20.5939338008
53.8000000000 -20.6291383024
53.9000000000 -20.6643753122
54.0000000000 -20.6996456129
54.1000000000 -20.7349499855
54.2000000000 -20.7702892088
54.3000000000 -20.8056640600
54.4000000000 -20.8410753146
54.5000000000 -20.8765237463
54.6000000000 -20.9120101271
54.7000000000 -20.9475352276
54.8000000000 -20.9830998166
54.9000000000 -21.0187046617
55.0000000000 -21.0543505287
55.1000000000 -21.0900381823
55.2000000000 -21.1257683858
55.3000000000 -21.1615419010
55.4000000000 -21.1973594885
55.5000000000 -21.2332219079
55.6000000000 -21.2691299174
55.7000000000 -21.3050842740
55.8000000000 -21.3410857339
55.9000000000 -21.3771350519
56.0000000000 -21.4132329820
56.1000000000 -21.4493802772
56.2000000000 -21.4855776895
56.3000000000 -21.5218259699
56.4000000000 -21.5581258689
56.5000000000 -21.5944781357
56.6000000000 -21.6308835190
56.7000000000 -21.6673427666
56.8000000000 -21.7038566257
56.9000000000 -21.7404258427
57.0000000000 -21.7770511633
57.1000000000 -21.8137333328
57.2000000000 -21.8504730955
57.3000000000 -21.8872711954
57.4000000000 -21.9241283759
57.5000000000 -21.9610453800
57.6000000000 -21.9980229498
57.7000000000 -22.0350618275
57.8000000000 -22.0721627543
57.9000000000 -22.1093264714
58.0000000000 -22.1465537194
58.1000000000 -22.1838452385
58.2000000000 -22.2212017688
58.3000000000 -22.2586240497
58.4000000000 -22.2961128207
58.5000000000 -22.3336688206
58.6000000000 -22.3712927882
58.7000000000 -22.4089854620
58.8000000000 -22.4467475803
58.9000000000 -22.4845798810
59.0000000000 -22.5224831021
59.1000000000 -22.5604579811
59.2000000000 -22.5985052556
59.3000000000 -22.6366256629
59.4000000000 -22.6748199402
59.5000000000 -22.7130888244
59.6000000000 -22.7514330527
59.7000000000 -22.7898533617
59.8000000000 -22.8283504882
59.9000000000 -22.8669251689
60.0000000000 -22.9055781403
60.1000000000 -22.9443101390
60.2000000000 -22.9831219013
60.3000000000 -23.0220141635
60.4000000000 -23.0609876621
60.5000000000 -23.1000431333
60.6000000000 -23.1391813132
60.7000000000 -23.1784029381
60.8000000000 -23.2177087440
60.9000000000 -23.2570994671
61.0000000000 -23.2965758433
61.1000000000 -23.3361386088
61.2000000000 -23.3757884994
61.3000000000 -23.4155262511
61.4000000000 -23.4553525996
61.5000000000 -23.4952682809
61.6000000000 -23.5352740307
61.7000000000 -23.5753705847
61.8000000000 -23.6155586784
61.9000000000 -23.6558390475
62.0000000000 -23.6962124274
62.1000000000 -23.7366795534
62.2000000000 -23.7772411609
62.3000000000 -23.8178979850
62.4000000000 -23.8586507606
62.5000000000 -23.8995002227
62.6000000000 -23.9404471061
62.7000000000 -23.9814921452
62.8000000000 -24.0226360744
62.9000000000 -24.0638796280
63.0000000000 -24.1052235399
63.1000000000 -24.1466685439
63.2000000000 -24.1882153733
63.3000000000 -24.2298647614
63.4000000000 -24.2716174412
63.5000000000 -24.3134741451
63.6000000000 -24.3554356056
63.7000000000 -24.3975025543
63.8000000000 -24.4396757230
63.9000000000 -24.4819558426
64.0000000000 -24.5243436438
64.1000000000 -24.5668398567
64.2000000000 -24.6094452112
64.3000000000 -24.6521604362
64.4000000000 -24.6949862604
64.5000000000 -24.7379234119
64.6000000000 -24.7809726180
64.7000000000 -24.8241346055
64.8000000000 -24.8674101003
64.9000000000 -24.9107998278
65.0000000000 -24.9543045126
65.1000000000 -24.9979248784
65.2000000000 -25.0416616481
65.3000000000 -25.0855155437
65.4000000000 -25.1294872864
65.5000000000 -25.1735775963
65.6000000000 -25.2177871925
65.7000000000 -25.2621167932
65.8000000000 -25.3065671152
65.9000000000 -25.3511388745
66.0000000000 -25.3958327857
66.1000000000 -25.4406495622
66.2000000000 -25.4855899161
66.3000000000 -25.5306545584
66.4000000000 -25.5758441982
66.5000000000 -25.6211595437
66.6000000000 -25.6666013012
66.7000000000 -25.7121701756
66.8000000000 -25.7578668704
66.9000000000 -25.8036920870
67.0000000000 -25.8496465253
67.1000000000 -25.8957308836
67.2000000000 -25.9419458580
67.3000000000 -25.9882921430
67.4000000000 -26.0347704309
67.5000000000 -26.0813814121
67.6000000000 -26.1281257748
67.7000000000 -26.1750042051
67.8000000000 -26.2220173869
67.9000000000 -26.2691660018
68.0000000000 -26.3164507289
68.1000000000 -26.3638722451
68.2000000000 -26.4114312244
68.3000000000 -26.4591283386
68.4000000000 -26.5069642566
68.5000000000 -26.5549396447
68.6000000000 -26.6030551664
68.7000000000 -26.6513114821
68.8000000000 -26.6997092495
68.9000000000 -26.7482491231
69.0000000000 -26.7969317542
69.1000000000 -26.8457577911
69.2000000000 -26.8947278788
69.3000000000 -26.9438426586
69.4000000000 -26.9931027687
69.5000000000 -27.0425088435
69.6000000000 -27.0920615141
69.7000000000 -27.1417614074
69.8000000000 -27.1916091469
69.9000000000 -27.2416053521
70.0000000000 -27.2917506383
70.1000000000 -27.3420456169
70.2000000000 -27.3924908952
70.3000000000 -27.4430870760
70.4000000000 -27.4938347580
70.5000000000 -27.5447345351
70.6000000000 -27.5957869969
70.7000000000 -27.6469927283
70.8000000000 -27.6983523095
70.9000000000 -27.7498663156
71.0000000000 -27.8015353169
71.1000000000 -27.8533598788
71.2000000000 -27.9053405612
71.3000000000 -27.9574779191
71.4000000000 -28.0097725018
71.5000000000 -28.0622248533
71.6000000000 -28.1148355121
71.7000000000 -28.1676050108
71.8000000000 -28.2205338764
71.9000000000 -28.2736226299
72.0000000000 -28.3268717863
72.1000000000 -28.3802818545
72.2000000000 -28.4338533372
72.3000000000 -28.4875867307
72.4000000000 -28.5414825248
72.5000000000 -28.5955412030
72.6000000000 -28.6497632419
72.7000000000 -28.7041491112
72.8000000000 -28.7586992741
72.9000000000 -28.8134141863
73.0000000000 -28.8682942969
73.1000000000 -28.9233400473
73.2000000000 -28.9785518718
73.3000000000 -29.0339301971
73.4000000000 -29.0894754424
73.5000000000 -29.1451880191
73.6000000000 -29.2010683309
73.7000000000 -29.2571167736
73.8000000000 -29.3133337347
73.9000000000 -29.3697195937
74.0000000000 -29.4262747218
74.1000000000 -29.4829994819
74.2000000000 -29.5398942281
74.3000000000 -29.5969593061
74.4000000000 -29.6541950528
74.5000000000 -29.7116017961
74.6000000000 -29.7691798551
74.7000000000 -29.8269295397
74.8000000000 -29.8848511505
74.9000000000 -29.9429449788
75.0000000000 -30.0012113066
75.1000000000 -30.0596504062
75.2000000000 -30.1182625400
75.3000000000 -30.1770479611
75.4000000000 -30.2360069121
75.5000000000 -30.2951396261
75.6000000000 -30.3544463256
75.7000000000 -30.4139272232
75.8000000000 -30.4735825210
75.9000000000 -30.5334124104
76.0000000000 -30.5934170725
76.1000000000 -30.6535966776
76.2000000000 -30.7139513851
76.3000000000 -30.7744813436
76.4000000000 -30.8351866906
76.5000000000 -30.8960675524
76.6000000000 -30.9571240443
76.7000000000 -31.0183562698
76.8000000000 -31.0797643215
76.9000000000 -31.1413482799
77.0000000000 -31.2031082142
77.1000000000 -31.2650441818
77.2000000000 -31.3271562281
77.3000000000 -31.3894443866
77.4000000000 -31.4519086789
77.5000000000 -31.5145491141
77.6000000000 -31.5773656895
77.7000000000 -31.6403583896
77.8000000000 -31.7035271870
77.9000000000 -31.7668720413
78.0000000000 -31.8303928998
78.1000000000 -31.8940896970
78.2000000000 -31.9579623548
78.3000000000 -32.0220107819
78.4000000000 -32.0862348744
78.5000000000 -32.1506345153
78.6000000000 -32.2152095746
78.7000000000 -32.2799599089
78.8000000000 -32.3448853618
78.9000000000 -32.4099857635
79.0000000000 -32.4752609310
79.1000000000 -32.5407106677
79.2000000000 -32.6063347636
79.3000000000 -32.6721329952
79.4000000000 -32.7381051252
79.5000000000 -32.8042509029
79.6000000000 -32.8705700637
79.7000000000 -32.9370623293
79.8000000000 -33.0037274078
79.9000000000 -33.0705649930
80.0000000000 -33.1375747653
80.1000000000 -33.2047563908
80.2000000000 -33.2721095219
80.3000000000 -33.3396337968
80.4000000000 -33.4073288398
80.5000000000 -33.4751942611
80.6000000000 -33.5432296568
80.7000000000 -33.6114346089
80.8000000000 -33.6798086854
80.9000000000 -33.7483514399
81.0000000000 -33.8170624122
81.1000000000 -33.8859411277
81.2000000000 -33.9549870977
81.3000000000 -34.0241998193
81.4000000000 -34.0935787756
81.5000000000 -34.1631234353
81.6000000000 -34.2328332530
81.7000000000 -34.3027076695
81.8000000000 -34.3727461109
81.9000000000 -34.4429479897
82.0000000000 -34.5133127040
82.1000000000 -34.5838396380
82.2000000000 -34.6545281617
82.3000000000 -34.7253776313
82.4000000000 -34.7963873888
82.5000000000 -34.8675567626
82.6000000000 -34.9388850668
82.7000000000 -35.0103716019
82.8000000000 -35.0820156547
82.9000000000 -35.1538164979
83.0000000000 -35.2257733908
83.1000000000 -35.2978855791
83.2000000000 -35.3701522947
83.3000000000 -35.4425727562
83.4000000000 -35.5151461687
83.5000000000 -35.5878717239
83.6000000000 -35.6607486003
83.7000000000 -35.7337759632
83.8000000000 -35.8069529647
83.9000000000 -35.8802787440
84.0000000000 -35.9537524272
84.1000000000 -36.0273731278
84.2000000000 -36.1011399463
84.3000000000 -36.1750519707
84.4000000000 -36.2491082766
84.5000000000 -36.3233079269
84.6000000000 -36.3976499724
84.7000000000 -36.4721334516
84.8000000000 -36.5467573909
84.9000000000 -36.6215208050
85.0000000000 -36.6964226964
85.1000000000 -36.7714620561
85.2000000000 -36.8466378636
85.3000000000 -36.9219490870
85.4000000000 -36.9973946828
85.5000000000 -37.0729735967
85.6000000000 -37.1486847633
85.7000000000 -37.2245271063
85.8000000000 -37.3004995386
85.9000000000 -37.3766009629
86.0000000000 -37.4528302712
86.1000000000 -37.5291863453
86.2000000000 -37.6056680571
86.3000000000 -37.6822742685
86.4000000000 -37.7590038318
86.5000000000 -37.8358555895
86.6000000000 -37.9128283749
86.7000000000 -37.9899210121
86.8000000000 -38.0671323161
86.9000000000 -38.1444610931
87.0000000000 -38.2219061407
87.1000000000 -38.2994662480
87.2000000000 -38.3771401957
87.3000000000 -38.4549267566
87.4000000000 -38.5328246956
87.5000000000 -38.6108327697
87.6000000000 -38.6889497286
87.7000000000 -38.7671743147
87.8000000000 -38.8455052631
87.9000000000 -38.9239413023
88.0000000000 -39.0024811539
88.1000000000 -39.0811235331
88.2000000000 -39.1598671488
88.3000000000 -39.2387107039
88.4000000000 -39.3176528953
88.5000000000 -39.3966924146
88.6000000000 -39.4758279476
88.7000000000 -39.5550581751
88.8000000000 -39.6343817729
88.9000000000 -39.7137974120
89.0000000000 -39.7933037588
89.1000000000 -39.8728994755
89.2000000000 -39.9525832201
89.3000000000 -40.0323536467
89.4000000000 -40.1122094058
89.5000000000 -40.1921491445
89.6000000000 -40.2721715064
89.7000000000 -40.3522751326
89.8000000000 -40.4324586609
89.9000000000 -40.5127207270
90.0000000000 -40.5930599640
90.1000000000 -40.6734750031
90.2000000000 -40.7539644733
90.3000000000 -40.8345270024
90.4000000000 -40.9151612164
90.5000000000 -40.9958657404
90.6000000000 -41.0766391983
90.7000000000 -41.1574802133
90.8000000000 -41.2383874083
90.9000000000 -41.3193594056
91.0000000000 -41.4003948276
91.1000000000 -41.4814922967
91.2000000000 -41.5626504358
91.3000000000 -41.6438678683
91.4000000000 -41.7251432185
91.5000000000 -41.8064751116
91.6000000000 -41.8878621741
91.7000000000 -41.9693030340
91.8000000000 -42.0507963209
91.9000000000 -42.1323406663
92.0000000000 -42.2139347038
92.1000000000 -42.2955770693
92.2000000000 -42.3772664011
92.3000000000 -42.4590013406
92.4000000000 -42.5407805316
92.5000000000 -42.6226026215
92.6000000000 -42.7044662607
92.7000000000 -42.7863701033
92.8000000000 -42.8683128072
92.9000000000 -42.9502930341
93.0000000000 -43.0323094498
93.1000000000 -43.1143607245
93.2000000000 -43.1964455329
93.3000000000 -43.2785625545
93.4000000000 -43.3607104735
93.5000000000 -43.4428879793
93.6000000000 -43.5250937664
93.7000000000 -43.6073265350
93.8000000000 -43.6895849907
93.9000000000 -43.7718678448
94.0000000000 -43.8541738148
94.1000000000 -43.9365016243
94.2000000000 -44.0188500030
94.3000000000 -44.1012176872
94.4000000000 -44.1836034197
94.5000000000 -44.2660059503
94.6000000000 -44.3484240355
94.7000000000 -44.4308564390
94.8000000000 -44.5133019318
94.9000000000 -44.5957592921
95.0000000000 -44.6782273059
95.1000000000 -44.7607047665
95.2000000000 -44.8431904753
95.3000000000 -44.9256832417
95.4000000000 -45.0081818829
95.5000000000 -45.0906852245
95.6000000000 -45.1731921005
95.7000000000 -45.2557013531
95.8000000000 -45.3382118334
95.9000000000 -45.4207224010
96.0000000000 -45.5032319243
96.1000000000 -45.5857392808
96.2000000000 -45.6682433569
96.3000000000 -45.7507430481
96.4000000000 -45.8332372593
96.5000000000 -45.9157249046
96.6000000000 -45.9982049077
96.7000000000 -46.0806762016
96.8000000000 -46.1631377291
96.9000000000 -46.2455884426
97.0000000000 -46.3280273045
97.1000000000 -46.4104532868
97.2000000000 -46.4928653716
97.3000000000 -46.5752625509
97.4000000000 -46.6576438270
97.5000000000 -46.7400082122
97.6000000000 -46.8223547290
97.7000000000 -46.9046824104
97.8000000000 -46.9869902993
97.9000000000 -47.0692774496
98.0000000000 -47.1515429251
98.1000000000 -47.2337858004
98.2000000000 -47.3160051606
98.3000000000 -47.3982001012
98.4000000000 -47.4803697287
98.5000000000 -47.5625131599
98.6000000000 -47.6446295223
98.7000000000 -47.7267179545
98.8000000000 -47.8087776054
98.9000000000 -47.8908076349
99.0000000000 -47.9728072137
99.1000000000 -48.0547755232
99.2000000000 -48.1367117558
99.3000000000 -48.2186151144
99.4000000000 -48.3004848133
99.5000000000 -48.3823200770
99.6000000000 -48.4641201414
99.7000000000 -48.5458842530
99.8000000000 -48.6276116691
99.9000000000 -48.7093016581
100.0000000000 -48.7909534989
100.1000000000 -48.8725664816
100.2000000000 -48.9541399068
100.3000000000 -49.0356730862
100.4000000000 -49.1171653419
100.5000000000 -49.1986160072
100.6000000000 -49.2800244257
100.7000000000 -49.3613899522
100.8000000000 -49.4427119517
100.9000000000 -49.5239898001
101.0000000000 -49.6052228840
101.1000000000 -49.6864106004
101.2000000000 -49.7675523569
101.3000000000 -49.8486475716
101.4000000000 -49.9296956732
101.5000000000 -50.0106961005
101.6000000000 -50.0916483029
101.7000000000 -50.1725517402
101.8000000000 -50.2534058821
101.9000000000 -50.3342102089
102.0000000000 -50.4149642108
102.1000000000 -50.4956673882
102.2000000000 -50.5763192515
102.3000000000 -50.6569193211
102.4000000000 -50.7374671271
102.5000000000 -50.8179622097
102.6000000000 -50.8984041189
102.7000000000 -50.9787924140
102.8000000000 -51.0591266643
102.9000000000 -51.1394064484
103.0000000000 -51.2196313547
103.1000000000 -51.2998009806
103.2000000000 -51.3799149330
103.3000000000 -51.4599728280
103.4000000000 -51.5399742909
103.5000000000 -51.6199189559
103.6000000000 -51.6998064663
103.7000000000 -51.7796364743
103.8000000000 -51.8594086408
103.9000000000 -51.9391226354
104.0000000000 -52.0187781363
104.1000000000 -52.0983748304
104.2000000000 -52.1779124127
104.3000000000 -52.2573905867
104.4000000000 -52.3368090641
104.5000000000 -52.4161675648
104.6000000000 -52.4954658164
104.7000000000 -52.5747035547
104.8000000000 -52.6538805233
104.9000000000 -52.7329964734
105.0000000000 -52.8120511636
105.1000000000 -52.8910443605
105.2000000000 -52.9699758375
105.3000000000 -53.0488453757
105.4000000000 -53.1276527630
105.5000000000 -53.2063977947
105.6000000000 -53.2850802727
105.7000000000 -53.3637000059
105.8000000000 -53.4422568099
105.9000000000 -53.5207505066
106.0000000000 -53.5991809248
106.1000000000 -53.6775478994
106.2000000000 -53.7558512714
106.3000000000 -53.8340908881
106.4000000000 -53.9122666027
106.5000000000 -53.9903782744
106.6000000000 -54.0684257678
106.7000000000 -54.1464089535
106.8000000000 -54.2243277074
106.9000000000 -54.3021819108
107.0000000000 -54.3799714501
107.1000000000 -54.4576962170
107.2000000000 -54.5353561082
107.3000000000 -54.6129510250
107.4000000000 -54.6904808739
107.5000000000 -54.7679455655
107.6000000000 -54.8453450151
107.7000000000 -54.9226791425
107.8000000000 -54.9999478715
107.9000000000 -55.0771511300
108.0000000000 -55.1542888501
108.1000000000 -55.2313609674
108.2000000000 -55.3083674213
108.3000000000 -55.3853081550
108.4000000000 -55.4621831148
108.5000000000 -55.5389922506
108.6000000000 -55.6157355153
108.7000000000 -55.6924128648
108.8000000000 -55.7690242582
108.9000000000 -55.8455696569
109.0000000000 -55.9220490254
109.1000000000 -55.9984623306
109.2000000000 -56.0748095416
109.3000000000 -56.1510906299
109.4000000000 -56.2273055691
109.5000000000 -56.3034543349
109.6000000000 -56.3795369046
109.7000000000 -56.4555532574
109.8000000000 -56.5315033741
109.9000000000 -56.6073872369
110.0000000000 -56.6832048294
110.1000000000 -56.7589561363
110.2000000000 -56.8346411435
110.3000000000 -56.9102598376
110.4000000000 -56.9858122063
110.5000000000 -57.0612982379
110.6000000000 -57.1367179210
110.7000000000 -57.2120712449
110.8000000000 -57.2873581991
110.9000000000 -57.3625787734
111.0000000000 -57.4377329572
111.1000000000 -57.5128207404
111.2000000000 -57.5878421122
111.3000000000 -57.6627970616
111.4000000000 -57.7376855773
111.5000000000 -57.8125076472
111.6000000000 -57.8872632585
111.7000000000 -57.9619523977
111.8000000000 -58.0365750500
111.9000000000 -58.1111311999
112.0000000000 -58.1856208305
112.1000000000 -58.2600439234
112.2000000000 -58.3344004591
112.3000000000 -58.4086904163
112.4000000000 -58.4829137720
112.5000000000 -58.5570705014
112.6000000000 -58.6311605778
112.7000000000 -58.7051839725
112.8000000000 -58.7791406545
112.9000000000 -58.8530305907
113.0000000000 -58.9268537455
113.1000000000 -59.0006100807
113.2000000000 -59.0742995557
113.3000000000 -59.1479221272
113.4000000000 -59.2214777487
113.5000000000 -59.2949663712
113.6000000000 -59.3683879423
113.7000000000 -59.4417424068
113.8000000000 -59.5150297060
113.9000000000 -59.5882497778
114.0000000000 -59.6614025568
114.1000000000 -59.7344879740
114.2000000000 -59.8075059566
114.3000000000 -59.8804564284
114.4000000000 -59.9533393089
114.5000000000 -60.0261545140
114.6000000000 -60.0989019553
114.7000000000 -60.1715815405
114.8000000000 -60.2441931729
114.9000000000 -60.3167367515
115.0000000000 -60.3892121711
115.1000000000 -60.4616193217
115.2000000000 -60.5339580890
115.3000000000 -60.6062283540
115.4000000000 -60.6784299928
115.5000000000 -60.7505628769
115.6000000000 -60.8226268727
115.7000000000 -60.8946218418
115.8000000000 -60.9665476408
115.9000000000 -61.0384041209
116.0000000000 -61.1101911285
116.1000000000 -61.1819085045
116.2000000000 -61.2535560846
116.3000000000 -61.3251336990
116.4000000000 -61.3966411725
116.5000000000 -61.4680783245
116.6000000000 -61.5394449687
116.7000000000 -61.6107409132
116.8000000000 -61.6819659606
116.9000000000 -61.7531199074
117.0000000000 -61.8242025447
117.1000000000 -61.8952136576
117.2000000000 -61.9661530253
117.3000000000 -62.0370204211
117.4000000000 -62.1078156123
117.5000000000 -62.1785383604
117.6000000000 -62.2491884205
117.7000000000 -62.3197655419
117.8000000000 -62.3902694676
117.9000000000 -62.4606999347
118.0000000000 -62.5310566738
118.1000000000 -62.6013394095
118.2000000000 -62.6715478602
118.3000000000 -62.7416817379
118.4000000000 -62.8117407484
118.5000000000 -62.8817245911
118.6000000000 -62.9516329593
118.7000000000 -63.0214655398
118.8000000000 -63.0912220131
118.9000000000 -63.1609020534
119.0000000000 -63.2305053284
119.1000000000 -63.3000314996
119.2000000000 -63.3694802220
119.3000000000 -63.4388511444
119.4000000000 -63.5081439090
119.5000000000 -63.5773581519
119.6000000000 -63.6464935027
119.7000000000 -63.7155495845
119.8000000000 -63.7845260144
119.9000000000 -63.8534224030
120.0000000000 -63.9222383544
120.1000000000 -63.9909734668
120.2000000000 -64.0596273318
120.3000000000 -64.1281995350
120.4000000000 -64.1966896555
120.5000000000 -64.2650972665
120.6000000000 -64.3334219348
120.7000000000 -64.4016632211
120.8000000000 -64.4698206801
120.9000000000 -64.5378938603
121.0000000000 -64.6058823044
121.1000000000 -64.6737855488
121.2000000000 -64.7416031241
121.3000000000 -64.8093345550
121.4000000000 -64.8769793604
121.5000000000 -64.9445370533
121.6000000000 -65.0120071410
121.7000000000 -65.0793891250
121.8000000000 -65.1466825013
121.9000000000 -65.2138867602
122.0000000000 -65.2810013864
122.1000000000 -65.3480258594
122.2000000000 -65.4149596531
122.3000000000 -65.4818022360
122.4000000000 -65.5485530715
122.5000000000 -65.6152116177
122.6000000000 -65.6817773276
122.7000000000 -65.7482496492
122.8000000000 -65.8146280253
122.9000000000 -65.8809118941
123.0000000000 -65.9471006887
123.1000000000 -66.0131938377
123.2000000000 -66.0791907650
123.3000000000 -66.1450908897
123.4000000000 -66.2108936267
123.5000000000 -66.2765983863
123.6000000000 -66.3422045747
123.7000000000 -66.4077115936
123.8000000000 -66.4731188408
123.9000000000 -66.5384257101
124.0000000000 -66.6036315912
124.1000000000 -66.6687358700
124.2000000000 -66.7337379287
124.3000000000 -66.7986371461
124.4000000000 -66.8634328969
124.5000000000 -66.9281245530
124.6000000000 -66.9927114826
124.7000000000 -67.0571930508
124.8000000000 -67.1215686196
124.9000000000 -67.1858375479
125.0000000000 -67.2499991918
125.1000000000 -67.3140529046
125.2000000000 -67.3779980371
125.3000000000 -67.4418339372
125.4000000000 -67.5055599506
125.5000000000 -67.5691754207
125.6000000000 -67.6326796885
125.7000000000 -67.6960720931
125.8000000000 -67.7593519716
125.9000000000 -67.8225186591
126.0000000000 -67.8855714892
126.1000000000 -67.9485097936
126.2000000000 -68.0113329027
126.3000000000 -68.0740401455
126.4000000000 -68.1366308498
126.5000000000 -68.1991043421
126.6000000000 -68.2614599481
126.7000000000 -68.3236969924
126.8000000000 -68.3858147991
126.9000000000 -68.4478126914
127.0000000000 -68.5096899922
127.1000000000 -68.5714460238
127.2000000000 -68.6330801085
127.3000000000 -68.6945915683
127.4000000000 -68.7559797252
127.5000000000 -68.8172439014
127.6000000000 -68.8783834192
127.7000000000 -68.9393976014
127.8000000000 -69.0002857712
127.9000000000 -69.0610472525
128.0000000000 -69.1216813699
128.1000000000 -69.1821874488
128.2000000000 -69.2425648157
128.3000000000 -69.3028127982
128.4000000000 -69.3629307251
128.5000000000 -69.4229179265
128.6000000000 -69.4827737341
128.7000000000 -69.5424974813
128.8000000000 -69.6020885029
128.9000000000 -69.6615461360
129.0000000000 -69.7208697192
129.1000000000 -69.7800585936
129.2000000000 -69.8391121023
129.3000000000 -69.8980295908
129.4000000000 -69.9568104071
129.5000000000 -70.0154539017
129.6000000000 -70.0739594278
129.7000000000 -70.1323263414
129.8000000000 -70.1905540016
129.9000000000 -70.2486417702
130.0000000000 -70.3065890125
130.1000000000 -70.3643950969
130.2000000000 -70.4220593951
130.3000000000 -70.4795812826
130.4000000000 -70.5369601380
130.5000000000 -70.5941953442
130.6000000000 -70.6512862874
130.7000000000 -70.7082323580
130.8000000000 -70.7650329505
130.9000000000 -70.8216874632
131.0000000000 -70.8781952990
131.1000000000 -70.9345558650
131.2000000000 -70.9907685727
131.3000000000 -71.0468328381
131.4000000000 -71.1027480820
131.5000000000 -71.1585137299
131.6000000000 -71.2141292119
131.7000000000 -71.2695939633
131.8000000000 -71.3249074244
131.9000000000 -71.3800690404
132.0000000000 -71.4350782619
132.1000000000 -71.4899345447
132.2000000000 -71.5446373500
132.3000000000 -71.5991861444
132.4000000000 -71.6535804002
132.5000000000 -71.7078195951
132.6000000000 -71.7619032127
132.7000000000 -71.8158307422
132.8000000000 -71.8696016789
132.9000000000 -71.9232155239
133.0000000000 -71.9766717842
133.1000000000 -72.0299699731
133.2000000000 -72.0831096100
133.3000000000 -72.1360902204
133.4000000000 -72.1889113361
133.5000000000 -72.2415724956
133.6000000000 -72.2940732434
133.7000000000 -72.3464131306
133.8000000000 -72.3985917150
133.9000000000 -72.4506085608
134.0000000000 -72.5024632392
134.1000000000 -72.5541553276
134.2000000000 -72.6056844106
134.3000000000 -72.6570500796
134.4000000000 -72.7082519326
134.5000000000 -72.7592895747
134.6000000000 -72.8101626181
134.7000000000 -72.8608706819
134.8000000000 -72.9114133921
134.9000000000 -72.9617903821
135.0000000000 -73.0120012923
135.1000000000 -73.0620457702
135.2000000000 -73.1119234708
135.3000000000 -73.1616340560
135.4000000000 -73.2111771953
135.5000000000 -73.2605525654
135.6000000000 -73.3097598503
135.7000000000 -73.3587987414
135.8000000000 -73.4076689377
135.9000000000 -73.4563701454
136.0000000000 -73.5049020782
136.1000000000 -73.5532644575
136.2000000000 -73.6014570118
136.3000000000 -73.6494794776
136.4000000000 -73.6973315986
136.5000000000 -73.7450131261
136.6000000000 -73.7925238190
136.7000000000 -73.8398634440
136.8000000000 -73.8870317750
136.9000000000 -73.9340285938
137.0000000000 -73.9808536896
137.1000000000 -74.0275068595
137.2000000000 -74.0739879079
137.3000000000 -74.1202966470
137.4000000000 -74.1664328966
137.5000000000 -74.2123964841
137.6000000000 -74.2581872446
137.7000000000 -74.3038050207
137.8000000000 -74.3492496627
137.9000000000 -74.3945210285
138.0000000000 -74.4396189835
138.1000000000 -74.4845434010
138.2000000000 -74.5292941615
138.3000000000 -74.5738711534
138.4000000000 -74.6182742723
138.5000000000 -74.6625034218
138.6000000000 -74.7065585127
138.7000000000 -74.7504394633
138.8000000000 -74.7941461998
138.9000000000 -74.8376786553
139.0000000000 -74.8810367709
139.1000000000 -74.9242204947
139.2000000000 -74.9672297826
139.3000000000 -75.0100645975
139.4000000000 -75.0527249101
139.5000000000 -75.0952106981
139.6000000000 -75.1375219467
139.7000000000 -75.1796586482
139.8000000000 -75.2216208025
139.9000000000 -75.2634084163
140.0000000000 -75.3050215038
140.1000000000 -75.3464600863
140.2000000000 -75.3877241921
140.3000000000 -75.4288138568
140.4000000000 -75.4697291229
140.5000000000 -75.5104700400
140.6000000000 -75.5510366646
140.7000000000 -75.5914290602
140.8000000000 -75.6316472966
140.9000000000 -75.6716914499
141.0000000000 -75.7115616015
141.1000000000 -75.7512578361
141.2000000000 -75.7907802387
141.3000000000 -75.8301288896
141.4000000000 -75.8693038572
141.5000000000 -75.9083051858
141.6000000000 -75.9471328806
141.7000000000 -75.9857868855
141.8000000000 -76.0242670546
141.9000000000 -76.0625731158
142.0000000000 -76.1007046243
142.1000000000 -76.1386609068
142.2000000000 -76.1764409920
142.3000000000 -76.2140435298
142.4000000000 -76.2514666944
142.5000000000 -76.2887080722
142.6000000000 -76.3257645311
142.7000000000 -76.3626320709
142.8000000000 -76.3993056509
142.9000000000 -76.4357789931
143.0000000000 -76.4720443577
143.1000000000 -76.5080922863
143.2000000000 -76.5439113087
143.3000000000 -76.5794876072
143.4000000000 -76.6148046315
143.5000000000 -76.6498426549
143.6000000000 -76.6845782631
143.7000000000 -76.7189837621
143.8000000000 -76.7530264909
143.9000000000 -76.7866680221
144.0000000000 -76.8198632303
144.1000000000 -76.8525592039
144.2000000000 -76.8846939724
144.3000000000 -76.9161950164
144.4000000000 -76.9469775221
144.5000000000 -76.9769423340
144.6000000000 -77.0059735550
144.7000000000 -77.0339357291
144.8000000000 -77.0606705370
144.9000000000 -77.0859929180
145.0000000000 -77.1096865191
145.1000000000 -77.1314983549
145.2000000000 -77.1511325414
145.3000000000 -77.1682429438
145.4000000000 -77.1824245511
145.5000000000 -77.1932033557
145.6000000000 -77.2000244829
145.7000000000 -77.2022382658
145.8000000000 -77.1990839120
145.9000000000 -77.1896703478
146.0000000000 -77.1729537517
146.1000000000 -77.1477112090
146.2000000000 -77.1125098185
146.3000000000 -77.0656704705
146.4000000000 -77.0052253803
146.5000000000 -76.9288683069
146.6000000000 -76.8338962041
146.7000000000 -76.7171408397
146.8000000000 -76.5748886726
146.9000000000 -76.4027869886
147.0000000000 -76.1957339659
147.1000000000 -75.9477499481
147.2000000000 -75.6518267565
147.3000000000 -75.2997513448
147.4000000000 -74.8818994872
147.5000000000 -74.3869944650
147.6000000000 -73.8018248528
147.7000000000 -73.1109144474
147.8000000000 -72.2961360336
147.9000000000 -71.3362588840
148.0000000000 -70.2064173011
148.1000000000 -68.8774835144
148.2000000000 -67.3153215900
148.3000000000 -65.4798872401
148.4000000000 -63.3241167038
148.5000000000 -60.7925067777
148.6000000000 -57.8192098733
148.7000000000 -54.3253214027
148.8000000000 -50.2147744177
148.9000000000 -45.3678306793
149.0000000000 -39.6305933624
149.1000000000 -32.7985120083
149.2000000000 -24.5921560220
149.3000000000 -14.6283427425
149.4000000000 -2.4361783072
149.5000000000 12.1218874315
149.6000000000 26.8821053266
149.7000000000 36.2809726989
149.8000000000 38.7529416381
149.9000000000 38.4265620975
150.0000000000 38.0159550864
150.1000000000 37.8659288698
150.2000000000 37.8514701354
150.3000000000 37.8840410294
150.4000000000 37.9209214692
150.5000000000 37.9433120060
150.6000000000 37.9438457323
150.7000000000 37.9204394621
150.8000000000 37.8733287235
150.9000000000 37.8036550478
151.0000000000 37.7128103840
151.1000000000 37.6021505019
151.2000000000 37.4728863352
151.3000000000 37.3260587287
151.4000000000 37.1625498738
151.5000000000 36.9831086097
151.6000000000 36.7883787479
151.7000000000 36.5789255742
151.8000000000 36.3552586430
151.9000000000 36.1178504047
152.0000000000 35.8671508596
152.1000000000 35.6035986912
152.2000000000 35.3276294085
152.3000000000 35.0396810141
152.4000000000 34.7401976670
152.5000000000 34.4296317461
152.6000000000 34.1084446650
152.7000000000 33.7771067286
152.8000000000 33.4360962756
152.9000000000 33.0858983088
153.0000000000 32.7270027771
153.1000000000 32.3599026441
153.2000000000 31.9850918501
153.3000000000 31.6030632525
153.4000000000 31.2143066123
153.5000000000 30.8193066744
153.6000000000 30.4185413809
153.7000000000 30.0124802409
153.8000000000 29.6015828747
153.9000000000 29.1862977391
154.0000000000 28.7670610385
154.1000000000 28.3442958178
154.2000000000 27.9184112312
154.3000000000 27.4898019791
154.4000000000 27.0588479006
154.5000000000 26.6259137100
154.6000000000 26.1913488641
154.7000000000 25.7554875474
154.8000000000 25.3186487598
154.9000000000 24.8811364954
155.0000000000 24.4432399992
155.1000000000 24.0052340884
155.2000000000 23.5673795290
155.3000000000 23.1299234554
155.4000000000 22.6930998240
155.5000000000 22.2571298930
155.6000000000 21.8222227190
155.7000000000 21.3885756646
155.8000000000 20.9563749109
155.9000000000 20.5257959687
156.0000000000 20.0970041853
156.1000000000 19.6701552414
156.2000000000 19.2453956364
156.3000000000 18.8228631588
156.4000000000 18.4026873388
156.5000000000 17.9849898836
156.6000000000 17.5698850919
156.7000000000 17.1574802481
156.8000000000 16.7478759956
156.9000000000 16.3411666881
157.0000000000 15.9374407206
157.1000000000 15.5367808386
157.2000000000 15.1392644268
157.3000000000 14.7449637781
157.4000000000 14.3539463428
157.5000000000 13.9662749597
157.6000000000 13.5820080699
157.7000000000 13.2011999128
157.8000000000 12.8239007076
157.9000000000 12.4501568198
158.0000000000 12.0800109141
158.1000000000 11.7135020946
158.2000000000 11.3506660341
158.3000000000 10.9915350923
158.4000000000 10.6361384255
158.5000000000 10.2845020866
158.6000000000 9.9366491191
158.7000000000 9.5925996434
158.8000000000 9.2523709381
158.9000000000 8.9159775161
159.0000000000 8.5834311969
159.1000000000 8.2547411751
159.2000000000 7.9299140867
159.3000000000 7.6089540731
159.4000000000 7.2918628433
159.5000000000 6.9786397354
159.6000000000 6.6692817772
159.7000000000 6.3637837470
159.8000000000 6.0621382337
159.9000000000 5.7643356982
160.0000000000 5.4703645346
160.1000000000 5.1802111324
160.2000000000 4.8938599400
160.3000000000 4.6112935282
160.4000000000 4.3324926560
160.5000000000 4.0574363359
160.6000000000 3.7861019017
160.7000000000 3.5184650761
160.8000000000 3.2545000395
160.9000000000 2.9941795000
161.0000000000 2.7374747632
161.1000000000 2.4843558032
161.2000000000 2.2347913334
161.3000000000 1.9887488778
161.4000000000 1.7461948421
161.5000000000 1.5070945849
161.6000000000 1.2714124879
161.7000000000 1.0391120266
161.8000000000 0.8101558392
161.9000000000 0.5845057952
162.0000000000 0.3621230633
162.1000000000 0.1429681771
162.2000000000 -0.0729988995
162.3000000000 -0.2858187085
162.4000000000 -0.4955322368
162.5000000000 -0.7021808548
162.6000000000 -0.9058062588
162.7000000000 -1.1064504136
162.8000000000 -1.3041554988
162.9000000000 -1.4989638553
163.0000000000 -1.6909179349
163.1000000000 -1.8800602523
163.2000000000 -2.0664333382
163.3000000000 -2.2500796953
163.4000000000 -2.4310417561
163.5000000000 -2.6093618433
163.6000000000 -2.7850821317
163.7000000000 -2.9582446130
163.8000000000 -3.1288910616
163.9000000000 -3.2970630038
164.0000000000 -3.4628016880
164.1000000000 -3.6261480573
164.2000000000 -3.7871427242
164.3000000000 -3.9458259466
164.4000000000 -4.1022376063
164.5000000000 -4.2564171888
164.6000000000 -4.4084037652
164.7000000000 -4.5582359752
164.8000000000 -4.7059520123
164.9000000000 -4.8515896103
165.0000000000 -4.9951860307
165.1000000000 -5.1367780525
165.2000000000 -5.2764019626
165.3000000000 -5.4140935475
165.4000000000 -5.5498880867
165.5000000000 -5.6838203463
165.6000000000 -5.8159245750
165.7000000000 -5.9462344997
165.8000000000 -6.0747833229
165.9000000000 -6.2016037210
166.0000000000 -6.3267278426
166.1000000000 -6.4501873091
166.2000000000 -6.5720132143
166.3000000000 -6.6922361260
166.4000000000 -6.8108860872
166.5000000000 -6.9279926190
166.6000000000 -7.0435847233
166.7000000000 -7.1576908856
166.8000000000 -7.2703390794
166.9000000000 -7.3815567702
167.0000000000 -7.4913709202
167.1000000000 -7.5998079927
167.2000000000 -7.7068939582
167.3000000000 -7.8126542990
167.4000000000 -7.9171140159
167.5000000000 -8.0202976334
167.6000000000 -8.1222292063
167.7000000000 -8.2229323260
167.8000000000 -8.3224301270
167.9000000000 -8.4207452937
168.0000000000 -8.5179000667
168.1000000000 -8.6139162502
168.2000000000 -8.7088152187
168.3000000000 -8.8026179237
168.4000000000 -8.8953449014
168.5000000000 -8.9870162789
168.6000000000 -9.0776517820
168.7000000000 -9.1672707418
168.8000000000 -9.2558921020
168.9000000000 -9.3435344258
169.0000000000 -9.4302159030
169.1000000000 -9.5159543569
169.2000000000 -9.6007672514
169.3000000000 -9.6846716976
169.4000000000 -9.7676844610
169.5000000000 -9.8498219678
169.6000000000 -9.9311003120
169.7000000000 -10.0115352618
169.8000000000 -10.0911422662
169.9000000000 -10.1699364616
170.0000000000 -10.2479326777
170.1000000000 -10.3251454446
170.2000000000 -10.4015889981
170.3000000000 -10.4772772865
170.4000000000 -10.5522239762
170.5000000000 -10.6264424580
170.6000000000 -10.6999458524
170.7000000000 -10.7727470159
170.8000000000 -10.8448585460
170.9000000000 -10.9162927875
171.0000000000 -10.9870618372
171.1000000000 -11.0571775497
171.2000000000 -11.1266515424
171.3000000000 -11.1954952006
171.4000000000 -11.2637196829
171.5000000000 -11.3313359257
171.6000000000 -11.3983546482
171.7000000000 -11.4647863573
171.8000000000 -11.5306413519
171.9000000000 -11.5959297280
172.0000000000 -11.6606613824
172.1000000000 -11.7248460179
172.2000000000 -11.7884931468
172.3000000000 -11.8516120958
172.4000000000 -11.9142120095
172.5000000000 -11.9763018548
172.6000000000 -12.0378904245
172.7000000000 -12.0989863415
172.8000000000 -12.1595980624
172.9000000000 -12.2197338810
173.0000000000 -12.2794019320
173.1000000000 -12.3386101947
173.2000000000 -12.3973664962
173.3000000000 -12.4556785149
173.4000000000 -12.5135537835
173.5000000000 -12.5709996927
173.6000000000 -12.6280234937
173.7000000000 -12.6846323020
173.8000000000 -12.7408330998
173.9000000000 -12.7966327391
174.0000000000 -12.8520379446
174.1000000000 -12.9070553165
174.2000000000 -12.9616913333
174.3000000000 -13.0159523543
174.4000000000 -13.0698446221
174.5000000000 -13.1233742658
174.6000000000 -13.1765473024
174.7000000000 -13.2293696403
174.8000000000 -13.2818470810
174.9000000000 -13.3339853218
175.0000000000 -13.3857899575
175.1000000000 -13.4372664836
175.2000000000 -13.4884202973
175.3000000000 -13.5392567005
175.4000000000 -13.5897809015
175.5000000000 -13.6399980168
175.6000000000 -13.6899130738
175.7000000000 -13.7395310117
175.8000000000 -13.7888566843
175.9000000000 -13.8378948613
176.0000000000 -13.8866502302
176.1000000000 -13.9351273982
176.2000000000 -13.9833308938
176.3000000000 -14.0312651682
176.4000000000 -14.0789345977
176.5000000000 -14.1263434844
176.6000000000 -14.1734960582
176.7000000000 -14.2203964783
176.8000000000 -14.2670488349
176.9000000000 -14.3134571501
177.0000000000 -14.3596253798
177.1000000000 -14.4055574147
177.2000000000 -14.4512570823
177.3000000000 -14.4967281473
177.4000000000 -14.5419743138
177.5000000000 -14.5869992259
177.6000000000 -14.6318064693
177.7000000000 -14.6763995724
177.8000000000 -14.7207820075
177.9000000000 -14.7649571918
178.0000000000 -14.8089284888
178.1000000000 -14.8526992093
178.2000000000 -14.8962726124
178.3000000000 -14.9396519064
178.4000000000 -14.9828402503
178.5000000000 -15.0258407544
178.6000000000 -15.0686564814
178.7000000000 -15.1112904475
178.8000000000 -15.1537456232
178.9000000000 -15.1960249340
179.0000000000 -15.2381312619
179.1000000000 -15.2800674457
179.2000000000 -15.3218362821
179.3000000000 -15.3634405266
179.4000000000 -15.4048828941
179.5000000000 -15.4461660601
179.6000000000 -15.4872926611
179.7000000000 -15.5282652954
179.8000000000 -15.5690865241
179.9000000000 -15.6097588717
180.0000000000 -15.6502848269
180.1000000000 -15.6906668429
180.2000000000 -15.7309073389
180.3000000000 -15.7710087000
180.4000000000 -15.8109732781
180.5000000000 -15.8508033928
180.6000000000 -15.8905013318
180.7000000000 -15.9300693516
180.8000000000 -15.9695096778
180.9000000000 -16.0088245062
181.0000000000 -16.0480160033
181.1000000000 -16.0870863063
181.2000000000 -16.1260375244
181.3000000000 -16.1648717389
181.4000000000 -16.2035910039
181.5000000000 -16.2421973468
181.6000000000 -16.2806927686
181.7000000000 -16.3190792448
181.8000000000 -16.3573587256
181.9000000000 -16.3955331365
182.0000000000 -16.4336043788
182.1000000000 -16.4715743299
182.2000000000 -16.5094448438
182.3000000000 -16.5472177517
182.4000000000 -16.5848948624
182.5000000000 -16.6224779625
182.6000000000 -16.6599688171
182.7000000000 -16.6973691700
182.8000000000 -16.7346807442
182.9000000000 -16.7719052423
183.0000000000 -16.8090443470
183.1000000000 -16.8460997211
183.2000000000 -16.8830730082
183.3000000000 -16.9199658330
183.4000000000 -16.9567798017
183.5000000000 -16.9935165022
183.6000000000 -17.0301775044
183.7000000000 -17.0667643610
183.8000000000 -17.1032786071
183.9000000000 -17.1397217611
184.0000000000 -17.1760953249
184.1000000000 -17.2124007839
184.2000000000 -17.2486396078
184.3000000000 -17.2848132505
184.4000000000 -17.3209231504
184.5000000000 -17.3569707311
184.6000000000 -17.3929574011
184.7000000000 -17.4288845548
184.8000000000 -17.4647535718
184.9000000000 -17.5005658181
185.0000000000 -17.5363226458
185.1000000000 -17.5720253937
185.2000000000 -17.6076753872
185.3000000000 -17.6432739387
185.4000000000 -17.6788223481
185.5000000000 -17.7143219027
185.6000000000 -17.7497738773
185.7000000000 -17.7851795351
185.8000000000 -17.8205401272
185.9000000000 -17.8558568932
186.0000000000 -17.8911310613
186.1000000000 -17.9263638486
186.2000000000 -17.9615564612
186.3000000000 -17.9967100945
186.4000000000 -18.0318259334
186.5000000000 -18.0669051523
186.6000000000 -18.1019489157
186.7000000000 -18.1369583780
186.8000000000 -18.1719346838
186.9000000000 -18.2068789682
187.0000000000 -18.2417923569
187.1000000000 -18.2766759664
187.2000000000 -18.3115309039
187.3000000000 -18.3463582682
187.4000000000 -18.3811591489
187.5000000000 -18.4159346275
187.6000000000 -18.4506857768
187.7000000000 -18.4854136615
187.8000000000 -18.5201193383
187.9000000000 -18.5548038560
188.0000000000 -18.5894682555
188.1000000000 -18.6241135702
188.2000000000 -18.6587408261
188.3000000000 -18.6933510419
188.4000000000 -18.7279452290
188.5000000000 -18.7625243918
188.6000000000 -18.7970895280
188.7000000000 -18.8316416283
188.8000000000 -18.8661816771
188.9000000000 -18.9007106518
189.0000000000 -18.9352295241
189.1000000000 -18.9697392589
189.2000000000 -19.0042408152
189.3000000000 -19.0387351462
189.4000000000 -19.0732231990
189.5000000000 -19.1077059150
189.6000000000 -19.1421842300
189.7000000000 -19.1766590744
189.8000000000 -19.2111313729
189.9000000000 -19.2456020452
190.0000000000 -19.2800720057
190.1000000000 -19.3145421637
190.2000000000 -19.3490134237
190.3000000000 -19.3834866851
190.4000000000 -19.4179628427
190.5000000000 -19.4524427866
190.6000000000 -19.4869274023
190.7000000000 -19.5214175709
190.8000000000 -19.5559141691
190.9000000000 -19.5904180693
191.0000000000 -19.6249301398
191.1000000000 -19.6594512447
191.2000000000 -19.6939822443
191.3000000000 -19.7285239947
191.4000000000 -19.7630773485
191.5000000000 -19.7976431542
191.6000000000 -19.8322222571
191.7000000000 -19.8668154984
191.8000000000 -19.9014237164
191.9000000000 -19.9360477455
192.0000000000 -19.9706884170
192.1000000000 -20.0053465589
192.2000000000 -20.0400229961
192.3000000000 -20.0747185503
192.4000000000 -20.1094340402
192.5000000000 -20.1441702817
192.6000000000 -20.1789280877
192.7000000000 -20.2137082681
192.8000000000 -20.2485116305
192.9000000000 -20.2833389795
193.0000000000 -20.3181911171
193.1000000000 -20.3530688430
193.2000000000 -20.3879729543
193.3000000000 -20.4229042456
193.4000000000 -20.4578635094
193.5000000000 -20.4928515356
193.6000000000 -20.5278691121
193.7000000000 -20.5629170247
193.8000000000 -20.5979960569
193.9000000000 -20.6331069903
194.0000000000 -20.6682506045
194.1000000000 -20.7034276772
194.2000000000 -20.7386389841
194.3000000000 -20.7738852992
194.4000000000 -20.8091673947
194.5000000000 -20.8444860412
194.6000000000 -20.8798420075
194.7000000000 -20.9152360607
194.8000000000 -20.9506689667
194.9000000000 -20.9861414895
195.0000000000 -21.0216543919
195.1000000000 -21.0572084352
195.2000000000 -21.0928043793
195.3000000000 -21.1284429827
195.4000000000 -21.1641250030
195.5000000000 -21.1998511961
195.6000000000 -21.2356223169
195.7000000000 -21.2714391193
195.8000000000 -21.3073023559
195.9000000000 -21.3432127783
196.0000000000 -21.3791711371
196.1000000000 -21.4151781818
196.2000000000 -21.4512346610
196.3000000000 -21.4873413226
196.4000000000 -21.5234989134
196.5000000000 -21.5597081792
196.6000000000 -21.5959698655
196.7000000000 -21.6322847166
196.8000000000 -21.6686534761
196.9000000000 -21.7050768872
197.0000000000 -21.7415556921
197.1000000000 -21.7780906326
197.2000000000 -21.8146824496
197.3000000000 -21.8513318837
197.4000000000 -21.8880396749
197.5000000000 -21.9248065625
197.6000000000 -21.9616332854
197.7000000000 -21.9985205822
197.8000000000 -22.0354691909
197.9000000000 -22.0724798489
198.0000000000 -22.1095532936
198.1000000000 -22.1466902617
198.2000000000 -22.1838914898
198.3000000000 -22.2211577139
198.4000000000 -22.2584896699
198.5000000000 -22.2958880935
198.6000000000 -22.3333537197
198.7000000000 -22.3708872838
198.8000000000 -22.4084895206
198.9000000000 -22.4461611646
199.0000000000 -22.4839029502
199.1000000000 -22.5217156118
199.2000000000 -22.5595998834
199.3000000000 -22.5975564988
199.4000000000 -22.6355861920
199.5000000000 -22.6736896965
199.6000000000 -22.7118677460
199.7000000000 -22.7501210740
199.8000000000 -22.7884504137
199.9000000000 -22.8268564985
200.0000000000 -22.8653400616
200.1000000000 -22.9039018363
200.2000000000 -22.9425425556
200.3000000000 -22.9812629525
200.4000000000 -23.0200637603
200.5000000000 -23.0589457117
200.6000000000 -23.0979095399
200.7000000000 -23.1369559777
200.8000000000 -23.1760857581
200.9000000000 -23.2152996140
201.0000000000 -23.2545982782
201.1000000000 -23.2939824836
201.2000000000 -23.3334529630
201.3000000000 -23.3730104492
201.4000000000 -23.4126556751
201.5000000000 -23.4523893734
201.6000000000 -23.4922122768
201.7000000000 -23.5321251179
201.8000000000 -23.5721286295
201.9000000000 -23.6122235441
202.0000000000 -23.6524105942
202.1000000000 -23.6926905124
202.2000000000 -23.7330640310
202.3000000000 -23.7735318824
202.4000000000 -23.8140947988
202.5000000000 -23.8547535122
202.6000000000 -23.8955087548
202.7000000000 -23.9363612583
202.8000000000 -23.9773117545
202.9000000000 -24.0183609749
203.0000000000 -24.0595096509
203.1000000000 -24.1007585138
203.2000000000 -24.1421082945
203.3000000000 -24.1835597236
203.4000000000 -24.2251135318
203.5000000000 -24.2667704493
203.6000000000 -24.3085312059
203.7000000000 -24.3503965313
203.8000000000 -24.3923671548
203.9000000000 -24.4344438052
204.0000000000 -24.4766272110
204.1000000000 -24.5189181005
204.2000000000 -24.5613172012
204.3000000000 -24.6038252402
204.4000000000 -24.6464429444
204.5000000000 -24.6891710398
204.6000000000 -24.7320102520
204.7000000000 -24.7749613059
204.8000000000 -24.8180249261
204.9000000000 -24.8612018360
205.0000000000 -24.9044927588
205.1000000000 -24.9478984166
205.2000000000 -24.9914195310
205.3000000000 -25.0350568226
205.4000000000 -25.0788110112
205.5000000000 -25.1226828158
205.6000000000 -25.1666729543
205.7000000000 -25.2107821437
205.8000000000 -25.2550110999
205.9000000000 -25.2993605380
206.0000000000 -25.3438311717
206.1000000000 -25.3884237137
206.2000000000 -25.4331388753
206.3000000000 -25.4779773668
206.4000000000 -25.5229398970
206.5000000000 -25.5680271734
206.6000000000 -25.6132399021
206.7000000000 -25.6585787877
206.8000000000 -25.7040445334
206.9000000000 -25.7496378406
207.0000000000 -25.7953594094
207.1000000000 -25.8412099377
207.2000000000 -25.8871901222
207.3000000000 -25.9333006575
207.4000000000 -25.9795422363
207.5000000000 -26.0259155495
207.6000000000 -26.0724212859
207.7000000000 -26.1190601323
207.8000000000 -26.1658327733
207.9000000000 -26.2127398914
208.0000000000 -26.2597821668
208.1000000000 -26.3069602774
208.2000000000 -26.3542748985
208.3000000000 -26.4017267032
208.4000000000 -26.4493163620
208.5000000000 -26.4970445425
208.6000000000 -26.5449119100
208.7000000000 -26.5929191268
208.8000000000 -26.6410668524
208.9000000000 -26.6893557433
209.0000000000 -26.7377864533
209.1000000000 -26.7863596326
209.2000000000 -26.8350759287
209.3000000000 -26.8839359857
209.4000000000 -26.9329404442
209.5000000000 -26.9820899417
209.6000000000 -27.0313851119
209.7000000000 -27.0808265852
209.8000000000 -27.1304149880
209.9000000000 -27.1801509432
210.0000000000 -27.2300350697
210.1000000000 -27.2800679825
210.2000000000 -27.3302502927
210.3000000000 -27.3805826071
210.4000000000 -27.4310655282
210.5000000000 -27.4816996545
210.6000000000 -27.5324855798
210.7000000000 -27.5834238936
210.8000000000 -27.6345151805
210.9000000000 -27.6857600208
211.0000000000 -27.7371589897
211.1000000000 -27.7887126576
211.2000000000 -27.8404215898
211.3000000000 -27.8922863467
211.4000000000 -27.9443074834
211.5000000000 -27.9964855495
211.6000000000 -28.0488210895
211.7000000000 -28.1013146422
211.8000000000 -28.1539667407
211.9000000000 -28.2067779126
212.0000000000 -28.2597486795
212.1000000000 -28.3128795571
212.2000000000 -28.3661710549
212.3000000000 -28.4196236766
212.4000000000 -28.4732379191
212.5000000000 -28.5270142735
212.6000000000 -28.5809532239
212.7000000000 -28.6350552480
212.8000000000 -28.6893208169
212.9000000000 -28.7437503946
213.0000000000 -28.7983444384
213.1000000000 -28.8531033984
213.2000000000 -28.9080277175
213.3000000000 -28.9631178314
213.4000000000 -29.0183741684
213.5000000000 -29.0737971492
213.6000000000 -29.1293871869
213.7000000000 -29.1851446869
213.8000000000 -29.2410700465
213.9000000000 -29.2971636555
214.0000000000 -29.3534258950
214.1000000000 -29.4098571383
214.2000000000 -29.4664577503
214.3000000000 -29.5232280873
214.4000000000 -29.5801684972
214.5000000000 -29.6372793191
214.6000000000 -29.6945608832
214.7000000000 -29.7520135111
214.8000000000 -29.8096375151
214.9000000000 -29.8674331984
215.0000000000 -29.9254008550
215.1000000000 -29.9835407695
215.2000000000 -30.0418532169
215.3000000000 -30.1003384626
215.4000000000 -30.1589967624
215.5000000000 -30.2178283622
215.6000000000 -30.2768334978
215.7000000000 -30.3360123952
215.8000000000 -30.3953652699
215.9000000000 -30.4548923273
216.0000000000 -30.5145937624
216.1000000000 -30.5744697595
216.2000000000 -30.6345204924
216.3000000000 -30.6947461242
216.4000000000 -30.7551468071
216.5000000000 -30.8157226823
216.6000000000 -30.8764738798
216.7000000000 -30.9374005188
216.8000000000 -30.9985027069
216.9000000000 -31.0597805404
217.0000000000 -31.1212341042
217.1000000000 -31.1828634715
217.2000000000 -31.2446687038
217.3000000000 -31.3066498510
217.4000000000 -31.3688069509
217.5000000000 -31.4311400293
217.6000000000 -31.4936491002
217.7000000000 -31.5563341651
217.8000000000 -31.6191952135
217.9000000000 -31.6822322224
218.0000000000 -31.7454451563
218.1000000000 -31.8088339674
218.2000000000 -31.8723985951
218.3000000000 -31.9361389661
218.4000000000 -32.0000549943
218.5000000000 -32.0641465810
218.6000000000 -32.1284136143
218.7000000000 -32.1928559693
218.8000000000 -32.2574735080
218.9000000000 -32.3222660795
219.0000000000 -32.3872335194
219.1000000000 -32.4523756499
219.2000000000 -32.5176922803
219.3000000000 -32.5831832060
219.4000000000 -32.6488482092
219.5000000000 -32.7146870585
219.6000000000 -32.7806995088
219.7000000000 -32.8468853014
219.8000000000 -32.9132441639
219.9000000000 -32.9797758102
220.0000000000 -33.0464799405
220.1000000000 -33.1133562408
220.2000000000 -33.1804043836
220.3000000000 -33.2476240273
220.4000000000 -33.3150148164
220.5000000000 -33.3825763813
220.6000000000 -33.4503083387
220.7000000000 -33.5182102909
220.8000000000 -33.5862818265
220.9000000000 -33.6545225196
221.0000000000 -33.7229319305
221.1000000000 -33.7915096054
221.2000000000 -33.8602550763
221.3000000000 -33.9291678610
221.4000000000 -33.9982474634
221.5000000000 -34.0674933730
221.6000000000 -34.1369050654
221.7000000000 -34.2064820020
221.8000000000 -34.2762236299
221.9000000000 -34.3461293825
222.0000000000 -34.4161986787
222.1000000000 -34.4864309236
222.2000000000 -34.5568255082
222.3000000000 -34.6273818095
222.4000000000 -34.6980991905
222.5000000000 -34.7689770001
222.6000000000 -34.8400145735
222.7000000000 -34.9112112319
222.8000000000 -34.9825662828
222.9000000000 -35.0540790198
223.0000000000 -35.1257487227
223.1000000000 -35.1975746578
223.2000000000 -35.2695560776
223.3000000000 -35.3416922211
223.4000000000 -35.4139823140
223.5000000000 -35.4864255682
223.6000000000 -35.5590211826
223.7000000000 -35.6317683426
223.8000000000 -35.7046662204
223.9000000000 -35.7777139752
224.0000000000 -35.8509107531
224.1000000000 -35.9242556872
224.2000000000 -35.9977478979
224.3000000000 -36.0713864927
224.4000000000 -36.1451705666
224.5000000000 -36.2190992019
224.6000000000 -36.2931714685
224.7000000000 -36.3673864239
224.8000000000 -36.4417431137
224.9000000000 -36.5162405710
225.0000000000 -36.5908778171
225.1000000000 -36.6656538615
225.2000000000 -36.7405677018
225.3000000000 -36.8156183243
225.4000000000 -36.8908047036
225.5000000000 -36.9661258029
225.6000000000 -37.0415805745
225.7000000000 -37.1171679594
225.8000000000 -37.1928868879
225.9000000000 -37.2687362795
226.0000000000 -37.3447150430
226.1000000000 -37.4208220769
226.2000000000 -37.4970562694
226.3000000000 -37.5734164985
226.4000000000 -37.6499016324
226.5000000000 -37.7265105294
226.6000000000 -37.8032420382
226.7000000000 -37.8800949982
226.8000000000 -37.9570682393
226.9000000000 -38.0341605825
227.0000000000 -38.1113708399
227.1000000000 -38.1886978147
227.2000000000 -38.2661403019
227.3000000000 -38.3436970877
227.4000000000 -38.4213669506
227.5000000000 -38.4991486608
227.6000000000 -38.5770409808
227.7000000000 -38.6550426658
227.8000000000 -38.7331524632
227.9000000000 -38.8113691136
228.0000000000 -38.8896913504
228.1000000000 -38.9681179003
228.2000000000 -39.0466474834
228.3000000000 -39.1252788135
228.4000000000 -39.2040105983
228.5000000000 -39.2828415395
228.6000000000 -39.3617703330
228.7000000000 -39.4407956693
228.8000000000 -39.5199162337
228.9000000000 -39.5991307062
229.0000000000 -39.6784377621
229.1000000000 -39.7578360720
229.2000000000 -39.8373243021
229.3000000000 -39.9169011143
229.4000000000 -39.9965651666
229.5000000000 -40.0763151134
229.6000000000 -40.1561496052
229.7000000000 -40.2360672895
229.8000000000 -40.3160668105
229.9000000000 -40.3961468097
230.0000000000 -40.4763059258
230.1000000000 -40.5565427952
230.2000000000 -40.6368560520
230.3000000000 -40.7172443285
230.4000000000 -40.7977062549
230.5000000000 -40.8782404604
230.6000000000 -40.9588455723
230.7000000000 -41.0395202173
230.8000000000 -41.1202630211
230.9000000000 -41.2010726086
231.0000000000 -41.2819476046
231.1000000000 -41.3628866334
231.2000000000 -41.4438883196
231.3000000000 -41.5249512878
231.4000000000 -41.6060741633
231.5000000000 -41.6872555720
231.6000000000 -41.7684941407
231.7000000000 -41.8497884973
231.8000000000 -41.9311372712
231.9000000000 -42.0125390933
232.0000000000 -42.0939925960
232.1000000000 -42.1754964141
232.2000000000 -42.2570491844
232.3000000000 -42.3386495461
232.4000000000 -42.4202961410
232.5000000000 -42.5019876137
232.6000000000 -42.5837226120
232.7000000000 -42.6654997868
232.8000000000 -42.7473177924
232.9000000000 -42.8291752867
233.0000000000 -42.9110709315
233.1000000000 -42.9930033928
233.2000000000 -43.0749713404
233.3000000000 -43.1569734488
233.4000000000 -43.2390083971
233.5000000000 -43.3210748691
233.6000000000 -43.4031715535
233.7000000000 -43.4852971444
233.8000000000 -43.5674503408
233.9000000000 -43.6496298477
234.0000000000 -43.7318343755
234.1000000000 -43.8140626405
234.2000000000 -43.8963133650
234.3000000000 -43.9785852776
234.4000000000 -44.0608771131
234.5000000000 -44.1431876131
234.6000000000 -44.2255155255
234.7000000000 -44.3078596054
234.8000000000 -44.3902186147
234.9000000000 -44.4725913224
235.0000000000 -44.5549765050
235.1000000000 -44.6373729463
235.2000000000 -44.7197794377
235.3000000000 -44.8021947783
235.4000000000 -44.8846177751
235.5000000000 -44.9670472431
235.6000000000 -45.0494820055
235.7000000000 -45.1319208936
235.8000000000 -45.2143627471
235.9000000000 -45.2968064144
236.0000000000 -45.3792507524
236.1000000000 -45.4616946266
236.2000000000 -45.5441369115
236.3000000000 -45.6265764906
236.4000000000 -45.7090122563
236.5000000000 -45.7914431105
236.6000000000 -45.8738679639
236.7000000000 -45.9562857370
236.8000000000 -46.0386953595
236.9000000000 -46.1210957707
237.0000000000 -46.2034859197
237.1000000000 -46.2858647652
237.2000000000 -46.3682312757
237.3000000000 -46.4505844296
237.4000000000 -46.5329232152
237.5000000000 -46.6152466310
237.6000000000 -46.6975536856
237.7000000000 -46.7798433974
237.8000000000 -46.8621147956
237.9000000000 -46.9443669193
238.0000000000 -47.0265988179
238.1000000000 -47.1088095516
238.2000000000 -47.1909981907
238.3000000000 -47.2731638160
238.4000000000 -47.3553055190
238.5000000000 -47.4374224018
238.6000000000 -47.5195135770
238.7000000000 -47.6015781678
238.8000000000 -47.6836153082
238.9000000000 -47.7656241430
239.0000000000 -47.8476038275
239.1000000000 -47.9295535280
239.2000000000 -48.0114724214
239.3000000000 -48.0933596954
239.4000000000 -48.1752145488
239.5000000000 -48.2570361907
239.6000000000 -48.3388238416
239.7000000000 -48.4205767324
239.8000000000 -48.5022941050
239.9000000000 -48.5839752123
240.0000000000 -48.6656193176
240.1000000000 -48.7472256956
240.2000000000 -48.8287936313
240.3000000000 -48.9103224207
240.4000000000 -48.9918113707
240.5000000000 -49.0732597989
240.6000000000 -49.1546670336
240.7000000000 -49.2360324139
240.8000000000 -49.3173552895
240.9000000000 -49.3986350209
241.0000000000 -49.4798709792
241.1000000000 -49.5610625461
241.2000000000 -49.6422091140
241.3000000000 -49.7233100857
241.4000000000 -49.8043648745
241.5000000000 -49.8853729042
241.6000000000 -49.9663336092
241.7000000000 -50.0472464340
241.8000000000 -50.1281108335
241.9000000000 -50.2089262730
242.0000000000 -50.2896922279
242.1000000000 -50.3704081838
242.2000000000 -50.4510736364
242.3000000000 -50.5316880914
242.4000000000 -50.6122510645
242.5000000000 -50.6927620815
242.6000000000 -50.7732206777
242.7000000000 -50.8536263985
242.8000000000 -50.9339787990
242.9000000000 -51.0142774436
243.0000000000 -51.0945219067
243.1000000000 -51.1747117720
243.2000000000 -51.2548466326
243.3000000000 -51.3349260910
243.4000000000 -51.4149497589
243.5000000000 -51.4949172571
243.6000000000 -51.5748282158
243.7000000000 -51.6546822738
243.8000000000 -51.7344790792
243.9000000000 -51.8142182885
244.0000000000 -51.8938995674
244.1000000000 -51.9735225898
244.2000000000 -52.0530870386
244.3000000000 -52.1325926048
244.4000000000 -52.2120389878
244.5000000000 -52.2914258955
244.6000000000 -52.3707530437
244.7000000000 -52.4500201564
244.8000000000 -52.5292269654
244.9000000000 -52.6083732107
245.0000000000 -52.6874586396
245.1000000000 -52.7664830073
245.2000000000 -52.8454460765
245.3000000000 -52.9243476174
245.4000000000 -53.0031874073
245.5000000000 -53.0819652309
245.6000000000 -53.1606808800
245.7000000000 -53.2393341532
245.8000000000 -53.3179248562
245.9000000000 -53.3964528012
246.0000000000 -53.4749178072
246.1000000000 -53.5533196998
246.2000000000 -53.6316583109
246.3000000000 -53.7099334785
246.4000000000 -53.7881450471
246.5000000000 -53.8662928670
246.6000000000 -53.9443767947
246.7000000000 -54.0223966921
246.8000000000 -54.1003524270
246.9000000000 -54.1782438730
247.0000000000 -54.2560709086
247.1000000000 -54.3338334181
247.2000000000 -54.4115312908
247.3000000000 -54.4891644209
247.4000000000 -54.5667327077
247.5000000000 -54.6442360553
247.6000000000 -54.7216743725
247.7000000000 -54.7990475727
247.8000000000 -54.8763555734
247.9000000000 -54.9535982968
248.0000000000 -55.0307756691
248.1000000000 -55.1078876205
248.2000000000 -55.1849340851
248.3000000000 -55.2619150008
248.4000000000 -55.3388303092
248.5000000000 -55.4156799555
248.6000000000 -55.4924638880
248.7000000000 -55.5691820584
248.8000000000 -55.6458344217
248.9000000000 -55.7224209356
249.0000000000 -55.7989415609
249.1000000000 -55.8753962610
249.2000000000 -55.9517850018
249.3000000000 -56.0281077519
249.4000000000 -56.1043644822
249.5000000000 -56.1805551656
249.6000000000 -56.2566797772
249.7000000000 -56.3327382940
249.8000000000 -56.4087306950
249.9000000000 -56.4846569607
250.0000000000 -56.5605170730
250.1000000000 -56.6363110155
250.2000000000 -56.7120387730
250.3000000000 -56.7877003313
250.4000000000 -56.8632956775
250.5000000000 -56.9388247993
250.6000000000 -57.0142876854
250.7000000000 -57.0896843249
250.8000000000 -57.1650147076
250.9000000000 -57.2402788237
251.0000000000 -57.3154766634
251.1000000000 -57.3906082172
251.2000000000 -57.4656734757
251.3000000000 -57.5406724291
251.4000000000 -57.6156050675
251.5000000000 -57.6904713806
251.6000000000 -57.7652713575
251.7000000000 -57.8400049868
251.8000000000 -57.9146722562
251.9000000000 -57.9892731527
252.0000000000 -58.0638076620
252.1000000000 -58.1382757689
252.2000000000 -58.2126774569
252.3000000000 -58.2870127082
252.4000000000 -58.3612815032
252.5000000000 -58.4354838211
252.6000000000 -58.5096196391
252.7000000000 -58.5836889326
252.8000000000 -58.6576916751
252.9000000000 -58.7316278380
253.0000000000 -58.8054973905
253.1000000000 -58.8793002994
253.2000000000 -58.9530365291
253.3000000000 -59.0267060418
253.4000000000 -59.1003087965
253.5000000000 -59.1738447499
253.6000000000 -59.2473138555
253.7000000000 -59.3207160642
253.8000000000 -59.3940513236
253.9000000000 -59.4673195780
254.0000000000 -59.5405207688
254.1000000000 -59.6136548336
254.2000000000 -59.6867217067
254.3000000000 -59.7597213190
254.4000000000 -59.8326535973
254.5000000000 -59.9055184650
254.6000000000 -59.9783158415
254.7000000000 -60.0510456421
254.8000000000 -60.1237077783
254.9000000000 -60.1963021571
255.0000000000 -60.2688286816
255.1000000000 -60.3412872503
255.2000000000 -60.4136777576
255.3000000000 -60.4860000930
255.4000000000 -60.5582541416
255.5000000000 -60.6304397840
255.6000000000 -60.7025568958
255.7000000000 -60.7746053479
255.8000000000 -60.8465850062
255.9000000000 -60.9184957318
256.0000000000 -60.9903373804
256.1000000000 -61.0621098031
256.2000000000 -61.1338128453
256.3000000000 -61.2054463475
256.4000000000 -61.2770101445
256.5000000000 -61.3485040662
256.6000000000 -61.4199279366
256.7000000000 -61.4912815744
256.8000000000 -61.5625647927
256.9000000000 -61.6337773989
257.0000000000 -61.7049191949
257.1000000000 -61.7759899766
257.2000000000 -61.8469895343
257.3000000000 -61.9179176524
257.4000000000 -61.9887741095
257.5000000000 -62.0595586781
257.6000000000 -62.1302711249
257.7000000000 -62.2009112104
257.8000000000 -62.2714786893
257.9000000000 -62.3419733101
258.0000000000 -62.4123948151
258.1000000000 -62.4827429405
258.2000000000 -62.5530174163
258.3000000000 -62.6232179665
258.4000000000 -62.6933443086
258.5000000000 -62.7633961540
258.6000000000 -62.8333732076
258.7000000000 -62.9032751684
258.8000000000 -62.9731017288
258.9000000000 -63.0428525748
259.0000000000 -63.1125273864
259.1000000000 -63.1821258370
259.2000000000 -63.2516475936
259.3000000000 -63.3210923171
259.4000000000 -63.3904596618
259.5000000000 -63.4597492758
259.6000000000 -63.5289608007
259.7000000000 -63.5980938718
259.8000000000 -63.6671481182
259.9000000000 -63.7361231624
260.0000000000 -63.8050186207
260.1000000000 -63.8738341032
260.2000000000 -63.9425692135
260.3000000000 -64.0112235491
260.4000000000 -64.0797967010
260.5000000000 -64.1482882542
260.6000000000 -64.2166977874
260.7000000000 -64.2850248731
260.8000000000 -64.3532690776
260.9000000000 -64.4214299613
261.0000000000 -64.4895070782
261.1000000000 -64.5574999763
261.2000000000 -64.6254081979
261.3000000000 -64.6932312790
261.4000000000 -64.7609687497
261.5000000000 -64.8286201343
261.6000000000 -64.8961849513
261.7000000000 -64.9636627133
261.8000000000 -65.0310529272
261.9000000000 -65.0983550942
262.0000000000 -65.1655687100
262.1000000000 -65.2326932645
262.2000000000 -65.2997282423
262.3000000000 -65.3666731224
262.4000000000 -65.4335273786
262.5000000000 -65.5002904790
262.6000000000 -65.5669618870
262.7000000000 -65.6335410603
262.8000000000 -65.7000274519
262.9000000000 -65.7664205094
263.0000000000 -65.8327196758
263.1000000000 -65.8989243890
263.2000000000 -65.9650340821
263.3000000000 -66.0310481836
263.4000000000 -66.0969661172
263.5000000000 -66.1627873021
263.6000000000 -66.2285111533
263.7000000000 -66.2941370810
263.8000000000 -66.3596644915
263.9000000000 -66.4250927865
264.0000000000 -66.4904213640
264.1000000000 -66.5556496177
264.2000000000 -66.6207769376
264.3000000000 -66.6858027098
264.4000000000 -66.7507263167
264.5000000000 -66.8155471370
264.6000000000 -66.8802645460
264.7000000000 -66.9448779156
264.8000000000 -67.0093866144
264.9000000000 -67.0737900077
265.0000000000 -67.1380874579
265.1000000000 -67.2022783243
265.2000000000 -67.2663619632
265.3000000000 -67.3303377285
265.4000000000 -67.3942049711
265.5000000000 -67.4579630396
265.6000000000 -67.5216112801
265.7000000000 -67.5851490364
265.8000000000 -67.6485756502
265.9000000000 -67.7118904609
266.0000000000 -67.7750928062
266.1000000000 -67.8381820219
266.2000000000 -67.9011574420
266.3000000000 -67.9640183990
266.4000000000 -68.0267642238
266.5000000000 -68.0893942462
266.6000000000 -68.1519077945
266.7000000000 -68.2143041961
266.8000000000 -68.2765827773
266.9000000000 -68.3387428635
267.0000000000 -68.4007837795
267.1000000000 -68.4627048494
267.2000000000 -68.5245053967
267.3000000000 -68.5861847449
267.4000000000 -68.6477422168
267.5000000000 -68.7091771354
267.6000000000 -68.7704888237
267.7000000000 -68.8316766045
267.8000000000 -68.8927398014
267.9000000000 -68.9536777379
268.0000000000 -69.0144897383
268.1000000000 -69.0751751274
268.2000000000 -69.1357332308
268.3000000000 -69.1961633750
268.4000000000 -69.2564648875
268.5000000000 -69.3166370970
268.6000000000 -69.3766793332
268.7000000000 -69.4365909275
268.8000000000 -69.4963712127
268.9000000000 -69.5560195231
269.0000000000 -69.6155351949
269.1000000000 -69.6749175661
269.2000000000 -69.7341659768
269.3000000000 -69.7932797690
269.4000000000 -69.8522582871
269.5000000000 -69.9111008778
269.6000000000 -69.9698068903
269.7000000000 -70.0283756764
269.8000000000 -70.0868065905
269.9000000000 -70.1450989899
270.0000000000 -70.2032522348
270.1000000000 -70.2612656887
270.2000000000 -70.3191387178
270.3000000000 -70.3768706919
270.4000000000 -70.4344609842
270.5000000000 -70.4919089712
270.6000000000 -70.5492140332
270.7000000000 -70.6063755542
270.8000000000 -70.6633929219
270.9000000000 -70.7202655280
271.0000000000 -70.7769927683
271.1000000000 -70.8335740426
271.2000000000 -70.8900087552
271.3000000000 -70.9462963145
271.4000000000 -71.0024361334
271.5000000000 -71.0584276295
271.6000000000 -71.1142702248
271.7000000000 -71.1699633461
271.8000000000 -71.2255064253
271.9000000000 -71.2808988990
272.0000000000 -71.3361402087
272.1000000000 -71.3912298013
272.2000000000 -71.4461671287
272.3000000000 -71.5009516482
272.4000000000 -71.5555828224
272.5000000000 -71.6100601194
272.6000000000 -71.6643830128
272.7000000000 -71.7185509820
272.8000000000 -71.7725635118
272.9000000000 -71.8264200931
273.0000000000 -71.8801202224
273.1000000000 -71.9336634024
273.2000000000 -71.9870491415
273.3000000000 -72.0402769545
273.4000000000 -72.0933463620
273.5000000000 -72.1462568913
273.6000000000 -72.1990080756
273.7000000000 -72.2515994545
273.8000000000 -72.3040305742
273.9000000000 -72.3563009872
274.0000000000 -72.4084102527
274.1000000000 -72.4603579364
274.2000000000 -72.5121436107
274.3000000000 -72.5637668547
274.4000000000 -72.6152272542
274.5000000000 -72.6665244020
274.6000000000 -72.7176578977
274.7000000000 -72.7686273476
274.8000000000 -72.8194323653
274.9000000000 -72.8700725713
275.0000000000 -72.9205475931
275.1000000000 -72.9708570652
275.2000000000 -73.0210006296
275.3000000000 -73.0709779350
275.4000000000 -73.1207886378
275.5000000000 -73.1704324012
275.6000000000 -73.2199088960
275.7000000000 -73.2692178002
275.8000000000 -73.3183587991
275.9000000000 -73.3673315856
276.0000000000 -73.4161358596
276.1000000000 -73.4647713289
276.2000000000 -73.5132377083
276.3000000000 -73.5615347204
276.4000000000 -73.6096620951
276.5000000000 -73.6576195699
276.6000000000 -73.7054068899
276.7000000000 -73.7530238076
276.8000000000 -73.8004700830
276.9000000000 -73.8477454839
277.0000000000 -73.8948497856
277.1000000000 -73.9417827708
277.2000000000 -73.9885442300
277.3000000000 -74.0351339613
277.4000000000 -74.0815517704
277.5000000000 -74.1277974704
277.6000000000 -74.1738708823
277.7000000000 -74.2197718345
277.8000000000 -74.2655001631
277.9000000000 -74.3110557118
278.0000000000 -74.3564383321
278.1000000000 -74.4016478826
278.2000000000 -74.4466842300
278.3000000000 -74.4915472482
278.4000000000 -74.5362368190
278.5000000000 -74.5807528316
278.6000000000 -74.6250951826
278.7000000000 -74.6692637764
278.8000000000 -74.7132585248
278.9000000000 -74.7570793471
279.0000000000 -74.8007261700
279.1000000000 -74.8441989279
279.2000000000 -74.8874975624
279.3000000000 -74.9306220226
279.4000000000 -74.9735722651
279.5000000000 -75.0163482538
279.6000000000 -75.0589499599
279.7000000000 -75.1013773619
279.8000000000 -75.1436304459
279.9000000000 -75.1857092048
