0.0000000000 -60.5828263004
0.1000000000 -60.6616497161
0.2000000000 -60.7404054824
0.3000000000 -60.8190932220
0.4000000000 -60.8977125505
0.5000000000 -60.9762630759
0.6000000000 -61.0547443988
0.7000000000 -61.1331561125
0.8000000000 -61.2114978026
0.9000000000 -61.2897690469
1.0000000000 -61.3679694157
1.1000000000 -61.4460984714
1.2000000000 -61.5241557688
1.3000000000 -61.6021408546
1.4000000000 -61.6800532675
1.5000000000 -61.7578925385
1.6000000000 -61.8356581905
1.7000000000 -61.9133497381
1.8000000000 -61.9909666881
1.9000000000 -62.0685085390
2.0000000000 -62.1459747813
2.1000000000 -62.2233648970
2.2000000000 -62.3006783603
2.3000000000 -62.3779146370
2.4000000000 -62.4550731844
2.5000000000 -62.5321534520
2.6000000000 -62.6091548807
2.7000000000 -62.6860769033
2.8000000000 -62.7629189442
2.9000000000 -62.8396804197
3.0000000000 -62.9163607377
3.1000000000 -62.9929592979
3.2000000000 -63.0694754918
3.3000000000 -63.1459087025
3.4000000000 -63.2222583052
3.5000000000 -63.2985236667
3.6000000000 -63.3747041458
3.7000000000 -63.4507990929
3.8000000000 -63.5268078507
3.9000000000 -63.6027297536
4.0000000000 -63.6785641281
4.1000000000 -63.7543102928
4.2000000000 -63.8299675581
4.3000000000 -63.9055352271
4.4000000000 -63.9810125945
4.5000000000 -64.0563989477
4.6000000000 -64.1316935662
4.7000000000 -64.2068957221
4.8000000000 -64.2820046798
4.9000000000 -64.3570196963
5.0000000000 -64.4319400212
5.1000000000 -64.5067648969
5.2000000000 -64.5814935584
5.3000000000 -64.6561252338
5.4000000000 -64.7306591441
5.5000000000 -64.8050945033
5.6000000000 -64.8794305185
5.7000000000 -64.9536663903
5.8000000000 -65.0278013126
5.9000000000 -65.1018344725
6.0000000000 -65.1757650510
6.1000000000 -65.2495922228
6.2000000000 -65.3233151562
6.3000000000 -65.3969330135
6.4000000000 -65.4704449513
6.5000000000 -65.5438501201
6.6000000000 -65.6171476649
6.7000000000 -65.6903367249
6.8000000000 -65.7634164342
6.9000000000 -65.8363859214
7.0000000000 -65.9092443100
7.1000000000 -65.9819907185
7.2000000000 -66.0546242607
7.3000000000 -66.1271440454
7.4000000000 -66.1995491769
7.5000000000 -66.2718387554
7.6000000000 -66.3440118764
7.7000000000 -66.4160676317
7.8000000000 -66.4880051087
7.9000000000 -66.5598233914
8.0000000000 -66.6315215601
8.1000000000 -66.7030986915
8.2000000000 -66.7745538591
8.3000000000 -66.8458861332
8.4000000000 -66.9170945812
8.5000000000 -66.9881782677
8.6000000000 -67.0591362547
8.7000000000 -67.1299676017
8.8000000000 -67.2006713660
8.9000000000 -67.2712466027
9.0000000000 -67.3416923651
9.1000000000 -67.4120077046
9.2000000000 -67.4821916712
9.3000000000 -67.5522433134
9.4000000000 -67.6221616786
9.5000000000 -67.6919458131
9.6000000000 -67.7615947625
9.7000000000 -67.8311075714
9.8000000000 -67.9004832844
9.9000000000 -67.9697209454
10.0000000000 -68.0388195986
10.1000000000 -68.1077782879
10.2000000000 -68.1765960577
10.3000000000 -68.2452719528
10.4000000000 -68.3138050187
10.5000000000 -68.3821943016
10.6000000000 -68.4504388489
10.7000000000 -68.5185377089
10.8000000000 -68.5864899317
10.9000000000 -68.6542945687
11.0000000000 -68.7219506730
11.1000000000 -68.7894572999
11.2000000000 -68.8568135067
11.3000000000 -68.9240183529
11.4000000000 -68.9910709007
11.5000000000 -69.0579702149
11.6000000000 -69.1247153631
11.7000000000 -69.1913054160
11.8000000000 -69.2577394475
11.9000000000 -69.3240165350
12.0000000000 -69.3901357593
12.1000000000 -69.4560962052
12.2000000000 -69.5218969613
12.3000000000 -69.5875371201
12.4000000000 -69.6530157789
12.5000000000 -69.7183320390
12.6000000000 -69.7834850064
12.7000000000 -69.8484737922
12.8000000000 -69.9132975122
12.9000000000 -69.9779552874
13.0000000000 -70.0424462440
13.1000000000 -70.1067695138
13.2000000000 -70.1709242343
13.3000000000 -70.2349095485
13.4000000000 -70.2987246057
13.5000000000 -70.3623685610
13.6000000000 -70.4258405759
13.7000000000 -70.4891398182
13.8000000000 -70.5522654625
13.9000000000 -70.6152166899
14.0000000000 -70.6779926883
14.1000000000 -70.7405926527
14.2000000000 -70.8030157853
14.3000000000 -70.8652612956
14.4000000000 -70.9273284002
14.5000000000 -70.9892163236
14.6000000000 -71.0509242979
14.7000000000 -71.1124515629
14.8000000000 -71.1737973665
14.9000000000 -71.2349609645
15.0000000000 -71.2959416210
15.1000000000 -71.3567386084
15.2000000000 -71.4173512076
15.3000000000 -71.4777787078
15.4000000000 -71.5380204071
15.5000000000 -71.5980756124
15.6000000000 -71.6579436392
15.7000000000 -71.7176238122
15.8000000000 -71.7771154653
15.9000000000 -71.8364179412
16.0000000000 -71.8955305923
16.1000000000 -71.9544527800
16.2000000000 -72.0131838755
16.3000000000 -72.0717232594
16.4000000000 -72.1300703220
16.5000000000 -72.1882244631
16.6000000000 -72.2461850927
16.7000000000 -72.3039516305
16.8000000000 -72.3615235060
16.9000000000 -72.4189001591
17.0000000000 -72.4760810394
17.1000000000 -72.5330656070
17.2000000000 -72.5898533321
17.3000000000 -72.6464436952
17.4000000000 -72.7028361872
17.5000000000 -72.7590303094
17.6000000000 -72.8150255735
17.7000000000 -72.8708215020
17.8000000000 -72.9264176275
17.9000000000 -72.9818134937
18.0000000000 -73.0370086546
18.1000000000 -73.0920026751
18.2000000000 -73.1467951308
18.3000000000 -73.2013856080
18.4000000000 -73.2557737039
18.5000000000 -73.3099590264
18.6000000000 -73.3639411944
18.7000000000 -73.4177198377
18.8000000000 -73.4712945969
18.9000000000 -73.5246651235
19.0000000000 -73.5778310800
19.1000000000 -73.6307921400
19.2000000000 -73.6835479878
19.3000000000 -73.7360983189
19.4000000000 -73.7884428396
19.5000000000 -73.8405812673
19.6000000000 -73.8925133305
19.7000000000 -73.9442387684
19.8000000000 -73.9957573314
19.9000000000 -74.0470687808
20.0000000000 -74.0981728890
20.1000000000 -74.1490694391
20.2000000000 -74.1997582254
20.3000000000 -74.2502390531
20.4000000000 -74.3005117382
20.5000000000 -74.3505761077
20.6000000000 -74.4004319993
20.7000000000 -74.4500792619
20.8000000000 -74.4995177548
20.9000000000 -74.5487473485
21.0000000000 -74.5977679240
21.1000000000 -74.6465793730
21.2000000000 -74.6951815982
21.3000000000 -74.7435745128
21.4000000000 -74.7917580404
21.5000000000 -74.8397321154
21.6000000000 -74.8874966829
21.7000000000 -74.9350516981
21.8000000000 -74.9823971269
21.9000000000 -75.0295329455
22.0000000000 -75.0764591405
22.1000000000 -75.1231757087
22.2000000000 -75.1696826570
22.3000000000 -75.2159800026
22.4000000000 -75.2620677729
22.5000000000 -75.3079460049
22.6000000000 -75.3536147459
22.7000000000 -75.3990740527
22.8000000000 -75.4443239923
22.9000000000 -75.4893646409
23.0000000000 -75.5341960845
23.1000000000 -75.5788184184
23.2000000000 -75.6232317473
23.3000000000 -75.6674361852
23.4000000000 -75.7114318549
23.5000000000 -75.7552188882
23.6000000000 -75.7987974257
23.7000000000 -75.8421676165
23.8000000000 -75.8853296177
23.9000000000 -75.9282835949
24.0000000000 -75.9710297212
24.1000000000 -76.0135681774
24.2000000000 -76.0558991512
24.3000000000 -76.0980228372
24.4000000000 -76.1399394363
24.5000000000 -76.1816491552
24.6000000000 -76.2231522056
24.7000000000 -76.2644488039
24.8000000000 -76.3055391702
24.9000000000 -76.3464235274
25.0000000000 -76.3871021002
25.1000000000 -76.4275751139
25.2000000000 -76.4678427927
25.3000000000 -76.5079053587
25.4000000000 -76.5477630294
25.5000000000 -76.5874160155
25.6000000000 -76.6268645188
25.7000000000 -76.6661087288
25.8000000000 -76.7051488189
25.9000000000 -76.7439849429
26.0000000000 -76.7826172298
26.1000000000 -76.8210457781
26.2000000000 -76.8592706493
26.3000000000 -76.8972918601
26.4000000000 -76.9351093734
26.5000000000 -76.9727230877
26.6000000000 -77.0101328246
26.7000000000 -77.0473383140
26.8000000000 -77.0843391777
26.9000000000 -77.1211349084
27.0000000000 -77.1577248473
27.1000000000 -77.1941081558
27.2000000000 -77.2302837837
27.3000000000 -77.2662504311
27.4000000000 -77.3020065045
27.5000000000 -77.3375500644
27.6000000000 -77.3728787648
27.7000000000 -77.4079897813
27.8000000000 -77.4428797277
27.9000000000 -77.4775445578
28.0000000000 -77.5119794496
28.1000000000 -77.5461786709
28.2000000000 -77.5801354203
28.3000000000 -77.6138416414
28.4000000000 -77.6472878049
28.5000000000 -77.6804626525
28.6000000000 -77.7133528976
28.7000000000 -77.7459428724
28.8000000000 -77.7782141163
28.9000000000 -77.8101448910
29.0000000000 -77.8417096129
29.1000000000 -77.8728781870
29.2000000000 -77.9036152256
29.3000000000 -77.9338791316
29.4000000000 -77.9636210235
29.5000000000 -77.9927834742
29.6000000000 -78.0212990317
29.7000000000 -78.0490884835
29.8000000000 -78.0760588210
29.9000000000 -78.1021008516
30.0000000000 -78.1270863971
30.1000000000 -78.1508650079
30.2000000000 -78.1732601083
30.3000000000 -78.1940644745
30.4000000000 -78.2130349301
30.5000000000 -78.2298861241
30.6000000000 -78.2442832319
30.7000000000 -78.2558333934
30.8000000000 -78.2640756695
30.9000000000 -78.2684692623
31.0000000000 -78.2683796963
31.1000000000 -78.2630626112
31.2000000000 -78.2516447521
31.3000000000 -78.2331016736
31.4000000000 -78.2062315926
31.5000000000 -78.1696247245
31.6000000000 -78.1216273259
31.7000000000 -78.0602995340
31.8000000000 -77.9833659377
31.9000000000 -77.8881576330
32.0000000000 -77.7715443062
32.1000000000 -77.6298546424
32.2000000000 -77.4587830671
32.3000000000 -77.2532805013
32.4000000000 -77.0074264159
32.5000000000 -76.7142790271
32.6000000000 -76.3656999423
32.7000000000 -75.9521489585
32.8000000000 -75.4624439838
32.9000000000 -74.8834801970
33.0000000000 -74.1999015021
33.1000000000 -73.3937160077
33.2000000000 -72.4438454949
33.3000000000 -71.3255963274
33.4000000000 -70.0100354095
33.5000000000 -68.4632484267
33.6000000000 -66.6454463599
33.7000000000 -64.5098654231
33.8000000000 -62.0013658147
33.9000000000 -59.0545578651
34.0000000000 -55.5911369715
34.1000000000 -51.5158362191
34.2000000000 -46.7099393043
34.3000000000 -41.0206183616
34.4000000000 -34.2436742406
34.5000000000 -26.0971830880
34.6000000000 -16.1867172572
34.7000000000 -3.9975304639
34.8000000000 10.7824716119
34.9000000000 26.3807147910
35.0000000000 36.9220167869
35.1000000000 39.7639942144
35.2000000000 39.2082888264
35.3000000000 38.5639551900
35.4000000000 38.2784079979
35.5000000000 38.1857679395
35.6000000000 38.1705011761
35.7000000000 38.1765042405
35.8000000000 38.1782014121
35.9000000000 38.1646194281
36.0000000000 38.1316419284
36.1000000000 38.0782838082
36.2000000000 38.0049044178
36.3000000000 37.9123616654
36.4000000000 37.8016250251
36.5000000000 37.6736118019
36.6000000000 37.5291303800
36.7000000000 37.3688728539
36.8000000000 37.1934286234
36.9000000000 37.0033051381
37.0000000000 36.7989493179
37.1000000000 36.5807668377
37.2000000000 36.3491382685
37.3000000000 36.1044319295
37.4000000000 35.8470136888
37.5000000000 35.5772540962
37.6000000000 35.2955332694
37.7000000000 35.0022439303
37.8000000000 34.6977929533
37.9000000000 34.3826017380
38.0000000000 34.0571056746
38.1000000000 33.7217529298
38.2000000000 33.3770027424
38.3000000000 33.0233233863
38.4000000000 32.6611899305
38.5000000000 32.2910819020
38.6000000000 31.9134809344
38.7000000000 31.5288684702
38.8000000000 31.1377235667
38.9000000000 30.7405208429
39.0000000000 30.3377285956
39.1000000000 29.9298071001
39.2000000000 29.5172071069
39.3000000000 29.1003685361
39.4000000000 28.6797193689
39.5000000000 28.2556747303
39.6000000000 27.8286361536
39.7000000000 27.3989910162
39.8000000000 26.9671121339
39.9000000000 26.5333575004
40.0000000000 26.0980701575
40.1000000000 25.6615781817
40.2000000000 25.2241947744
40.3000000000 24.7862184403
40.4000000000 24.3479332426
40.5000000000 23.9096091219
40.6000000000 23.4715022684
40.7000000000 23.0338555352
40.8000000000 22.5968988860
40.9000000000 22.1608498655
41.0000000000 21.7259140872
41.1000000000 21.2922857309
41.2000000000 20.8601480436
41.3000000000 20.4296738398
41.4000000000 20.0010259954
41.5000000000 19.5743579327
41.6000000000 19.1498140926
41.7000000000 18.7275303922
41.8000000000 18.3076346650
41.9000000000 17.8902470829
42.0000000000 17.4754805584
42.1000000000 17.0634411265
42.2000000000 16.6542283058
42.3000000000 16.2479354387
42.4000000000 15.8446500106
42.5000000000 15.4444539486
42.6000000000 15.0474239001
42.7000000000 14.6536314919
42.8000000000 14.2631435708
42.9000000000 13.8760224255
43.0000000000 13.4923259925
43.1000000000 13.1121080453
43.2000000000 12.7354183691
43.3000000000 12.3623029204
43.4000000000 11.9928039753
43.5000000000 11.6269602644
43.6000000000 11.2648070973
43.7000000000 10.9063764775
43.8000000000 10.5516972078
43.9000000000 10.2007949878
44.0000000000 9.8536925041
44.1000000000 9.5104095147
44.2000000000 9.1709629272
44.3000000000 8.8353668729
44.4000000000 8.5036327766
44.5000000000 8.1757694235
44.6000000000 7.8517830238
44.7000000000 7.5316772750
44.8000000000 7.2154534229
44.9000000000 6.9031103229
45.0000000000 6.5946444997
45.1000000000 6.2900502077
45.2000000000 5.9893194920
45.3000000000 5.6924422501
45.4000000000 5.3994062937
45.5000000000 5.1101974127
45.6000000000 4.8247994394
45.7000000000 4.5431943143
45.8000000000 4.2653621531
45.9000000000 3.9912813144
46.0000000000 3.7209284689
46.1000000000 3.4542786694
46.2000000000 3.1913054215
46.3000000000 2.9319807553
46.4000000000 2.6762752972
46.5000000000 2.4241583428
46.6000000000 2.1755979290
46.7000000000 1.9305609069
46.8000000000 1.6890130144
46.9000000000 1.4509189479
47.0000000000 1.2162424348
47.1000000000 0.9849463033
47.2000000000 0.7569925533
47.3000000000 0.5323424250
47.4000000000 0.3109564671
47.5000000000 0.0927946026
47.6000000000 -0.1221838052
47.7000000000 -0.3340198901
47.8000000000 -0.5427552205
47.9000000000 -0.7484317401
48.0000000000 -0.9510917091
48.1000000000 -1.1507776482
48.2000000000 -1.3475322847
48.3000000000 -1.5413984998
48.4000000000 -1.7324192787
48.5000000000 -1.9206376628
48.6000000000 -2.1060967034
48.7000000000 -2.2888394181
48.8000000000 -2.4689087490
48.9000000000 -2.6463475234
49.0000000000 -2.8211984157
49.1000000000 -2.9935039128
49.2000000000 -3.1633062798
49.3000000000 -3.3306475292
49.4000000000 -3.4955693910
49.5000000000 -3.6581132852
49.6000000000 -3.8183202963
49.7000000000 -3.9762311488
49.8000000000 -4.1318861857
49.9000000000 -4.2853253474
50.0000000000 -4.4365881532
50.1000000000 -4.5857136835
50.2000000000 -4.7327405648
50.3000000000 -4.8777069546
50.4000000000 -5.0206505290
50.5000000000 -5.1616084709
50.6000000000 -5.3006174598
50.7000000000 -5.4377136626
50.8000000000 -5.5729327259
50.9000000000 -5.7063097692
51.0000000000 -5.8378793791
51.1000000000 -5.9676756048
51.2000000000 -6.0957319543
51.3000000000 -6.2220813916
51.4000000000 -6.3467563345
51.5000000000 -6.4697886540
51.6000000000 -6.5912096737
51.7000000000 -6.7110501700
51.8000000000 -6.8293403733
51.9000000000 -6.9461099698
52.0000000000 -7.0613881037
52.1000000000 -7.1752033798
52.2000000000 -7.2875838674
52.3000000000 -7.3985571038
52.4000000000 -7.5081500986
52.5000000000 -7.6163893386
52.6000000000 -7.7233007928
52.7000000000 -7.8289099179
52.8000000000 -7.9332416641
52.9000000000 -8.0363204810
53.0000000000 -8.1381703245
53.1000000000 -8.2388146627
53.2000000000 -8.3382764831
53.3000000000 -8.4365782996
53.4000000000 -8.5337421594
53.5000000000 -8.6297896508
53.6000000000 -8.7247419101
53.7000000000 -8.8186196295
53.8000000000 -8.9114430648
53.9000000000 -9.0032320427
54.0000000000 -9.0940059690
54.1000000000 -9.1837838361
54.2000000000 -9.2725842312
54.3000000000 -9.3604253437
54.4000000000 -9.4473249732
54.5000000000 -9.5333005376
54.6000000000 -9.6183690803
54.7000000000 -9.7025472786
54.8000000000 -9.7858514510
54.9000000000 -9.8682975651
55.0000000000 -9.9499012448
55.1000000000 -10.0306777783
55.2000000000 -10.1106421253
55.3000000000 -10.1898089243
55.4000000000 -10.2681925000
55.5000000000 -10.3458068703
55.6000000000 -10.4226657537
55.7000000000 -10.4987825756
55.8000000000 -10.5741704761
55.9000000000 -10.6488423157
56.0000000000 -10.7228106827
56.1000000000 -10.7960878994
56.2000000000 -10.8686860285
56.3000000000 -10.9406168791
56.4000000000 -11.0118920134
56.5000000000 -11.0825227524
56.6000000000 -11.1525201814
56.7000000000 -11.2218951567
56.8000000000 -11.2906583102
56.9000000000 -11.3588200556
57.0000000000 -11.4263905935
57.1000000000 -11.4933799168
57.2000000000 -11.5597978158
57.3000000000 -11.6256538829
57.4000000000 -11.6909575181
57.5000000000 -11.7557179333
57.6000000000 -11.8199441571
57.7000000000 -11.8836450393
57.8000000000 -11.9468292553
57.9000000000 -12.0095053106
58.0000000000 -12.0716815447
58.1000000000 -12.1333661356
58.2000000000 -12.1945671031
58.3000000000 -12.2552923134
58.4000000000 -12.3155494824
58.5000000000 -12.3753461797
58.6000000000 -12.4346898317
58.7000000000 -12.4935877257
58.8000000000 -12.5520470126
58.9000000000 -12.6100747107
59.0000000000 -12.6676777087
59.1000000000 -12.7248627687
59.2000000000 -12.7816365295
59.3000000000 -12.8380055091
59.4000000000 -12.8939761080
59.5000000000 -12.9495546117
59.6000000000 -13.0047471936
59.7000000000 -13.0595599173
59.8000000000 -13.1139987395
59.9000000000 -13.1680695122
60.0000000000 -13.2217779853
60.1000000000 -13.2751298088
60.2000000000 -13.3281305352
60.3000000000 -13.3807856216
60.4000000000 -13.4331004319
60.5000000000 -13.4850802388
60.6000000000 -13.5367302262
60.7000000000 -13.5880554906
60.8000000000 -13.6390610434
60.9000000000 -13.6897518127
61.0000000000 -13.7401326451
61.1000000000 -13.7902083075
61.2000000000 -13.8399834888
61.3000000000 -13.8894628016
61.4000000000 -13.9386507836
61.5000000000 -13.9875518997
61.6000000000 -14.0361705431
61.7000000000 -14.0845110368
61.8000000000 -14.1325776354
61.9000000000 -14.1803745262
62.0000000000 -14.2279058310
62.1000000000 -14.2751756067
62.2000000000 -14.3221878476
62.3000000000 -14.3689464859
62.4000000000 -14.4154553932
62.5000000000 -14.4617183819
62.6000000000 -14.5077392063
62.7000000000 -14.5535215636
62.8000000000 -14.5990690951
62.9000000000 -14.6443853875
63.0000000000 -14.6894739737
63.1000000000 -14.7343383341
63.2000000000 -14.7789818975
63.3000000000 -14.8234080421
63.4000000000 -14.8676200964
63.5000000000 -14.9116213404
63.6000000000 -14.9554150063
63.7000000000 -14.9990042796
63.8000000000 -15.0423922997
63.9000000000 -15.0855821613
64.0000000000 -15.1285769145
64.1000000000 -15.1713795664
64.2000000000 -15.2139930813
64.3000000000 -15.2564203821
64.4000000000 -15.2986643503
64.5000000000 -15.3407278276
64.6000000000 -15.3826136159
64.7000000000 -15.4243244788
64.8000000000 -15.4658631414
64.9000000000 -15.5072322918
65.0000000000 -15.5484345815
65.1000000000 -15.5894726258
65.2000000000 -15.6303490050
65.3000000000 -15.6710662643
65.4000000000 -15.7116269153
65.5000000000 -15.7520334360
65.6000000000 -15.7922882715
65.7000000000 -15.8323938349
65.8000000000 -15.8723525073
65.9000000000 -15.9121666392
66.0000000000 -15.9518385500
66.1000000000 -15.9913705296
66.2000000000 -16.0307648383
66.3000000000 -16.0700237073
66.4000000000 -16.1091493396
66.5000000000 -16.1481439103
66.6000000000 -16.1870095669
66.7000000000 -16.2257484302
66.8000000000 -16.2643625943
66.9000000000 -16.3028541276
67.0000000000 -16.3412250726
67.1000000000 -16.3794774471
67.2000000000 -16.4176132441
67.3000000000 -16.4556344323
67.4000000000 -16.4935429567
67.5000000000 -16.5313407390
67.6000000000 -16.5690296778
67.7000000000 -16.6066116492
67.8000000000 -16.6440885072
67.9000000000 -16.6814620839
68.0000000000 -16.7187341901
68.1000000000 -16.7559066155
68.2000000000 -16.7929811292
68.3000000000 -16.8299594799
68.4000000000 -16.8668433966
68.5000000000 -16.9036345884
68.6000000000 -16.9403347453
68.7000000000 -16.9769455383
68.8000000000 -17.0134686199
68.9000000000 -17.0499056242
69.0000000000 -17.0862581675
69.1000000000 -17.1225278483
69.2000000000 -17.1587162479
69.3000000000 -17.1948249305
69.4000000000 -17.2308554434
69.5000000000 -17.2668093178
69.6000000000 -17.3026880685
69.7000000000 -17.3384931945
69.8000000000 -17.3742261790
69.9000000000 -17.4098884902
70.0000000000 -17.4454815809
70.1000000000 -17.4810068895
70.2000000000 -17.5164658394
70.3000000000 -17.5518598399
70.4000000000 -17.5871902865
70.5000000000 -17.6224585605
70.6000000000 -17.6576660298
70.7000000000 -17.6928140492
70.8000000000 -17.7279039601
70.9000000000 -17.7629370912
71.0000000000 -17.7979147585
71.1000000000 -17.8328382656
71.2000000000 -17.8677089042
71.3000000000 -17.9025279535
71.4000000000 -17.9372966813
71.5000000000 -17.9720163438
71.6000000000 -18.0066881859
71.7000000000 -18.0413134411
71.8000000000 -18.0758933322
71.9000000000 -18.1104290712
72.0000000000 -18.1449218595
72.1000000000 -18.1793728882
72.2000000000 -18.2137833380
72.3000000000 -18.2481543798
72.4000000000 -18.2824871747
72.5000000000 -18.3167828741
72.6000000000 -18.3510426198
72.7000000000 -18.3852675444
72.8000000000 -18.4194587715
72.9000000000 -18.4536174155
73.0000000000 -18.4877445822
73.1000000000 -18.5218413687
73.2000000000 -18.5559088635
73.3000000000 -18.5899481469
73.4000000000 -18.6239602910
73.5000000000 -18.6579463599
73.6000000000 -18.6919074098
73.7000000000 -18.7258444893
73.8000000000 -18.7597586391
73.9000000000 -18.7936508929
74.0000000000 -18.8275222767
74.1000000000 -18.8613738097
74.2000000000 -18.8952065038
74.3000000000 -18.9290213642
74.4000000000 -18.9628193892
74.5000000000 -18.9966015707
74.6000000000 -19.0303688937
74.7000000000 -19.0641223373
74.8000000000 -19.0978628740
74.9000000000 -19.1315914705
75.0000000000 -19.1653090871
75.1000000000 -19.1990166786
75.2000000000 -19.2327151939
75.3000000000 -19.2664055761
75.4000000000 -19.3000887629
75.5000000000 -19.3337656866
75.6000000000 -19.3674372742
75.7000000000 -19.4011044475
75.8000000000 -19.4347681230
75.9000000000 -19.4684292124
76.0000000000 -19.5020886226
76.1000000000 -19.5357472555
76.2000000000 -19.5694060084
76.3000000000 -19.6030657741
76.4000000000 -19.6367274409
76.5000000000 -19.6703918925
76.6000000000 -19.7040600087
76.7000000000 -19.7377326646
76.8000000000 -19.7714107318
76.9000000000 -19.8050950773
77.0000000000 -19.8387865646
77.1000000000 -19.8724860531
77.2000000000 -19.9061943986
77.3000000000 -19.9399124533
77.4000000000 -19.9736410657
77.5000000000 -20.0073810808
77.6000000000 -20.0411333403
77.7000000000 -20.0748986825
77.8000000000 -20.1086779424
77.9000000000 -20.1424719521
78.0000000000 -20.1762815402
78.1000000000 -20.2101075328
78.2000000000 -20.2439507525
78.3000000000 -20.2778120195
78.4000000000 -20.3116921511
78.5000000000 -20.3455919617
78.6000000000 -20.3795122633
78.7000000000 -20.4134538652
78.8000000000 -20.4474175743
78.9000000000 -20.4814041949
79.0000000000 -20.5154145292
79.1000000000 -20.5494493769
79.2000000000 -20.5835095355
79.3000000000 -20.6175958004
79.4000000000 -20.6517089648
79.5000000000 -20.6858498202
79.6000000000 -20.7200191556
79.7000000000 -20.7542177585
79.8000000000 -20.7884464144
79.9000000000 -20.8227059071
80.0000000000 -20.8569970184
80.1000000000 -20.8913205288
80.2000000000 -20.9256772169
80.3000000000 -20.9600678600
80.4000000000 -20.9944932335
80.5000000000 -21.0289541119
80.6000000000 -21.0634512677
80.7000000000 -21.0979854726
80.8000000000 -21.1325574967
80.9000000000 -21.1671681089
81.0000000000 -21.2018180769
81.1000000000 -21.2365081675
81.2000000000 -21.2712391460
81.3000000000 -21.3060117770
81.4000000000 -21.3408268240
81.5000000000 -21.3756850495
81.6000000000 -21.4105872151
81.7000000000 -21.4455340817
81.8000000000 -21.4805264092
81.9000000000 -21.5155649569
82.0000000000 -21.5506504832
82.1000000000 -21.5857837459
82.2000000000 -21.6209655022
82.3000000000 -21.6561965088
82.4000000000 -21.6914775215
82.5000000000 -21.7268092960
82.6000000000 -21.7621925871
82.7000000000 -21.7976281496
82.8000000000 -21.8331167376
82.9000000000 -21.8686591049
83.0000000000 -21.9042560050
83.1000000000 -21.9399081910
83.2000000000 -21.9756164159
83.3000000000 -22.0113814324
83.4000000000 -22.0472039929
83.5000000000 -22.0830848499
83.6000000000 -22.1190247554
83.7000000000 -22.1550244617
83.8000000000 -22.1910847208
83.9000000000 -22.2272062846
84.0000000000 -22.2633899052
84.1000000000 -22.2996363345
84.2000000000 -22.3359463247
84.3000000000 -22.3723206277
84.4000000000 -22.4087599960
84.5000000000 -22.4452651817
84.6000000000 -22.4818369375
84.7000000000 -22.5184760159
84.8000000000 -22.5551831699
84.9000000000 -22.5919591525
85.0000000000 -22.6288047171
85.1000000000 -22.6657206172
85.2000000000 -22.7027076067
85.3000000000 -22.7397664398
85.4000000000 -22.7768978709
85.5000000000 -22.8141026549
85.6000000000 -22.8513815470
85.7000000000 -22.8887353028
85.8000000000 -22.9261646782
85.9000000000 -22.9636704295
86.0000000000 -23.0012533135
86.1000000000 -23.0389140874
86.2000000000 -23.0766535090
86.3000000000 -23.1144723362
86.4000000000 -23.1523713278
86.5000000000 -23.1903512427
86.6000000000 -23.2284128405
86.7000000000 -23.2665568812
86.8000000000 -23.3047841255
86.9000000000 -23.3430953344
87.0000000000 -23.3814912696
87.1000000000 -23.4199726931
87.2000000000 -23.4585403676
87.3000000000 -23.4971950564
87.4000000000 -23.5359375232
87.5000000000 -23.5747685323
87.6000000000 -23.6136888486
87.7000000000 -23.6526992374
87.8000000000 -23.6918004648
87.9000000000 -23.7309932971
88.0000000000 -23.7702785015
88.1000000000 -23.8096568456
88.2000000000 -23.8491290974
88.3000000000 -23.8886960257
88.4000000000 -23.9283583997
88.5000000000 -23.9681169891
88.6000000000 -24.0079725641
88.7000000000 -24.0479258956
88.8000000000 -24.0879777548
88.9000000000 -24.1281289135
89.0000000000 -24.1683801439
89.1000000000 -24.2087322189
89.2000000000 -24.2491859115
89.3000000000 -24.2897419954
89.4000000000 -24.3304012448
89.5000000000 -24.3711644340
89.6000000000 -24.4120323381
89.7000000000 -24.4530057323
89.8000000000 -24.4940853923
89.9000000000 -24.5352720940
90.0000000000 -24.5765666139
90.1000000000 -24.6179697285
90.2000000000 -24.6594822149
90.3000000000 -24.7011048502
90.4000000000 -24.7428384118
90.5000000000 -24.7846836774
90.6000000000 -24.8266414249
90.7000000000 -24.8687124322
90.8000000000 -24.9108974775
90.9000000000 -24.9531973391
91.0000000000 -24.9956127951
91.1000000000 -25.0381446240
91.2000000000 -25.0807936042
91.3000000000 -25.1235605139
91.4000000000 -25.1664461313
91.5000000000 -25.2094512348
91.6000000000 -25.2525766023
91.7000000000 -25.2958230116
91.8000000000 -25.3391912405
91.9000000000 -25.3826820662
92.0000000000 -25.4262962659
92.1000000000 -25.4700346163
92.2000000000 -25.5138978938
92.3000000000 -25.5578868742
92.4000000000 -25.6020023332
92.5000000000 -25.6462450455
92.6000000000 -25.6906157855
92.7000000000 -25.7351153270
92.8000000000 -25.7797444430
92.9000000000 -25.8245039058
93.0000000000 -25.8693944869
93.1000000000 -25.9144169570
93.2000000000 -25.9595720859
93.3000000000 -26.0048606425
93.4000000000 -26.0502833945
93.5000000000 -26.0958411087
93.6000000000 -26.1415345506
93.7000000000 -26.1873644848
93.8000000000 -26.2333316742
93.9000000000 -26.2794368808
94.0000000000 -26.3256808648
94.1000000000 -26.3720643853
94.2000000000 -26.4185881996
94.3000000000 -26.4652530634
94.4000000000 -26.5120597310
94.5000000000 -26.5590089546
94.6000000000 -26.6061014847
94.7000000000 -26.6533380700
94.8000000000 -26.7007194570
94.9000000000 -26.7482463903
95.0000000000 -26.7959196123
95.1000000000 -26.8437398632
95.2000000000 -26.8917078808
95.3000000000 -26.9398244007
95.4000000000 -26.9880901558
95.5000000000 -27.0365058765
95.6000000000 -27.0850722906
95.7000000000 -27.1337901231
95.8000000000 -27.1826600963
95.9000000000 -27.2316829293
96.0000000000 -27.2808593384
96.1000000000 -27.3301900366
96.2000000000 -27.3796757340
96.3000000000 -27.4293171370
96.4000000000 -27.4791149489
96.5000000000 -27.5290698693
96.6000000000 -27.5791825943
96.7000000000 -27.6294538161
96.8000000000 -27.6798842233
96.9000000000 -27.7304745005
97.0000000000 -27.7812253283
97.1000000000 -27.8321373829
97.2000000000 -27.8832113367
97.3000000000 -27.9344478575
97.4000000000 -27.9858476084
97.5000000000 -28.0374112485
97.6000000000 -28.0891394315
97.7000000000 -28.1410328070
97.8000000000 -28.1930920190
97.9000000000 -28.2453177071
98.0000000000 -28.2977105052
98.1000000000 -28.3502710422
98.2000000000 -28.4029999415
98.3000000000 -28.4558978212
98.4000000000 -28.5089652934
98.5000000000 -28.5622029646
98.6000000000 -28.6156114356
98.7000000000 -28.6691913008
98.8000000000 -28.7229431488
98.9000000000 -28.7768675617
99.0000000000 -28.8309651154
99.1000000000 -28.8852363792
99.2000000000 -28.9396819156
99.3000000000 -28.9943022805
99.4000000000 -29.0490980228
99.5000000000 -29.1040696845
99.6000000000 -29.1592178002
99.7000000000 -29.2145428972
99.8000000000 -29.2700454957
99.9000000000 -29.3257261079
100.0000000000 -29.3815852384
100.1000000000 -29.4376233842
100.2000000000 -29.4938410341
100.3000000000 -29.5502386687
100.4000000000 -29.6068167605
100.5000000000 -29.6635757736
100.6000000000 -29.7205161635
100.7000000000 -29.7776383771
100.8000000000 -29.8349428526
100.9000000000 -29.8924300189
101.0000000000 -29.9501002962
101.1000000000 -30.0079540953
101.2000000000 -30.0659918177
101.3000000000 -30.1242138555
101.4000000000 -30.1826205909
101.5000000000 -30.2412123966
101.6000000000 -30.2999896353
101.7000000000 -30.3589526597
101.8000000000 -30.4181018122
101.9000000000 -30.4774374251
102.0000000000 -30.5369598200
102.1000000000 -30.5966693081
102.2000000000 -30.6565661898
102.3000000000 -30.7166507547
102.4000000000 -30.7769232814
102.5000000000 -30.8373840374
102.6000000000 -30.8980332788
102.7000000000 -30.9588712504
102.8000000000 -31.0198981856
102.9000000000 -31.0811143060
103.0000000000 -31.1425198215
103.1000000000 -31.2041149301
103.2000000000 -31.2658998177
103.3000000000 -31.3278746581
103.4000000000 -31.3900396128
103.5000000000 -31.4523948309
103.6000000000 -31.5149404489
103.7000000000 -31.5776765908
103.8000000000 -31.6406033678
103.9000000000 -31.7037208780
104.0000000000 -31.7670292068
104.1000000000 -31.8305284263
104.2000000000 -31.8942185954
104.3000000000 -31.9580997597
104.4000000000 -32.0221719514
104.5000000000 -32.0864351889
104.6000000000 -32.1508894773
104.7000000000 -32.2155348076
104.8000000000 -32.2803711571
104.9000000000 -32.3453984892
105.0000000000 -32.4106167531
105.1000000000 -32.4760258839
105.2000000000 -32.5416258024
105.3000000000 -32.6074164152
105.4000000000 -32.6733976143
105.5000000000 -32.7395692773
105.6000000000 -32.8059312673
105.7000000000 -32.8724834324
105.8000000000 -32.9392256063
105.9000000000 -33.0061576077
106.0000000000 -33.0732792405
106.1000000000 -33.1405902936
106.2000000000 -33.2080905408
106.3000000000 -33.2757797409
106.4000000000 -33.3436576377
106.5000000000 -33.4117239594
106.6000000000 -33.4799784193
106.7000000000 -33.5484207154
106.8000000000 -33.6170505301
106.9000000000 -33.6858675305
107.0000000000 -33.7548713685
107.1000000000 -33.8240616802
107.2000000000 -33.8934380865
107.3000000000 -33.9630001926
107.4000000000 -34.0327475881
107.5000000000 -34.1026798473
107.6000000000 -34.1727965286
107.7000000000 -34.2430971750
107.8000000000 -34.3135813138
107.9000000000 -34.3842484567
108.0000000000 -34.4550980999
108.1000000000 -34.5261297237
108.2000000000 -34.5973427932
108.3000000000 -34.6687367576
108.4000000000 -34.7403110505
108.5000000000 -34.8120650902
108.6000000000 -34.8839982791
108.7000000000 -34.9561100044
108.8000000000 -35.0283996376
108.9000000000 -35.1008665349
109.0000000000 -35.1735100369
109.1000000000 -35.2463294691
109.2000000000 -35.3193241414
109.3000000000 -35.3924933486
109.4000000000 -35.4658363702
109.5000000000 -35.5393524705
109.6000000000 -35.6130408989
109.7000000000 -35.6869008897
109.8000000000 -35.7609316620
109.9000000000 -35.8351324204
110.0000000000 -35.9095023544
110.1000000000 -35.9840406390
110.2000000000 -36.0587464346
110.3000000000 -36.1336188868
110.4000000000 -36.2086571271
110.5000000000 -36.2838602724
110.6000000000 -36.3592274256
110.7000000000 -36.4347576754
110.8000000000 -36.5104500965
110.9000000000 -36.5863037497
111.0000000000 -36.6623176821
111.1000000000 -36.7384909273
111.2000000000 -36.8148225051
111.3000000000 -36.8913114221
111.4000000000 -36.9679566719
111.5000000000 -37.0447572347
111.6000000000 -37.1217120779
111.7000000000 -37.1988201561
111.8000000000 -37.2760804113
111.9000000000 -37.3534917732
112.0000000000 -37.4310531589
112.1000000000 -37.5087634735
112.2000000000 -37.5866216102
112.3000000000 -37.6646264504
112.4000000000 -37.7427768637
112.5000000000 -37.8210717086
112.6000000000 -37.8995098320
112.7000000000 -37.9780900700
112.8000000000 -38.0568112477
112.9000000000 -38.1356721796
113.0000000000 -38.2146716696
113.1000000000 -38.2938085114
113.2000000000 -38.3730814886
113.3000000000 -38.4524893750
113.4000000000 -38.5320309347
113.5000000000 -38.6117049222
113.6000000000 -38.6915100830
113.7000000000 -38.7714451534
113.8000000000 -38.8515088611
113.9000000000 -38.9316999249
114.0000000000 -39.0120170555
114.1000000000 -39.0924589554
114.2000000000 -39.1730243193
114.3000000000 -39.2537118340
114.4000000000 -39.3345201790
114.5000000000 -39.4154480267
114.6000000000 -39.4964940423
114.7000000000 -39.5776568845
114.8000000000 -39.6589352054
114.9000000000 -39.7403276508
115.0000000000 -39.8218328606
115.1000000000 -39.9034494690
115.2000000000 -39.9851761045
115.3000000000 -40.0670113904
115.4000000000 -40.1489539451
115.5000000000 -40.2310023821
115.6000000000 -40.3131553104
115.7000000000 -40.3954113349
115.8000000000 -40.4777690562
115.9000000000 -40.5602270713
116.0000000000 -40.6427839737
116.1000000000 -40.7254383537
116.2000000000 -40.8081887983
116.3000000000 -40.8910338921
116.4000000000 -40.9739722170
116.5000000000 -41.0570023527
116.6000000000 -41.1401228770
116.7000000000 -41.2233323657
116.8000000000 -41.3066293935
116.9000000000 -41.3900125335
117.0000000000 -41.4734803580
117.1000000000 -41.5570314385
117.2000000000 -41.6406643462
117.3000000000 -41.7243776517
117.4000000000 -41.8081699261
117.5000000000 -41.8920397403
117.6000000000 -41.9759856661
117.7000000000 -42.0600062757
117.8000000000 -42.1441001426
117.9000000000 -42.2282658415
118.0000000000 -42.3125019483
118.1000000000 -42.3968070410
118.2000000000 -42.4811796994
118.3000000000 -42.5656185055
118.4000000000 -42.6501220437
118.5000000000 -42.7346889012
118.6000000000 -42.8193176681
118.7000000000 -42.9040069374
118.8000000000 -42.9887553057
118.9000000000 -43.0735613731
119.0000000000 -43.1584237436
119.1000000000 -43.2433410250
119.2000000000 -43.3283118297
119.3000000000 -43.4133347741
119.4000000000 -43.4984084797
119.5000000000 -43.5835315727
119.6000000000 -43.6687026844
119.7000000000 -43.7539204515
119.8000000000 -43.8391835159
119.9000000000 -43.9244905256
120.0000000000 -44.0098401343
120.1000000000 -44.0952310018
120.2000000000 -44.1806617941
120.3000000000 -44.2661311839
120.4000000000 -44.3516378503
120.5000000000 -44.4371804795
120.6000000000 -44.5227577644
120.7000000000 -44.6083684054
120.8000000000 -44.6940111100
120.9000000000 -44.7796845935
121.0000000000 -44.8653875786
121.1000000000 -44.9511187961
121.2000000000 -45.0368769846
121.3000000000 -45.1226608911
121.4000000000 -45.2084692708
121.5000000000 -45.2943008872
121.6000000000 -45.3801545128
121.7000000000 -45.4660289285
121.8000000000 -45.5519229242
121.9000000000 -45.6378352988
122.0000000000 -45.7237648605
122.1000000000 -45.8097104266
122.2000000000 -45.8956708238
122.3000000000 -45.9816448883
122.4000000000 -46.0676314661
122.5000000000 -46.1536294128
122.6000000000 -46.2396375938
122.7000000000 -46.3256548846
122.8000000000 -46.4116801705
122.9000000000 -46.4977123472
123.0000000000 -46.5837503205
123.1000000000 -46.6697930065
123.2000000000 -46.7558393317
123.3000000000 -46.8418882331
123.4000000000 -46.9279386584
123.5000000000 -47.0139895657
123.6000000000 -47.1000399239
123.7000000000 -47.1860887126
123.8000000000 -47.2721349223
123.9000000000 -47.3581775543
124.0000000000 -47.4442156210
124.1000000000 -47.5302481455
124.2000000000 -47.6162741621
124.3000000000 -47.7022927161
124.4000000000 -47.7883028640
124.5000000000 -47.8743036732
124.6000000000 -47.9602942227
124.7000000000 -48.0462736021
124.8000000000 -48.1322409127
124.9000000000 -48.2181952668
125.0000000000 -48.3041357881
125.1000000000 -48.3900616113
125.2000000000 -48.4759718825
125.3000000000 -48.5618657592
125.4000000000 -48.6477424100
125.5000000000 -48.7336010148
125.6000000000 -48.8194407649
125.7000000000 -48.9052608625
125.8000000000 -48.9910605214
125.9000000000 -49.0768389664
126.0000000000 -49.1625954336
126.1000000000 -49.2483291703
126.2000000000 -49.3340394348
126.3000000000 -49.4197254966
126.4000000000 -49.5053866363
126.5000000000 -49.5910221455
126.6000000000 -49.6766313269
126.7000000000 -49.7622134940
126.8000000000 -49.8477679713
126.9000000000 -49.9332940942
127.0000000000 -50.0187912088
127.1000000000 -50.1042586720
127.2000000000 -50.1896958514
127.3000000000 -50.2751021252
127.4000000000 -50.3604768823
127.5000000000 -50.4458195218
127.6000000000 -50.5311294536
127.7000000000 -50.6164060976
127.8000000000 -50.7016488842
127.9000000000 -50.7868572538
128.0000000000 -50.8720306571
128.1000000000 -50.9571685548
128.2000000000 -51.0422704173
128.3000000000 -51.1273357252
128.4000000000 -51.2123639685
128.5000000000 -51.2973546471
128.6000000000 -51.3823072704
128.7000000000 -51.4672213572
128.8000000000 -51.5520964356
128.9000000000 -51.6369320431
129.0000000000 -51.7217277262
129.1000000000 -51.8064830405
129.2000000000 -51.8911975505
129.3000000000 -51.9758708295
129.4000000000 -52.0605024594
129.5000000000 -52.1450920308
129.6000000000 -52.2296391426
129.7000000000 -52.3141434021
129.8000000000 -52.3986044247
129.9000000000 -52.4830218340
130.0000000000 -52.5673952614
130.1000000000 -52.6517243462
130.2000000000 -52.7360087352
130.3000000000 -52.8202480829
130.4000000000 -52.9044420512
130.5000000000 -52.9885903090
130.6000000000 -53.0726925326
130.7000000000 -53.1567484052
130.8000000000 -53.2407576167
130.9000000000 -53.3247198637
131.0000000000 -53.4086348495
131.1000000000 -53.4925022837
131.2000000000 -53.5763218819
131.3000000000 -53.6600933661
131.4000000000 -53.7438164641
131.5000000000 -53.8274909095
131.6000000000 -53.9111164415
131.7000000000 -53.9946928046
131.8000000000 -54.0782197489
131.9000000000 -54.1616970294
132.0000000000 -54.2451244063
132.1000000000 -54.3285016443
132.2000000000 -54.4118285131
132.3000000000 -54.4951047867
132.4000000000 -54.5783302434
132.5000000000 -54.6615046658
132.6000000000 -54.7446278405
132.7000000000 -54.8276995577
132.8000000000 -54.9107196115
132.9000000000 -54.9936877994
133.0000000000 -55.0766039223
133.1000000000 -55.1594677842
133.2000000000 -55.2422791920
133.3000000000 -55.3250379555
133.4000000000 -55.4077438873
133.5000000000 -55.4903968021
133.6000000000 -55.5729965173
133.7000000000 -55.6555428522
133.8000000000 -55.7380356280
133.9000000000 -55.8204746679
134.0000000000 -55.9028597966
134.1000000000 -55.9851908402
134.2000000000 -56.0674676260
134.3000000000 -56.1496899826
134.4000000000 -56.2318577394
134.5000000000 -56.3139707265
134.6000000000 -56.3960287746
134.7000000000 -56.4780317150
134.8000000000 -56.5599793788
134.9000000000 -56.6418715976
135.0000000000 -56.7237082026
135.1000000000 -56.8054890247
135.2000000000 -56.8872138947
135.3000000000 -56.9688826422
135.4000000000 -57.0504950966
135.5000000000 -57.1320510858
135.6000000000 -57.2135504369
135.7000000000 -57.2949929756
135.8000000000 -57.3763785262
135.9000000000 -57.4577069111
136.0000000000 -57.5389779511
136.1000000000 -57.6201914651
136.2000000000 -57.7013472698
136.3000000000 -57.7824451794
136.4000000000 -57.8634850059
136.5000000000 -57.9444665587
136.6000000000 -58.0253896441
136.7000000000 -58.1062540658
136.8000000000 -58.1870596243
136.9000000000 -58.2678061168
137.0000000000 -58.3484933371
137.1000000000 -58.4291210754
137.2000000000 -58.5096891185
137.3000000000 -58.5901972488
137.4000000000 -58.6706452453
137.5000000000 -58.7510328823
137.6000000000 -58.8313599302
137.7000000000 -58.9116261548
137.8000000000 -58.9918313172
137.9000000000 -59.0719751741
138.0000000000 -59.1520574770
138.1000000000 -59.2320779726
138.2000000000 -59.3120364025
138.3000000000 -59.3919325029
138.4000000000 -59.4717660048
138.5000000000 -59.5515366335
138.6000000000 -59.6312441087
138.7000000000 -59.7108881444
138.8000000000 -59.7904684488
138.9000000000 -59.8699847240
139.0000000000 -59.9494366658
139.1000000000 -60.0288239642
139.2000000000 -60.1081463026
139.3000000000 -60.1874033578
139.4000000000 -60.2665948005
139.5000000000 -60.3457202943
139.6000000000 -60.4247794964
139.7000000000 -60.5037720569
139.8000000000 -60.5826976191
139.9000000000 -60.6615558192
140.0000000000 -60.7403462863
140.1000000000 -60.8190686424
140.2000000000 -60.8977225020
140.3000000000 -60.9763074724
140.4000000000 -61.0548231535
140.5000000000 -61.1332691375
140.6000000000 -61.2116450091
140.7000000000 -61.2899503455
140.8000000000 -61.3681847159
140.9000000000 -61.4463476819
141.0000000000 -61.5244387973
141.1000000000 -61.6024576080
141.2000000000 -61.6804036518
141.3000000000 -61.7582764588
141.4000000000 -61.8360755507
141.5000000000 -61.9138004415
141.6000000000 -61.9914506369
141.7000000000 -62.0690256346
141.8000000000 -62.1465249239
141.9000000000 -62.2239479861
142.0000000000 -62.3012942943
142.1000000000 -62.3785633132
142.2000000000 -62.4557544994
142.3000000000 -62.5328673013
142.4000000000 -62.6099011588
142.5000000000 -62.6868555037
142.6000000000 -62.7637297595
142.7000000000 -62.8405233413
142.8000000000 -62.9172356562
142.9000000000 -62.9938661028
143.0000000000 -63.0704140715
143.1000000000 -63.1468789446
143.2000000000 -63.2232600961
143.3000000000 -63.2995568918
143.4000000000 -63.3757686894
143.5000000000 -63.4518948384
143.6000000000 -63.5279346805
143.7000000000 -63.6038875489
143.8000000000 -63.6797527691
143.9000000000 -63.7555296587
144.0000000000 -63.8312175271
144.1000000000 -63.9068156762
144.2000000000 -63.9823233998
144.3000000000 -64.0577399842
144.4000000000 -64.1330647078
144.5000000000 -64.2082968417
144.6000000000 -64.2834356491
144.7000000000 -64.3584803861
144.8000000000 -64.4334303012
144.9000000000 -64.5082846358
145.0000000000 -64.5830426238
145.1000000000 -64.6577034922
145.2000000000 -64.7322664610
145.3000000000 -64.8067307431
145.4000000000 -64.8810955446
145.5000000000 -64.9553600650
145.6000000000 -65.0295234972
145.7000000000 -65.1035850272
145.8000000000 -65.1775438351
145.9000000000 -65.2513990943
146.0000000000 -65.3251499723
146.1000000000 -65.3987956304
146.2000000000 -65.4723352239
146.3000000000 -65.5457679025
146.4000000000 -65.6190928101
146.5000000000 -65.6923090849
146.6000000000 -65.7654158600
146.7000000000 -65.8384122630
146.8000000000 -65.9112974165
146.9000000000 -65.9840704378
147.0000000000 -66.0567304398
147.1000000000 -66.1292765304
147.2000000000 -66.2017078129
147.3000000000 -66.2740233865
147.4000000000 -66.3462223458
147.5000000000 -66.4183037814
147.6000000000 -66.4902667802
147.7000000000 -66.5621104250
147.8000000000 -66.6338337952
147.9000000000 -66.7054359665
148.0000000000 -66.7769160117
148.1000000000 -66.8482730001
148.2000000000 -66.9195059983
148.3000000000 -66.9906140700
148.4000000000 -67.0615962762
148.5000000000 -67.1324516757
148.6000000000 -67.2031793249
148.7000000000 -67.2737782781
148.8000000000 -67.3442475877
148.9000000000 -67.4145863045
149.0000000000 -67.4847934775
149.1000000000 -67.5548681545
149.2000000000 -67.6248093822
149.3000000000 -67.6946162060
149.4000000000 -67.7642876708
149.5000000000 -67.8338228207
149.6000000000 -67.9032206993
149.7000000000 -67.9724803500
149.8000000000 -68.0416008161
149.9000000000 -68.1105811411
150.0000000000 -68.1794203686
150.1000000000 -68.2481175427
150.2000000000 -68.3166717084
150.3000000000 -68.3850819113
150.4000000000 -68.4533471980
150.5000000000 -68.5214666166
150.6000000000 -68.5894392163
150.7000000000 -68.6572640481
150.8000000000 -68.7249401646
150.9000000000 -68.7924666206
151.0000000000 -68.8598424727
151.1000000000 -68.9270667802
151.2000000000 -68.9941386047
151.3000000000 -69.0610570106
151.4000000000 -69.1278210650
151.5000000000 -69.1944298383
151.6000000000 -69.2608824039
151.7000000000 -69.3271778390
151.8000000000 -69.3933152239
151.9000000000 -69.4592936431
152.0000000000 -69.5251121848
152.1000000000 -69.5907699415
152.2000000000 -69.6562660098
152.3000000000 -69.7215994911
152.4000000000 -69.7867694910
152.5000000000 -69.8517751203
152.6000000000 -69.9166154947
152.7000000000 -69.9812897350
152.8000000000 -70.0457969673
152.9000000000 -70.1101363231
153.0000000000 -70.1743069398
153.1000000000 -70.2383079605
153.2000000000 -70.3021385341
153.3000000000 -70.3657978157
153.4000000000 -70.4292849669
153.5000000000 -70.4925991555
153.6000000000 -70.5557395558
153.7000000000 -70.6187053490
153.8000000000 -70.6814957232
153.9000000000 -70.7441098733
154.0000000000 -70.8065470016
154.1000000000 -70.8688063176
154.2000000000 -70.9308870381
154.3000000000 -70.9927883877
154.4000000000 -71.0545095985
154.5000000000 -71.1160499107
154.6000000000 -71.1774085721
154.7000000000 -71.2385848388
154.8000000000 -71.2995779752
154.9000000000 -71.3603872538
155.0000000000 -71.4210119557
155.1000000000 -71.4814513706
155.2000000000 -71.5417047967
155.3000000000 -71.6017715412
155.4000000000 -71.6616509200
155.5000000000 -71.7213422581
155.6000000000 -71.7808448897
155.7000000000 -71.8401581579
155.8000000000 -71.8992814155
155.9000000000 -71.9582140244
156.0000000000 -72.0169553560
156.1000000000 -72.0755047915
156.2000000000 -72.1338617216
156.3000000000 -72.1920255467
156.4000000000 -72.2499956771
156.5000000000 -72.3077715330
156.6000000000 -72.3653525446
156.7000000000 -72.4227381522
156.8000000000 -72.4799278060
156.9000000000 -72.5369209667
157.0000000000 -72.5937171051
157.1000000000 -72.6503157022
157.2000000000 -72.7067162496
157.3000000000 -72.7629182492
157.4000000000 -72.8189212134
157.5000000000 -72.8747246651
157.6000000000 -72.9303281380
157.7000000000 -72.9857311762
157.8000000000 -73.0409333345
157.9000000000 -73.0959341785
158.0000000000 -73.1507332845
158.1000000000 -73.2053302396
158.2000000000 -73.2597246417
158.3000000000 -73.3139160996
158.4000000000 -73.3679042328
158.5000000000 -73.4216886720
158.6000000000 -73.4752690585
158.7000000000 -73.5286450448
158.8000000000 -73.5818162942
158.9000000000 -73.6347824811
159.0000000000 -73.6875432906
159.1000000000 -73.7400984190
159.2000000000 -73.7924475738
159.3000000000 -73.8445904730
159.4000000000 -73.8965268461
159.5000000000 -73.9482564332
159.6000000000 -73.9997789857
159.7000000000 -74.0510942657
159.8000000000 -74.1022020466
159.9000000000 -74.1531021126
160.0000000000 -74.2037942588
160.1000000000 -74.2542782913
160.2000000000 -74.3045540272
160.3000000000 -74.3546212945
160.4000000000 -74.4044799319
160.5000000000 -74.4541297893
160.6000000000 -74.5035707271
160.7000000000 -74.5528026167
160.8000000000 -74.6018253402
160.9000000000 -74.6506387905
161.0000000000 -74.6992428711
161.1000000000 -74.7476374964
161.2000000000 -74.7958225912
161.3000000000 -74.8437980909
161.4000000000 -74.8915639417
161.5000000000 -74.9391201000
161.6000000000 -74.9864665328
161.7000000000 -75.0336032176
161.8000000000 -75.0805301419
161.9000000000 -75.1272473039
162.0000000000 -75.1737547118
162.1000000000 -75.2200523841
162.2000000000 -75.2661403492
162.3000000000 -75.3120186457
162.4000000000 -75.3576873222
162.5000000000 -75.4031464370
162.6000000000 -75.4483960584
162.7000000000 -75.4934362643
162.8000000000 -75.5382671423
162.9000000000 -75.5828887894
163.0000000000 -75.6273013123
163.1000000000 -75.6715048266
163.2000000000 -75.7154994573
163.3000000000 -75.7592853387
163.4000000000 -75.8028626135
163.5000000000 -75.8462314335
163.6000000000 -75.8893919590
163.7000000000 -75.9323443586
163.8000000000 -75.9750888091
163.9000000000 -76.0176254952
164.0000000000 -76.0599546092
164.1000000000 -76.1020763507
164.2000000000 -76.1439909265
164.3000000000 -76.1856985497
164.4000000000 -76.2271994397
164.5000000000 -76.2684938213
164.6000000000 -76.3095819246
164.7000000000 -76.3504639838
164.8000000000 -76.3911402367
164.9000000000 -76.4316109237
165.0000000000 -76.4718762868
165.1000000000 -76.5119365684
165.2000000000 -76.5517920097
165.3000000000 -76.5914428492
165.4000000000 -76.6308893209
165.5000000000 -76.6701316516
165.6000000000 -76.7091700588
165.7000000000 -76.7480047474
165.8000000000 -76.7866359062
165.9000000000 -76.8250637035
166.0000000000 -76.8632882827
166.1000000000 -76.9013097562
166.2000000000 -76.9391281987
166.3000000000 -76.9767436399
166.4000000000 -77.0141560546
166.5000000000 -77.0513653527
166.6000000000 -77.0883713663
166.7000000000 -77.1251738350
166.8000000000 -77.1617723885
166.9000000000 -77.1981665272
167.0000000000 -77.2343555974
167.1000000000 -77.2703387644
167.2000000000 -77.3061149797
167.3000000000 -77.3416829427
167.4000000000 -77.3770410565
167.5000000000 -77.4121873745
167.6000000000 -77.4471195401
167.7000000000 -77.4818347135
167.8000000000 -77.5163294877
167.9000000000 -77.5505997893
168.0000000000 -77.5846407616
168.1000000000 -77.6184466288
168.2000000000 -77.6520105353
168.3000000000 -77.6853243583
168.4000000000 -77.7183784870
168.5000000000 -77.7511615647
168.6000000000 -77.7836601856
168.7000000000 -77.8158585386
168.8000000000 -77.8477379908
168.9000000000 -77.8792765979
169.0000000000 -77.9104485300
169.1000000000 -77.9412233982
169.2000000000 -77.9715654649
169.3000000000 -78.0014327162
169.4000000000 -78.0307757752
169.5000000000 -78.0595366265
169.6000000000 -78.0876471193
169.7000000000 -78.1150272119
169.8000000000 -78.1415829127
169.9000000000 -78.1672038633
170.0000000000 -78.1917605043
170.1000000000 -78.2151007497
170.2000000000 -78.2370460855
170.3000000000 -78.2573869930
170.4000000000 -78.2758775790
170.5000000000 -78.2922292769
170.6000000000 -78.3061034568
170.7000000000 -78.3171027557
170.8000000000 -78.3247609082
170.9000000000 -78.3285308153
171.0000000000 -78.3277705495
171.1000000000 -78.3217269378
171.2000000000 -78.3095163049
171.3000000000 -78.2901018857
171.4000000000 -78.2622673330
171.5000000000 -78.2245856474
171.6000000000 -78.1753827400
171.7000000000 -78.1126947054
171.8000000000 -78.0342177241
171.9000000000 -77.9372493304
172.0000000000 -77.8186195666
172.1000000000 -77.6746102953
172.2000000000 -77.5008606517
172.3000000000 -77.2922562777
172.4000000000 -77.0427995874
172.5000000000 -76.7454578551
172.6000000000 -76.3919853839
172.7000000000 -75.9727153865
172.8000000000 -75.4763164773
172.9000000000 -74.8895077923
173.0000000000 -74.1967256816
173.1000000000 -73.3797335572
173.2000000000 -72.4171646625
173.3000000000 -71.2839849363
173.4000000000 -69.9508591375
173.5000000000 -68.3833967353
173.6000000000 -66.5412422474
173.7000000000 -64.3769527281
173.8000000000 -61.8345630694
173.9000000000 -58.8476584802
174.0000000000 -55.3366177647
174.1000000000 -51.2044034374
174.2000000000 -46.3297858917
174.3000000000 -40.5561887429
174.4000000000 -33.6736603211
174.5000000000 -25.3914853433
174.6000000000 -15.3027933085
174.7000000000 -2.8841551215
174.8000000000 12.1160691473
174.9000000000 27.6000012790
175.0000000000 37.5045420480
175.1000000000 39.8463213903
175.2000000000 39.1883799034
175.3000000000 38.5628796816
175.4000000000 38.2924165965
175.5000000000 38.2051377425
175.6000000000 38.1903146147
175.7000000000 38.1946575164
175.8000000000 38.1939404004
175.9000000000 38.1778056103
176.0000000000 38.1423998894
176.1000000000 38.0868345151
176.2000000000 38.0114885359
176.3000000000 37.9172064672
176.4000000000 37.8049321922
176.5000000000 37.6755549581
176.6000000000 37.5298568722
176.7000000000 37.3685071211
176.8000000000 37.1920758949
176.9000000000 37.0010549088
177.0000000000 36.7958783858
177.1000000000 36.5769418571
177.2000000000 36.3446178432
177.3000000000 36.0992683004
177.4000000000 35.8412540763
177.5000000000 35.5709417576
177.6000000000 35.2887083212
177.7000000000 34.9949439823
177.8000000000 34.6900535904
177.9000000000 34.3744568809
178.0000000000 34.0485878456
178.1000000000 33.7128934436
178.2000000000 33.3678318388
178.3000000000 33.0138703192
178.4000000000 32.6514830233
178.5000000000 32.2811485786
178.6000000000 31.9033477334
178.7000000000 31.5185610467
178.8000000000 31.1272666871
178.9000000000 30.7299383757
179.0000000000 30.3270435008
179.1000000000 29.9190414191
179.2000000000 29.5063819539
179.3000000000 29.0895040928
179.4000000000 28.6688348825
179.5000000000 28.2447885146
179.6000000000 27.8177655947
179.7000000000 27.3881525813
179.8000000000 26.9563213838
179.9000000000 26.5226291055
180.0000000000 26.0874179165
180.1000000000 25.6510150432
180.2000000000 25.2137328602
180.3000000000 24.7758690713
180.4000000000 24.3377069657
180.5000000000 23.8995157381
180.6000000000 23.4615508618
180.7000000000 23.0240545029
180.8000000000 22.5872559675
180.9000000000 22.1513721728
181.0000000000 21.7166081345
181.1000000000 21.2831574637
181.2000000000 20.8512028677
181.3000000000 20.4209166489
181.4000000000 19.9924611988
181.5000000000 19.5659894815
181.6000000000 19.1416455054
181.7000000000 18.7195647791
181.8000000000 18.2998747516
181.9000000000 17.8826952324
182.0000000000 17.4681387929
182.1000000000 17.0563111476
182.2000000000 16.6473115137
182.3000000000 16.2412329506
182.4000000000 15.8381626780
182.5000000000 15.4381823734
182.6000000000 15.0413684506
182.7000000000 14.6477923169
182.8000000000 14.2575206135
182.9000000000 13.8706154366
183.0000000000 13.4871345423
183.1000000000 13.1071315354
183.2000000000 12.7306560431
183.3000000000 12.3577538743
183.4000000000 11.9884671673
183.5000000000 11.6228345237
183.6000000000 11.2608911333
183.7000000000 10.9026688877
183.8000000000 10.5481964855
183.9000000000 10.1974995296
184.0000000000 9.8506006170
184.1000000000 9.5075194226
184.2000000000 9.1682727772
184.3000000000 8.8328747412
184.4000000000 8.5013366746
184.5000000000 8.1736673030
184.6000000000 7.8498727824
184.7000000000 7.5299567611
184.8000000000 7.2139204408
184.9000000000 6.9017626374
185.0000000000 6.5934798407
185.1000000000 6.2890662748
185.2000000000 5.9885139587
185.3000000000 5.6918127681
185.4000000000 5.3989504971
185.5000000000 5.1099129215
185.6000000000 4.8246838640
185.7000000000 4.5432452588
185.8000000000 4.2655772187
185.9000000000 3.9916581033
186.0000000000 3.7214645872
186.1000000000 3.4549717305
186.2000000000 3.1921530491
186.3000000000 2.9329805861
186.4000000000 2.6774249838
186.5000000000 2.4254555558
186.6000000000 2.1770403600
186.7000000000 1.9321462704
186.8000000000 1.6907390498
186.9000000000 1.4527834219
187.0000000000 1.2182431425
187.1000000000 0.9870810705
187.2000000000 0.7592592376
187.3000000000 0.5347389172
187.4000000000 0.3134806924
187.5000000000 0.0954445219
187.6000000000 -0.1194101947
187.7000000000 -0.3311245538
187.8000000000 -0.5397400858
187.9000000000 -0.7452986958
188.0000000000 -0.9478426048
188.1000000000 -1.1474142942
188.2000000000 -1.3440564514
188.3000000000 -1.5378119176
188.4000000000 -1.7287236381
188.5000000000 -1.9168346141
188.6000000000 -2.1021878567
188.7000000000 -2.2848263436
188.8000000000 -2.4647929772
188.9000000000 -2.6421305449
189.0000000000 -2.8168816822
189.1000000000 -2.9890888366
189.2000000000 -3.1587942349
189.3000000000 -3.3260398511
189.4000000000 -3.4908673775
189.5000000000 -3.6533181969
189.6000000000 -3.8134333567
189.7000000000 -3.9712535454
189.8000000000 -4.1268190700
189.9000000000 -4.2801698356
190.0000000000 -4.4313453270
190.1000000000 -4.5803845905
190.2000000000 -4.7273262190
190.3000000000 -4.8722083372
190.4000000000 -5.0150685889
190.5000000000 -5.1559441253
190.6000000000 -5.2948715948
190.7000000000 -5.4318871339
190.8000000000 -5.5670263594
190.9000000000 -5.7003243615
191.0000000000 -5.8318156983
191.1000000000 -5.9615343909
191.2000000000 -6.0895139200
191.3000000000 -6.2157872226
191.4000000000 -6.3403866908
191.5000000000 -6.4633441697
191.6000000000 -6.5846909579
191.7000000000 -6.7044578075
191.8000000000 -6.8226749251
191.9000000000 -6.9393719736
192.0000000000 -7.0545780746
192.1000000000 -7.1683218109
192.2000000000 -7.2806312302
192.3000000000 -7.3915338488
192.4000000000 -7.5010566558
192.5000000000 -7.6092261182
192.6000000000 -7.7160681856
192.7000000000 -7.8216082959
192.8000000000 -7.9258713809
192.9000000000 -8.0288818726
193.0000000000 -8.1306637092
193.1000000000 -8.2312403423
193.2000000000 -8.3306347429
193.3000000000 -8.4288694090
193.4000000000 -8.5259663727
193.5000000000 -8.6219472070
193.6000000000 -8.7168330339
193.7000000000 -8.8106445317
193.8000000000 -8.9034019423
193.9000000000 -8.9951250794
194.0000000000 -9.0858333360
194.1000000000 -9.1755456923
194.2000000000 -9.2642807233
194.3000000000 -9.3520566069
194.4000000000 -9.4388911316
194.5000000000 -9.5248017044
194.6000000000 -9.6098053584
194.7000000000 -9.6939187608
194.8000000000 -9.7771582203
194.9000000000 -9.8595396950
195.0000000000 -9.9410787999
195.1000000000 -10.0217908145
195.2000000000 -10.1016906898
195.3000000000 -10.1807930564
195.4000000000 -10.2591122310
195.5000000000 -10.3366622240
195.6000000000 -10.4134567466
195.7000000000 -10.4895092174
195.8000000000 -10.5648327693
195.9000000000 -10.6394402566
196.0000000000 -10.7133442614
196.1000000000 -10.7865570997
196.2000000000 -10.8590908285
196.3000000000 -10.9309572514
196.4000000000 -11.0021679252
196.5000000000 -11.0727341656
196.6000000000 -11.1426670532
196.7000000000 -11.2119774391
196.8000000000 -11.2806759510
196.9000000000 -11.3487729979
197.0000000000 -11.4162787763
197.1000000000 -11.4832032749
197.2000000000 -11.5495562799
197.3000000000 -11.6153473803
197.4000000000 -11.6805859721
197.5000000000 -11.7452812637
197.6000000000 -11.8094422804
197.7000000000 -11.8730778686
197.8000000000 -11.9361967007
197.9000000000 -11.9988072791
198.0000000000 -12.0609179404
198.1000000000 -12.1225368595
198.2000000000 -12.1836720538
198.3000000000 -12.2443313867
198.4000000000 -12.3045225715
198.5000000000 -12.3642531754
198.6000000000 -12.4235306225
198.7000000000 -12.4823621975
198.8000000000 -12.5407550493
198.9000000000 -12.5987161939
199.0000000000 -12.6562525179
199.1000000000 -12.7133707814
199.2000000000 -12.7700776210
199.3000000000 -12.8263795530
199.4000000000 -12.8822829758
199.5000000000 -12.9377941733
199.6000000000 -12.9929193168
199.7000000000 -13.0476644683
199.8000000000 -13.1020355827
199.9000000000 -13.1560385104
200.0000000000 -13.2096789995
200.1000000000 -13.2629626985
200.2000000000 -13.3158951583
200.3000000000 -13.3684818343
200.4000000000 -13.4207280890
200.5000000000 -13.4726391936
200.6000000000 -13.5242203303
200.7000000000 -13.5754765943
200.8000000000 -13.6264129954
200.9000000000 -13.6770344603
201.0000000000 -13.7273458343
201.1000000000 -13.7773518827
201.2000000000 -13.8270572931
201.3000000000 -13.8764666766
201.4000000000 -13.9255845696
201.5000000000 -13.9744154356
201.6000000000 -14.0229636664
201.7000000000 -14.0712335837
201.8000000000 -14.1192294406
201.9000000000 -14.1669554233
202.0000000000 -14.2144156519
202.1000000000 -14.2616141823
202.2000000000 -14.3085550071
202.3000000000 -14.3552420574
202.4000000000 -14.4016792034
202.5000000000 -14.4478702561
202.6000000000 -14.4938189684
202.7000000000 -14.5395290362
202.8000000000 -14.5850040995
202.9000000000 -14.6302477435
203.0000000000 -14.6752635000
203.1000000000 -14.7200548477
203.2000000000 -14.7646252142
203.3000000000 -14.8089779763
203.4000000000 -14.8531164611
203.5000000000 -14.8970439472
203.6000000000 -14.9407636654
203.7000000000 -14.9842787998
203.8000000000 -15.0275924885
203.9000000000 -15.0707078245
204.0000000000 -15.1136278567
204.1000000000 -15.1563555907
204.2000000000 -15.1988939895
204.3000000000 -15.2412459742
204.4000000000 -15.2834144252
204.5000000000 -15.3254021825
204.6000000000 -15.3672120467
204.7000000000 -15.4088467796
204.8000000000 -15.4503091051
204.9000000000 -15.4916017098
205.0000000000 -15.5327272434
205.1000000000 -15.5736883200
205.2000000000 -15.6144875180
205.3000000000 -15.6551273814
205.4000000000 -15.6956104200
205.5000000000 -15.7359391104
205.6000000000 -15.7761158960
205.7000000000 -15.8161431882
205.8000000000 -15.8560233668
205.9000000000 -15.8957587804
206.0000000000 -15.9353517470
206.1000000000 -15.9748045546
206.2000000000 -16.0141194620
206.3000000000 -16.0532986987
206.4000000000 -16.0923444662
206.5000000000 -16.1312589375
206.6000000000 -16.1700442588
206.7000000000 -16.2087025490
206.8000000000 -16.2472359006
206.9000000000 -16.2856463800
207.0000000000 -16.3239360283
207.1000000000 -16.3621068612
207.2000000000 -16.4001608702
207.3000000000 -16.4381000220
207.4000000000 -16.4759262600
207.5000000000 -16.5136415039
207.6000000000 -16.5512476505
207.7000000000 -16.5887465742
207.8000000000 -16.6261401271
207.9000000000 -16.6634301393
208.0000000000 -16.7006184199
208.1000000000 -16.7377067566
208.2000000000 -16.7746969166
208.3000000000 -16.8115906468
208.4000000000 -16.8483896740
208.5000000000 -16.8850957056
208.6000000000 -16.9217104296
208.7000000000 -16.9582355149
208.8000000000 -16.9946726122
208.9000000000 -17.0310233535
209.0000000000 -17.0672893530
209.1000000000 -17.1034722074
209.2000000000 -17.1395734957
209.3000000000 -17.1755947802
209.4000000000 -17.2115376062
209.5000000000 -17.2474035026
209.6000000000 -17.2831939822
209.7000000000 -17.3189105419
209.8000000000 -17.3545546629
209.9000000000 -17.3901278110
210.0000000000 -17.4256314371
210.1000000000 -17.4610669772
210.2000000000 -17.4964358526
210.3000000000 -17.5317394706
210.4000000000 -17.5669792241
210.5000000000 -17.6021564925
210.6000000000 -17.6372726415
210.7000000000 -17.6723290233
210.8000000000 -17.7073269772
210.9000000000 -17.7422678296
211.0000000000 -17.7771528943
211.1000000000 -17.8119834726
211.2000000000 -17.8467608536
211.3000000000 -17.8814863145
211.4000000000 -17.9161611205
211.5000000000 -17.9507865255
211.6000000000 -17.9853637719
211.7000000000 -18.0198940910
211.8000000000 -18.0543787031
211.9000000000 -18.0888188177
212.0000000000 -18.1232156337
212.1000000000 -18.1575703397
212.2000000000 -18.1918841142
212.3000000000 -18.2261581254
212.4000000000 -18.2603935319
212.5000000000 -18.2945914824
212.6000000000 -18.3287531165
212.7000000000 -18.3628795640
212.8000000000 -18.3969719460
212.9000000000 -18.4310313742
213.0000000000 -18.4650589519
213.1000000000 -18.4990557735
213.2000000000 -18.5330229249
213.3000000000 -18.5669614838
213.4000000000 -18.6008725195
213.5000000000 -18.6347570935
213.6000000000 -18.6686162592
213.7000000000 -18.7024510625
213.8000000000 -18.7362625415
213.9000000000 -18.7700517269
214.0000000000 -18.8038196421
214.1000000000 -18.8375673035
214.2000000000 -18.8712957201
214.3000000000 -18.9050058943
214.4000000000 -18.9386988216
214.5000000000 -18.9723754910
214.6000000000 -19.0060368847
214.7000000000 -19.0396839788
214.8000000000 -19.0733177430
214.9000000000 -19.1069391410
215.0000000000 -19.1405491303
215.1000000000 -19.1741486625
215.2000000000 -19.2077386836
215.3000000000 -19.2413201338
215.4000000000 -19.2748939478
215.5000000000 -19.3084610549
215.6000000000 -19.3420223789
215.7000000000 -19.3755788385
215.8000000000 -19.4091313474
215.9000000000 -19.4426808140
216.0000000000 -19.4762281421
216.1000000000 -19.5097742306
216.2000000000 -19.5433199736
216.3000000000 -19.5768662606
216.4000000000 -19.6104139768
216.5000000000 -19.6439640028
216.6000000000 -19.6775172151
216.7000000000 -19.7110744856
216.8000000000 -19.7446366826
216.9000000000 -19.7782046699
217.0000000000 -19.8117793077
217.1000000000 -19.8453614521
217.2000000000 -19.8789519556
217.3000000000 -19.9125516670
217.4000000000 -19.9461614315
217.5000000000 -19.9797820907
217.6000000000 -20.0134144830
217.7000000000 -20.0470594432
217.8000000000 -20.0807178030
217.9000000000 -20.1143903909
218.0000000000 -20.1480780323
218.1000000000 -20.1817815495
218.2000000000 -20.2155017619
218.3000000000 -20.2492394861
218.4000000000 -20.2829955358
218.5000000000 -20.3167707220
218.6000000000 -20.3505658530
218.7000000000 -20.3843817347
218.8000000000 -20.4182191703
218.9000000000 -20.4520789606
219.0000000000 -20.4859619041
219.1000000000 -20.5198687968
219.2000000000 -20.5538004328
219.3000000000 -20.5877576036
219.4000000000 -20.6217410988
219.5000000000 -20.6557517062
219.6000000000 -20.6897902111
219.7000000000 -20.7238573972
219.8000000000 -20.7579540464
219.9000000000 -20.7920809385
220.0000000000 -20.8262388519
220.1000000000 -20.8604285629
220.2000000000 -20.8946508466
220.3000000000 -20.9289064763
220.4000000000 -20.9631962238
220.5000000000 -20.9975208593
220.6000000000 -21.0318811520
220.7000000000 -21.0662778693
220.8000000000 -21.1007117775
220.9000000000 -21.1351836417
221.0000000000 -21.1696942257
221.1000000000 -21.2042442922
221.2000000000 -21.2388346027
221.3000000000 -21.2734659177
221.4000000000 -21.3081389968
221.5000000000 -21.3428545986
221.6000000000 -21.3776134806
221.7000000000 -21.4124163997
221.8000000000 -21.4472641118
221.9000000000 -21.4821573720
222.0000000000 -21.5170969349
222.1000000000 -21.5520835541
222.2000000000 -21.5871179829
222.3000000000 -21.6222009736
222.4000000000 -21.6573332782
222.5000000000 -21.6925156480
222.6000000000 -21.7277488341
222.7000000000 -21.7630335868
222.8000000000 -21.7983706562
222.9000000000 -21.8337607920
223.0000000000 -21.8692047434
223.1000000000 -21.9047032595
223.2000000000 -21.9402570891
223.3000000000 -21.9758669807
223.4000000000 -22.0115336825
223.5000000000 -22.0472579427
223.6000000000 -22.0830405093
223.7000000000 -22.1188821303
223.8000000000 -22.1547835534
223.9000000000 -22.1907455264
224.0000000000 -22.2267687971
224.1000000000 -22.2628541133
224.2000000000 -22.2990022228
224.3000000000 -22.3352138734
224.4000000000 -22.3714898131
224.5000000000 -22.4078307901
224.6000000000 -22.4442375526
224.7000000000 -22.4807108489
224.8000000000 -22.5172514278
224.9000000000 -22.5538600380
225.0000000000 -22.5905374286
225.1000000000 -22.6272843490
225.2000000000 -22.6641015487
225.3000000000 -22.7009897776
225.4000000000 -22.7379497860
225.5000000000 -22.7749823245
225.6000000000 -22.8120881440
225.7000000000 -22.8492679958
225.8000000000 -22.8865226316
225.9000000000 -22.9238528035
226.0000000000 -22.9612592641
226.1000000000 -22.9987427663
226.2000000000 -23.0363040636
226.3000000000 -23.0739439098
226.4000000000 -23.1116630594
226.5000000000 -23.1494622671
226.6000000000 -23.1873422884
226.7000000000 -23.2253038792
226.8000000000 -23.2633477957
226.9000000000 -23.3014747950
227.0000000000 -23.3396856345
227.1000000000 -23.3779810722
227.2000000000 -23.4163618666
227.3000000000 -23.4548287769
227.4000000000 -23.4933825627
227.5000000000 -23.5320239842
227.6000000000 -23.5707538022
227.7000000000 -23.6095727780
227.8000000000 -23.6484816736
227.9000000000 -23.6874812515
228.0000000000 -23.7265722747
228.1000000000 -23.7657555069
228.2000000000 -23.8050317122
228.3000000000 -23.8444016555
228.4000000000 -23.8838661019
228.5000000000 -23.9234258174
228.6000000000 -23.9630815684
228.7000000000 -24.0028341218
228.8000000000 -24.0426842451
228.9000000000 -24.0826327064
229.0000000000 -24.1226802742
229.1000000000 -24.1628277174
229.2000000000 -24.2030758057
229.3000000000 -24.2434253090
229.4000000000 -24.2838769978
229.5000000000 -24.3244316432
229.6000000000 -24.3650900163
229.7000000000 -24.4058528891
229.8000000000 -24.4467210338
229.9000000000 -24.4876952230
230.0000000000 -24.5287762296
230.1000000000 -24.5699648270
230.2000000000 -24.6112617888
230.3000000000 -24.6526678891
230.4000000000 -24.6941839020
230.5000000000 -24.7358106022
230.6000000000 -24.7775487643
230.7000000000 -24.8193991633
230.8000000000 -24.8613625744
230.9000000000 -24.9034397729
231.0000000000 -24.9456315343
231.1000000000 -24.9879386340
231.2000000000 -25.0303618477
231.3000000000 -25.0729019510
231.4000000000 -25.1155597196
231.5000000000 -25.1583359290
231.6000000000 -25.2012313548
231.7000000000 -25.2442467725
231.8000000000 -25.2873829572
231.9000000000 -25.3306406840
232.0000000000 -25.3740207279
232.1000000000 -25.4175238635
232.2000000000 -25.4611508649
232.3000000000 -25.5049025062
232.4000000000 -25.5487795608
232.5000000000 -25.5927828019
232.6000000000 -25.6369130021
232.7000000000 -25.6811709333
232.8000000000 -25.7255573671
232.9000000000 -25.7700730742
233.0000000000 -25.8147188248
233.1000000000 -25.8594953881
233.2000000000 -25.9044035329
233.3000000000 -25.9494440267
233.4000000000 -25.9946176363
233.5000000000 -26.0399251276
233.6000000000 -26.0853672652
233.7000000000 -26.1309448129
233.8000000000 -26.1766585330
233.9000000000 -26.2225091869
234.0000000000 -26.2684975345
234.1000000000 -26.3146243345
234.2000000000 -26.3608903440
234.3000000000 -26.4072963186
234.4000000000 -26.4538430126
234.5000000000 -26.5005311784
234.6000000000 -26.5473615667
234.7000000000 -26.5943349265
234.8000000000 -26.6414520050
234.9000000000 -26.6887135473
235.0000000000 -26.7361202965
235.1000000000 -26.7836729937
235.2000000000 -26.8313723778
235.3000000000 -26.8792191855
235.4000000000 -26.9272141508
235.5000000000 -26.9753580058
235.6000000000 -27.0236514797
235.7000000000 -27.0720952993
235.8000000000 -27.1206901885
235.9000000000 -27.1694368686
236.0000000000 -27.2183360579
236.1000000000 -27.2673884719
236.2000000000 -27.3165948228
236.3000000000 -27.3659558198
236.4000000000 -27.4154721689
236.5000000000 -27.4651445725
236.6000000000 -27.5149737298
236.7000000000 -27.5649603364
236.8000000000 -27.6151050841
236.9000000000 -27.6654086610
237.0000000000 -27.7158717514
237.1000000000 -27.7664950357
237.2000000000 -27.8172791899
237.3000000000 -27.8682248862
237.4000000000 -27.9193327924
237.5000000000 -27.9706035716
237.6000000000 -28.0220378828
237.7000000000 -28.0736363801
237.8000000000 -28.1253997129
237.9000000000 -28.1773285260
238.0000000000 -28.2294234588
238.1000000000 -28.2816851459
238.2000000000 -28.3341142165
238.3000000000 -28.3867112948
238.4000000000 -28.4394769992
238.5000000000 -28.4924119426
238.6000000000 -28.5455167323
238.7000000000 -28.5987919698
238.8000000000 -28.6522382506
238.9000000000 -28.7058561641
239.0000000000 -28.7596462936
239.1000000000 -28.8136092159
239.2000000000 -28.8677455016
239.3000000000 -28.9220557146
239.4000000000 -28.9765404121
239.5000000000 -29.0312001443
239.6000000000 -29.0860354548
239.7000000000 -29.1410468798
239.8000000000 -29.1962349484
239.9000000000 -29.2516001823
240.0000000000 -29.3071430957
240.1000000000 -29.3628641952
240.2000000000 -29.4187639795
240.3000000000 -29.4748429397
240.4000000000 -29.5311015586
240.5000000000 -29.5875403108
240.6000000000 -29.6441596629
240.7000000000 -29.7009600728
240.8000000000 -29.7579419897
240.9000000000 -29.8151058546
241.0000000000 -29.8724520990
241.1000000000 -29.9299811459
241.2000000000 -29.9876934089
241.3000000000 -30.0455892926
241.4000000000 -30.1036691918
241.5000000000 -30.1619334921
241.6000000000 -30.2203825694
241.7000000000 -30.2790167895
241.8000000000 -30.3378365086
241.9000000000 -30.3968420726
242.0000000000 -30.4560338173
242.1000000000 -30.5154120680
242.2000000000 -30.5749771396
242.3000000000 -30.6347293364
242.4000000000 -30.6946689518
242.5000000000 -30.7547962684
242.6000000000 -30.8151115579
242.7000000000 -30.8756150805
242.8000000000 -30.9363070854
242.9000000000 -30.9971878103
243.0000000000 -31.0582574812
243.1000000000 -31.1195163126
243.2000000000 -31.1809645071
243.3000000000 -31.2426022553
243.4000000000 -31.3044297360
243.5000000000 -31.3664471153
243.6000000000 -31.4286545475
243.7000000000 -31.4910521743
243.8000000000 -31.5536401245
243.9000000000 -31.6164185148
244.0000000000 -31.6793874487
244.1000000000 -31.7425470168
244.2000000000 -31.8058972968
244.3000000000 -31.8694383534
244.4000000000 -31.9331702376
244.5000000000 -31.9970929874
244.6000000000 -32.0612066273
244.7000000000 -32.1255111680
244.8000000000 -32.1900066068
244.9000000000 -32.2546929270
245.0000000000 -32.3195700980
245.1000000000 -32.3846380755
245.2000000000 -32.4498968009
245.3000000000 -32.5153462013
245.4000000000 -32.5809861899
245.5000000000 -32.6468166653
245.6000000000 -32.7128375116
245.7000000000 -32.7790485986
245.8000000000 -32.8454497814
245.9000000000 -32.9120409005
246.0000000000 -32.9788217814
246.1000000000 -33.0457922351
246.2000000000 -33.1129520576
246.3000000000 -33.1803010298
246.4000000000 -33.2478389177
246.5000000000 -33.3155654724
246.6000000000 -33.3834804294
246.7000000000 -33.4515835094
246.8000000000 -33.5198744178
246.9000000000 -33.5883528447
247.0000000000 -33.6570184646
247.1000000000 -33.7258709371
247.2000000000 -33.7949099059
247.3000000000 -33.8641349997
247.4000000000 -33.9335458315
247.5000000000 -34.0031419987
247.6000000000 -34.0729230834
247.7000000000 -34.1428886521
247.8000000000 -34.2130382556
247.9000000000 -34.2833714293
248.0000000000 -34.3538876930
248.1000000000 -34.4245865509
248.2000000000 -34.4954674915
248.3000000000 -34.5665299879
248.4000000000 -34.6377734975
248.5000000000 -34.7091974623
248.6000000000 -34.7808013087
248.7000000000 -34.8525844475
248.8000000000 -34.9245462740
248.9000000000 -34.9966861683
249.0000000000 -35.0690034946
249.1000000000 -35.1414976021
249.2000000000 -35.2141678245
249.3000000000 -35.2870134803
249.4000000000 -35.3600338724
249.5000000000 -35.4332282889
249.6000000000 -35.5065960025
249.7000000000 -35.5801362710
249.8000000000 -35.6538483369
249.9000000000 -35.7277314281
250.0000000000 -35.8017847572
250.1000000000 -35.8760075224
250.2000000000 -35.9503989070
250.3000000000 -36.0249580796
250.4000000000 -36.0996841944
250.5000000000 -36.1745763911
250.6000000000 -36.2496337951
250.7000000000 -36.3248555175
250.8000000000 -36.4002406552
250.9000000000 -36.4757882913
251.0000000000 -36.5514974948
251.1000000000 -36.6273673211
251.2000000000 -36.7033968117
251.3000000000 -36.7795849948
251.4000000000 -36.8559308850
251.5000000000 -36.9324334839
251.6000000000 -37.0090917799
251.7000000000 -37.0859047482
251.8000000000 -37.1628713514
251.9000000000 -37.2399905394
252.0000000000 -37.3172612496
252.1000000000 -37.3946824070
252.2000000000 -37.4722529244
252.3000000000 -37.5499717026
252.4000000000 -37.6278376306
252.5000000000 -37.7058495857
252.6000000000 -37.7840064335
252.7000000000 -37.8623070287
252.8000000000 -37.9407502144
252.9000000000 -38.0193348231
253.0000000000 -38.0980596765
253.1000000000 -38.1769235855
253.2000000000 -38.2559253509
253.3000000000 -38.3350637633
253.4000000000 -38.4143376033
253.5000000000 -38.4937456416
253.6000000000 -38.5732866397
253.7000000000 -38.6529593494
253.8000000000 -38.7327625137
253.9000000000 -38.8126948666
254.0000000000 -38.8927551332
254.1000000000 -38.9729420305
254.2000000000 -39.0532542672
254.3000000000 -39.1336905437
254.4000000000 -39.2142495530
254.5000000000 -39.2949299803
254.6000000000 -39.3757305037
254.7000000000 -39.4566497940
254.8000000000 -39.5376865154
254.9000000000 -39.6188393254
255.0000000000 -39.7001068750
255.1000000000 -39.7814878093
255.2000000000 -39.8629807674
255.3000000000 -39.9445843829
255.4000000000 -40.0262972838
255.5000000000 -40.1081180932
255.6000000000 -40.1900454291
255.7000000000 -40.2720779051
255.8000000000 -40.3542141302
255.9000000000 -40.4364527094
256.0000000000 -40.5187922436
256.1000000000 -40.6012313303
256.2000000000 -40.6837685636
256.3000000000 -40.7664025342
256.4000000000 -40.8491318303
256.5000000000 -40.9319550372
256.6000000000 -41.0148707378
256.7000000000 -41.0978775132
256.8000000000 -41.1809739422
256.9000000000 -41.2641586024
257.0000000000 -41.3474300696
257.1000000000 -41.4307869189
257.2000000000 -41.5142277243
257.3000000000 -41.5977510591
257.4000000000 -41.6813554965
257.5000000000 -41.7650396095
257.6000000000 -41.8488019711
257.7000000000 -41.9326411547
257.8000000000 -42.0165557345
257.9000000000 -42.1005442855
258.0000000000 -42.1846053836
258.1000000000 -42.2687376064
258.2000000000 -42.3529395328
258.3000000000 -42.4372097437
258.4000000000 -42.5215468220
258.5000000000 -42.6059493530
258.6000000000 -42.6904159244
258.7000000000 -42.7749451268
258.8000000000 -42.8595355537
258.9000000000 -42.9441858019
259.0000000000 -43.0288944716
259.1000000000 -43.1136601668
259.2000000000 -43.1984814952
259.3000000000 -43.2833570687
259.4000000000 -43.3682855037
259.5000000000 -43.4532654209
259.6000000000 -43.5382954460
259.7000000000 -43.6233742094
259.8000000000 -43.7085003468
259.9000000000 -43.7936724995
260.0000000000 -43.8788893140
260.1000000000 -43.9641494429
260.2000000000 -44.0494515445
260.3000000000 -44.1347942834
260.4000000000 -44.2201763307
260.5000000000 -44.3055963637
260.6000000000 -44.3910530667
260.7000000000 -44.4765451309
260.8000000000 -44.5620712543
260.9000000000 -44.6476301425
261.0000000000 -44.7332205084
261.1000000000 -44.8188410722
261.2000000000 -44.9044905624
261.3000000000 -44.9901677149
261.4000000000 -45.0758712739
261.5000000000 -45.1615999919
261.6000000000 -45.2473526296
261.7000000000 -45.3331279562
261.8000000000 -45.4189247497
261.9000000000 -45.5047417968
262.0000000000 -45.5905778932
262.1000000000 -45.6764318435
262.2000000000 -45.7623024615
262.3000000000 -45.8481885706
262.4000000000 -45.9340890034
262.5000000000 -46.0200026018
262.6000000000 -46.1059282179
262.7000000000 -46.1918647131
262.8000000000 -46.2778109590
262.9000000000 -46.3637658368
263.0000000000 -46.4497282382
263.1000000000 -46.5356970646
263.2000000000 -46.6216712281
263.3000000000 -46.7076496508
263.4000000000 -46.7936312653
263.5000000000 -46.8796150147
263.6000000000 -46.9655998528
263.7000000000 -47.0515847439
263.8000000000 -47.1375686630
263.9000000000 -47.2235505958
264.0000000000 -47.3095295390
264.1000000000 -47.3955045000
264.2000000000 -47.4814744973
264.3000000000 -47.5674385602
264.4000000000 -47.6533957292
264.5000000000 -47.7393450557
264.6000000000 -47.8252856023
264.7000000000 -47.9112164426
264.8000000000 -47.9971366614
264.9000000000 -48.0830453549
265.0000000000 -48.1689416302
265.1000000000 -48.2548246057
265.2000000000 -48.3406934110
265.3000000000 -48.4265471872
265.4000000000 -48.5123850862
265.5000000000 -48.5982062715
265.6000000000 -48.6840099178
265.7000000000 -48.7697952108
265.8000000000 -48.8555613478
265.9000000000 -48.9413075370
266.0000000000 -49.0270329980
266.1000000000 -49.1127369615
266.2000000000 -49.1984186694
266.3000000000 -49.2840773747
266.4000000000 -49.3697123416
266.5000000000 -49.4553228454
266.6000000000 -49.5409081722
266.7000000000 -49.6264676194
266.8000000000 -49.7120004952
266.9000000000 -49.7975061189
267.0000000000 -49.8829838203
267.1000000000 -49.9684329405
267.2000000000 -50.0538528310
267.3000000000 -50.1392428541
267.4000000000 -50.2246023829
267.5000000000 -50.3099308009
267.6000000000 -50.3952275022
267.7000000000 -50.4804918914
267.8000000000 -50.5657233832
267.9000000000 -50.6509214031
268.0000000000 -50.7360853863
268.1000000000 -50.8212147784
268.2000000000 -50.9063090352
268.3000000000 -50.9913676222
268.4000000000 -51.0763900148
268.5000000000 -51.1613756984
268.6000000000 -51.2463241680
268.7000000000 -51.3312349281
268.8000000000 -51.4161074927
268.9000000000 -51.5009413855
269.0000000000 -51.5857361391
269.1000000000 -51.6704912955
269.2000000000 -51.7552064057
269.3000000000 -51.8398810298
269.4000000000 -51.9245147366
269.5000000000 -52.0091071037
269.6000000000 -52.0936577174
269.7000000000 -52.1781661723
269.8000000000 -52.2626320715
269.9000000000 -52.3470550265
270.0000000000 -52.4314346567
270.1000000000 -52.5157705896
270.2000000000 -52.6000624604
270.3000000000 -52.6843099125
270.4000000000 -52.7685125963
270.5000000000 -52.8526701701
270.6000000000 -52.9367822993
270.7000000000 -53.0208486567
270.8000000000 -53.1048689219
270.9000000000 -53.1888427816
271.0000000000 -53.2727699292
271.1000000000 -53.3566500646
271.2000000000 -53.4404828944
271.3000000000 -53.5242681314
271.4000000000 -53.6080054945
271.5000000000 -53.6916947087
271.6000000000 -53.7753355048
271.7000000000 -53.8589276193
271.8000000000 -53.9424707945
271.9000000000 -54.0259647778
272.0000000000 -54.1094093219
272.1000000000 -54.1928041846
272.2000000000 -54.2761491288
272.3000000000 -54.3594439218
272.4000000000 -54.4426883358
272.5000000000 -54.5258821472
272.6000000000 -54.6090251369
272.7000000000 -54.6921170898
272.8000000000 -54.7751577947
272.9000000000 -54.8581470441
273.0000000000 -54.9410846343
273.1000000000 -55.0239703649
273.2000000000 -55.1068040388
273.3000000000 -55.1895854619
273.4000000000 -55.2723144433
273.5000000000 -55.3549907945
273.6000000000 -55.4376143298
273.7000000000 -55.5201848659
273.8000000000 -55.6027022216
273.9000000000 -55.6851662180
274.0000000000 -55.7675766779
274.1000000000 -55.8499334260
274.2000000000 -55.9322362883
274.3000000000 -56.0144850924
274.4000000000 -56.0966796671
274.5000000000 -56.1788198421
274.6000000000 -56.2609054480
274.7000000000 -56.3429363162
274.8000000000 -56.4249122785
274.9000000000 -56.5068331671
275.0000000000 -56.5886988144
275.1000000000 -56.6705090526
275.2000000000 -56.7522637140
275.3000000000 -56.8339626305
275.4000000000 -56.9156056334
275.5000000000 -56.9971925532
275.6000000000 -57.0787232199
275.7000000000 -57.1601974622
275.8000000000 -57.2416151077
275.9000000000 -57.3229759826
276.0000000000 -57.4042799117
276.1000000000 -57.4855267179
276.2000000000 -57.5667162225
276.3000000000 -57.6478482446
276.4000000000 -57.7289226012
276.5000000000 -57.8099391068
276.6000000000 -57.8908975737
276.7000000000 -57.9717978113
276.8000000000 -58.0526396262
276.9000000000 -58.1334228221
277.0000000000 -58.2141471996
277.1000000000 -58.2948125558
277.2000000000 -58.3754186845
277.3000000000 -58.4559653760
277.4000000000 -58.5364524166
277.5000000000 -58.6168795891
277.6000000000 -58.6972466717
277.7000000000 -58.7775534389
277.8000000000 -58.8577996607
277.9000000000 -58.9379851025
278.0000000000 -59.0181095253
278.1000000000 -59.0981726853
278.2000000000 -59.1781743336
278.3000000000 -59.2581142164
278.4000000000 -59.3379920750
278.5000000000 -59.4178076450
278.6000000000 -59.4975606569
278.7000000000 -59.5772508354
278.8000000000 -59.6568778998
278.9000000000 -59.7364415634
279.0000000000 -59.8159415337
279.1000000000 -59.8953775122
279.2000000000 -59.9747491941
279.3000000000 -60.0540562686
279.4000000000 -60.1332984183
279.5000000000 -60.2124753196
279.6000000000 -60.2915866421
279.7000000000 -60.3706320487
279.8000000000 -60.4496111958
279.9000000000 -60.5285237328
