0.0000000000 -64.9227132074
0.1000000000 -65.0069903638
0.2000000000 -65.0911210870
0.3000000000 -65.1751043161
0.4000000000 -65.2589389840
0.5000000000 -65.3426240185
0.6000000000 -65.4261583415
0.7000000000 -65.5095408698
0.8000000000 -65.5927705152
0.9000000000 -65.6758461847
1.0000000000 -65.7587667805
1.1000000000 -65.8415312005
1.2000000000 -65.9241383384
1.3000000000 -66.0065870839
1.4000000000 -66.0888763229
1.5000000000 -66.1710049377
1.6000000000 -66.2529718074
1.7000000000 -66.3347758080
1.8000000000 -66.4164158125
1.9000000000 -66.4978906913
2.0000000000 -66.5791993125
2.1000000000 -66.6603405421
2.2000000000 -66.7413132438
2.3000000000 -66.8221162801
2.4000000000 -66.9027485117
2.5000000000 -66.9832087981
2.6000000000 -67.0634959979
2.7000000000 -67.1436089689
2.8000000000 -67.2235465684
2.9000000000 -67.3033076533
3.0000000000 -67.3828910803
3.1000000000 -67.4622957062
3.2000000000 -67.5415203880
3.3000000000 -67.6205639830
3.4000000000 -67.6994253491
3.5000000000 -67.7781033445
3.6000000000 -67.8565968283
3.7000000000 -67.9349046600
3.8000000000 -68.0130256997
3.9000000000 -68.0909588080
4.0000000000 -68.1687028457
4.1000000000 -68.2462566739
4.2000000000 -68.3236191533
4.3000000000 -68.4007891442
4.4000000000 -68.4777655056
4.5000000000 -68.5545470951
4.6000000000 -68.6311327680
4.7000000000 -68.7075213764
4.8000000000 -68.7837117684
4.9000000000 -68.8597027870
5.0000000000 -68.9354932691
5.1000000000 -69.0110820435
5.2000000000 -69.0864679298
5.3000000000 -69.1616497366
5.4000000000 -69.2366262588
5.5000000000 -69.3113962759
5.6000000000 -69.3859585489
5.7000000000 -69.4603118173
5.8000000000 -69.5344547955
5.9000000000 -69.6083861688
6.0000000000 -69.6821045890
6.1000000000 -69.7556086690
6.2000000000 -69.8288969764
6.3000000000 -69.9019680275
6.4000000000 -69.9748202786
6.5000000000 -70.0474521171
6.6000000000 -70.1198618514
6.7000000000 -70.1920476987
6.8000000000 -70.2640077709
6.9000000000 -70.3357400594
7.0000000000 -70.4072424160
7.1000000000 -70.4785125325
7.2000000000 -70.5495479160
7.3000000000 -70.6203458607
7.4000000000 -70.6909034160
7.5000000000 -70.7612173490
7.6000000000 -70.8312841013
7.7000000000 -70.9010997396
7.8000000000 -70.9706598982
7.9000000000 -71.0399597131
8.0000000000 -71.1089937456
8.1000000000 -71.1777558941
8.2000000000 -71.2462392930
8.3000000000 -71.3144361951
8.4000000000 -71.3823378365
8.5000000000 -71.4499342803
8.6000000000 -71.5172142365
8.7000000000 -71.5841648539
8.8000000000 -71.6507714799
8.9000000000 -71.7170173835
9.0000000000 -71.7828834349
9.1000000000 -71.8483477359
9.2000000000 -71.9133851936
9.3000000000 -71.9779670268
9.4000000000 -72.0420601974
9.5000000000 -72.1056267529
9.6000000000 -72.1686230667
9.7000000000 -72.2309989615
9.8000000000 -72.2926966954
9.9000000000 -72.3536497912
10.0000000000 -72.4137816837
10.1000000000 -72.4730041567
10.2000000000 -72.5312155360
10.3000000000 -72.5882986020
10.4000000000 -72.6441181768
10.5000000000 -72.6985183351
10.6000000000 -72.7513191801
10.7000000000 -72.8023131174
10.8000000000 -72.8512605459
10.9000000000 -72.8978848773
11.0000000000 -72.9418667773
11.1000000000 -72.9828375072
11.2000000000 -73.0203712250
11.3000000000 -73.0539760835
11.4000000000 -73.0830839369
11.5000000000 -73.1070384379
11.6000000000 -73.1250812741
11.7000000000 -73.1363362533
11.8000000000 -73.1397909000
11.9000000000 -73.1342751769
12.0000000000 -73.1184368820
12.1000000000 -73.0907132035
12.2000000000 -73.0492978359
12.3000000000 -72.9921029687
12.4000000000 -72.9167153524
12.5000000000 -72.8203455289
12.6000000000 -72.6997691717
12.7000000000 -72.5512593254
12.8000000000 -72.3705081527
12.9000000000 -72.1525365886
13.0000000000 -71.8915900670
13.1000000000 -71.5810182146
13.2000000000 -71.2131360942
13.3000000000 -70.7790642234
13.4000000000 -70.2685441709
13.5000000000 -69.6697260301
13.6000000000 -68.9689234412
13.7000000000 -68.1503310227
13.8000000000 -67.1956979481
13.9000000000 -66.0839497530
14.0000000000 -64.7907478723
14.1000000000 -63.2879721505
14.2000000000 -61.5431043272
14.3000000000 -59.5184779644
14.4000000000 -57.1703386517
14.5000000000 -54.4476218439
14.6000000000 -51.2902974303
14.7000000000 -47.6270465677
14.8000000000 -43.3719406661
14.9000000000 -38.4197383592
15.0000000000 -32.6395176029
15.1000000000 -25.8668974706
15.2000000000 -17.8980430921
15.3000000000 -8.5072414982
15.4000000000 2.3982138747
15.5000000000 14.1298273659
15.6000000000 24.2205784283
15.7000000000 30.0928489449
15.8000000000 32.3855813088
15.9000000000 33.2561007401
16.0000000000 33.8044959096
16.1000000000 34.2640389966
16.2000000000 34.6530420871
16.3000000000 34.9687291516
16.4000000000 35.2126952893
16.5000000000 35.3901513698
16.6000000000 35.5076588546
16.7000000000 35.5718256393
16.8000000000 35.5887190716
16.9000000000 35.5636633354
17.0000000000 35.5012229462
17.1000000000 35.4052679368
17.2000000000 35.2790681185
17.3000000000 35.1253910291
17.4000000000 34.9465922219
17.5000000000 34.7446936562
17.6000000000 34.5214494206
17.7000000000 34.2783996080
17.8000000000 34.0169137827
17.9000000000 33.7382256273
18.0000000000 33.4434602818
18.1000000000 33.1336557166
18.2000000000 32.8097792931
18.3000000000 32.4727404751
18.4000000000 32.1234004880
18.5000000000 31.7625795770
18.6000000000 31.3910623926
18.7000000000 31.0096019307
18.8000000000 30.6189223696
18.9000000000 30.2197210775
19.0000000000 29.8126700079
19.1000000000 29.3984166537
19.2000000000 28.9775846940
19.3000000000 28.5507744373
19.4000000000 28.1185631397
19.5000000000 27.6815052572
19.6000000000 27.2401326757
19.7000000000 26.7949549497
19.8000000000 26.3464595702
19.9000000000 25.8951122750
20.0000000000 25.4413574084
20.1000000000 24.9856183340
20.2000000000 24.5282978974
20.3000000000 24.0697789386
20.4000000000 23.6104248469
20.5000000000 23.1505801534
20.6000000000 22.6905711544
20.7000000000 22.2307065594
20.8000000000 21.7712781556
20.9000000000 21.3125614844
21.0000000000 20.8548165218
21.1000000000 20.3982883590
21.2000000000 19.9432078761
21.3000000000 19.4897924062
21.4000000000 19.0382463852
21.5000000000 18.5887619837
21.6000000000 18.1415197185
21.7000000000 17.6966890423
21.8000000000 17.2544289079
21.9000000000 16.8148883079
22.0000000000 16.3782067869
22.1000000000 15.9445149274
22.2000000000 15.5139348087
22.3000000000 15.0865804380
22.4000000000 14.6625581558
22.5000000000 14.2419670146
22.6000000000 13.8248991335
22.7000000000 13.4114400270
22.8000000000 13.0016689126
22.9000000000 12.5956589951
23.0000000000 12.1934777309
23.1000000000 11.7951870733
23.2000000000 11.4008436993
23.3000000000 11.0104992205
23.4000000000 10.6242003787
23.5000000000 10.2419892275
23.6000000000 9.8639033025
23.7000000000 9.4899757791
23.8000000000 9.1202356220
23.9000000000 8.7547077250
24.0000000000 8.3934130440
24.1000000000 8.0363687238
24.2000000000 7.6835882194
24.3000000000 7.3350814127
24.4000000000 6.9908547259
24.5000000000 6.6509112322
24.6000000000 6.3152507640
24.7000000000 5.9838700192
24.8000000000 5.6567626665
24.9000000000 5.3339194495
25.0000000000 5.0153282899
25.1000000000 4.7009743902
25.2000000000 4.3908403358
25.3000000000 4.0849061973
25.4000000000 3.7831496313
25.5000000000 3.4855459825
25.6000000000 3.1920683848
25.7000000000 2.9026878625
25.8000000000 2.6173734317
25.9000000000 2.3360922017
26.0000000000 2.0588094765
26.1000000000 1.7854888556
26.2000000000 1.5160923355
26.3000000000 1.2505804103
26.4000000000 0.9889121725
26.5000000000 0.7310454119
26.6000000000 0.4769367150
26.7000000000 0.2265415624
26.8000000000 -0.0201855746
26.9000000000 -0.2632911397
27.0000000000 -0.5028223985
27.1000000000 -0.7388273477
27.2000000000 -0.9713546268
27.3000000000 -1.2004534320
27.4000000000 -1.4261734331
27.5000000000 -1.6485646930
27.6000000000 -1.8676775901
27.7000000000 -2.0835627444
27.8000000000 -2.2962709459
27.9000000000 -2.5058530873
28.0000000000 -2.7123600990
28.1000000000 -2.9158428879
28.2000000000 -3.1163522797
28.3000000000 -3.3139389643
28.4000000000 -3.5086534446
28.5000000000 -3.7005459878
28.6000000000 -3.8896665816
28.7000000000 -4.0760648912
28.8000000000 -4.2597902216
28.9000000000 -4.4408914810
29.0000000000 -4.6194171479
29.1000000000 -4.7954152413
29.2000000000 -4.9689332922
29.3000000000 -5.1400183190
29.4000000000 -5.3087168044
29.5000000000 -5.4750746748
29.6000000000 -5.6391372823
29.7000000000 -5.8009493877
29.8000000000 -5.9605551466
29.9000000000 -6.1179980968
30.0000000000 -6.2733211470
30.1000000000 -6.4265665680
30.2000000000 -6.5777759846
30.3000000000 -6.7269903694
30.4000000000 -6.8742500379
30.5000000000 -7.0195946445
30.6000000000 -7.1630631799
30.7000000000 -7.3046939699
30.8000000000 -7.4445246743
30.9000000000 -7.5825922875
31.0000000000 -7.7189331400
31.1000000000 -7.8535828999
31.2000000000 -7.9865765761
31.3000000000 -8.1179485214
31.4000000000 -8.2477324367
31.5000000000 -8.3759613756
31.6000000000 -8.5026677497
31.7000000000 -8.6278833339
31.8000000000 -8.7516392726
31.9000000000 -8.8739660865
32.0000000000 -8.9948936790
32.1000000000 -9.1144513435
32.2000000000 -9.2326677712
32.3000000000 -9.3495710584
32.4000000000 -9.4651887148
32.5000000000 -9.5795476718
32.6000000000 -9.6926742905
32.7000000000 -9.8045943708
32.8000000000 -9.9153331599
32.9000000000 -10.0249153611
33.0000000000 -10.1333651432
33.1000000000 -10.2407061491
33.2000000000 -10.3469615051
33.3000000000 -10.4521538305
33.4000000000 -10.5563052462
33.5000000000 -10.6594373848
33.6000000000 -10.7615713991
33.7000000000 -10.8627279723
33.8000000000 -10.9629273265
33.9000000000 -11.0621892326
34.0000000000 -11.1605330193
34.1000000000 -11.2579775823
34.2000000000 -11.3545413938
34.3000000000 -11.4502425112
34.4000000000 -11.5450985864
34.5000000000 -11.6391268751
34.6000000000 -11.7323442449
34.7000000000 -11.8247671851
34.8000000000 -11.9164118144
34.9000000000 -12.0072938906
35.0000000000 -12.0974288181
35.1000000000 -12.1868316572
35.2000000000 -12.2755171316
35.3000000000 -12.3634996372
35.4000000000 -12.4507932496
35.5000000000 -12.5374117327
35.6000000000 -12.6233685457
35.7000000000 -12.7086768513
35.8000000000 -12.7933495229
35.9000000000 -12.8773991523
36.0000000000 -12.9608380566
36.1000000000 -13.0436782855
36.2000000000 -13.1259316280
36.3000000000 -13.2076096196
36.4000000000 -13.2887235486
36.5000000000 -13.3692844629
36.6000000000 -13.4493031760
36.7000000000 -13.5287902736
36.8000000000 -13.6077561194
36.9000000000 -13.6862108613
37.0000000000 -13.7641644370
37.1000000000 -13.8416265796
37.2000000000 -13.9186068234
37.3000000000 -13.9951145089
37.4000000000 -14.0711587884
37.5000000000 -14.1467486308
37.6000000000 -14.2218928268
37.7000000000 -14.2965999935
37.8000000000 -14.3708785793
37.9000000000 -14.4447368684
38.0000000000 -14.5181829852
38.1000000000 -14.5912248988
38.2000000000 -14.6638704271
38.3000000000 -14.7361272406
38.4000000000 -14.8080028669
38.5000000000 -14.8795046942
38.6000000000 -14.9506399752
38.7000000000 -15.0214158307
38.8000000000 -15.0918392529
38.9000000000 -15.1619171094
39.0000000000 -15.2316561458
39.1000000000 -15.3010629894
39.2000000000 -15.3701441524
39.3000000000 -15.4389060345
39.4000000000 -15.5073549262
39.5000000000 -15.5754970116
39.6000000000 -15.6433383712
39.7000000000 -15.7108849842
39.8000000000 -15.7781427317
39.9000000000 -15.8451173990
40.0000000000 -15.9118146778
40.1000000000 -15.9782401689
40.2000000000 -16.0443993844
40.3000000000 -16.1102977498
40.4000000000 -16.1759406065
40.5000000000 -16.2413332135
40.6000000000 -16.3064807499
40.7000000000 -16.3713883162
40.8000000000 -16.4360609371
40.9000000000 -16.5005035626
41.0000000000 -16.5647210703
41.1000000000 -16.6287182668
41.2000000000 -16.6924998897
41.3000000000 -16.7560706090
41.4000000000 -16.8194350289
41.5000000000 -16.8825976894
41.6000000000 -16.9455630675
41.7000000000 -17.0083355790
41.8000000000 -17.0709195796
41.9000000000 -17.1333193667
42.0000000000 -17.1955391803
42.1000000000 -17.2575832049
42.2000000000 -17.3194555699
42.3000000000 -17.3811603518
42.4000000000 -17.4427015745
42.5000000000 -17.5040832113
42.6000000000 -17.5653091855
42.7000000000 -17.6263833714
42.8000000000 -17.6873095961
42.9000000000 -17.7480916396
43.0000000000 -17.8087332366
43.1000000000 -17.8692380770
43.2000000000 -17.9296098072
43.3000000000 -17.9898520308
43.4000000000 -18.0499683095
43.5000000000 -18.1099621642
43.6000000000 -18.1698370757
43.7000000000 -18.2295964857
43.8000000000 -18.2892437975
43.9000000000 -18.3487823767
44.0000000000 -18.4082155524
44.1000000000 -18.4675466173
44.2000000000 -18.5267788291
44.3000000000 -18.5859154109
44.4000000000 -18.6449595520
44.5000000000 -18.7039144085
44.6000000000 -18.7627831040
44.7000000000 -18.8215687303
44.8000000000 -18.8802743483
44.9000000000 -18.9389029879
45.0000000000 -18.9974576494
45.1000000000 -19.0559413038
45.2000000000 -19.1143568933
45.3000000000 -19.1727073317
45.4000000000 -19.2309955056
45.5000000000 -19.2892242742
45.6000000000 -19.3473964705
45.7000000000 -19.4055149011
45.8000000000 -19.4635823475
45.9000000000 -19.5216015659
46.0000000000 -19.5795752881
46.1000000000 -19.6375062219
46.2000000000 -19.6953970514
46.3000000000 -19.7532504377
46.4000000000 -19.8110690191
46.5000000000 -19.8688554118
46.6000000000 -19.9266122101
46.7000000000 -19.9843419867
46.8000000000 -20.0420472935
46.9000000000 -20.0997306618
47.0000000000 -20.1573946026
47.1000000000 -20.2150416069
47.2000000000 -20.2726741465
47.3000000000 -20.3302946738
47.4000000000 -20.3879056225
47.5000000000 -20.4455094079
47.6000000000 -20.5031084272
47.7000000000 -20.5607050598
47.8000000000 -20.6183016676
47.9000000000 -20.6759005954
48.0000000000 -20.7335041710
48.1000000000 -20.7911147060
48.2000000000 -20.8487344953
48.3000000000 -20.9063658180
48.4000000000 -20.9640109377
48.5000000000 -21.0216721022
48.6000000000 -21.0793515442
48.7000000000 -21.1370514818
48.8000000000 -21.1947741179
48.9000000000 -21.2525216414
49.0000000000 -21.3102962267
49.1000000000 -21.3681000343
49.2000000000 -21.4259352110
49.3000000000 -21.4838038900
49.4000000000 -21.5417081912
49.5000000000 -21.5996502213
49.6000000000 -21.6576320741
49.7000000000 -21.7156558305
49.8000000000 -21.7737235592
49.9000000000 -21.8318373162
50.0000000000 -21.8899991453
50.1000000000 -21.9482110783
50.2000000000 -22.0064751352
50.3000000000 -22.0647933243
50.4000000000 -22.1231676420
50.5000000000 -22.1816000737
50.6000000000 -22.2400925931
50.7000000000 -22.2986471631
50.8000000000 -22.3572657353
50.9000000000 -22.4159502504
51.0000000000 -22.4747026385
51.1000000000 -22.5335248189
51.2000000000 -22.5924187004
51.3000000000 -22.6513861811
51.4000000000 -22.7104291489
51.5000000000 -22.7695494815
51.6000000000 -22.8287490463
51.7000000000 -22.8880297006
51.8000000000 -22.9473932916
51.9000000000 -23.0068416567
52.0000000000 -23.0663766232
52.1000000000 -23.1260000088
52.2000000000 -23.1857136212
52.3000000000 -23.2455192584
52.4000000000 -23.3054187089
52.5000000000 -23.3654137515
52.6000000000 -23.4255061553
52.7000000000 -23.4856976799
52.8000000000 -23.5459900753
52.9000000000 -23.6063850822
53.0000000000 -23.6668844317
53.1000000000 -23.7274898452
53.2000000000 -23.7882030350
53.3000000000 -23.8490257038
53.4000000000 -23.9099595447
53.5000000000 -23.9710062416
53.6000000000 -24.0321674687
53.7000000000 -24.0934448909
53.8000000000 -24.1548401635
53.9000000000 -24.2163549322
54.0000000000 -24.2779908335
54.1000000000 -24.3397494939
54.2000000000 -24.4016325305
54.3000000000 -24.4636415509
54.4000000000 -24.5257781528
54.5000000000 -24.5880439241
54.6000000000 -24.6504404433
54.7000000000 -24.7129692786
54.8000000000 -24.7756319886
54.9000000000 -24.8384301218
55.0000000000 -24.9013652169
55.1000000000 -24.9644388022
55.2000000000 -25.0276523959
55.3000000000 -25.0910075061
55.4000000000 -25.1545056304
55.5000000000 -25.2181482561
55.6000000000 -25.2819368600
55.7000000000 -25.3458729080
55.8000000000 -25.4099578557
55.9000000000 -25.4741931476
56.0000000000 -25.5385802175
56.1000000000 -25.6031204879
56.2000000000 -25.6678153703
56.3000000000 -25.7326662652
56.4000000000 -25.7976745612
56.5000000000 -25.8628416358
56.6000000000 -25.9281688548
56.7000000000 -25.9936575721
56.8000000000 -26.0593091298
56.9000000000 -26.1251248580
57.0000000000 -26.1911060746
57.1000000000 -26.2572540852
57.2000000000 -26.3235701828
57.3000000000 -26.3900556480
57.4000000000 -26.4567117485
57.5000000000 -26.5235397392
57.6000000000 -26.5905408617
57.7000000000 -26.6577163446
57.8000000000 -26.7250674029
57.9000000000 -26.7925952382
58.0000000000 -26.8603010383
58.1000000000 -26.9281859769
58.2000000000 -26.9962512140
58.3000000000 -27.0644978950
58.4000000000 -27.1329271510
58.5000000000 -27.2015400984
58.6000000000 -27.2703378390
58.7000000000 -27.3393214592
58.8000000000 -27.4084920307
58.9000000000 -27.4778506094
59.0000000000 -27.5473982361
59.1000000000 -27.6171359354
59.2000000000 -27.6870647162
59.3000000000 -27.7571855712
59.4000000000 -27.8274994769
59.5000000000 -27.8980073930
59.6000000000 -27.9687102627
59.7000000000 -28.0396090122
59.8000000000 -28.1107045504
59.9000000000 -28.1819977692
60.0000000000 -28.2534895426
60.1000000000 -28.3251807272
60.2000000000 -28.3970721614
60.3000000000 -28.4691646656
60.4000000000 -28.5414590418
60.5000000000 -28.6139560733
60.6000000000 -28.6866565250
60.7000000000 -28.7595611424
60.8000000000 -28.8326706522
60.9000000000 -28.9059857615
61.0000000000 -28.9795071580
61.1000000000 -29.0532355094
61.2000000000 -29.1271714637
61.3000000000 -29.2013156484
61.4000000000 -29.2756686709
61.5000000000 -29.3502311180
61.6000000000 -29.4250035555
61.7000000000 -29.4999865284
61.8000000000 -29.5751805607
61.9000000000 -29.6505861547
62.0000000000 -29.7262037914
62.1000000000 -29.8020339300
62.2000000000 -29.8780770078
62.3000000000 -29.9543334399
62.4000000000 -30.0308036193
62.5000000000 -30.1074879164
62.6000000000 -30.1843866790
62.7000000000 -30.2615002321
62.8000000000 -30.3388288778
62.9000000000 -30.4163728948
63.0000000000 -30.4941325389
63.1000000000 -30.5721080420
63.2000000000 -30.6502996127
63.3000000000 -30.7287074357
63.4000000000 -30.8073316718
63.5000000000 -30.8861724576
63.6000000000 -30.9652299057
63.7000000000 -31.0445041043
63.8000000000 -31.1239951171
63.9000000000 -31.2037029831
64.0000000000 -31.2836277168
64.1000000000 -31.3637693076
64.2000000000 -31.4441277201
64.3000000000 -31.5247028940
64.4000000000 -31.6054947435
64.5000000000 -31.6865031578
64.6000000000 -31.7677280007
64.7000000000 -31.8491691104
64.8000000000 -31.9308263000
64.9000000000 -32.0126993566
65.0000000000 -32.0947880419
65.1000000000 -32.1770920918
65.2000000000 -32.2596112166
65.3000000000 -32.3423451004
65.4000000000 -32.4252934021
65.5000000000 -32.5084557540
65.6000000000 -32.5918317631
65.7000000000 -32.6754210101
65.8000000000 -32.7592230500
65.9000000000 -32.8432374117
66.0000000000 -32.9274635981
66.1000000000 -33.0119010865
66.2000000000 -33.0965493279
66.3000000000 -33.1814077476
66.4000000000 -33.2664757451
66.5000000000 -33.3517526938
66.6000000000 -33.4372379417
66.7000000000 -33.5229308107
66.8000000000 -33.6088305974
66.9000000000 -33.6949365725
67.0000000000 -33.7812479813
67.1000000000 -33.8677640438
67.2000000000 -33.9544839544
67.3000000000 -34.0414068825
67.4000000000 -34.1285319722
67.5000000000 -34.2158583427
67.6000000000 -34.3033850883
67.7000000000 -34.3911112785
67.8000000000 -34.4790359582
67.9000000000 -34.5671581478
68.0000000000 -34.6554768436
68.1000000000 -34.7439910174
68.2000000000 -34.8326996174
68.3000000000 -34.9216015677
68.4000000000 -35.0106957691
68.5000000000 -35.0999810987
68.6000000000 -35.1894564107
68.7000000000 -35.2791205360
68.8000000000 -35.3689722830
68.9000000000 -35.4590104375
69.0000000000 -35.5492337630
69.1000000000 -35.6396410009
69.2000000000 -35.7302308707
69.3000000000 -35.8210020706
69.4000000000 -35.9119532774
69.5000000000 -36.0030831469
69.6000000000 -36.0943903141
69.7000000000 -36.1858733937
69.8000000000 -36.2775309802
69.9000000000 -36.3693616483
70.0000000000 -36.4613639530
70.1000000000 -36.5535364302
70.2000000000 -36.6458775971
70.3000000000 -36.7383859520
70.4000000000 -36.8310599751
70.5000000000 -36.9238981288
70.6000000000 -37.0168988579
70.7000000000 -37.1100605898
70.8000000000 -37.2033817354
70.9000000000 -37.2968606890
71.0000000000 -37.3904958287
71.1000000000 -37.4842855169
71.2000000000 -37.5782281007
71.3000000000 -37.6723219122
71.4000000000 -37.7665652691
71.5000000000 -37.8609564745
71.6000000000 -37.9554938181
71.7000000000 -38.0501755760
71.8000000000 -38.1450000114
71.9000000000 -38.2399653750
72.0000000000 -38.3350699051
72.1000000000 -38.4303118285
72.2000000000 -38.5256893605
72.3000000000 -38.6212007055
72.4000000000 -38.7168440577
72.5000000000 -38.8126176008
72.6000000000 -38.9085195092
72.7000000000 -39.0045479480
72.8000000000 -39.1007010735
72.9000000000 -39.1969770337
73.0000000000 -39.2933739689
73.1000000000 -39.3898900115
73.2000000000 -39.4865232873
73.3000000000 -39.5832719154
73.4000000000 -39.6801340087
73.5000000000 -39.7771076746
73.6000000000 -39.8741910148
73.7000000000 -39.9713821268
73.8000000000 -40.0686791033
73.9000000000 -40.1660800332
74.0000000000 -40.2635830019
74.1000000000 -40.3611860917
74.2000000000 -40.4588873824
74.3000000000 -40.5566849515
74.4000000000 -40.6545768749
74.5000000000 -40.7525612270
74.6000000000 -40.8506360814
74.7000000000 -40.9487995113
74.8000000000 -41.0470495899
74.9000000000 -41.1453843906
75.0000000000 -41.2438019879
75.1000000000 -41.3423004572
75.2000000000 -41.4408778759
75.3000000000 -41.5395323233
75.4000000000 -41.6382618812
75.5000000000 -41.7370646341
75.6000000000 -41.8359386701
75.7000000000 -41.9348820808
75.8000000000 -42.0338929619
75.9000000000 -42.1329694135
76.0000000000 -42.2321095406
76.1000000000 -42.3313114534
76.2000000000 -42.4305732678
76.3000000000 -42.5298931055
76.4000000000 -42.6292690947
76.5000000000 -42.7286993702
76.6000000000 -42.8281820738
76.7000000000 -42.9277153547
76.8000000000 -43.0272973700
76.9000000000 -43.1269262847
77.0000000000 -43.2266002724
77.1000000000 -43.3263175151
77.2000000000 -43.4260762042
77.3000000000 -43.5258745402
77.4000000000 -43.6257107335
77.5000000000 -43.7255830044
77.6000000000 -43.8254895833
77.7000000000 -43.9254287113
77.8000000000 -44.0253986403
77.9000000000 -44.1253976334
78.0000000000 -44.2254239649
78.1000000000 -44.3254759209
78.2000000000 -44.4255517992
78.3000000000 -44.5256499099
78.4000000000 -44.6257685754
78.5000000000 -44.7259061307
78.6000000000 -44.8260609235
78.7000000000 -44.9262313149
78.8000000000 -45.0264156788
78.9000000000 -45.1266124029
79.0000000000 -45.2268198883
79.1000000000 -45.3270365501
79.2000000000 -45.4272608175
79.3000000000 -45.5274911335
79.4000000000 -45.6277259558
79.5000000000 -45.7279637566
79.6000000000 -45.8282030225
79.7000000000 -45.9284422552
79.8000000000 -46.0286799711
79.9000000000 -46.1289147018
80.0000000000 -46.2291449941
80.1000000000 -46.3293694099
80.2000000000 -46.4295865267
80.3000000000 -46.5297949375
80.4000000000 -46.6299932507
80.5000000000 -46.7301800906
80.6000000000 -46.8303540970
80.7000000000 -46.9305139258
80.8000000000 -47.0306582484
80.9000000000 -47.1307857525
81.0000000000 -47.2308951416
81.1000000000 -47.3309851352
81.2000000000 -47.4310544687
81.3000000000 -47.5311018939
81.4000000000 -47.6311261785
81.5000000000 -47.7311261062
81.6000000000 -47.8311004769
81.7000000000 -47.9310481067
81.8000000000 -48.0309678275
81.9000000000 -48.1308584876
82.0000000000 -48.2307189510
82.1000000000 -48.3305480980
82.2000000000 -48.4303448247
82.3000000000 -48.5301080433
82.4000000000 -48.6298366815
82.5000000000 -48.7295296834
82.6000000000 -48.8291860083
82.7000000000 -48.9288046316
82.8000000000 -49.0283845441
82.9000000000 -49.1279247522
83.0000000000 -49.2274242778
83.1000000000 -49.3268821580
83.2000000000 -49.4262974454
83.3000000000 -49.5256692075
83.4000000000 -49.6249965270
83.5000000000 -49.7242785015
83.6000000000 -49.8235142434
83.7000000000 -49.9227028799
83.8000000000 -50.0218435524
83.9000000000 -50.1209354172
84.0000000000 -50.2199776445
84.1000000000 -50.3189694188
84.2000000000 -50.4179099385
84.3000000000 -50.5167984159
84.4000000000 -50.6156340769
84.5000000000 -50.7144161610
84.6000000000 -50.8131439208
84.7000000000 -50.9118166224
84.8000000000 -51.0104335445
84.9000000000 -51.1089939788
85.0000000000 -51.2074972296
85.1000000000 -51.3059426136
85.2000000000 -51.4043294596
85.3000000000 -51.5026571087
85.4000000000 -51.6009249136
85.5000000000 -51.6991322386
85.6000000000 -51.7972784596
85.7000000000 -51.8953629634
85.8000000000 -51.9933851482
85.9000000000 -52.0913444225
86.0000000000 -52.1892402057
86.1000000000 -52.2870719273
86.2000000000 -52.3848390270
86.3000000000 -52.4825409544
86.4000000000 -52.5801771685
86.5000000000 -52.6777471380
86.6000000000 -52.7752503406
86.7000000000 -52.8726862628
86.8000000000 -52.9700544000
86.9000000000 -53.0673542559
87.0000000000 -53.1645853424
87.1000000000 -53.2617471794
87.2000000000 -53.3588392944
87.3000000000 -53.4558612224
87.4000000000 -53.5528125055
87.5000000000 -53.6496926928
87.6000000000 -53.7465013400
87.7000000000 -53.8432380094
87.8000000000 -53.9399022692
87.9000000000 -54.0364936937
88.0000000000 -54.1330118627
88.1000000000 -54.2294563615
88.2000000000 -54.3258267804
88.3000000000 -54.4221227146
88.4000000000 -54.5183437640
88.5000000000 -54.6144895325
88.6000000000 -54.7105596285
88.7000000000 -54.8065536638
88.8000000000 -54.9024712540
88.9000000000 -54.9983120179
89.0000000000 -55.0940755772
89.1000000000 -55.1897615566
89.2000000000 -55.2853695829
89.3000000000 -55.3808992854
89.4000000000 -55.4763502953
89.5000000000 -55.5717222455
89.6000000000 -55.6670147702
89.7000000000 -55.7622275048
89.8000000000 -55.8573600859
89.9000000000 -55.9524121504
90.0000000000 -56.0473833356
90.1000000000 -56.1422732793
90.2000000000 -56.2370816187
90.3000000000 -56.3318079909
90.4000000000 -56.4264520325
90.5000000000 -56.5210133788
90.6000000000 -56.6154916645
90.7000000000 -56.7098865225
90.8000000000 -56.8041975843
90.9000000000 -56.8984244795
91.0000000000 -56.9925668356
91.1000000000 -57.0866242778
91.2000000000 -57.1805964285
91.3000000000 -57.2744829077
91.4000000000 -57.3682833321
91.5000000000 -57.4619973150
91.6000000000 -57.5556244665
91.7000000000 -57.6491643929
91.8000000000 -57.7426166965
91.9000000000 -57.8359809754
92.0000000000 -57.9292568234
92.1000000000 -58.0224438298
92.2000000000 -58.1155415789
92.3000000000 -58.2085496502
92.4000000000 -58.3014676180
92.5000000000 -58.3942950510
92.6000000000 -58.4870315126
92.7000000000 -58.5796765602
92.8000000000 -58.6722297453
92.9000000000 -58.7646906133
93.0000000000 -58.8570587033
93.1000000000 -58.9493335477
93.2000000000 -59.0415146725
93.3000000000 -59.1336015967
93.4000000000 -59.2255938324
93.5000000000 -59.3174908843
93.6000000000 -59.4092922502
93.7000000000 -59.5009974200
93.8000000000 -59.5926058763
93.9000000000 -59.6841170938
94.0000000000 -59.7755305395
94.1000000000 -59.8668456721
94.2000000000 -59.9580619425
94.3000000000 -60.0491787930
94.4000000000 -60.1401956578
94.5000000000 -60.2311119625
94.6000000000 -60.3219271241
94.7000000000 -60.4126405510
94.8000000000 -60.5032516426
94.9000000000 -60.5937597897
95.0000000000 -60.6841643740
95.1000000000 -60.7744647682
95.2000000000 -60.8646603357
95.3000000000 -60.9547504310
95.4000000000 -61.0447343991
95.5000000000 -61.1346115759
95.6000000000 -61.2243812878
95.7000000000 -61.3140428519
95.8000000000 -61.4035955756
95.9000000000 -61.4930387573
96.0000000000 -61.5823716853
96.1000000000 -61.6715936388
96.2000000000 -61.7607038873
96.3000000000 -61.8497016905
96.4000000000 -61.9385862990
96.5000000000 -62.0273569533
96.6000000000 -62.1160128847
96.7000000000 -62.2045533147
96.8000000000 -62.2929774553
96.9000000000 -62.3812845091
97.0000000000 -62.4694736689
97.1000000000 -62.5575441183
97.2000000000 -62.6454950313
97.3000000000 -62.7333255724
97.4000000000 -62.8210348971
97.5000000000 -62.9086221512
97.6000000000 -62.9960864715
97.7000000000 -63.0834269855
97.8000000000 -63.1706428117
97.9000000000 -63.2577330595
98.0000000000 -63.3446968294
98.1000000000 -63.4315332129
98.2000000000 -63.5182412929
98.3000000000 -63.6048201436
98.4000000000 -63.6912688304
98.5000000000 -63.7775864106
98.6000000000 -63.8637719328
98.7000000000 -63.9498244376
98.8000000000 -64.0357429575
98.9000000000 -64.1215265169
99.0000000000 -64.2071741322
99.1000000000 -64.2926848125
99.2000000000 -64.3780575590
99.3000000000 -64.4632913655
99.4000000000 -64.5483852187
99.5000000000 -64.6333380981
99.6000000000 -64.7181489762
99.7000000000 -64.8028168186
99.8000000000 -64.8873405846
99.9000000000 -64.9717192268
100.0000000000 -65.0559516915
100.1000000000 -65.1400369192
100.2000000000 -65.2239738441
100.3000000000 -65.3077613951
100.4000000000 -65.3913984952
100.5000000000 -65.4748840622
100.6000000000 -65.5582170090
100.7000000000 -65.6413962432
100.8000000000 -65.7244206681
100.9000000000 -65.8072891821
101.0000000000 -65.8900006795
101.1000000000 -65.9725540506
101.2000000000 -66.0549481818
101.3000000000 -66.1371819556
101.4000000000 -66.2192542515
101.5000000000 -66.3011639456
101.6000000000 -66.3829099110
101.7000000000 -66.4644910183
101.8000000000 -66.5459061353
101.9000000000 -66.6271541278
102.0000000000 -66.7082338596
102.1000000000 -66.7891441925
102.2000000000 -66.8698839868
102.3000000000 -66.9504521018
102.4000000000 -67.0308473954
102.5000000000 -67.1110687248
102.6000000000 -67.1911149466
102.7000000000 -67.2709849170
102.8000000000 -67.3506774922
102.9000000000 -67.4301915282
103.0000000000 -67.5095258814
103.1000000000 -67.5886794088
103.2000000000 -67.6676509678
103.3000000000 -67.7464394167
103.4000000000 -67.8250436144
103.5000000000 -67.9034624212
103.6000000000 -67.9816946981
103.7000000000 -68.0597393073
103.8000000000 -68.1375951117
103.9000000000 -68.2152609754
104.0000000000 -68.2927357630
104.1000000000 -68.3700183399
104.2000000000 -68.4471075714
104.3000000000 -68.5240023228
104.4000000000 -68.6007014589
104.5000000000 -68.6772038429
104.6000000000 -68.7535083366
104.7000000000 -68.8296137990
104.8000000000 -68.9055190852
104.9000000000 -68.9812230462
105.0000000000 -69.0567245266
105.1000000000 -69.1320223641
105.2000000000 -69.2071153871
105.3000000000 -69.2820024136
105.4000000000 -69.3566822486
105.5000000000 -69.4311536817
105.6000000000 -69.5054154848
105.7000000000 -69.5794664086
105.8000000000 -69.6533051793
105.9000000000 -69.7269304943
106.0000000000 -69.8003410179
106.1000000000 -69.8735353760
106.2000000000 -69.9465121498
106.3000000000 -70.0192698692
106.4000000000 -70.0918070047
106.5000000000 -70.1641219583
106.6000000000 -70.2362130533
106.7000000000 -70.3080785217
106.8000000000 -70.3797164908
106.9000000000 -70.4511249671
107.0000000000 -70.5223018177
107.1000000000 -70.5932447494
107.2000000000 -70.6639512839
107.3000000000 -70.7344187297
107.4000000000 -70.8046441496
107.5000000000 -70.8746243228
107.6000000000 -70.9443557017
107.7000000000 -71.0138343621
107.8000000000 -71.0830559447
107.9000000000 -71.1520155891
108.0000000000 -71.2207078564
108.1000000000 -71.2891266403
108.2000000000 -71.3572650647
108.3000000000 -71.4251153651
108.4000000000 -71.4926687518
108.5000000000 -71.5599152522
108.6000000000 -71.6268435282
108.7000000000 -71.6934406660
108.8000000000 -71.7596919328
108.9000000000 -71.8255804963
109.0000000000 -71.8910871004
109.1000000000 -71.9561896910
109.2000000000 -72.0208629829
109.3000000000 -72.0850779613
109.4000000000 -72.1488013035
109.5000000000 -72.2119947131
109.6000000000 -72.2746141492
109.7000000000 -72.3366089361
109.8000000000 -72.3979207350
109.9000000000 -72.4584823546
110.0000000000 -72.5182163776
110.1000000000 -72.5770335724
110.2000000000 -72.6348310568
110.3000000000 -72.6914901764
110.4000000000 -72.7468740504
110.5000000000 -72.8008247351
110.6000000000 -72.8531599441
110.7000000000 -72.9036692551
110.8000000000 -72.9521097248
110.9000000000 -72.9982008163
111.0000000000 -73.0416185342
111.1000000000 -73.0819886408
111.2000000000 -73.1188788104
111.3000000000 -73.1517895548
111.4000000000 -73.1801437280
111.5000000000 -73.2032743863
111.6000000000 -73.2204107472
111.7000000000 -73.2306619487
111.8000000000 -73.2329982655
111.9000000000 -73.2262293837
112.0000000000 -73.2089792747
112.1000000000 -73.1796571394
112.2000000000 -73.1364238080
112.3000000000 -73.0771528915
112.4000000000 -72.9993858696
112.5000000000 -72.9002801762
112.6000000000 -72.7765492042
112.7000000000 -72.6243929843
112.8000000000 -72.4394181106
112.9000000000 -72.2165452704
113.0000000000 -71.9499024939
113.1000000000 -71.6327019604
113.2000000000 -71.2570978781
113.3000000000 -70.8140225838
113.4000000000 -70.2929975722
113.5000000000 -69.6819156421
113.6000000000 -68.9667896906
113.7000000000 -68.1314628352
113.8000000000 -67.1572733495
113.9000000000 -66.0226661381
114.0000000000 -64.7027396882
114.1000000000 -63.1687128284
114.2000000000 -61.3872877427
114.3000000000 -59.3198720139
114.4000000000 -56.9215988449
114.5000000000 -54.1400448361
114.6000000000 -50.9134815193
114.7000000000 -47.1684073856
114.8000000000 -42.8160080079
114.9000000000 -37.7471443627
115.0000000000 -31.8255994355
115.1000000000 -24.8799698413
115.2000000000 -16.6983783977
115.3000000000 -7.0539867575
115.4000000000 4.0979689712
115.5000000000 15.8605403023
115.6000000000 25.5076132757
115.7000000000 30.7561948117
115.8000000000 32.7007082965
115.9000000000 33.4647523774
116.0000000000 33.9799314819
116.1000000000 34.4185501891
116.2000000000 34.7890270500
116.3000000000 35.0879079697
116.4000000000 35.3169385668
116.5000000000 35.4813266169
116.6000000000 35.5874934341
116.7000000000 35.6418493981
116.8000000000 35.6502548224
116.9000000000 35.6178400891
117.0000000000 35.5489980648
117.1000000000 35.4474512815
117.2000000000 35.3163449799
117.3000000000 35.1583425340
117.4000000000 34.9757128667
117.5000000000 34.7704060618
117.6000000000 34.5441165951
117.7000000000 34.2983350615
117.8000000000 34.0343898319
117.9000000000 33.7534801998
118.0000000000 33.4567024834
118.1000000000 33.1450703887
118.2000000000 32.8195307458
118.3000000000 32.4809755501
118.4000000000 32.1302510761
118.5000000000 31.7681646933
118.6000000000 31.3954898920
118.7000000000 31.0129699306
118.8000000000 30.6213204356
118.9000000000 30.2212312153
119.0000000000 29.8133674974
119.1000000000 29.3983707550
119.2000000000 28.9768592483
119.3000000000 28.5494283817
119.4000000000 28.1166509518
119.5000000000 27.6790773416
119.6000000000 27.2372357027
119.7000000000 26.7916321545
119.8000000000 26.3427510187
119.9000000000 25.8910551023
120.0000000000 25.4369860342
120.1000000000 24.9809646573
120.2000000000 24.5233914755
120.3000000000 24.0646471502
120.4000000000 23.6050930432
120.5000000000 23.1450717976
120.6000000000 22.6849079516
120.7000000000 22.2249085769
120.8000000000 21.7653639355
120.9000000000 21.3065481487
121.0000000000 20.8487198708
121.1000000000 20.3921229630
121.2000000000 19.9369871616
121.3000000000 19.4835287368
121.4000000000 19.0319511367
121.5000000000 18.5824456152
121.6000000000 18.1351918386
121.7000000000 17.6903584706
121.8000000000 17.2481037335
121.9000000000 16.8085759430
122.0000000000 16.3719140174
122.1000000000 15.9382479604
122.2000000000 15.5076993158
122.3000000000 15.0803815968
122.4000000000 14.6564006875
122.5000000000 14.2358552196
122.6000000000 13.8188369242
122.7000000000 13.4054309583
122.8000000000 12.9957162101
122.9000000000 12.5897655813
123.0000000000 12.1876462495
123.1000000000 11.7894199116
123.2000000000 11.3951430088
123.3000000000 11.0048669360
123.4000000000 10.6186382359
123.5000000000 10.2364987796
123.6000000000 9.8584859345
123.7000000000 9.4846327222
123.8000000000 9.1149679658
123.9000000000 8.7495164295
124.0000000000 8.3882989500
124.1000000000 8.0313325632
124.2000000000 7.6786306236
124.3000000000 7.3302029212
124.4000000000 6.9860557942
124.5000000000 6.6461922383
124.6000000000 6.3106120149
124.7000000000 5.9793117566
124.8000000000 5.6522850720
124.9000000000 5.3295226492
125.0000000000 5.0110123586
125.1000000000 4.6967393549
125.2000000000 4.3866861793
125.3000000000 4.0808328603
125.4000000000 3.7791570154
125.5000000000 3.4816339520
125.6000000000 3.1882367684
125.7000000000 2.8989364552
125.8000000000 2.6137019964
125.9000000000 2.3325004703
126.0000000000 2.0552971513
126.1000000000 1.7820556108
126.2000000000 1.5127378186
126.3000000000 1.2473042435
126.4000000000 0.9857139538
126.5000000000 0.7279247172
126.6000000000 0.4738930993
126.7000000000 0.2235745617
126.8000000000 -0.0230764421
126.9000000000 -0.2661063713
127.0000000000 -0.5055625058
127.1000000000 -0.7414928547
127.2000000000 -0.9739460681
127.3000000000 -1.2029713513
127.4000000000 -1.4286183817
127.5000000000 -1.6509372280
127.6000000000 -1.8699782731
127.7000000000 -2.0857921401
127.8000000000 -2.2984296208
127.9000000000 -2.5079416083
128.0000000000 -2.7143790324
128.1000000000 -2.9177927985
128.2000000000 -3.1182337295
128.3000000000 -3.3157525119
128.4000000000 -3.5103996441
128.5000000000 -3.7022253887
128.6000000000 -3.8912797273
128.7000000000 -4.0776123193
128.8000000000 -4.2612724628
128.9000000000 -4.4423090590
129.0000000000 -4.6207705790
129.1000000000 -4.7967050338
129.2000000000 -4.9701599465
129.3000000000 -5.1411823272
129.4000000000 -5.3098186500
129.5000000000 -5.4761148328
129.6000000000 -5.6401162187
129.7000000000 -5.8018675598
129.8000000000 -5.9614130028
129.9000000000 -6.1187960762
130.0000000000 -6.2740596796
130.1000000000 -6.4272460747
130.2000000000 -6.5783968770
130.3000000000 -6.7275530499
130.4000000000 -6.8747548994
130.5000000000 -7.0200420707
130.6000000000 -7.1634535452
130.7000000000 -7.3050276391
130.8000000000 -7.4448020028
130.9000000000 -7.5828136213
131.0000000000 -7.7190988156
131.1000000000 -7.8536932442
131.2000000000 -7.9866319064
131.3000000000 -8.1179491455
131.4000000000 -8.2476786529
131.5000000000 -8.3758534724
131.6000000000 -8.5025060059
131.7000000000 -8.6276680188
131.8000000000 -8.7513706458
131.9000000000 -8.8736443977
132.0000000000 -8.9945191684
132.1000000000 -9.1140242416
132.2000000000 -9.2321882986
132.3000000000 -9.3490394263
132.4000000000 -9.4646051246
132.5000000000 -9.5789123153
132.6000000000 -9.6919873499
132.7000000000 -9.8038560187
132.8000000000 -9.9145435595
132.9000000000 -10.0240746662
133.0000000000 -10.1324734981
133.1000000000 -10.2397636889
133.2000000000 -10.3459683557
133.3000000000 -10.4511101085
133.4000000000 -10.5552110596
133.5000000000 -10.6582928323
133.6000000000 -10.7603765710
133.7000000000 -10.8614829499
133.8000000000 -10.9616321829
133.9000000000 -11.0608440323
134.0000000000 -11.1591378186
134.1000000000 -11.2565324296
134.2000000000 -11.3530463294
134.3000000000 -11.4486975678
134.4000000000 -11.5435037890
134.5000000000 -11.6374822413
134.6000000000 -11.7306497852
134.7000000000 -11.8230229027
134.8000000000 -11.9146177059
134.9000000000 -12.0054499456
135.0000000000 -12.0955350200
135.1000000000 -12.1848879828
135.2000000000 -12.2735235517
135.3000000000 -12.3614561166
135.4000000000 -12.4486997474
135.5000000000 -12.5352682022
135.6000000000 -12.6211749350
135.7000000000 -12.7064331030
135.8000000000 -12.7910555749
135.9000000000 -12.8750549374
136.0000000000 -12.9584435028
136.1000000000 -13.0412333164
136.2000000000 -13.1234361628
136.3000000000 -13.2050635733
136.4000000000 -13.2861268321
136.5000000000 -13.3666369831
136.6000000000 -13.4466048362
136.7000000000 -13.5260409733
136.8000000000 -13.6049557548
136.9000000000 -13.6833593251
137.0000000000 -13.7612616188
137.1000000000 -13.8386723658
137.2000000000 -13.9156010975
137.3000000000 -13.9920571516
137.4000000000 -14.0680496775
137.5000000000 -14.1435876416
137.6000000000 -14.2186798319
137.7000000000 -14.2933348631
137.8000000000 -14.3675611813
137.9000000000 -14.4413670684
138.0000000000 -14.5147606466
138.1000000000 -14.5877498828
138.2000000000 -14.6603425928
138.3000000000 -14.7325464453
138.4000000000 -14.8043689658
138.5000000000 -14.8758175407
138.6000000000 -14.9468994209
138.7000000000 -15.0176217252
138.8000000000 -15.0879914444
138.9000000000 -15.1580154442
139.0000000000 -15.2277004685
139.1000000000 -15.2970531431
139.2000000000 -15.3660799785
139.3000000000 -15.4347873728
139.4000000000 -15.5031816151
139.5000000000 -15.5712688879
139.6000000000 -15.6390552699
139.7000000000 -15.7065467392
139.8000000000 -15.7737491753
139.9000000000 -15.8406683619
140.0000000000 -15.9073099892
140.1000000000 -15.9736796565
140.2000000000 -16.0397828746
140.3000000000 -16.1056250673
140.4000000000 -16.1712115747
140.5000000000 -16.2365476541
140.6000000000 -16.3016384832
140.7000000000 -16.3664891611
140.8000000000 -16.4311047108
140.9000000000 -16.4954900809
141.0000000000 -16.5596501473
141.1000000000 -16.6235897152
141.2000000000 -16.6873135205
141.3000000000 -16.7508262317
141.4000000000 -16.8141324514
141.5000000000 -16.8772367179
141.6000000000 -16.9401435066
141.7000000000 -17.0028572315
141.8000000000 -17.0653822469
141.9000000000 -17.1277228483
142.0000000000 -17.1898832741
142.1000000000 -17.2518677068
142.2000000000 -17.3136802744
142.3000000000 -17.3753250513
142.4000000000 -17.4368060598
142.5000000000 -17.4981272712
142.6000000000 -17.5592926070
142.7000000000 -17.6203059398
142.8000000000 -17.6811710946
142.9000000000 -17.7418918496
143.0000000000 -17.8024719375
143.1000000000 -17.8629150463
143.2000000000 -17.9232248203
143.3000000000 -17.9834048611
143.4000000000 -18.0434587284
143.5000000000 -18.1033899412
143.6000000000 -18.1632019782
143.7000000000 -18.2228982789
143.8000000000 -18.2824822445
143.9000000000 -18.3419572385
144.0000000000 -18.4013265879
144.1000000000 -18.4605935831
144.2000000000 -18.5197614799
144.3000000000 -18.5788334989
144.4000000000 -18.6378128273
144.5000000000 -18.6967026190
144.6000000000 -18.7555059953
144.7000000000 -18.8142260458
144.8000000000 -18.8728658289
144.9000000000 -18.9314283725
145.0000000000 -18.9899166744
145.1000000000 -19.0483337033
145.2000000000 -19.1066823990
145.3000000000 -19.1649656731
145.4000000000 -19.2231864097
145.5000000000 -19.2813474658
145.6000000000 -19.3394516717
145.7000000000 -19.3975018318
145.8000000000 -19.4555007251
145.9000000000 -19.5134511055
146.0000000000 -19.5713557023
146.1000000000 -19.6292172207
146.2000000000 -19.6870383426
146.3000000000 -19.7448217265
146.4000000000 -19.8025700083
146.5000000000 -19.8602858016
146.6000000000 -19.9179716983
146.7000000000 -19.9756302686
146.8000000000 -20.0332640620
146.9000000000 -20.0908756072
147.0000000000 -20.1484674126
147.1000000000 -20.2060419669
147.2000000000 -20.2636017393
147.3000000000 -20.3211491797
147.4000000000 -20.3786867193
147.5000000000 -20.4362167709
147.6000000000 -20.4937417291
147.7000000000 -20.5512639709
147.8000000000 -20.6087858557
147.9000000000 -20.6663097256
148.0000000000 -20.7238379062
148.1000000000 -20.7813727063
148.2000000000 -20.8389164184
148.3000000000 -20.8964713193
148.4000000000 -20.9540396698
148.5000000000 -21.0116237154
148.6000000000 -21.0692256863
148.7000000000 -21.1268477981
148.8000000000 -21.1844922512
148.9000000000 -21.2421612321
149.0000000000 -21.2998569128
149.1000000000 -21.3575814513
149.2000000000 -21.4153369919
149.3000000000 -21.4731256656
149.4000000000 -21.5309495896
149.5000000000 -21.5888108684
149.6000000000 -21.6467115934
149.7000000000 -21.7046538432
149.8000000000 -21.7626396840
149.9000000000 -21.8206711695
150.0000000000 -21.8787503413
150.1000000000 -21.9368792289
150.2000000000 -21.9950598498
150.3000000000 -22.0532942102
150.4000000000 -22.1115843043
150.5000000000 -22.1699321151
150.6000000000 -22.2283396143
150.7000000000 -22.2868087624
150.8000000000 -22.3453415090
150.9000000000 -22.4039397927
151.0000000000 -22.4626055414
151.1000000000 -22.5213406723
151.2000000000 -22.5801470920
151.3000000000 -22.6390266969
151.4000000000 -22.6979813728
151.5000000000 -22.7570129953
151.6000000000 -22.8161234299
151.7000000000 -22.8753145319
151.8000000000 -22.9345881469
151.9000000000 -22.9939461101
152.0000000000 -23.0533902472
152.1000000000 -23.1129223740
152.2000000000 -23.1725442966
152.3000000000 -23.2322578112
152.4000000000 -23.2920647047
152.5000000000 -23.3519667541
152.6000000000 -23.4119657270
152.7000000000 -23.4720633814
152.8000000000 -23.5322614660
152.9000000000 -23.5925617198
153.0000000000 -23.6529658725
153.1000000000 -23.7134756442
153.2000000000 -23.7740927458
153.3000000000 -23.8348188788
153.4000000000 -23.8956557350
153.5000000000 -23.9566049970
153.6000000000 -24.0176683381
153.7000000000 -24.0788474219
153.8000000000 -24.1401439027
153.9000000000 -24.2015594254
154.0000000000 -24.2630956252
154.1000000000 -24.3247541282
154.2000000000 -24.3865365504
154.3000000000 -24.4484444986
154.4000000000 -24.5104795699
154.5000000000 -24.5726433517
154.6000000000 -24.6349374216
154.7000000000 -24.6973633476
154.8000000000 -24.7599226877
154.9000000000 -24.8226169900
155.0000000000 -24.8854477929
155.1000000000 -24.9484166245
155.2000000000 -25.0115250029
155.3000000000 -25.0747744359
155.4000000000 -25.1381664213
155.5000000000 -25.2017024462
155.6000000000 -25.2653839875
155.7000000000 -25.3292125116
155.8000000000 -25.3931894740
155.9000000000 -25.4573163198
156.0000000000 -25.5215944829
156.1000000000 -25.5860253867
156.2000000000 -25.6506104431
156.3000000000 -25.7153510532
156.4000000000 -25.7802486064
156.5000000000 -25.8453044810
156.6000000000 -25.9105200438
156.7000000000 -25.9758966496
156.8000000000 -26.0414356417
156.9000000000 -26.1071383513
157.0000000000 -26.1730060975
157.1000000000 -26.2390401874
157.2000000000 -26.3052419155
157.3000000000 -26.3716125638
157.4000000000 -26.4381534017
157.5000000000 -26.5048656859
157.6000000000 -26.5717506597
157.7000000000 -26.6388095538
157.8000000000 -26.7060435852
157.9000000000 -26.7734539576
158.0000000000 -26.8410418610
158.1000000000 -26.9088084715
158.2000000000 -26.9767549516
158.3000000000 -27.0448824491
158.4000000000 -27.1131920979
158.5000000000 -27.1816850171
158.6000000000 -27.2503623112
158.7000000000 -27.3192250700
158.8000000000 -27.3882743679
158.9000000000 -27.4575112643
159.0000000000 -27.5269368029
159.1000000000 -27.5965520121
159.2000000000 -27.6663579043
159.3000000000 -27.7363554757
159.4000000000 -27.8065457065
159.5000000000 -27.8769295604
159.6000000000 -27.9475079846
159.7000000000 -28.0182819093
159.8000000000 -28.0892522478
159.9000000000 -28.1604198961
160.0000000000 -28.2317857328
160.1000000000 -28.3033506191
160.2000000000 -28.3751153980
160.3000000000 -28.4470808947
160.4000000000 -28.5192479161
160.5000000000 -28.5916172507
160.6000000000 -28.6641896684
160.7000000000 -28.7369659201
160.8000000000 -28.8099467378
160.9000000000 -28.8831328342
161.0000000000 -28.9565249024
161.1000000000 -29.0301236162
161.2000000000 -29.1039296293
161.3000000000 -29.1779435752
161.4000000000 -29.2521660675
161.5000000000 -29.3265976991
161.6000000000 -29.4012390422
161.7000000000 -29.4760906484
161.8000000000 -29.5511530480
161.9000000000 -29.6264267502
162.0000000000 -29.7019122428
162.1000000000 -29.7776099919
162.2000000000 -29.8535204419
162.3000000000 -29.9296440150
162.4000000000 -30.0059811115
162.5000000000 -30.0825321093
162.6000000000 -30.1592973635
162.7000000000 -30.2362772069
162.8000000000 -30.3134719491
162.9000000000 -30.3908818769
163.0000000000 -30.4685072538
163.1000000000 -30.5463483200
163.2000000000 -30.6244052921
163.3000000000 -30.7026783630
163.4000000000 -30.7811677020
163.5000000000 -30.8598734541
163.6000000000 -30.9387957405
163.7000000000 -31.0179346579
163.8000000000 -31.0972902790
163.9000000000 -31.1768626515
164.0000000000 -31.2566517988
164.1000000000 -31.3366577194
164.2000000000 -31.4168803872
164.3000000000 -31.4973197508
164.4000000000 -31.5779757340
164.5000000000 -31.6588482351
164.6000000000 -31.7399371276
164.7000000000 -31.8212422591
164.8000000000 -31.9027634524
164.9000000000 -31.9845005042
165.0000000000 -32.0664531860
165.1000000000 -32.1486212437
165.2000000000 -32.2310043971
165.3000000000 -32.3136023408
165.4000000000 -32.3964147432
165.5000000000 -32.4794412472
165.6000000000 -32.5626814695
165.7000000000 -32.6461350013
165.8000000000 -32.7298014076
165.9000000000 -32.8136802277
166.0000000000 -32.8977709750
166.1000000000 -32.9820731370
166.2000000000 -33.0665861751
166.3000000000 -33.1513095252
166.4000000000 -33.2362425971
166.5000000000 -33.3213847749
166.6000000000 -33.4067354170
166.7000000000 -33.4922938561
166.8000000000 -33.5780593991
166.9000000000 -33.6640313274
167.0000000000 -33.7502088970
167.1000000000 -33.8365913383
167.2000000000 -33.9231778567
167.3000000000 -34.0099676319
167.4000000000 -34.0969598187
167.5000000000 -34.1841535471
167.6000000000 -34.2715479218
167.7000000000 -34.3591420230
167.8000000000 -34.4469349062
167.9000000000 -34.5349256024
168.0000000000 -34.6231131182
168.1000000000 -34.7114964363
168.2000000000 -34.8000745151
168.3000000000 -34.8888462893
168.4000000000 -34.9778106701
168.5000000000 -35.0669665450
168.6000000000 -35.1563127783
168.7000000000 -35.2458482116
168.8000000000 -35.3355716632
168.9000000000 -35.4254819292
169.0000000000 -35.5155777832
169.1000000000 -35.6058579765
169.2000000000 -35.6963212390
169.3000000000 -35.7869662784
169.4000000000 -35.8777917815
169.5000000000 -35.9687964139
169.6000000000 -36.0599788203
169.7000000000 -36.1513376248
169.8000000000 -36.2428714317
169.9000000000 -36.3345788248
170.0000000000 -36.4264583687
170.1000000000 -36.5185086085
170.2000000000 -36.6107280703
170.3000000000 -36.7031152617
170.4000000000 -36.7956686716
170.5000000000 -36.8883867713
170.6000000000 -36.9812680142
170.7000000000 -37.0743108365
170.8000000000 -37.1675136573
170.9000000000 -37.2608748793
171.0000000000 -37.3543928887
171.1000000000 -37.4480660561
171.2000000000 -37.5418927366
171.3000000000 -37.6358712699
171.4000000000 -37.7299999814
171.5000000000 -37.8242771819
171.6000000000 -37.9187011683
171.7000000000 -38.0132702240
171.8000000000 -38.1079826192
171.9000000000 -38.2028366116
172.0000000000 -38.2978304463
172.1000000000 -38.3929623567
172.2000000000 -38.4882305645
172.3000000000 -38.5836332806
172.4000000000 -38.6791687051
172.5000000000 -38.7748350278
172.6000000000 -38.8706304290
172.7000000000 -38.9665530793
172.8000000000 -39.0626011406
172.9000000000 -39.1587727662
173.0000000000 -39.2550661013
173.1000000000 -39.3514792837
173.2000000000 -39.4480104438
173.3000000000 -39.5446577052
173.4000000000 -39.6414191854
173.5000000000 -39.7382929959
173.6000000000 -39.8352772428
173.7000000000 -39.9323700272
173.8000000000 -40.0295694457
173.9000000000 -40.1268735906
174.0000000000 -40.2242805509
174.1000000000 -40.3217884119
174.2000000000 -40.4193952566
174.3000000000 -40.5170991652
174.4000000000 -40.6148982161
174.5000000000 -40.7127904864
174.6000000000 -40.8107740520
174.7000000000 -40.9088469881
174.8000000000 -41.0070073697
174.9000000000 -41.1052532722
175.0000000000 -41.2035827715
175.1000000000 -41.3019939445
175.2000000000 -41.4004848696
175.3000000000 -41.4990536272
175.4000000000 -41.5976983000
175.5000000000 -41.6964169732
175.6000000000 -41.7952077353
175.7000000000 -41.8940686782
175.8000000000 -41.9929978977
175.9000000000 -42.0919934940
176.0000000000 -42.1910535719
176.1000000000 -42.2901762411
176.2000000000 -42.3893596170
176.3000000000 -42.4886018206
176.4000000000 -42.5879009792
176.5000000000 -42.6872552265
176.6000000000 -42.7866627032
176.7000000000 -42.8861215572
176.8000000000 -42.9856299438
176.9000000000 -43.0851860266
177.0000000000 -43.1847879771
177.1000000000 -43.2844339755
177.2000000000 -43.3841222110
177.3000000000 -43.4838508819
177.4000000000 -43.5836181959
177.5000000000 -43.6834223709
177.6000000000 -43.7832616346
177.7000000000 -43.8831342252
177.8000000000 -43.9830383916
177.9000000000 -44.0829723936
178.0000000000 -44.1829345025
178.1000000000 -44.2829230009
178.2000000000 -44.3829361830
178.3000000000 -44.4829723553
178.4000000000 -44.5830298365
178.5000000000 -44.6831069576
178.6000000000 -44.7832020624
178.7000000000 -44.8833135078
178.8000000000 -44.9834396635
178.9000000000 -45.0835789129
179.0000000000 -45.1837296527
179.1000000000 -45.2838902934
179.2000000000 -45.3840592594
179.3000000000 -45.4842349894
179.4000000000 -45.5844159359
179.5000000000 -45.6846005664
179.6000000000 -45.7847873624
179.7000000000 -45.8849748205
179.8000000000 -45.9851614521
179.9000000000 -46.0853457835
180.0000000000 -46.1855263561
180.1000000000 -46.2857017266
180.2000000000 -46.3858704670
180.3000000000 -46.4860311646
180.4000000000 -46.5861824226
180.5000000000 -46.6863228594
180.6000000000 -46.7864511093
180.7000000000 -46.8865658224
180.8000000000 -46.9866656644
180.9000000000 -47.0867493171
181.0000000000 -47.1868154782
181.1000000000 -47.2868628613
181.2000000000 -47.3868901960
181.3000000000 -47.4868962280
181.4000000000 -47.5868797191
181.5000000000 -47.6868394470
181.6000000000 -47.7867742056
181.7000000000 -47.8866828048
181.8000000000 -47.9865640707
181.9000000000 -48.0864168453
182.0000000000 -48.1862399868
182.1000000000 -48.2860323692
182.2000000000 -48.3857928827
182.3000000000 -48.4855204331
182.4000000000 -48.5852139425
182.5000000000 -48.6848723486
182.6000000000 -48.7844946048
182.7000000000 -48.8840796803
182.8000000000 -48.9836265601
182.9000000000 -49.0831342444
183.0000000000 -49.1826017492
183.1000000000 -49.2820281057
183.2000000000 -49.3814123605
183.3000000000 -49.4807535753
183.4000000000 -49.5800508268
183.5000000000 -49.6793032069
183.6000000000 -49.7785098222
183.7000000000 -49.8776697940
183.8000000000 -49.9767822583
183.9000000000 -50.0758463654
184.0000000000 -50.1748612802
184.1000000000 -50.2738261815
184.2000000000 -50.3727402623
184.3000000000 -50.4716027295
184.4000000000 -50.5704128035
184.5000000000 -50.6691697185
184.6000000000 -50.7678727219
184.7000000000 -50.8665210746
184.8000000000 -50.9651140503
184.9000000000 -51.0636509355
185.0000000000 -51.1621310298
185.1000000000 -51.2605536447
185.2000000000 -51.3589181045
185.3000000000 -51.4572237454
185.4000000000 -51.5554699154
185.5000000000 -51.6536559745
185.6000000000 -51.7517812939
185.7000000000 -51.8498452562
185.8000000000 -51.9478472552
185.9000000000 -52.0457866952
186.0000000000 -52.1436629916
186.1000000000 -52.2414755699
186.2000000000 -52.3392238659
186.3000000000 -52.4369073252
186.4000000000 -52.5345254034
186.5000000000 -52.6320775655
186.6000000000 -52.7295632856
186.7000000000 -52.8269820471
186.8000000000 -52.9243333418
186.9000000000 -53.0216166705
187.0000000000 -53.1188315419
187.1000000000 -53.2159774729
187.2000000000 -53.3130539884
187.3000000000 -53.4100606205
187.4000000000 -53.5069969088
187.5000000000 -53.6038624000
187.6000000000 -53.7006566473
187.7000000000 -53.7973792108
187.8000000000 -53.8940296566
187.9000000000 -53.9906075570
188.0000000000 -54.0871124900
188.1000000000 -54.1835440390
188.2000000000 -54.2799017928
188.3000000000 -54.3761853450
188.4000000000 -54.4723942942
188.5000000000 -54.5685282431
188.6000000000 -54.6645867988
188.7000000000 -54.7605695724
188.8000000000 -54.8564761783
188.9000000000 -54.9523062348
189.0000000000 -55.0480593628
189.1000000000 -55.1437351866
189.2000000000 -55.2393333328
189.3000000000 -55.3348534302
189.4000000000 -55.4302951101
189.5000000000 -55.5256580054
189.6000000000 -55.6209417504
189.7000000000 -55.7161459809
189.8000000000 -55.8112703337
189.9000000000 -55.9063144465
190.0000000000 -56.0012779572
190.1000000000 -56.0961605043
190.2000000000 -56.1909617261
190.3000000000 -56.2856812607
190.4000000000 -56.3803187458
190.5000000000 -56.4748738182
190.6000000000 -56.5693461139
190.7000000000 -56.6637352675
190.8000000000 -56.7580409120
190.9000000000 -56.8522626791
191.0000000000 -56.9464001980
191.1000000000 -57.0404530960
191.2000000000 -57.1344209980
191.3000000000 -57.2283035259
191.4000000000 -57.3221002990
191.5000000000 -57.4158109332
191.6000000000 -57.5094350413
191.7000000000 -57.6029722323
191.8000000000 -57.6964221114
191.9000000000 -57.7897842798
192.0000000000 -57.8830583345
192.1000000000 -57.9762438678
192.2000000000 -58.0693404676
192.3000000000 -58.1623477167
192.4000000000 -58.2552651931
192.5000000000 -58.3480924692
192.6000000000 -58.4408291120
192.7000000000 -58.5334746830
192.8000000000 -58.6260287376
192.9000000000 -58.7184908253
193.0000000000 -58.8108604893
193.1000000000 -58.9031372665
193.2000000000 -58.9953206871
193.3000000000 -59.0874102746
193.4000000000 -59.1794055456
193.5000000000 -59.2713060096
193.6000000000 -59.3631111690
193.7000000000 -59.4548205187
193.8000000000 -59.5464335460
193.9000000000 -59.6379497307
194.0000000000 -59.7293685447
194.1000000000 -59.8206894521
194.2000000000 -59.9119119086
194.3000000000 -60.0030353622
194.4000000000 -60.0940592521
194.5000000000 -60.1849830095
194.6000000000 -60.2758060568
194.7000000000 -60.3665278078
194.8000000000 -60.4571476678
194.9000000000 -60.5476650329
195.0000000000 -60.6380792906
195.1000000000 -60.7283898192
195.2000000000 -60.8185959881
195.3000000000 -60.9086971575
195.4000000000 -60.9986926784
195.5000000000 -61.0885818924
195.6000000000 -61.1783641319
195.7000000000 -61.2680387199
195.8000000000 -61.3576049700
195.9000000000 -61.4470621863
196.0000000000 -61.5364096634
196.1000000000 -61.6256466864
196.2000000000 -61.7147725309
196.3000000000 -61.8037864628
196.4000000000 -61.8926877386
196.5000000000 -61.9814756051
196.6000000000 -62.0701492995
196.7000000000 -62.1587080495
196.8000000000 -62.2471510733
196.9000000000 -62.3354775794
197.0000000000 -62.4236867669
197.1000000000 -62.5117778253
197.2000000000 -62.5997499347
197.3000000000 -62.6876022658
197.4000000000 -62.7753339799
197.5000000000 -62.8629442289
197.6000000000 -62.9504321556
197.7000000000 -63.0377968934
197.8000000000 -63.1250375667
197.9000000000 -63.2121532908
198.0000000000 -63.2991431720
198.1000000000 -63.3860063075
198.2000000000 -63.4727417861
198.3000000000 -63.5593486876
198.4000000000 -63.6458260831
198.5000000000 -63.7321730353
198.6000000000 -63.8183885986
198.7000000000 -63.9044718189
198.8000000000 -63.9904217341
198.9000000000 -64.0762373739
199.0000000000 -64.1619177601
199.1000000000 -64.2474619069
199.2000000000 -64.3328688205
199.3000000000 -64.4181375000
199.4000000000 -64.5032669368
199.5000000000 -64.5882561154
199.6000000000 -64.6731040129
199.7000000000 -64.7578096000
199.8000000000 -64.8423718401
199.9000000000 -64.9267896907
