0,0,0,82,nan
0.0164,0,0,82,nan
0.0328,0,0,82,nan
0.0492,0,0,82,nan
0.0656,0,0,82,nan
0.082,0,0,82,nan
0.0984,0,0,82,nan
0.1148,0,0,82,nan
0.1312,0,0,82,nan
0.1476,0,0,82,nan
0.164,0,0,82,nan
0.1804,0,0,82,nan
0.1968,0,0,82,nan
0.2132,0,0,82,nan
0.2296,0,0,82,nan
0.246,0,0,82,nan
0.2624,0,0,82,nan
0.2788,0,0,82,nan
0.2952,0,0,82,nan
0.3116,0,0,82,nan
0.328,0,0,82,nan
0.3444,0,0,82,nan
0.3608,0,0,82,nan
0.3772,0,0,82,nan
0.3936,0,0,82,nan
0.41,0,0,82,nan
0.4264,0,0,82,nan
0.4428,0,0,82,nan
0.4592,0,0,82,nan
0.4756,0,0,82,nan
0.492,0,0,82,nan
0.5084,0,0,82,nan
0.5248,0,0,82,nan
0.5412,0,0,82,nan
0.5576,0,0,82,nan
0.574,0,0,82,nan
0.5904,0,0,82,nan
0.6068,0,0,82,nan
0.6232,0,0,82,nan
0.6396,0,0,82,nan
0.656,0,0,82,nan
0.6724,0,0,82,nan
0.6888,0,0,82,nan
0.7052,0,0,82,nan
0.7216,0,0,82,nan
0.738,0,0,82,nan
0.7544,0,0,82,nan
0.7708,0,0,82,nan
0.7872,0,0,82,nan
0.8036,0,0,82,nan
0.82,0,0,82,nan
0.8364,0,0,82,nan
0.8528,0,0,82,nan
0.8692,0,0,82,nan
0.8856,0,0,82,nan
0.902,0,0,82,nan
0.9184,0,0,82,nan
0.9348,0,0,82,nan
0.9512,0,0,82,nan
0.9676,0,0,82,nan
0.984,0,0,82,nan
1.0004,0,0,82,nan
1.0168,0,0,82,nan
1.0332,0,0,82,nan
1.0496,0,0,82,nan
1.066,0,0,82,nan
1.0824,0,0,82,nan
1.0988,0,0,82,nan
1.1152,0,0,82,nan
1.1316,0,0,82,nan
1.148,0,0,82,nan
1.1644,0,0,82,nan
1.1808,0,0,82,nan
1.1972,0,0,82,nan
1.2136,0,0,82,nan
1.23,0,0,82,nan
1.2464,0,0,82,nan
1.2628,0,0,82,nan
1.2792,0,0,82,nan
1.2956,0,0,82,nan
1.312,0,0,82,nan
1.3284,0,0,82,nan
1.3448,0,0,82,nan
1.3612,0,0,82,nan
1.3776,0,0,82,nan
1.394,0,0,82,nan
1.4104,0,0,82,nan
1.4268,0,0,82,nan
1.4432,0,0,82,nan
1.4596,0,0,82,nan
1.476,0,0,82,nan
1.4924,0,0,82,nan
1.5088,0,0,82,nan
1.5252,0,0,82,nan
1.5416,0,0,82,nan
1.558,0,0,82,nan
1.5744,0,0,82,nan
1.5908,0,0,82,nan
1.6072,0,0,82,nan
1.6236,0,0,82,nan
1.64,0,0,82,nan
1.6564,0,0,82,nan
1.6728,0,0,82,nan
1.6892,0,0,82,nan
1.7056,0,0,82,nan
1.722,0,0,82,nan
1.7384,0,0,82,nan
1.7548,0,0,82,nan
1.7712,0,0,82,nan
1.7876,0,0,82,nan
1.804,0,0,82,nan
1.8204,0,0,82,nan
1.8368,0,0,82,nan
1.8532,0,0,82,nan
1.8696,0,0,82,nan
1.886,0,0,82,nan
1.9024,0,0,82,nan
1.9188,0,0,82,nan
1.9352,0,0,82,nan
1.9516,0,0,82,nan
1.968,0,0,82,nan
1.9844,0,0,82,nan
2.0008,0,0,82,nan
2.0172,0,0,82,nan
2.0336,0,0,82,nan
2.05,0,0,82,nan
2.0664,0,0,82,nan
2.0828,0,0,82,nan
2.0992,0,0,82,nan
2.1156,0,0,82,nan
2.132,0,0,82,nan
2.1484,0,0,82,nan
2.1648,0,0,82,nan
2.1812,0,0,82,nan
2.1976,0,0,82,nan
2.214,0,0,82,nan
2.2304,0,0,82,nan
2.2468,0,0,82,nan
2.2632,0,0,82,nan
2.2796,0,0,82,nan
2.296,0,0,82,nan
2.3124,0,0,82,nan
2.3288,0,0,82,nan
2.3452,0,0,82,nan
2.3616,0,0,82,nan
2.378,0,0,82,nan
2.3944,0,0,82,nan
2.4108,0,0,82,nan
2.4272,0,0,82,nan
2.4436,0,0,82,nan
2.46,0,0,82,nan
2.4764,0,0,82,nan
2.4928,0,0,82,nan
2.5092,0,0,82,nan
2.5256,0,0,82,nan
2.542,0,0,82,nan
2.5584,0,0,82,nan
2.5748,0,0,82,nan
2.5912,0,0,82,nan
2.6076,0,0,82,nan
2.624,0,0,82,nan
2.6404,0,0,82,nan
2.6568,0,0,82,nan
2.6732,0,0,82,nan
2.6896,0,0,82,nan
2.706,0,0,82,nan
2.7224,0,0,82,nan
2.7388,0,0,82,nan
2.7552,0,0,82,nan
2.7716,0,0,82,nan
2.788,0,0,82,nan
2.8044,0,0,82,nan
2.8208,0,0,82,nan
2.8372,0,0,82,nan
2.8536,0,0,82,nan
2.87,0,0,82,nan
2.8864,0,0,82,nan
2.9028,0,0,82,nan
2.9192,0,0,82,nan
2.9356,0,0,82,nan
2.952,0,0,82,nan
2.9684,0,0,82,nan
2.9848,0,0,82,nan
3.0012,0,0,82,nan
3.0176,0,0,82,nan
3.034,0,0,82,nan
3.0504,0,0,82,nan
3.0668,0,0,82,nan
3.0832,0,0,82,nan
3.0996,0,0,82,nan
3.116,0,0,82,nan
3.1324,0,0,82,nan
3.1488,0,0,82,nan
3.1652,0,0,82,nan
3.1816,0,0,82,nan
3.198,0,0,82,nan
3.2144,0,0,82,nan
3.2308,0,0,82,nan
3.2472,0,0,82,nan
3.2636,0,0,82,nan
3.28,0,0,82,nan
3.2964,0,0,82,nan
3.3128,0,0,82,nan
3.3292,0,0,82,nan
3.3456,0,0,82,nan
3.362,0,0,82,nan
3.3784,0,0,82,nan
3.3948,0,0,82,nan
3.4112,0,0,82,nan
3.4276,0,0,82,nan
3.444,0,0,82,nan
3.4604,0,0,82,nan
3.4768,0,0,82,nan
3.4932,0,0,82,nan
3.5096,0,0,82,nan
3.526,0,0,82,nan
3.5424,0,0,82,nan
3.5588,0,0,82,nan
3.5752,0,0,82,nan
3.5916,0,0,82,nan
3.608,0,0,82,nan
3.6244,0,0,82,nan
3.6408,0,0,82,nan
3.6572,0,0,82,nan
3.6736,0,0,82,nan
3.69,0,0,82,nan
3.7064,0,0,82,nan
3.7228,0,0,82,nan
3.7392,0,0,82,nan
3.7556,0,0,82,nan
3.772,0,0,82,nan
3.7884,0,0,82,nan
3.8048,0,0,82,nan
3.8212,0,0,82,nan
3.8376,0,0,82,nan
3.854,0,0,82,nan
3.8704,0,0,82,nan
3.8868,0,0,82,nan
3.9032,0,0,82,nan
3.9196,0,0,82,nan
3.936,0,0,82,nan
3.9524,0,0,82,nan
3.9688,0,0,82,nan
3.9852,0,0,82,nan
4.0016,0,0,82,nan
4.018,0,0,82,nan
4.0344,0,0,82,nan
4.0508,0,0,82,nan
4.0672,0,0,82,nan
4.0836,0,0,82,nan
4.1,0,0,82,nan
4.1164,0,0,82,nan
4.1328,0,0,82,nan
4.1492,0,0,82,nan
4.1656,0,0,82,nan
4.182,0,0,82,nan
4.1984,0,0,82,nan
4.2148,0,0,82,nan
4.2312,0,0,82,nan
4.2476,0,0,82,nan
4.264,0,0,82,nan
4.2804,0,0,82,nan
4.2968,0,0,82,nan
4.3132,0,0,82,nan
4.3296,0,0,82,nan
4.346,0,0,82,nan
4.3624,0,0,82,nan
4.3788,0,0,82,nan
4.3952,0,0,82,nan
4.4116,0,0,82,nan
4.428,0,0,82,nan
4.4444,0,0,82,nan
4.4608,0,0,82,nan
4.4772,0,0,82,nan
4.4936,0,0,82,nan
4.51,0,0,82,nan
4.5264,0,0,82,nan
4.5428,0,0,82,nan
4.5592,0,0,82,nan
4.5756,0,0,82,nan
4.592,0,0,82,nan
4.6084,0,0,82,nan
4.6248,0,0,82,nan
4.6412,0,0,82,nan
4.6576,0,0,82,nan
4.674,0,0,82,nan
4.6904,0,0,82,nan
4.7068,0,0,82,nan
4.7232,0,0,82,nan
4.7396,0,0,82,nan
4.756,0,0,82,nan
4.7724,0,0,82,nan
4.7888,0,0,82,nan
4.8052,0,0,82,nan
4.8216,0,0,82,nan
4.838,0,0,82,nan
4.8544,0,0,82,nan
4.8708,0,0,82,nan
4.8872,0,0,82,nan
4.9036,0,0,82,nan
4.92,0,0,82,nan
4.9364,0,0,82,nan
4.9528,0,0,82,nan
4.9692,0,0,82,nan
4.9856,0,0,82,nan
