0 -81.41210002 0.0438147546
1 -64.6465337 0.0963438386
2 -38.06183351 0.2817092073
3 41.1491308 0.9979323455
4 42.94369828 0.9999733999
5 46.20211036 0.9999853058
6 39.16391073 0.9999532059
7 34.91960434 0.9998940106
8 30.84856284 0.9997733799
9 26.73694778 0.9995159851
10 22.68130135 0.9989853665
11 18.78735082 0.9979566567
12 15.12949654 0.996106166
13 11.75619648 0.9930438115
14 8.697464769 0.9884053614
15 5.96782245 0.9819827424
16 3.566854752 0.9738256079
17 1.480309597 0.9642481453
18 -0.3169705387 0.9537361834
19 -1.856795533 0.9428134359
20 -3.173345761 0.9319339798
21 -4.299863697 0.9214306015
22 -5.266639839 0.9115111083
23 -6.10011337 0.9022804854
24 -6.822727027 0.8937702527
25 -7.453202066 0.8859649048
26 -8.00699762 0.8788219733
27 -8.49681408 0.8722857512
28 -8.933068406 0.866295991
29 -9.324310998 0.860793046
30 -9.67757652 0.8557206668
31 -9.998672108 0.8510273301
32 -10.29241083 0.846666692
33 -10.56279937 0.8425975437
34 -10.81318835 0.8387835062
35 -11.04639273 0.8351926034
36 -11.26478824 0.8317967967
37 -11.47038889 0.8285715254
38 -11.66490954 0.8254952769
39 -11.84981639 0.822549197
40 -12.02636821 0.8197167429
41 -12.19564986 0.8169833781
42 -12.35859988 0.8143363067
43 -12.51603317 0.8117642431
44 -12.6686598 0.8092572119
45 -12.81710066 0.8068063762
46 -12.96190045 0.8044038886
47 -13.1035387 0.8020427627
48 -13.24243892 0.7997167624
49 -13.3789764 0.7974203058
50 -13.51348485 0.7951483825
51 -13.64626197 0.792896481
52 -13.77757429 0.7906605263
53 -13.90766127 0.7884368257
54 -14.03673885 0.7862220207
55 -14.16500248 0.784013046
56 -14.29262982 0.7818070926
57 -14.41978297 0.7796015761
58 -14.54661051 0.7773941084
59 -14.67324923 0.7751824731
60 -14.79982566 0.7729646031
61 -14.92645743 0.7707385617
62 -15.05325445 0.7685025245
63 -15.18031993 0.7662547646
64 -15.30775138 0.7639936382
65 -15.43564137 0.7617175725
66 -15.56407833 0.7594250541
67 -15.69314719 0.7571146191
68 -15.82293 0.7547848435
69 -15.95350648 0.752434335
70 -16.0849545 0.7500617249
71 -16.2173506 0.747665661
72 -16.35077035 0.7452448008
73 -16.48528878 0.7427978053
74 -16.62098077 0.7403233329
75 -16.75792135 0.7378200339
76 -16.89618611 0.7352865451
77 -17.03585144 0.7327214845
78 -17.1769949 0.7301234464
79 -17.31969551 0.7274909967
80 -17.46403402 0.7248226678
81 -17.61009322 0.7221169539
82 -17.75795824 0.7193723067
83 -17.90771686 0.7165871305
84 -18.05945973 0.7137597773
85 -18.21328076 0.7108885427
86 -18.36927735 0.7079716606
87 -18.52755077 0.7050072989
88 -18.68820641 0.7019935544
89 -18.85135415 0.698928448
90 -19.01710869 0.6958099196
91 -19.18558992 0.6926358233
92 -19.35692323 0.6894039223
93 -19.53123995 0.6861118833
94 -19.70867772 0.6827572719
95 -19.88938086 0.6793375472
96 -20.07350087 0.6758500562
97 -20.26119678 0.6722920291
98 -20.45263566 0.6686605743
99 -20.64799307 0.6649526731
100 -20.84745353 0.661165175
101 -21.05121103 0.6572947938
102 -21.25946951 0.6533381034
103 -21.47244338 0.6492915342
104 -21.690358 0.6451513706
105 -21.91345023 0.6409137489
106 -22.14196891 0.6365746571
107 -22.37617532 0.6321299345
108 -22.61634367 0.6275752745
109 -22.8627615 0.6229062282
110 -23.11573007 0.6181182108
111 -23.37556464 0.6132065098
112 -23.64259474 0.6081662974
113 -23.91716427 0.6029926454
114 -24.19963151 0.597680545
115 -24.49036899 0.59222493
116 -24.78976309 0.5866207067
117 -25.09821359 0.5808627884
118 -25.41613279 0.5749461371
119 -25.74394445 0.568865812
120 -26.08208236 0.5626170254
121 -26.43098851 0.5561952077
122 -26.79111087 0.5495960801
123 -27.16290064 0.5428157365
124 -27.54680905 0.5358507351
125 -27.94328353 0.5286981975
126 -28.35276339 0.5213559169
127 -28.77567474 0.5138224735
128 -29.21242494 0.5060973552
129 -29.66339638 0.4981810827
130 -30.12893967 0.4900753351
131 -30.60936638 0.481783074
132 -31.10494132 0.4733086614
133 -31.6158746 0.4646579674
134 -32.14231355 0.4558384621
135 -32.68433475 0.4468592877
136 -33.24193638 0.437731304
137 -33.81503123 0.4284671035
138 -34.40344059 0.4190809904
139 -35.00688933 0.4095889198
140 -35.62500253 0.4000083954
141 -36.2573038 0.3903583237
142 -36.90321571 0.3806588257
143 -37.5620623 0.3709310091
144 -38.2330739 0.3611967067
145 -38.91539421 0.3514781855
146 -39.60808953 0.3417978382
147 -40.31016001 0.3321778644
148 -41.0205525 0.3226399531
149 -41.73817483 0.3132049777
150 -42.46191083 0.3038927128
151 -43.1906359 0.2947215818
152 -43.92323239 0.2857084438
153 -44.65860449 0.276868424
154 -45.39569216 0.2682147916
155 -46.13348367 0.2597588856
156 -46.87102655 0.2515100871
157 -47.6074367 0.2434758366
158 -48.34190547 0.2356616892
159 -49.07370475 0.2280714044
160 -49.80219011 0.2207070637
161 -50.52680193 0.2135692084
162 -51.24706479 0.2066569932
163 -51.96258526 0.1999683489
164 -52.67304819 0.193500148
165 -53.37821174 0.1872483714
166 -54.07790136 0.181208269
167 -54.77200282 0.1753745144
168 -55.46045458 0.1697413499
169 -56.14323948 0.1643027198
170 -56.82037607 0.159052393
171 -57.49190958 0.1539840715
172 -58.15790275 0.1490914875
173 -58.81842659 0.144368486
174 -59.47355127 0.1398090959
175 -60.12333713 0.1354075881
176 -60.76782615 0.1311585209
177 -61.40703391 0.1270567741
178 -62.04094221 0.123097572
179 -62.66949258 0.1192764946
180 -63.29258073 0.1155894794
181 -63.91005231 0.1120328133
182 -64.52169983 0.1086031163
183 -65.1272612 0.1052973163
184 -65.72641963 0.1021126196
185 -66.31880528 0.09904647371
186 -66.90399833 0.09609652845
187 -67.48153369 0.09326059363
188 -68.05090702 0.09053659646
189 -68.61158202 0.08792253961
190 -69.16299874 0.08541646146
191 -69.70458258 0.08301639974
192 -70.23575389 0.08072035961
193 -70.75593759 0.07852628691
194 -71.26457278 0.07643204716
195 -71.76112192 0.07443541036
196 -72.24507936 0.07253404177
197 -72.71597897 0.07072549816
198 -73.1734008 0.06900722922
199 -73.61697653 0.06737658336
200 -74.04639373 0.06583081732
201 -74.46139881 0.06436710861
202 -74.86179882 0.06298257023
203 -75.247462 0.06167426669
204 -75.6183173 0.06043923082
205 -75.97435292 0.05927448065
206 -76.31561397 0.05817703588
207 -76.64219947 0.0571439336
208 -76.95425875 0.05617224276
209 -77.25198745 0.05525907741
210 -77.53562319 0.05440160837
211 -77.80544109 0.05359707334
212 -78.06174919 0.05284278545
213 -78.30488389 0.05213614028
214 -78.53520554 0.0514746214
215 -78.7530941 0.05085580451
216 -78.95894512 0.05027736043
217 -79.15316586 0.04973705682
218 -79.33617184 0.04923275902
219 -79.50838349 0.04876243
220 -79.67022331 0.04832412949
221 -79.8221132 0.04791601258
222 -79.96447211 0.04753632775
223 -80.09771407 0.04718341444
224 -80.22224636 0.0468557004
225 -80.33846807 0.04655169865
226 -80.44676882 0.04627000434
227 -80.54752775 0.04600929148
228 -80.64111268 0.0457683095
229 -80.72787949 0.04554587993
230 -80.80817166 0.04534089296
231 -80.88231993 0.04515230404
232 -80.95064211 0.04497913063
233 -81.01344302 0.04482044892
234 -81.07101449 0.04467539069
235 -81.12363549 0.04454314028
236 -81.17157228 0.04442293164
237 -81.21507866 0.04431404552
238 -81.25439627 0.04421580678
239 -81.28975488 0.04412758181
240 -81.32137276 0.04404877608
241 -81.34945706 0.04397883181
242 -81.37420422 0.04391722575
243 -81.39580034 0.0438634671
244 -81.41442164 0.04381709554
245 -81.43023482 0.04377767931
246 -81.44339752 0.04374481352
247 -81.45405873 0.04371811843
248 -81.46235916 0.0436972379
249 -81.46843166 0.04368183793
250 -81.47240164 0.04367160527
251 -81.47438736 0.04366624612
252 -81.47450039 0.04366548489
253 -81.47284588 0.04366906311
254 -81.46952295 0.04367673827
255 -81.46462501 0.04368828291
256 -81.45824005 0.0437034836
257 -81.45045093 0.04372214009
258 -81.44133569 0.04374406449
259 -81.43096783 0.04376908047
260 -81.41941651 0.04379702255
261 -64.65580865 0.09630087501
262 -38.09315185 0.2814386554
263 41.147109 0.9979201373
264 42.94057685 0.9999733843
265 46.19589861 0.9999852894
266 39.15515188 0.9999531307
267 34.90754624 0.9998937787
268 30.83228711 0.9997727152
269 26.71611935 0.9995141821
270 22.65604662 0.9989808349
271 18.75811066 0.9979462571
272 15.09691713 0.9960845456
273 11.72104723 0.993003228
274 8.660558863 0.9883365487
275 5.929930869 0.981876864
276 3.528625574 0.9736764677
277 1.442214817 0.9640534549
278 -0.3546473556 0.9534973343
279 -1.893935744 0.9425342212
280 -3.209953191 0.9316191236
281 -4.33602004 0.9210846776
282 -5.302467812 0.9111379856
283 -6.13575062 0.9018831747
284 -6.85830977 0.8933509757
285 -7.488856022 0.8855252475
286 -8.042833817 0.8783630498
287 -8.532927649 0.8718083433
288 -8.96953905 0.8658006561
289 -9.361204313 0.8602801949
290 -9.714945663 0.8551906173
291 -10.03655953 0.850480343
292 -10.33084993 0.8461029937
293 -10.60181597 0.8420173408
294 -10.85280206 0.8381869932
295 -11.08661804 0.8345799676
296 -11.30563549 0.83116822
297 -11.51186517 0.8279271846
298 -11.70701927 0.8248353436
299 -11.89256202 0.8218738362
300 -12.06975063 0.8190261121
301 -12.23966884 0.8162776261
302 -12.4032544 0.8136155723
303 -12.56132171 0.8110286539
304 -12.7145806 0.8085068835
305 -12.86365188 0.8060414113
306 -13.00908036 0.8036243761
307 -13.1513458 0.801248777
308 -13.29087206 0.7989083632
309 -13.42803491 0.7965975373
310 -13.56316855 0.7943112731
311 -13.6965713 0.7920450429
312 -13.82851034 0.7897947556
313 -13.95922582 0.7875567017
314 -14.08893443 0.7853275059
315 -14.21783241 0.7831040859
316 -14.34609821 0.7808836153
317 -14.47389478 0.7786634924
318 -14.60137156 0.7764413115
319 -14.72866622 0.7742148382
320 -14.85590622 0.7719819875
321 -14.98321011 0.7697408042
322 -15.11068877 0.7674894454
323 -15.2384464 0.7652261651
324 -15.3665815 0.7629493003
325 -15.4951877 0.7606572585
326 -15.62435449 0.7583485062
327 -15.75416789 0.7560215587
328 -15.88471109 0.753674971
329 -16.01606496 0.751307329
330 -16.14830861 0.7489172417
331 -16.2815198 0.7465033337
332 -16.4157754 0.7440642389
333 -16.55115179 0.7415985934
334 -16.68772524 0.7391050303
335 -16.82557224 0.7365821733
336 -16.96476988 0.7340286317
337 -17.10539615 0.7314429952
338 -17.24753027 0.7288238281
339 -17.39125295 0.7261696654
340 -17.53664679 0.7234790072
341 -17.68379647 0.7207503142
342 -17.83278912 0.7179820026
343 -17.98371458 0.7151724401
344 -18.13666575 0.7123199404
345 -18.29173882 0.7094227588
346 -18.44903366 0.7064790873
347 -18.60865407 0.7034870498
348 -18.77070817 0.7004446972
349 -18.93530869 0.6973500023
350 -19.10257334 0.694200855
351 -19.27262516 0.6909950569
352 -19.4455929 0.6877303163
353 -19.62161142 0.6844042431
354 -19.80082205 0.6810143431
355 -19.98337307 0.6775580135
356 -20.16942007 0.674032537
357 -20.35912646 0.670435077
358 -20.55266387 0.6667626727
359 -20.75021267 0.6630122337
360 -20.95196246 0.6591805364
361 -21.15811253 0.6552642188
362 -21.36887237 0.6512597776
363 -21.58446221 0.6471635647
364 -21.8051135 0.6429717848
365 -22.03106943 0.6386804946
366 -22.26258541 0.634285602
367 -22.49992955 0.6297828678
368 -22.74338307 0.6251679086
369 -22.99324076 0.6204362018
370 -23.24981127 0.6155830928
371 -23.51341738 0.610603806
372 -23.78439622 0.6054934575
373 -24.06309931 0.6002470731
374 -24.34989246 0.5948596096
375 -24.64515558 0.5893259816
376 -24.94928222 0.5836410935
377 -25.26267886 0.5777998778
378 -25.58576401 0.5717973405
379 -25.91896692 0.565628613
380 -26.26272596 0.5592890129
381 -26.61748658 0.5527741133
382 -26.98369882 0.5460798199
383 -27.36181435 0.5392024579
384 -27.75228293 0.5321388679
385 -28.1555483 0.52488651
386 -28.5720435 0.5174435755
387 -29.00218555 0.5098091053
388 -29.44636949 0.5019831137
389 -29.90496192 0.4939667135
390 -30.37829386 0.4857622417
391 -30.86665333 0.4773733806
392 -31.37027742 0.4688052711
393 -31.88934428 0.4600646125
394 -32.42396506 0.4511597448
395 -32.97417612 0.4421007077
396 -33.53993164 0.4328992705
397 -34.12109706 0.4235689285
398 -34.7174436 0.4141248624
399 -35.32864406 0.4045838549
400 -35.95427035 0.3949641665
401 -36.59379289 0.3852853664
402 -37.24658209 0.3755681236
403 -37.91191207 0.3658339604
404 -38.58896669 0.3561049744
405 -39.27684778 0.346403537
406 -39.97458541 0.336751979
407 -40.68115008 0.3271722702
408 -41.39546636 0.317685708
409 -42.11642758 0.3083126219
410 -42.84291122 0.299072106
411 -43.57379444 0.2899817861
412 -44.30796926 0.2810576291
413 -45.04435699 0.2723137983
414 -45.78192147 0.2637625556
415 -46.51968082 0.255414213
416 -47.25671741 0.2472771283
417 -47.99218595 0.2393577434
418 -48.72531952 0.2316606578
419 -49.45543364 0.2241887344
420 -50.1819283 0.2169432281
421 -50.90428822 0.2099239328
422 -51.62208132 0.2031293402
423 -52.33495575 0.1965568049
424 -53.04263547 0.1902027112
425 -53.74491471 0.1840626362
426 -54.44165147 0.1781315088
427 -55.13276012 0.1724037584
428 -55.81820345 0.1668734548
429 -56.49798414 0.1615344351
430 -57.17213587 0.15638042
431 -57.84071425 0.1514051153
432 -58.50378756 0.1466023019
433 -59.16142757 0.1419659127
434 -59.81370049 0.1374900959
435 -60.46065821 0.1331692671
436 -61.10232999 0.1289981485
437 -61.73871476 0.1249717975
438 -62.36977419 0.1210856226
439 -62.99542666 0.1173353906
440 -63.61554238 0.1137172225
441 -64.22993975 0.110227581
442 -64.83838309 0.10686325
443 -65.44058193 0.1036213064
444 -66.03619175 0.1004990866
445 -66.62481642 0.09749414856
446 -67.20601211 0.09460423051
447 -67.77929272 0.09182720859
448 -68.34413657 0.08916105434
449 -68.89999423 0.08660379379
450 -69.44629725 0.08415346931
451 -69.98246747 0.08180810551
452 -70.50792669 0.0795656799
453 -71.02210631 0.07742409913
454 -71.52445672 0.07538118096
455 -72.01445619 0.07343464224
456 -72.49161896 0.07158209255
457 -72.95550236 0.06982103323
458 -73.40571284 0.0681488611
459 -73.84191084 0.06656287638
460 -74.26381434 0.06506029382
461 -74.67120121 0.06363825644
462 -75.06391036 0.06229385097
463 -75.44184175 0.06102412436
464 -75.80495536 0.05982610072
465 -76.15326927 0.05869679796
466 -76.48685696 0.05763324398
467 -76.80584401 0.05663249171
468 -77.11040425 0.05569163298
469 -77.40075556 0.05480781096
470 -77.6771555 0.05397823096
471 -77.93989672 0.05320016981
472 -78.18930241 0.05247098354
473 -78.42572182 0.05178811365
474 -78.64952584 0.05114909189
475 -78.86110287 0.05055154378
476 -79.06085484 0.04999319096
477 -79.24919356 0.04947185241
478 -79.42653733 0.04898544481
479 -79.59330785 0.04853198206
480 -79.74992747 0.04810957413
481 -79.89681669 0.04771642533
482 -80.034392 0.04735083213
483 -80.16306399 0.04701118056
484 -80.28323574 0.04669594338
485 -80.39530144 0.046403677
486 -80.49964527 0.04613301821
487 -80.59664048 0.04588268087
488 -80.68664868 0.04565145252
489 -80.77001925 0.04543819096
490 -80.847089 0.0452418209
491 -80.9181819 0.04506133055
492 -80.98360896 0.04489576842
493 -81.04366817 0.04474424009
494 -81.0986446 0.04460590513
495 -81.14881056 0.0444799741
496 -81.19442575 0.04436570569
497 -81.23573758 0.04426240398
498 -81.27298143 0.04416941576
499 -81.30638103 0.04408612809
500 -81.3361488 0.04401196585
501 -81.36248624 0.0439463895
502 -81.38558436 0.04388889295
503 -81.40562405 0.04383900149
504 -81.42277651 0.04379626988
505 -81.43720368 0.04376028056
506 -81.44905864 0.04373064192
507 -81.45848601 0.04370698666
508 -81.46562238 0.04368897034
509 -81.47059668 0.04367626991
510 -81.47353053 0.04366858238
511 -81.47453869 0.04366562355
512 -81.47372934 0.04366712686
513 -81.47120446 0.04367284227
514 -81.46706017 0.04368253519
515 -81.46138701 0.04369598555
516 -81.45427029 0.04371298687
517 -81.44579032 0.04373334542
518 -81.43602276 0.04375687939
519 -81.42503882 0.04378341816
520 -81.41290553 0.04381280161
521 -64.6475519 0.09633911949
522 -38.06525842 0.2816795989
523 41.14891072 0.9979310176
524 42.94335755 0.9999733982
525 46.20143288 0.999985304
526 39.16295853 0.9999531977
527 34.91829633 0.9998939855
528 30.84679888 0.999773308
529 26.73469113 0.99951579
530 22.67856542 0.9989848765
531 18.7841832 0.9979555325
532 15.12596709 0.9961038293
533 11.75238847 0.9930394255
534 8.693466217 0.988397924
535 5.96371687 0.9819712973
536 3.562712389 0.9738094834
537 1.476181664 0.9642270919
538 -0.321053219 0.95371035
539 -1.860820006 0.942783232
540 -3.177312355 0.9318999164
541 -4.303781198 0.9213931742
542 -5.270521498 0.9114707365
543 -6.103974071 0.9022374957
544 -6.826581511 0.8937248865
545 -7.457063947 0.8859173345
546 -8.010878922 0.87877232
547 -8.500725108 0.8722341001
548 -8.937017796 0.8662424027
549 -9.328305856 0.8607375654
550 -9.681622605 0.8556633285
551 -10.00277402 0.8509681626
552 -10.29657218 0.84660572
553 -10.56702296 0.8425347899
554 -10.8174763 0.8387189917
555 -11.0507466 0.8351263487
556 -11.26920915 0.8317288216
557 -11.4748776 0.8285018492
558 -11.66946652 0.8254239185
559 -11.85444191 0.8224761743
560 -12.03106236 0.8196420731
561 -12.2004126 0.8169070774
562 -12.36343109 0.8142583904
563 -12.52093269 0.8116847251
564 -12.67362743 0.8091761049
565 -12.82213618 0.8067236915
566 -12.96700368 0.8043196359
567 -13.10870947 0.8019569502
568 -13.24767708 0.7996293968
569 -13.38428189 0.7973313921
570 -13.51885763 0.7950579238
571 -13.65170208 0.7928044789
572 -13.78308184 0.7905669805
573 -13.91323644 0.7883417342
574 -14.04238189 0.7861253796
575 -14.17071376 0.7839148496
576 -14.29840977 0.7817073333
577 -14.42563211 0.7795002445
578 -14.55252945 0.7772911932
579 -14.67923869 0.775077961
580 -14.80588645 0.772858479
581 -14.93259047 0.7706308083
582 -15.05946074 0.7683931227
583 -15.1866006 0.7661436932
584 -15.31410766 0.7638808738
585 -15.4420746 0.7616030898
586 -15.57058996 0.7593088255
587 -15.6997388 0.7569966149
588 -15.82960328 0.7546650316
589 -15.96026325 0.752312681
590 -16.09179671 0.7499381921
591 -16.22428033 0.7475402101
592 -16.35778982 0.74511739
593 -16.49240036 0.7426683902
594 -16.62818696 0.7401918663
595 -16.76522484 0.7376864657
596 -16.90358972 0.7351508225
597 -17.04335817 0.7325835514
598 -17.18460794 0.7299832437
599 -17.32741821 0.7273484618
600 -17.47186994 0.7246777347
601 -17.61804612 0.7219695531
602 -17.76603211 0.7192223649
603 -17.91591587 0.7164345703
604 -18.06778833 0.7136045174
605 -18.22174362 0.7107304974
606 -18.37787942 0.7078107398
607 -18.53629726 0.7048434077
608 -18.69710282 0.701826593
609 -18.8604063 0.6987583114
610 -19.02632271 0.6956364975
611 -19.19497226 0.6924589999
612 -19.36648074 0.6892235756
613 -19.54097982 0.6859278855
614 -19.71860755 0.6825694888
615 -19.89950868 0.6791458378
616 -20.08383513 0.6756542726
617 -20.27174641 0.6720920164
618 -20.46341007 0.66845617
619 -20.6590022 0.6647437071
620 -20.85870785 0.6609514693
621 -21.06272158 0.6570761623
622 -21.27124792 0.6531143515
623 -21.4845019 0.649062459
624 -21.70270956 0.6449167605
625 -21.92610841 0.6406733839
626 -22.15494801 0.6363283082
627 -22.38949037 0.6318773643
628 -22.63001044 0.6273162374
629 -22.87679656 0.6226404703
630 -23.13015077 0.6178454705
631 -23.39038916 0.6129265187
632 -23.65784207 0.6078787806
633 -23.93285423 0.602697323
634 -24.21578474 0.5973771327
635 -24.50700691 0.5919131412
636 -24.80690794 0.5863002542
637 -25.11588832 0.5805333864
638 -25.43436106 0.5746075038
639 -25.76275052 0.5685176728
640 -26.10149101 0.5622591161
641 -26.45102494 0.5558272786
642 -26.81180053 0.5492179002
643 -27.18426907 0.5424270989
644 -27.5688817 0.5354514619
645 -27.96608551 0.5282881459
646 -28.37631919 0.5209349858
647 -28.80000794 0.5133906099
648 -29.23755789 0.5056545616
649 -29.6893498 0.4977274237
650 -30.15573226 0.4896109451
651 -30.63701439 0.4813081639
652 -31.13345811 0.4728235249
653 -31.64527019 0.4641629867
654 -32.17259414 0.4553341128
655 -32.71550228 0.4463461419
656 -33.27398813 0.4372100323
657 -33.84795943 0.4279384745
658 -34.43723212 0.4185458685
659 -35.04152546 0.4090482605
660 -35.6604588 0.3994632381
661 -36.29354999 0.3898097823
662 -36.9402159 0.3801080765
663 -37.5997751 0.3703792769
664 -38.27145279 0.3606452488
665 -38.95438801 0.3509282749
666 -39.64764298 0.3412507454
667 -40.35021447 0.3316348391
668 -41.06104672 0.3221022069
669 -41.77904578 0.3126736669
670 -42.5030946 0.3033689233
671 -43.23206856 0.294206316
672 -43.96485085 0.2852026096
673 -44.70034734 0.2763728268
674 -45.43750041 0.2677301285
675 -46.17530142 0.2592857429
676 -46.91280156 0.2510489399
677 -47.64912083 0.2430270511
678 -48.38345503 0.2352255269
679 -49.11508076 0.2276480282
680 -49.84335838 0.2202965449
681 -50.56773306 0.2131715355
682 -51.28773414 0.2062720808
683 -52.00297272 0.1995960467
684 -52.71313797 0.1931402511
685 -53.41799202 0.1869006286
686 -54.11736394 0.1808723926
687 -54.81114272 0.1750501884
688 -55.49926954 0.1694282376
689 -56.18172953 0.1640004716
690 -56.85854297 0.1587606524
691 -57.52975634 0.1537024815
692 -58.19543312 0.1488196949
693 -58.85564451 0.1441061466
694 -59.51046037 0.1395558775
695 -60.15994022 0.1351631736
696 -60.80412478 0.1309226105
697 -61.44302792 0.126829087
698 -62.07662935 0.1228778473
699 -62.70486813 0.1190644915
700 -63.32763729 0.1153849772
701 -63.94477954 0.1118356107
702 -64.55608437 0.1084130297
703 -65.16128659 0.1051141791
704 -65.76006639 0.1019362795
705 -66.35205102 0.09887679094
706 -66.93681802 0.09593337345
707 -67.51389991 0.09310384454
708 -68.08279038 0.09038613677
709 -68.64295159 0.08777825585
710 -69.19382254 0.08527824103
711 -69.73482814 0.08288412903
712 -70.26538875 0.08059392235
713 -70.78492986 0.07840556283
714 -71.29289169 0.07631691097
715 -71.78873829 0.07432573112
716 -72.27196607 0.07242968253
717 -72.74211135 0.07062631592
718 -73.19875698 0.06891307514
719 -73.64153771 0.06728730324
720 -74.07014435 0.06574625222
721 -74.48432671 0.06428709565
722 -74.88389529 0.06290694345
723 -75.26872178 0.06160285801
724 -75.63873851 0.06037187097
725 -75.99393695 0.05921100011
726 -76.33436533 0.05811726584
727 -76.6601256 0.05708770673
728 -76.9713698 0.05611939406
729 -77.26829603 0.05520944486
730 -77.55114414 0.05435503356
731 -77.82019121 0.05355340198
732 -78.07574698 0.05280186781
733 -78.31814932 0.05209783152
734 -78.54775974 0.05143878185
735 -78.76495921 0.05082229987
736 -78.97014399 0.05024606186
737 -79.16372191 0.04970784104
738 -79.34610881 0.04920550832
739 -79.51772531 0.04873703218
740 -79.67899392 0.04830047782
741 -79.83033642 0.04789400569
742 -79.97217153 0.04751586949
743 -80.10491292 0.04716441376
744 -80.22896744 0.04683807115
745 -80.34473366 0.04653535942
746 -80.45260064 0.04625487829
747 -80.55294687 0.04599530611
748 -80.64613952 0.0457553965
749 -80.73253377 0.04553397496
750 -80.81247238 0.04532993544
751 -80.88628536 0.04514223702
752 -80.95428978 0.04496990054
753 -81.01678973 0.04481200543
754 -81.07407629 0.0446676865
755 -81.12642772 0.04453613099
756 -81.17410956 0.04441657555
757 -81.21737493 0.04430830351
758 -81.25646476 0.04421064212
759 -81.29160817 0.04412296006
760 -81.3230228 0.04404466492
761 -81.35091519 0.04397520093
762 -81.37548117 0.04391404673
763 -81.39690627 0.04386071329
764 -81.41536616 0.04381474193
765 -81.43102703 0.04377570247
766 -81.44404602 0.04374319147
767 -81.45457164 0.04371683057
768 -81.46274413 0.0436962649
769 -81.46869594 0.04368116168
770 -81.47255204 0.04367120878
771 -81.47443032 0.04366611346
772 -81.47444197 0.04366560112
773 -81.4726918 0.04366941422
774 -81.4692786 0.04367731112
775 -81.46429546 0.04368906517
776 -81.45783006 0.04370446372
777 -81.44996501 0.04372330722
778 -81.44077808 0.04374540845
779 -81.43034251 0.04377059172
780 -81.41872723 0.04379869212
