0.0000000000 -69.7328848721
0.1000000000 -69.8009332286
0.2000000000 -69.8688026399
0.3000000000 -69.9364905733
0.4000000000 -70.0039898444
0.5000000000 -70.0712830272
0.6000000000 -70.1383349096
0.7000000000 -70.2050842951
0.8000000000 -70.2714367540
0.9000000000 -70.3372596481
1.0000000000 -70.4023801176
1.1000000000 -70.4665860357
1.2000000000 -70.5296294017
1.3000000000 -70.5912313483
1.4000000000 -70.6510878630
1.5000000000 -70.7088753990
1.6000000000 -70.7642557131
1.7000000000 -70.8168794364
1.8000000000 -70.8663880358
1.9000000000 -70.9124139273
2.0000000000 -70.9545785550
2.1000000000 -70.9924882649
2.2000000000 -71.0257278134
2.3000000000 -71.0538516493
2.4000000000 -71.0763736348
2.5000000000 -71.0927560171
2.6000000000 -71.1023979124
2.7000000000 -71.1046227212
2.8000000000 -71.0986633323
2.9000000000 -71.0836439367
3.0000000000 -71.0585576203
3.1000000000 -71.0222393629
3.2000000000 -70.9733344204
3.3000000000 -70.9102621980
3.4000000000 -70.8311756514
3.5000000000 -70.7339160399
3.6000000000 -70.6159625788
3.7000000000 -70.4743762492
3.8000000000 -70.3057367552
3.9000000000 -70.1060713704
4.0000000000 -69.8707741895
4.1000000000 -69.5945140760
4.2000000000 -69.2711293761
4.3000000000 -68.8935072199
4.4000000000 -68.4534449608
4.5000000000 -67.9414909915
4.6000000000 -67.3467617932
4.7000000000 -66.6567316136
4.8000000000 -65.8569905606
4.9000000000 -64.9309660670
5.0000000000 -63.8596014755
5.1000000000 -62.6209836455
5.2000000000 -61.1899085299
5.3000000000 -59.5373688547
5.4000000000 -57.6299400975
5.5000000000 -55.4290281161
5.6000000000 -52.8899218340
5.7000000000 -49.9605660085
5.8000000000 -46.5799354044
5.9000000000 -42.6758677234
6.0000000000 -38.1622351504
6.1000000000 -32.9354707178
6.2000000000 -26.8709121413
6.3000000000 -19.8214240663
6.4000000000 -11.6312110612
6.5000000000 -2.2231243796
6.6000000000 8.0597145087
6.7000000000 17.7742960749
6.8000000000 24.7262663803
6.9000000000 28.3617174880
7.0000000000 30.0585264325
7.1000000000 31.0552876529
7.2000000000 31.8073905365
7.3000000000 32.4184748246
7.4000000000 32.9130680175
7.5000000000 33.3041870092
7.6000000000 33.6036755536
7.7000000000 33.8227299782
7.8000000000 33.9714791239
7.9000000000 34.0587810267
8.0000000000 34.0922295681
8.1000000000 34.0782677052
8.2000000000 34.0223395502
8.3000000000 33.9290461129
8.4000000000 33.8022885967
8.5000000000 33.6453932071
8.6000000000 33.4612164470
8.7000000000 33.2522321877
8.8000000000 33.0206027204
8.9000000000 32.7682362018
9.0000000000 32.4968327954
9.1000000000 32.2079215484
9.2000000000 31.9028897554
9.3000000000 31.5830062730
9.4000000000 31.2494399908
9.5000000000 30.9032744481
9.6000000000 30.5455193918
9.7000000000 30.1771199240
9.8000000000 29.7989637549
9.9000000000 29.4118869757
10.0000000000 29.0166786823
10.1000000000 28.6140847112
10.2000000000 28.2048106938
10.3000000000 27.7895245929
10.4000000000 27.3688588482
10.5000000000 26.9434122276
10.6000000000 26.5137514621
10.7000000000 26.0804127193
10.8000000000 25.6439029611
10.9000000000 25.2047012149
11.0000000000 24.7632597829
11.1000000000 24.3200054043
11.2000000000 23.8753403821
11.3000000000 23.4296436810
11.4000000000 22.9832720001
11.5000000000 22.5365608222
11.6000000000 22.0898254400
11.7000000000 21.6433619589
11.8000000000 21.1974482738
11.9000000000 20.7523450195
12.0000000000 20.3082964924
12.1000000000 19.8655315404
12.2000000000 19.4242644220
12.3000000000 18.9846956305
12.4000000000 18.5470126837
12.5000000000 18.1113908769
12.6000000000 17.6779940009
12.7000000000 17.2469750211
12.8000000000 16.8184767214
12.9000000000 16.3926323102
13.0000000000 15.9695659910
13.1000000000 15.5493934968
13.2000000000 15.1322225900
13.3000000000 14.7181535288
13.4000000000 14.3072795008
13.5000000000 13.8996870256
13.6000000000 13.4954563276
13.7000000000 13.0946616802
13.8000000000 12.6973717234
13.9000000000 12.3036497565
14.0000000000 11.9135540066
14.1000000000 11.5271378749
14.2000000000 11.1444501639
14.3000000000 10.7655352838
14.4000000000 10.3904334434
14.5000000000 10.0191808239
14.6000000000 9.6518097395
14.7000000000 9.2883487841
14.8000000000 8.9288229677
14.9000000000 8.5732538415
15.0000000000 8.2216596148
15.1000000000 7.8740552637
15.2000000000 7.5304526337
15.3000000000 7.1908605363
15.4000000000 6.8552848404
15.5000000000 6.5237285613
15.6000000000 6.1961919448
15.7000000000 5.8726725504
15.8000000000 5.5531653323
15.9000000000 5.2376627187
16.0000000000 4.9261546910
16.1000000000 4.6186288626
16.2000000000 4.3150705573
16.3000000000 4.0154628881
16.4000000000 3.7197868368
16.5000000000 3.4280213336
16.6000000000 3.1401433377
16.7000000000 2.8561279185
16.8000000000 2.5759483373
16.9000000000 2.2995761302
17.0000000000 2.0269811906
17.1000000000 1.7581318529
17.2000000000 1.4929949766
17.3000000000 1.2315360293
17.4000000000 0.9737191713
17.5000000000 0.7195073387
17.6000000000 0.4688623269
17.7000000000 0.2217448727
17.8000000000 -0.0218852638
17.9000000000 -0.2620692185
18.0000000000 -0.4988489441
18.1000000000 -0.7322671317
18.2000000000 -0.9623671347
18.3000000000 -1.1891928939
18.4000000000 -1.4127888648
18.5000000000 -1.6331999464
18.6000000000 -1.8504714133
18.7000000000 -2.0646488484
18.8000000000 -2.2757780795
18.9000000000 -2.4839051176
19.0000000000 -2.6890760974
19.1000000000 -2.8913372213
19.2000000000 -3.0907347049
19.3000000000 -3.2873147259
19.4000000000 -3.4811233753
19.5000000000 -3.6722066110
19.6000000000 -3.8606102145
19.7000000000 -4.0463797500
19.8000000000 -4.2295605254
19.9000000000 -4.4101975569
20.0000000000 -4.5883355353
20.1000000000 -4.7640187945
20.2000000000 -4.9372912834
20.3000000000 -5.1081965388
20.4000000000 -5.2767776611
20.5000000000 -5.4430772923
20.6000000000 -5.6071375958
20.7000000000 -5.7690002376
20.8000000000 -5.9287063707
20.9000000000 -6.0862966199
21.0000000000 -6.2418110694
21.1000000000 -6.3952892508
21.2000000000 -6.5467701345
21.3000000000 -6.6962921203
21.4000000000 -6.8438930313
21.5000000000 -6.9896101081
21.6000000000 -7.1334800042
21.7000000000 -7.2755387833
21.8000000000 -7.4158219169
21.9000000000 -7.5543642830
22.0000000000 -7.6912001664
22.1000000000 -7.8263632591
22.2000000000 -7.9598866617
22.3000000000 -8.0918028861
22.4000000000 -8.2221438580
22.5000000000 -8.3509409207
22.6000000000 -8.4782248393
22.7000000000 -8.6040258054
22.8000000000 -8.7283734421
22.9000000000 -8.8512968100
23.0000000000 -8.9728244129
23.1000000000 -9.0929842042
23.2000000000 -9.2118035939
23.3000000000 -9.3293094553
23.4000000000 -9.4455281323
23.5000000000 -9.5604854470
23.6000000000 -9.6742067070
23.7000000000 -9.7867167137
23.8000000000 -9.8980397699
23.9000000000 -10.0081996879
24.0000000000 -10.1172197977
24.1000000000 -10.2251229551
24.2000000000 -10.3319315502
24.3000000000 -10.4376675154
24.4000000000 -10.5423523339
24.5000000000 -10.6460070481
24.6000000000 -10.7486522675
24.7000000000 -10.8503081773
24.8000000000 -10.9509945466
24.9000000000 -11.0507307365
25.0000000000 -11.1495357084
25.1000000000 -11.2474280316
25.2000000000 -11.3444258918
25.3000000000 -11.4405470989
25.4000000000 -11.5358090945
25.5000000000 -11.6302289601
25.6000000000 -11.7238234241
25.7000000000 -11.8166088701
25.8000000000 -11.9086013436
25.9000000000 -11.9998165599
26.0000000000 -12.0902699107
26.1000000000 -12.1799764717
26.2000000000 -12.2689510094
26.3000000000 -12.3572079877
26.4000000000 -12.4447615750
26.5000000000 -12.5316256507
26.6000000000 -12.6178138113
26.7000000000 -12.7033393774
26.8000000000 -12.7882153995
26.9000000000 -12.8724546643
27.0000000000 -12.9560697007
27.1000000000 -13.0390727856
27.2000000000 -13.1214759495
27.3000000000 -13.2032909826
27.4000000000 -13.2845294400
27.5000000000 -13.3652026472
27.6000000000 -13.4453217051
27.7000000000 -13.5248974958
27.8000000000 -13.6039406871
27.9000000000 -13.6824617378
28.0000000000 -13.7604709021
28.1000000000 -13.8379782351
28.2000000000 -13.9149935966
28.3000000000 -13.9915266562
28.4000000000 -14.0675868973
28.5000000000 -14.1431836219
28.6000000000 -14.2183259544
28.7000000000 -14.2930228459
28.8000000000 -14.3672830782
28.9000000000 -14.4411152679
29.0000000000 -14.5145278699
29.1000000000 -14.5875291814
29.2000000000 -14.6601273455
29.3000000000 -14.7323303548
29.4000000000 -14.8041460548
29.5000000000 -14.8755821475
29.6000000000 -14.9466461944
29.7000000000 -15.0173456203
29.8000000000 -15.0876877157
29.9000000000 -15.1576796405
30.0000000000 -15.2273284271
30.1000000000 -15.2966409826
30.2000000000 -15.3656240924
30.3000000000 -15.4342844229
30.4000000000 -15.5026285239
30.5000000000 -15.5706628315
30.6000000000 -15.6383936707
30.7000000000 -15.7058272580
30.8000000000 -15.7729697037
30.9000000000 -15.8398270146
31.0000000000 -15.9064050960
31.1000000000 -15.9727097544
31.2000000000 -16.0387466994
31.3000000000 -16.1045215461
31.4000000000 -16.1700398174
31.5000000000 -16.2353069456
31.6000000000 -16.3003282750
31.7000000000 -16.3651090635
31.8000000000 -16.4296544846
31.9000000000 -16.4939696296
32.0000000000 -16.5580595091
32.1000000000 -16.6219290549
32.2000000000 -16.6855831219
32.3000000000 -16.7490264898
32.4000000000 -16.8122638645
32.5000000000 -16.8752998801
32.6000000000 -16.9381391003
32.7000000000 -17.0007860202
32.8000000000 -17.0632450673
32.9000000000 -17.1255206036
33.0000000000 -17.1876169268
33.1000000000 -17.2495382715
33.2000000000 -17.3112888111
33.3000000000 -17.3728726585
33.4000000000 -17.4342938682
33.5000000000 -17.4955564368
33.6000000000 -17.5566643047
33.7000000000 -17.6176213575
33.8000000000 -17.6784314266
33.9000000000 -17.7390982911
34.0000000000 -17.7996256782
34.1000000000 -17.8600172650
34.2000000000 -17.9202766791
34.3000000000 -17.9804075001
34.4000000000 -18.0404132600
34.5000000000 -18.1002974451
34.6000000000 -18.1600634961
34.7000000000 -18.2197148096
34.8000000000 -18.2792547392
34.9000000000 -18.3386865957
35.0000000000 -18.3980136488
35.1000000000 -18.4572391276
35.2000000000 -18.5163662213
35.3000000000 -18.5753980806
35.4000000000 -18.6343378178
35.5000000000 -18.6931885082
35.6000000000 -18.7519531907
35.7000000000 -18.8106348684
35.8000000000 -18.8692365096
35.9000000000 -18.9277610483
36.0000000000 -18.9862113851
36.1000000000 -19.0445903879
36.2000000000 -19.1029008923
36.3000000000 -19.1611457027
36.4000000000 -19.2193275926
36.5000000000 -19.2774493055
36.6000000000 -19.3355135553
36.7000000000 -19.3935230269
36.8000000000 -19.4514803770
36.9000000000 -19.5093882347
37.0000000000 -19.5672492016
37.1000000000 -19.6250658529
37.2000000000 -19.6828407378
37.3000000000 -19.7405763797
37.4000000000 -19.7982752771
37.5000000000 -19.8559399041
37.6000000000 -19.9135727105
37.7000000000 -19.9711761226
37.8000000000 -20.0287525438
37.9000000000 -20.0863043545
38.0000000000 -20.1438339131
38.1000000000 -20.2013435563
38.2000000000 -20.2588355994
38.3000000000 -20.3163123365
38.4000000000 -20.3737760415
38.5000000000 -20.4312289681
38.6000000000 -20.4886733501
38.7000000000 -20.5461114020
38.8000000000 -20.6035453192
38.9000000000 -20.6609772786
39.0000000000 -20.7184094385
39.1000000000 -20.7758439396
39.2000000000 -20.8332829045
39.3000000000 -20.8907284387
39.4000000000 -20.9481826308
39.5000000000 -21.0056475522
39.6000000000 -21.0631252584
39.7000000000 -21.1206177885
39.8000000000 -21.1781271656
39.9000000000 -21.2356553975
40.0000000000 -21.2932044763
40.1000000000 -21.3507763794
40.2000000000 -21.4083730692
40.3000000000 -21.4659964933
40.4000000000 -21.5236485854
40.5000000000 -21.5813312646
40.6000000000 -21.6390464365
40.7000000000 -21.6967959926
40.8000000000 -21.7545818113
40.9000000000 -21.8124057576
41.0000000000 -21.8702696831
41.1000000000 -21.9281754270
41.2000000000 -21.9861248155
41.3000000000 -22.0441196623
41.4000000000 -22.1021617688
41.5000000000 -22.1602529240
41.6000000000 -22.2183949051
41.7000000000 -22.2765894773
41.8000000000 -22.3348383941
41.9000000000 -22.3931433973
42.0000000000 -22.4515062174
42.1000000000 -22.5099285734
42.2000000000 -22.5684121732
42.3000000000 -22.6269587136
42.4000000000 -22.6855698806
42.5000000000 -22.7442473489
42.6000000000 -22.8029927830
42.7000000000 -22.8618078364
42.8000000000 -22.9206941521
42.9000000000 -22.9796533628
43.0000000000 -23.0386870908
43.1000000000 -23.0977969478
43.2000000000 -23.1569845358
43.3000000000 -23.2162514464
43.4000000000 -23.2755992610
43.5000000000 -23.3350295513
43.6000000000 -23.3945438789
43.7000000000 -23.4541437956
43.8000000000 -23.5138308432
43.9000000000 -23.5736065540
44.0000000000 -23.6334724504
44.1000000000 -23.6934300450
44.2000000000 -23.7534808411
44.3000000000 -23.8136263319
44.4000000000 -23.8738680015
44.5000000000 -23.9342073239
44.6000000000 -23.9946457641
44.7000000000 -24.0551847772
44.8000000000 -24.1158258089
44.9000000000 -24.1765702952
45.0000000000 -24.2374196630
45.1000000000 -24.2983753294
45.2000000000 -24.3594387019
45.3000000000 -24.4206111788
45.4000000000 -24.4818941487
45.5000000000 -24.5432889906
45.6000000000 -24.6047970742
45.7000000000 -24.6664197593
45.8000000000 -24.7281583964
45.9000000000 -24.7900143263
46.0000000000 -24.8519888801
46.1000000000 -24.9140833792
46.2000000000 -24.9762991355
46.3000000000 -25.0386374508
46.4000000000 -25.1010996176
46.5000000000 -25.1636869180
46.6000000000 -25.2264006247
46.7000000000 -25.2892420002
46.8000000000 -25.3522122970
46.9000000000 -25.4153127578
47.0000000000 -25.4785446150
47.1000000000 -25.5419090909
47.2000000000 -25.6054073975
47.3000000000 -25.6690407365
47.4000000000 -25.7328102994
47.5000000000 -25.7967172671
47.6000000000 -25.8607628101
47.7000000000 -25.9249480881
47.8000000000 -25.9892742503
47.9000000000 -26.0537424352
48.0000000000 -26.1183537702
48.1000000000 -26.1831093720
48.2000000000 -26.2480103461
48.3000000000 -26.3130577871
48.4000000000 -26.3782527782
48.5000000000 -26.4435963912
48.6000000000 -26.5090896867
48.7000000000 -26.5747337138
48.8000000000 -26.6405295097
48.9000000000 -26.7064781001
49.0000000000 -26.7725804989
49.1000000000 -26.8388377078
49.2000000000 -26.9052507167
49.3000000000 -26.9718205031
49.4000000000 -27.0385480323
49.5000000000 -27.1054342573
49.6000000000 -27.1724801185
49.7000000000 -27.2396865434
49.8000000000 -27.3070544471
49.9000000000 -27.3745847316
50.0000000000 -27.4422782858
50.1000000000 -27.5101359856
50.2000000000 -27.5781586935
50.3000000000 -27.6463472587
50.4000000000 -27.7147025166
50.5000000000 -27.7832252893
50.6000000000 -27.8519163846
50.7000000000 -27.9207765969
50.8000000000 -27.9898067060
50.9000000000 -28.0590074777
51.0000000000 -28.1283796635
51.1000000000 -28.1979240002
51.2000000000 -28.2676412102
51.3000000000 -28.3375320009
51.4000000000 -28.4075970649
51.5000000000 -28.4778370796
51.6000000000 -28.5482527073
51.7000000000 -28.6188445950
51.8000000000 -28.6896133740
51.9000000000 -28.7605596601
52.0000000000 -28.8316840535
52.1000000000 -28.9029871380
52.2000000000 -28.9744694818
52.3000000000 -29.0461316367
52.4000000000 -29.1179741382
52.5000000000 -29.1899975052
52.6000000000 -29.2622022400
52.7000000000 -29.3345888283
52.8000000000 -29.4071577386
52.9000000000 -29.4799094227
53.0000000000 -29.5528443149
53.1000000000 -29.6259628323
53.2000000000 -29.6992653745
53.3000000000 -29.7727523236
53.4000000000 -29.8464240438
53.5000000000 -29.9202808816
53.6000000000 -29.9943231653
53.7000000000 -30.0685512054
53.8000000000 -30.1429652937
53.9000000000 -30.2175657041
54.0000000000 -30.2923526915
54.1000000000 -30.3673264924
54.2000000000 -30.4424873247
54.3000000000 -30.5178353872
54.4000000000 -30.5933708598
54.5000000000 -30.6690939031
54.6000000000 -30.7450046589
54.7000000000 -30.8211032492
54.8000000000 -30.8973897768
54.9000000000 -30.9738643249
55.0000000000 -31.0505269572
55.1000000000 -31.1273777175
55.2000000000 -31.2044166296
55.3000000000 -31.2816436978
55.4000000000 -31.3590589059
55.5000000000 -31.4366622178
55.6000000000 -31.5144535774
55.7000000000 -31.5924329079
55.8000000000 -31.6706001124
55.9000000000 -31.7489550736
56.0000000000 -31.8274976535
56.1000000000 -31.9062276938
56.2000000000 -31.9851450153
56.3000000000 -32.0642494183
56.4000000000 -32.1435406823
56.5000000000 -32.2230185659
56.6000000000 -32.3026828071
56.7000000000 -32.3825331227
56.8000000000 -32.4625692089
56.9000000000 -32.5427907408
57.0000000000 -32.6231973724
57.1000000000 -32.7037887370
57.2000000000 -32.7845644466
57.3000000000 -32.8655240923
57.4000000000 -32.9466672442
57.5000000000 -33.0279934511
57.6000000000 -33.1095022411
57.7000000000 -33.1911931211
57.8000000000 -33.2730655768
57.9000000000 -33.3551190733
58.0000000000 -33.4373530542
58.1000000000 -33.5197669425
58.2000000000 -33.6023601401
58.3000000000 -33.6851320281
58.4000000000 -33.7680819668
58.5000000000 -33.8512092954
58.6000000000 -33.9345133326
58.7000000000 -34.0179933765
58.8000000000 -34.1016487042
58.9000000000 -34.1854785726
59.0000000000 -34.2694822179
59.1000000000 -34.3536588560
59.2000000000 -34.4380076825
59.3000000000 -34.5225278728
59.4000000000 -34.6072185820
59.5000000000 -34.6920789454
59.6000000000 -34.7771080783
59.7000000000 -34.8623050763
59.8000000000 -34.9476690151
59.9000000000 -35.0331989512
60.0000000000 -35.1188939214
60.1000000000 -35.2047529434
60.2000000000 -35.2907750158
60.3000000000 -35.3769591182
60.4000000000 -35.4633042112
60.5000000000 -35.5498092371
60.6000000000 -35.6364731195
60.7000000000 -35.7232947637
60.8000000000 -35.8102730569
60.9000000000 -35.8974068685
61.0000000000 -35.9846950500
61.1000000000 -36.0721364354
61.2000000000 -36.1597298412
61.3000000000 -36.2474740670
61.4000000000 -36.3353678953
61.5000000000 -36.4234100921
61.6000000000 -36.5115994066
61.7000000000 -36.5999345719
61.8000000000 -36.6884143052
61.9000000000 -36.7770373078
62.0000000000 -36.8658022652
62.1000000000 -36.9547078481
62.2000000000 -37.0437527118
62.3000000000 -37.1329354970
62.4000000000 -37.2222548296
62.5000000000 -37.3117093217
62.6000000000 -37.4012975709
62.7000000000 -37.4910181615
62.8000000000 -37.5808696641
62.9000000000 -37.6708506364
63.0000000000 -37.7609596230
63.1000000000 -37.8511951561
63.2000000000 -37.9415557556
63.3000000000 -38.0320399293
63.4000000000 -38.1226461736
63.5000000000 -38.2133729732
63.6000000000 -38.3042188021
63.7000000000 -38.3951821232
63.8000000000 -38.4862613894
63.9000000000 -38.5774550431
64.0000000000 -38.6687615172
64.1000000000 -38.7601792349
64.2000000000 -38.8517066104
64.3000000000 -38.9433420493
64.4000000000 -39.0350839483
64.5000000000 -39.1269306964
64.6000000000 -39.2188806744
64.7000000000 -39.3109322560
64.8000000000 -39.4030838076
64.9000000000 -39.4953336887
65.0000000000 -39.5876802526
65.1000000000 -39.6801218464
65.2000000000 -39.7726568114
65.3000000000 -39.8652834835
65.4000000000 -39.9580001938
65.5000000000 -40.0508052682
65.6000000000 -40.1436970286
65.7000000000 -40.2366737928
65.8000000000 -40.3297338749
65.9000000000 -40.4228755858
66.0000000000 -40.5160972331
66.1000000000 -40.6093971221
66.2000000000 -40.7027735557
66.3000000000 -40.7962248349
66.4000000000 -40.8897492590
66.5000000000 -40.9833451262
66.6000000000 -41.0770107337
66.7000000000 -41.1707443782
66.8000000000 -41.2645443562
66.9000000000 -41.3584089642
67.0000000000 -41.4523364994
67.1000000000 -41.5463252595
67.2000000000 -41.6403735436
67.3000000000 -41.7344796521
67.4000000000 -41.8286418873
67.5000000000 -41.9228585535
67.6000000000 -42.0171279576
67.7000000000 -42.1114484092
67.8000000000 -42.2058182210
67.9000000000 -42.3002357091
68.0000000000 -42.3946991934
68.1000000000 -42.4892069977
68.2000000000 -42.5837574503
68.3000000000 -42.6783488842
68.4000000000 -42.7729796370
68.5000000000 -42.8676480521
68.6000000000 -42.9623524779
68.7000000000 -43.0570912691
68.8000000000 -43.1518627863
68.9000000000 -43.2466653965
69.0000000000 -43.3414974735
69.1000000000 -43.4363573980
69.2000000000 -43.5312435580
69.3000000000 -43.6261543489
69.4000000000 -43.7210881739
69.5000000000 -43.8160434444
69.6000000000 -43.9110185798
69.7000000000 -44.0060120082
69.8000000000 -44.1010221666
69.9000000000 -44.1960475007
70.0000000000 -44.2910864656
70.1000000000 -44.3861375260
70.2000000000 -44.4811991561
70.3000000000 -44.5762698401
70.4000000000 -44.6713480724
70.5000000000 -44.7664323576
70.6000000000 -44.8615212110
70.7000000000 -44.9566131585
70.8000000000 -45.0517067371
70.9000000000 -45.1468004948
71.0000000000 -45.2418929910
71.1000000000 -45.3369827965
71.2000000000 -45.4320684937
71.3000000000 -45.5271486771
71.4000000000 -45.6222219529
71.5000000000 -45.7172869395
71.6000000000 -45.8123422677
71.7000000000 -45.9073865807
71.8000000000 -46.0024185343
71.9000000000 -46.0974367967
72.0000000000 -46.1924400494
72.1000000000 -46.2874269865
72.2000000000 -46.3823963153
72.3000000000 -46.4773467564
72.4000000000 -46.5722770434
72.5000000000 -46.6671859236
72.6000000000 -46.7620721575
72.7000000000 -46.8569345193
72.8000000000 -46.9517717968
72.9000000000 -47.0465827916
73.0000000000 -47.1413663191
73.1000000000 -47.2361212083
73.2000000000 -47.3308463026
73.3000000000 -47.4255404588
73.4000000000 -47.5202025482
73.5000000000 -47.6148314560
73.6000000000 -47.7094260814
73.7000000000 -47.8039853379
73.8000000000 -47.8985081530
73.9000000000 -47.9929934685
74.0000000000 -48.0874402405
74.1000000000 -48.1818474391
74.2000000000 -48.2762140487
74.3000000000 -48.3705390680
74.4000000000 -48.4648215098
74.5000000000 -48.5590604012
74.6000000000 -48.6532547836
74.7000000000 -48.7474037123
74.8000000000 -48.8415062570
74.9000000000 -48.9355615014
75.0000000000 -49.0295685434
75.1000000000 -49.1235264948
75.2000000000 -49.2174344815
75.3000000000 -49.3112916434
75.4000000000 -49.4050971344
75.5000000000 -49.4988501219
75.6000000000 -49.5925497876
75.7000000000 -49.6861953265
75.8000000000 -49.7797859476
75.9000000000 -49.8733208731
76.0000000000 -49.9667993392
76.1000000000 -50.0602205951
76.2000000000 -50.1535839035
76.3000000000 -50.2468885404
76.4000000000 -50.3401337950
76.5000000000 -50.4333189694
76.6000000000 -50.5264433788
76.7000000000 -50.6195063512
76.8000000000 -50.7125072273
76.9000000000 -50.8054453605
77.0000000000 -50.8983201167
77.1000000000 -50.9911308742
77.2000000000 -51.0838770235
77.3000000000 -51.1765579674
77.4000000000 -51.2691731205
77.5000000000 -51.3617219096
77.6000000000 -51.4542037729
77.7000000000 -51.5466181604
77.8000000000 -51.6389645335
77.9000000000 -51.7312423650
78.0000000000 -51.8234511389
78.1000000000 -51.9155903501
78.2000000000 -52.0076595043
78.3000000000 -52.0996581182
78.4000000000 -52.1915857188
78.5000000000 -52.2834418437
78.6000000000 -52.3752260405
78.7000000000 -52.4669378670
78.8000000000 -52.5585768909
78.9000000000 -52.6501426896
79.0000000000 -52.7416348502
79.1000000000 -52.8330529689
79.2000000000 -52.9243966513
79.3000000000 -53.0156655119
79.4000000000 -53.1068591743
79.5000000000 -53.1979772705
79.6000000000 -53.2890194412
79.7000000000 -53.3799853351
79.8000000000 -53.4708746093
79.9000000000 -53.5616869286
80.0000000000 -53.6524219658
80.1000000000 -53.7430794011
80.2000000000 -53.8336589219
80.3000000000 -53.9241602229
80.4000000000 -54.0145830059
80.5000000000 -54.1049269792
80.6000000000 -54.1951918579
80.7000000000 -54.2853773633
80.8000000000 -54.3754832229
80.9000000000 -54.4655091703
81.0000000000 -54.5554549448
81.1000000000 -54.6453202912
81.2000000000 -54.7351049598
81.3000000000 -54.8248087060
81.4000000000 -54.9144312901
81.5000000000 -55.0039724774
81.6000000000 -55.0934320375
81.7000000000 -55.1828097445
81.8000000000 -55.2721053766
81.9000000000 -55.3613187161
82.0000000000 -55.4504495487
82.1000000000 -55.5394976641
82.2000000000 -55.6284628550
82.3000000000 -55.7173449173
82.4000000000 -55.8061436501
82.5000000000 -55.8948588547
82.6000000000 -55.9834903356
82.7000000000 -56.0720378990
82.8000000000 -56.1605013535
82.9000000000 -56.2488805098
83.0000000000 -56.3371751801
83.1000000000 -56.4253851780
83.2000000000 -56.5135103187
83.3000000000 -56.6015504184
83.4000000000 -56.6895052941
83.5000000000 -56.7773747638
83.6000000000 -56.8651586459
83.7000000000 -56.9528567589
83.8000000000 -57.0404689219
83.9000000000 -57.1279949535
84.0000000000 -57.2154346724
84.1000000000 -57.3027878966
84.2000000000 -57.3900544436
84.3000000000 -57.4772341302
84.4000000000 -57.5643267720
84.5000000000 -57.6513321834
84.6000000000 -57.7382501776
84.7000000000 -57.8250805662
84.8000000000 -57.9118231590
84.9000000000 -57.9984777639
85.0000000000 -58.0850441867
85.1000000000 -58.1715222311
85.2000000000 -58.2579116981
85.3000000000 -58.3442123862
85.4000000000 -58.4304240913
85.5000000000 -58.5165466060
85.6000000000 -58.6025797201
85.7000000000 -58.6885232201
85.8000000000 -58.7743768888
85.9000000000 -58.8601405056
86.0000000000 -58.9458138462
86.1000000000 -59.0313966824
86.2000000000 -59.1168887817
86.3000000000 -59.2022899077
86.4000000000 -59.2875998194
86.5000000000 -59.3728182715
86.6000000000 -59.4579450140
86.7000000000 -59.5429797920
86.8000000000 -59.6279223459
86.9000000000 -59.7127724109
87.0000000000 -59.7975297171
87.1000000000 -59.8821939893
87.2000000000 -59.9667649468
87.3000000000 -60.0512423035
87.4000000000 -60.1356257673
87.5000000000 -60.2199150408
87.6000000000 -60.3041098203
87.7000000000 -60.3882097963
87.8000000000 -60.4722146532
87.9000000000 -60.5561240690
88.0000000000 -60.6399377156
88.1000000000 -60.7236552584
88.2000000000 -60.8072763562
88.3000000000 -60.8908006615
88.4000000000 -60.9742278197
88.5000000000 -61.0575574699
88.6000000000 -61.1407892439
88.7000000000 -61.2239227670
88.8000000000 -61.3069576572
88.9000000000 -61.3898935256
89.0000000000 -61.4727299762
89.1000000000 -61.5554666056
89.2000000000 -61.6381030034
89.3000000000 -61.7206387518
89.4000000000 -61.8030734256
89.5000000000 -61.8854065924
89.6000000000 -61.9676378121
89.7000000000 -62.0497666373
89.8000000000 -62.1317926130
89.9000000000 -62.2137152767
90.0000000000 -62.2955341584
90.1000000000 -62.3772487802
90.2000000000 -62.4588586569
90.3000000000 -62.5403632955
90.4000000000 -62.6217621955
90.5000000000 -62.7030548485
90.6000000000 -62.7842407387
90.7000000000 -62.8653193424
90.8000000000 -62.9462901283
90.9000000000 -63.0271525576
91.0000000000 -63.1079060837
91.1000000000 -63.1885501523
91.2000000000 -63.2690842016
91.3000000000 -63.3495076622
91.4000000000 -63.4298199570
91.5000000000 -63.5100205016
91.6000000000 -63.5901087039
91.7000000000 -63.6700839642
91.8000000000 -63.7499456758
91.9000000000 -63.8296932241
92.0000000000 -63.9093259875
92.1000000000 -63.9888433370
92.2000000000 -64.0682446364
92.3000000000 -64.1475292421
92.4000000000 -64.2266965038
92.5000000000 -64.3057457637
92.6000000000 -64.3846763574
92.7000000000 -64.4634876132
92.8000000000 -64.5421788531
92.9000000000 -64.6207493917
93.0000000000 -64.6991985375
93.1000000000 -64.7775255920
93.2000000000 -64.8557298505
93.3000000000 -64.9338106018
93.4000000000 -65.0117671282
93.5000000000 -65.0895987061
93.6000000000 -65.1673046056
93.7000000000 -65.2448840910
93.8000000000 -65.3223364204
93.9000000000 -65.3996608464
94.0000000000 -65.4768566159
94.1000000000 -65.5539229700
94.2000000000 -65.6308591448
94.3000000000 -65.7076643707
94.4000000000 -65.7843378733
94.5000000000 -65.8608788727
94.6000000000 -65.9372865847
94.7000000000 -66.0135602197
94.8000000000 -66.0896989838
94.9000000000 -66.1657020786
95.0000000000 -66.2415687012
95.1000000000 -66.3172980447
95.2000000000 -66.3928892979
95.3000000000 -66.4683416458
95.4000000000 -66.5436542696
95.5000000000 -66.6188263468
95.6000000000 -66.6938570517
95.7000000000 -66.7687455551
95.8000000000 -66.8434910246
95.9000000000 -66.9180926249
96.0000000000 -66.9925495179
96.1000000000 -67.0668608628
96.2000000000 -67.1410258163
96.3000000000 -67.2150435328
96.4000000000 -67.2889131646
96.5000000000 -67.3626338618
96.6000000000 -67.4362047729
96.7000000000 -67.5096250446
96.8000000000 -67.5828938222
96.9000000000 -67.6560102497
97.0000000000 -67.7289734699
97.1000000000 -67.8017826248
97.2000000000 -67.8744368555
97.3000000000 -67.9469353025
97.4000000000 -68.0192771060
97.5000000000 -68.0914614057
97.6000000000 -68.1634873415
97.7000000000 -68.2353540534
97.8000000000 -68.3070606815
97.9000000000 -68.3786063666
98.0000000000 -68.4499902500
98.1000000000 -68.5212114738
98.2000000000 -68.5922691814
98.3000000000 -68.6631625171
98.4000000000 -68.7338906267
98.5000000000 -68.8044526575
98.6000000000 -68.8748477586
98.7000000000 -68.9450750811
98.8000000000 -69.0151337780
98.9000000000 -69.0850230046
99.0000000000 -69.1547419189
99.1000000000 -69.2242896812
99.2000000000 -69.2936654548
99.3000000000 -69.3628684060
99.4000000000 -69.4318977041
99.5000000000 -69.5007525218
99.6000000000 -69.5694320355
99.7000000000 -69.6379354249
99.8000000000 -69.7062618739
99.9000000000 -69.7744105702
100.0000000000 -69.8423807057
100.1000000000 -69.9101714768
100.2000000000 -69.9777818361
100.3000000000 -70.0452092575
100.4000000000 -70.1124465644
100.5000000000 -70.1794763396
100.6000000000 -70.2462633832
100.7000000000 -70.3127465185
100.8000000000 -70.3788313512
100.9000000000 -70.4443853043
101.0000000000 -70.5092356195
101.1000000000 -70.5731703274
101.2000000000 -70.6359416569
101.3000000000 -70.6972710573
101.4000000000 -70.7568549315
101.5000000000 -70.8143702569
101.6000000000 -70.8694794289
101.7000000000 -70.9218338333
101.8000000000 -70.9710758072
101.9000000000 -71.0168387468
102.0000000000 -71.0587451751
102.1000000000 -71.0964025960
102.2000000000 -71.1293969698
102.3000000000 -71.1572839414
102.4000000000 -71.1795784831
102.5000000000 -71.1957437591
102.6000000000 -71.2051794728
102.7000000000 -71.2072091151
102.8000000000 -71.2010649689
102.9000000000 -71.1858696906
103.0000000000 -71.1606136331
103.1000000000 -71.1241275435
103.2000000000 -71.0750506118
103.3000000000 -71.0117939785
103.4000000000 -70.9324997350
103.5000000000 -70.8349952279
103.6000000000 -70.7167422021
103.7000000000 -70.5747800201
103.8000000000 -70.4056619271
103.9000000000 -70.2053830783
104.0000000000 -69.9692988164
104.1000000000 -69.6920314629
104.2000000000 -69.3673636548
104.3000000000 -68.9881160106
104.4000000000 -68.5460066319
104.5000000000 -68.0314896224
104.6000000000 -67.4335694209
104.7000000000 -66.7395872657
104.8000000000 -65.9349754825
104.9000000000 -65.0029744270
105.0000000000 -63.9243056666
105.1000000000 -62.6767930574
105.2000000000 -61.2349203026
105.3000000000 -59.5693085326
105.4000000000 -57.6460891292
105.5000000000 -55.4261334987
105.6000000000 -52.8640804454
105.7000000000 -49.9070717220
105.8000000000 -46.4930704183
105.9000000000 -42.5486108679
106.0000000000 -37.9858513666
106.1000000000 -32.6989433143
106.2000000000 -26.5602060536
106.3000000000 -19.4187787228
106.4000000000 -11.1159233761
106.5000000000 -1.5809150833
106.6000000000 8.7986089474
106.7000000000 18.4789729529
106.8000000000 25.2493853396
106.9000000000 28.7061001990
107.0000000000 30.3090472864
107.1000000000 31.2643296708
107.2000000000 31.9925430225
107.3000000000 32.5856020932
107.4000000000 33.0652131075
107.5000000000 33.4435997683
107.6000000000 33.7322216157
107.7000000000 33.9419925899
107.8000000000 34.0828057893
107.9000000000 34.1633183376
108.0000000000 34.1909529964
108.1000000000 34.1720073817
108.2000000000 34.1118023672
108.3000000000 34.0148345086
108.4000000000 33.8849164238
108.5000000000 33.7252990948
108.6000000000 33.5387750355
108.7000000000 33.3277635773
108.8000000000 33.0943804260
108.9000000000 32.8404938653
109.0000000000 32.5677698620
109.1000000000 32.2777080822
109.2000000000 31.9716705362
109.3000000000 31.6509042930
109.4000000000 31.3165594484
109.5000000000 30.9697033179
109.6000000000 30.6113316376
109.7000000000 30.2423774087
109.8000000000 29.8637178919
109.9000000000 29.4761801608
110.0000000000 29.0805455357
110.1000000000 28.6775531565
110.2000000000 28.2679028969
110.3000000000 27.8522577791
110.4000000000 27.4312460124
110.5000000000 27.0054627534
110.6000000000 26.5754716597
110.7000000000 26.1418062940
110.8000000000 25.7049714197
110.9000000000 25.2654442186
111.0000000000 24.8236754535
111.1000000000 24.3800905888
111.2000000000 23.9350908819
111.3000000000 23.4890544494
111.4000000000 23.0423373122
111.5000000000 22.5952744211
111.6000000000 22.1481806622
111.7000000000 21.7013518414
111.8000000000 21.2550656457
111.9000000000 20.8095825799
112.0000000000 20.3651468763
112.1000000000 19.9219873751
112.2000000000 19.4803183745
112.3000000000 19.0403404473
112.4000000000 18.6022412245
112.5000000000 18.1661961434
112.6000000000 17.7323691599
112.7000000000 17.3009134251
112.8000000000 16.8719719252
112.9000000000 16.4456780851
113.0000000000 16.0221563368
113.1000000000 15.6015226519
113.2000000000 15.1838850404
113.3000000000 14.7693440152
113.4000000000 14.3579930255
113.5000000000 13.9499188579
113.6000000000 13.5452020090
113.7000000000 13.1439170288
113.8000000000 12.7461328385
113.9000000000 12.3519130215
114.0000000000 11.9613160929
114.1000000000 11.5743957448
114.2000000000 11.1912010732
114.3000000000 10.8117767845
114.4000000000 10.4361633856
114.5000000000 10.0643973577
114.6000000000 9.6965113164
114.7000000000 9.3325341583
114.8000000000 8.9724911964
114.9000000000 8.6164042855
115.0000000000 8.2642919381
115.1000000000 7.9161694328
115.2000000000 7.5720489167
115.3000000000 7.2319395006
115.4000000000 6.8958473510
115.5000000000 6.5637757774
115.6000000000 6.2357253168
115.7000000000 5.9116938156
115.8000000000 5.5916765104
115.9000000000 5.2756661066
116.0000000000 4.9636528569
116.1000000000 4.6556246399
116.2000000000 4.3515670375
116.3000000000 4.0514634136
116.4000000000 3.7552949930
116.5000000000 3.4630409405
116.6000000000 3.1746784411
116.7000000000 2.8901827810
116.8000000000 2.6095274288
116.9000000000 2.3326841180
117.0000000000 2.0596229295
117.1000000000 1.7903123751
117.2000000000 1.5247194808
117.3000000000 1.2628098705
117.4000000000 1.0045478501
117.5000000000 0.7498964907
117.6000000000 0.4988177118
117.7000000000 0.2512723639
117.8000000000 0.0072203101
117.9000000000 -0.2333794927
118.0000000000 -0.4705689148
118.1000000000 -0.7043905750
118.2000000000 -0.9348877644
118.3000000000 -1.1621043707
118.4000000000 -1.3860848060
118.5000000000 -1.6068739350
118.6000000000 -1.8245170063
118.7000000000 -2.0390595858
118.8000000000 -2.2505474922
118.9000000000 -2.4590267349
119.0000000000 -2.6645434549
119.1000000000 -2.8671438674
119.2000000000 -3.0668742077
119.3000000000 -3.2637806798
119.4000000000 -3.4579094064
119.5000000000 -3.6493063831
119.6000000000 -3.8380174343
119.7000000000 -4.0240881717
119.8000000000 -4.2075639554
119.9000000000 -4.3884898581
120.0000000000 -4.5669106306
120.1000000000 -4.7428706709
120.2000000000 -4.9164139946
120.3000000000 -5.0875842084
120.4000000000 -5.2564244855
120.5000000000 -5.4229775426
120.6000000000 -5.5872856200
120.7000000000 -5.7493904626
120.8000000000 -5.9093333039
120.9000000000 -6.0671548503
121.0000000000 -6.2228952688
121.1000000000 -6.3765941752
121.2000000000 -6.5282906241
121.3000000000 -6.6780231007
121.4000000000 -6.8258295135
121.5000000000 -6.9717471888
121.6000000000 -7.1158128661
121.7000000000 -7.2580626948
121.8000000000 -7.3985322318
121.9000000000 -7.5372564407
122.0000000000 -7.6742696910
122.1000000000 -7.8096057588
122.2000000000 -7.9432978288
122.3000000000 -8.0753784957
122.4000000000 -8.2058797674
122.5000000000 -8.3348330687
122.6000000000 -8.4622692452
122.7000000000 -8.5882185679
122.8000000000 -8.7127107385
122.9000000000 -8.8357748950
123.0000000000 -8.9574396173
123.1000000000 -9.0777329343
123.2000000000 -9.1966823299
123.3000000000 -9.3143147501
123.4000000000 -9.4306566105
123.5000000000 -9.5457338036
123.6000000000 -9.6595717061
123.7000000000 -9.7721951873
123.8000000000 -9.8836286166
123.9000000000 -9.9938958716
124.0000000000 -10.1030203463
124.1000000000 -10.2110249594
124.2000000000 -10.3179321626
124.3000000000 -10.4237639485
124.4000000000 -10.5285418593
124.5000000000 -10.6322869951
124.6000000000 -10.7350200220
124.7000000000 -10.8367611805
124.8000000000 -10.9375302939
124.9000000000 -11.0373467760
125.0000000000 -11.1362296400
125.1000000000 -11.2341975057
125.2000000000 -11.3312686082
125.3000000000 -11.4274608056
125.4000000000 -11.5227915866
125.5000000000 -11.6172780787
125.6000000000 -11.7109370554
125.7000000000 -11.8037849439
125.8000000000 -11.8958378327
125.9000000000 -11.9871114787
126.0000000000 -12.0776213146
126.1000000000 -12.1673824557
126.2000000000 -12.2564097073
126.3000000000 -12.3447175712
126.4000000000 -12.4323202528
126.5000000000 -12.5192316673
126.6000000000 -12.6054654466
126.7000000000 -12.6910349453
126.8000000000 -12.7759532474
126.9000000000 -12.8602331721
127.0000000000 -12.9438872799
127.1000000000 -13.0269278787
127.2000000000 -13.1093670292
127.3000000000 -13.1912165510
127.4000000000 -13.2724880277
127.5000000000 -13.3531928127
127.6000000000 -13.4333420341
127.7000000000 -13.5129466006
127.8000000000 -13.5920172056
127.9000000000 -13.6705643331
128.0000000000 -13.7485982619
128.1000000000 -13.8261290708
128.2000000000 -13.9031666429
128.3000000000 -13.9797206705
128.4000000000 -14.0558006590
128.5000000000 -14.1314159318
128.6000000000 -14.2065756343
128.7000000000 -14.2812887380
128.8000000000 -14.3555640446
128.9000000000 -14.4294101898
129.0000000000 -14.5028356475
129.1000000000 -14.5758487331
129.2000000000 -14.6484576077
129.3000000000 -14.7206702811
129.4000000000 -14.7924946159
129.5000000000 -14.8639383305
129.6000000000 -14.9350090025
129.7000000000 -15.0057140721
129.8000000000 -15.0760608452
129.9000000000 -15.1460564966
130.0000000000 -15.2157080729
130.1000000000 -15.2850224954
130.2000000000 -15.3540065631
130.3000000000 -15.4226669557
130.4000000000 -15.4910102358
130.5000000000 -15.5590428524
130.6000000000 -15.6267711426
130.7000000000 -15.6942013348
130.8000000000 -15.7613395510
130.9000000000 -15.8281918093
131.0000000000 -15.8947640261
131.1000000000 -15.9610620184
131.2000000000 -16.0270915064
131.3000000000 -16.0928581154
131.4000000000 -16.1583673780
131.5000000000 -16.2236247362
131.6000000000 -16.2886355437
131.7000000000 -16.3534050673
131.8000000000 -16.4179384896
131.9000000000 -16.4822409104
132.0000000000 -16.5463173487
132.1000000000 -16.6101727444
132.2000000000 -16.6738119605
132.3000000000 -16.7372397841
132.4000000000 -16.8004609289
132.5000000000 -16.8634800361
132.6000000000 -16.9263016766
132.7000000000 -16.9889303523
132.8000000000 -17.0513704975
132.9000000000 -17.1136264808
133.0000000000 -17.1757026059
133.1000000000 -17.2376031140
133.2000000000 -17.2993321841
133.3000000000 -17.3608939352
133.4000000000 -17.4222924273
133.5000000000 -17.4835316625
133.6000000000 -17.5446155867
133.7000000000 -17.6055480905
133.8000000000 -17.6663330104
133.9000000000 -17.7269741304
134.0000000000 -17.7874751824
134.1000000000 -17.8478398483
134.2000000000 -17.9080717600
134.3000000000 -17.9681745014
134.4000000000 -18.0281516089
134.5000000000 -18.0880065727
134.6000000000 -18.1477428377
134.7000000000 -18.2073638043
134.8000000000 -18.2668728296
134.9000000000 -18.3262732283
135.0000000000 -18.3855682735
135.1000000000 -18.4447611977
135.2000000000 -18.5038551935
135.3000000000 -18.5628534147
135.4000000000 -18.6217589767
135.5000000000 -18.6805749579
135.6000000000 -18.7393044000
135.7000000000 -18.7979503090
135.8000000000 -18.8565156559
135.9000000000 -18.9150033773
136.0000000000 -18.9734163764
136.1000000000 -19.0317575235
136.2000000000 -19.0900296567
136.3000000000 -19.1482355826
136.4000000000 -19.2063780771
136.5000000000 -19.2644598856
136.6000000000 -19.3224837242
136.7000000000 -19.3804522799
136.8000000000 -19.4383682113
136.9000000000 -19.4962341492
137.0000000000 -19.5540526972
137.1000000000 -19.6118264323
137.2000000000 -19.6695579051
137.3000000000 -19.7272496409
137.4000000000 -19.7849041397
137.5000000000 -19.8425238769
137.6000000000 -19.9001113039
137.7000000000 -19.9576688485
137.8000000000 -20.0151989151
137.9000000000 -20.0727038857
138.0000000000 -20.1301861199
138.1000000000 -20.1876479555
138.2000000000 -20.2450917088
138.3000000000 -20.3025196753
138.4000000000 -20.3599341298
138.5000000000 -20.4173373269
138.6000000000 -20.4747315015
138.7000000000 -20.5321188690
138.8000000000 -20.5895016257
138.9000000000 -20.6468819492
139.0000000000 -20.7042619989
139.1000000000 -20.7616439159
139.2000000000 -20.8190298238
139.3000000000 -20.8764218289
139.4000000000 -20.9338220201
139.5000000000 -20.9912324699
139.6000000000 -21.0486552340
139.7000000000 -21.1060923523
139.8000000000 -21.1635458485
139.9000000000 -21.2210177308
140.0000000000 -21.2785099920
140.1000000000 -21.3360246098
140.2000000000 -21.3935635471
140.3000000000 -21.4511287522
140.4000000000 -21.5087221588
140.5000000000 -21.5663456867
140.6000000000 -21.6240012418
140.7000000000 -21.6816907160
140.8000000000 -21.7394159881
140.9000000000 -21.7971789233
141.0000000000 -21.8549813738
141.1000000000 -21.9128251788
141.2000000000 -21.9707121650
141.3000000000 -22.0286441464
141.4000000000 -22.0866229245
141.5000000000 -22.1446502888
141.6000000000 -22.2027280168
141.7000000000 -22.2608578738
141.8000000000 -22.3190416136
141.9000000000 -22.3772809783
142.0000000000 -22.4355776987
142.1000000000 -22.4939334940
142.2000000000 -22.5523500725
142.3000000000 -22.6108291311
142.4000000000 -22.6693723559
142.5000000000 -22.7279814223
142.6000000000 -22.7866579947
142.7000000000 -22.8454037270
142.8000000000 -22.9042202626
142.9000000000 -22.9631092343
143.0000000000 -23.0220722647
143.1000000000 -23.0811109660
143.2000000000 -23.1402269403
143.3000000000 -23.1994217795
143.4000000000 -23.2586970656
143.5000000000 -23.3180543704
143.6000000000 -23.3774952560
143.7000000000 -23.4370212745
143.8000000000 -23.4966339683
143.9000000000 -23.5563348698
144.0000000000 -23.6161255019
144.1000000000 -23.6760073779
144.2000000000 -23.7359820013
144.3000000000 -23.7960508660
144.4000000000 -23.8562154564
144.5000000000 -23.9164772474
144.6000000000 -23.9768377041
144.7000000000 -24.0372982825
144.8000000000 -24.0978604288
144.9000000000 -24.1585255798
145.0000000000 -24.2192951629
145.1000000000 -24.2801705960
145.2000000000 -24.3411532873
145.3000000000 -24.4022446359
145.4000000000 -24.4634460312
145.5000000000 -24.5247588530
145.6000000000 -24.5861844719
145.7000000000 -24.6477242486
145.8000000000 -24.7093795346
145.9000000000 -24.7711516716
146.0000000000 -24.8330419917
146.1000000000 -24.8950518176
146.2000000000 -24.9571824620
146.3000000000 -25.0194352281
146.4000000000 -25.0818114094
146.5000000000 -25.1443122894
146.6000000000 -25.2069391419
146.7000000000 -25.2696932308
146.8000000000 -25.3325758102
146.9000000000 -25.3955881239
147.0000000000 -25.4587314060
147.1000000000 -25.5220068801
147.2000000000 -25.5854157599
147.3000000000 -25.6489592489
147.4000000000 -25.7126385400
147.5000000000 -25.7764548160
147.6000000000 -25.8404092491
147.7000000000 -25.9045030009
147.8000000000 -25.9687372226
147.9000000000 -26.0331130544
148.0000000000 -26.0976316260
148.1000000000 -26.1622940561
148.2000000000 -26.2271014523
148.3000000000 -26.2920549113
148.4000000000 -26.3571555187
148.5000000000 -26.4224043488
148.6000000000 -26.4878024643
148.7000000000 -26.5533509168
148.8000000000 -26.6190507462
148.9000000000 -26.6849029807
149.0000000000 -26.7509086367
149.1000000000 -26.8170687189
149.2000000000 -26.8833842198
149.3000000000 -26.9498561199
149.4000000000 -27.0164853874
149.5000000000 -27.0832729783
149.6000000000 -27.1502198359
149.7000000000 -27.2173268912
149.8000000000 -27.2845950623
149.9000000000 -27.3520252545
150.0000000000 -27.4196183602
150.1000000000 -27.4873752587
150.2000000000 -27.5552968159
150.3000000000 -27.6233838848
150.4000000000 -27.6916373044
150.5000000000 -27.7600579004
150.6000000000 -27.8286464848
150.7000000000 -27.8974038555
150.8000000000 -27.9663307965
150.9000000000 -28.0354280778
151.0000000000 -28.1046964549
151.1000000000 -28.1741366688
151.2000000000 -28.2437494463
151.3000000000 -28.3135354991
151.4000000000 -28.3834955243
151.5000000000 -28.4536302039
151.6000000000 -28.5239402049
151.7000000000 -28.5944261789
151.8000000000 -28.6650887620
151.9000000000 -28.7359285751
152.0000000000 -28.8069462230
152.1000000000 -28.8781422948
152.2000000000 -28.9495173639
152.3000000000 -29.0210719871
152.4000000000 -29.0928067052
152.5000000000 -29.1647220426
152.6000000000 -29.2368185071
152.7000000000 -29.3090965899
152.8000000000 -29.3815567651
152.9000000000 -29.4541994901
153.0000000000 -29.5270252051
153.1000000000 -29.6000343331
153.2000000000 -29.6732272797
153.3000000000 -29.7466044329
153.4000000000 -29.8201661631
153.5000000000 -29.8939128229
153.6000000000 -29.9678447470
153.7000000000 -30.0419622520
153.8000000000 -30.1162656365
153.9000000000 -30.1907551806
154.0000000000 -30.2654311460
154.1000000000 -30.3402937758
154.2000000000 -30.4153432945
154.3000000000 -30.4905799079
154.4000000000 -30.5660038026
154.5000000000 -30.6416151464
154.6000000000 -30.7174140879
154.7000000000 -30.7934007563
154.8000000000 -30.8695752617
154.9000000000 -30.9459376945
155.0000000000 -31.0224881255
155.1000000000 -31.0992266060
155.2000000000 -31.1761531674
155.3000000000 -31.2532678213
155.4000000000 -31.3305705593
155.5000000000 -31.4080613528
155.6000000000 -31.4857401533
155.7000000000 -31.5636068921
155.8000000000 -31.6416614798
155.9000000000 -31.7199038072
156.0000000000 -31.7983337441
156.1000000000 -31.8769511402
156.2000000000 -31.9557558244
156.3000000000 -32.0347476051
156.4000000000 -32.1139262698
156.5000000000 -32.1932915856
156.6000000000 -32.2728432984
156.7000000000 -32.3525811335
156.8000000000 -32.4325047954
156.9000000000 -32.5126139675
157.0000000000 -32.5929083123
157.1000000000 -32.6733874715
157.2000000000 -32.7540510656
157.3000000000 -32.8348986942
157.4000000000 -32.9159299358
157.5000000000 -32.9971443481
157.6000000000 -33.0785414675
157.7000000000 -33.1601208096
157.8000000000 -33.2418818689
157.9000000000 -33.3238241189
158.0000000000 -33.4059470122
158.1000000000 -33.4882499803
158.2000000000 -33.5707324339
158.3000000000 -33.6533937628
158.4000000000 -33.7362333359
158.5000000000 -33.8192505013
158.6000000000 -33.9024445865
158.7000000000 -33.9858148981
158.8000000000 -34.0693607223
158.9000000000 -34.1530813245
159.0000000000 -34.2369759496
159.1000000000 -34.3210438225
159.2000000000 -34.4052841473
159.3000000000 -34.4896961080
159.4000000000 -34.5742788687
159.5000000000 -34.6590315732
159.6000000000 -34.7439533454
159.7000000000 -34.8290432896
159.8000000000 -34.9143004902
159.9000000000 -34.9997240120
160.0000000000 -35.0853129006
160.1000000000 -35.1710661822
160.2000000000 -35.2569828636
160.3000000000 -35.3430619331
160.4000000000 -35.4293023596
160.5000000000 -35.5157030937
160.6000000000 -35.6022630674
160.7000000000 -35.6889811941
160.8000000000 -35.7758563694
160.9000000000 -35.8628874706
161.0000000000 -35.9500733574
161.1000000000 -36.0374128717
161.2000000000 -36.1249048382
161.3000000000 -36.2125480642
161.4000000000 -36.3003413401
161.5000000000 -36.3882834395
161.6000000000 -36.4763731194
161.7000000000 -36.5646091206
161.8000000000 -36.6529901677
161.9000000000 -36.7415149693
162.0000000000 -36.8301822185
162.1000000000 -36.9189905932
162.2000000000 -37.0079387558
162.3000000000 -37.0970253541
162.4000000000 -37.1862490211
162.5000000000 -37.2756083757
162.6000000000 -37.3651020224
162.7000000000 -37.4547285521
162.8000000000 -37.5444865421
162.9000000000 -37.6343745565
163.0000000000 -37.7243911464
163.1000000000 -37.8145348502
163.2000000000 -37.9048041940
163.3000000000 -37.9951976917
163.4000000000 -38.0857138455
163.5000000000 -38.1763511462
163.6000000000 -38.2671080733
163.7000000000 -38.3579830954
163.8000000000 -38.4489746707
163.9000000000 -38.5400812471
164.0000000000 -38.6313012627
164.1000000000 -38.7226331458
164.2000000000 -38.8140753156
164.3000000000 -38.9056261824
164.4000000000 -38.9972841478
164.5000000000 -39.0890476051
164.6000000000 -39.1809149399
164.7000000000 -39.2728845299
164.8000000000 -39.3649547458
164.9000000000 -39.4571239512
165.0000000000 -39.5493905031
165.1000000000 -39.6417527526
165.2000000000 -39.7342090444
165.3000000000 -39.8267577181
165.4000000000 -39.9193971078
165.5000000000 -40.0121255428
165.6000000000 -40.1049413482
165.7000000000 -40.1978428444
165.8000000000 -40.2908283485
165.9000000000 -40.3838961737
166.0000000000 -40.4770446304
166.1000000000 -40.5702720261
166.2000000000 -40.6635766658
166.3000000000 -40.7569568526
166.4000000000 -40.8504108877
166.5000000000 -40.9439370710
166.6000000000 -41.0375337013
166.7000000000 -41.1311990767
166.8000000000 -41.2249314950
166.9000000000 -41.3187292540
167.0000000000 -41.4125906517
167.1000000000 -41.5065139868
167.2000000000 -41.6004975590
167.3000000000 -41.6945396694
167.4000000000 -41.7886386206
167.5000000000 -41.8827927172
167.6000000000 -41.9770002663
167.7000000000 -42.0712595774
167.8000000000 -42.1655689631
167.9000000000 -42.2599267392
168.0000000000 -42.3543312252
168.1000000000 -42.4487807443
168.2000000000 -42.5432736242
168.3000000000 -42.6378081968
168.4000000000 -42.7323827991
168.5000000000 -42.8269957729
168.6000000000 -42.9216454659
168.7000000000 -43.0163302310
168.8000000000 -43.1110484273
168.9000000000 -43.2057984205
169.0000000000 -43.3005785822
169.1000000000 -43.3953872915
169.2000000000 -43.4902229343
169.3000000000 -43.5850839038
169.4000000000 -43.6799686010
169.5000000000 -43.7748754348
169.6000000000 -43.8698028223
169.7000000000 -43.9647491888
169.8000000000 -44.0597129685
169.9000000000 -44.1546926044
170.0000000000 -44.2496865486
170.1000000000 -44.3446932626
170.2000000000 -44.4397112176
170.3000000000 -44.5347388945
170.4000000000 -44.6297747841
170.5000000000 -44.7248173877
170.6000000000 -44.8198652169
170.7000000000 -44.9149167940
170.8000000000 -45.0099706521
170.9000000000 -45.1050253354
171.0000000000 -45.2000793993
171.1000000000 -45.2951314105
171.2000000000 -45.3901799474
171.3000000000 -45.4852236000
171.4000000000 -45.5802609704
171.5000000000 -45.6752906727
171.6000000000 -45.7703113330
171.7000000000 -45.8653215899
171.8000000000 -45.9603200947
171.9000000000 -46.0553055111
172.0000000000 -46.1502765155
172.1000000000 -46.2452317974
172.2000000000 -46.3401700592
172.3000000000 -46.4350900164
172.4000000000 -46.5299903978
172.5000000000 -46.6248699454
172.6000000000 -46.7197274147
172.7000000000 -46.8145615748
172.8000000000 -46.9093712083
172.9000000000 -47.0041551114
173.0000000000 -47.0989120942
173.1000000000 -47.1936409805
173.2000000000 -47.2883406081
173.3000000000 -47.3830098287
173.4000000000 -47.4776475078
173.5000000000 -47.5722525252
173.6000000000 -47.6668237747
173.7000000000 -47.7613601642
173.8000000000 -47.8558606156
173.9000000000 -47.9503240652
174.0000000000 -48.0447494633
174.1000000000 -48.1391357745
174.2000000000 -48.2334819776
174.3000000000 -48.3277870656
174.4000000000 -48.4220500456
174.5000000000 -48.5162699392
174.6000000000 -48.6104457818
174.7000000000 -48.7045766233
174.8000000000 -48.7986615276
174.9000000000 -48.8926995727
175.0000000000 -48.9866898509
175.1000000000 -49.0806314682
175.2000000000 -49.1745235451
175.3000000000 -49.2683652157
175.4000000000 -49.3621556282
175.5000000000 -49.4558939445
175.6000000000 -49.5495793405
175.7000000000 -49.6432110059
175.8000000000 -49.7367881438
175.9000000000 -49.8303099712
176.0000000000 -49.9237757186
176.1000000000 -50.0171846297
176.2000000000 -50.1105359619
176.3000000000 -50.2038289856
176.4000000000 -50.2970629847
176.5000000000 -50.3902372559
176.6000000000 -50.4833511092
176.7000000000 -50.5764038671
176.8000000000 -50.6693948653
176.9000000000 -50.7623234518
177.0000000000 -50.8551889876
177.1000000000 -50.9479908456
177.2000000000 -51.0407284116
177.3000000000 -51.1334010831
177.4000000000 -51.2260082699
177.5000000000 -51.3185493938
177.6000000000 -51.4110238883
177.7000000000 -51.5034311986
177.8000000000 -51.5957707813
177.9000000000 -51.6880421046
178.0000000000 -51.7802446478
178.1000000000 -51.8723779014
178.2000000000 -51.9644413666
178.3000000000 -52.0564345556
178.4000000000 -52.1483569912
178.5000000000 -52.2402082065
178.6000000000 -52.3319877452
178.7000000000 -52.4236951609
178.8000000000 -52.5153300171
178.9000000000 -52.6068918874
179.0000000000 -52.6983803549
179.1000000000 -52.7897950119
179.2000000000 -52.8811354605
179.3000000000 -52.9724013114
179.4000000000 -53.0635921846
179.5000000000 -53.1547077086
179.6000000000 -53.2457475207
179.7000000000 -53.3367112662
179.8000000000 -53.4275985991
179.9000000000 -53.5184091810
180.0000000000 -53.6091426816
180.1000000000 -53.6997987779
180.2000000000 -53.7903771547
180.3000000000 -53.8808775039
180.4000000000 -53.9712995244
180.5000000000 -54.0616429219
180.6000000000 -54.1519074090
180.7000000000 -54.2420927046
180.8000000000 -54.3321985338
180.9000000000 -54.4222246280
181.0000000000 -54.5121707243
181.1000000000 -54.6020365654
181.2000000000 -54.6918218997
181.3000000000 -54.7815264806
181.4000000000 -54.8711500669
181.5000000000 -54.9606924219
181.6000000000 -55.0501533138
181.7000000000 -55.1395325151
181.8000000000 -55.2288298028
181.9000000000 -55.3180449577
182.0000000000 -55.4071777646
182.1000000000 -55.4962280118
182.2000000000 -55.5851954911
182.3000000000 -55.6740799977
182.4000000000 -55.7628813297
182.5000000000 -55.8515992879
182.6000000000 -55.9402336759
182.7000000000 -56.0287842997
182.8000000000 -56.1172509676
182.9000000000 -56.2056334897
183.0000000000 -56.2939316781
183.1000000000 -56.3821453465
183.2000000000 -56.4702743100
183.3000000000 -56.5583183848
183.4000000000 -56.6462773884
183.5000000000 -56.7341511389
183.6000000000 -56.8219394551
183.7000000000 -56.9096421562
183.8000000000 -56.9972590617
183.9000000000 -57.0847899911
184.0000000000 -57.1722347637
184.1000000000 -57.2595931987
184.2000000000 -57.3468651144
184.3000000000 -57.4340503286
184.4000000000 -57.5211486583
184.5000000000 -57.6081599193
184.6000000000 -57.6950839259
184.7000000000 -57.7819204914
184.8000000000 -57.8686694270
184.9000000000 -57.9553305425
185.0000000000 -58.0419036453
185.1000000000 -58.1283885410
185.2000000000 -58.2147850325
185.3000000000 -58.3010929205
185.4000000000 -58.3873120029
185.5000000000 -58.4734420746
185.6000000000 -58.5594829276
185.7000000000 -58.6454343508
185.8000000000 -58.7312961296
185.9000000000 -58.8170680460
186.0000000000 -58.9027498782
186.1000000000 -58.9883414007
186.2000000000 -59.0738423840
186.3000000000 -59.1592525944
186.4000000000 -59.2445717940
186.5000000000 -59.3297997406
186.6000000000 -59.4149361872
186.7000000000 -59.4999808822
186.8000000000 -59.5849335692
186.9000000000 -59.6697939869
187.0000000000 -59.7545618686
187.1000000000 -59.8392369428
187.2000000000 -59.9238189322
187.3000000000 -60.0083075544
187.4000000000 -60.0927025211
187.5000000000 -60.1770035386
187.6000000000 -60.2612103069
187.7000000000 -60.3453225206
187.8000000000 -60.4293398679
187.9000000000 -60.5132620309
188.0000000000 -60.5970886854
188.1000000000 -60.6808195011
188.2000000000 -60.7644541410
188.3000000000 -60.8479922616
188.4000000000 -60.9314335128
188.5000000000 -61.0147775379
188.6000000000 -61.0980239731
188.7000000000 -61.1811724481
188.8000000000 -61.2642225853
188.9000000000 -61.3471740004
189.0000000000 -61.4300263019
189.1000000000 -61.5127790910
189.2000000000 -61.5954319619
189.3000000000 -61.6779845014
189.4000000000 -61.7604362890
189.5000000000 -61.8427868970
189.6000000000 -61.9250358900
189.7000000000 -62.0071828254
189.8000000000 -62.0892272530
189.9000000000 -62.1711687151
190.0000000000 -62.2530067463
190.1000000000 -62.3347408739
190.2000000000 -62.4163706173
190.3000000000 -62.4978954885
190.4000000000 -62.5793149917
190.5000000000 -62.6606286237
190.6000000000 -62.7418358732
190.7000000000 -62.8229362217
190.8000000000 -62.9039291428
190.9000000000 -62.9848141024
191.0000000000 -63.0655905588
191.1000000000 -63.1462579628
191.2000000000 -63.2268157574
191.3000000000 -63.3072633780
191.4000000000 -63.3876002525
191.5000000000 -63.4678258013
191.6000000000 -63.5479394371
191.7000000000 -63.6279405652
191.8000000000 -63.7078285834
191.9000000000 -63.7876028822
192.0000000000 -63.8672628447
192.1000000000 -63.9468078465
192.2000000000 -64.0262372561
192.3000000000 -64.1055504349
192.4000000000 -64.1847467369
192.5000000000 -64.2638255091
192.6000000000 -64.3427860916
192.7000000000 -64.4216278174
192.8000000000 -64.5003500128
192.9000000000 -64.5789519971
193.0000000000 -64.6574330830
193.1000000000 -64.7357925765
193.2000000000 -64.8140297773
193.3000000000 -64.8921439782
193.4000000000 -64.9701344660
193.5000000000 -65.0480005213
193.6000000000 -65.1257414181
193.7000000000 -65.2033564249
193.8000000000 -65.2808448038
193.9000000000 -65.3582058113
194.0000000000 -65.4354386981
194.1000000000 -65.5125427094
194.2000000000 -65.5895170848
194.3000000000 -65.6663610585
194.4000000000 -65.7430738596
194.5000000000 -65.8196547119
194.6000000000 -65.8961028344
194.7000000000 -65.9724174412
194.8000000000 -66.0485977416
194.9000000000 -66.1246429404
195.0000000000 -66.2005522380
195.1000000000 -66.2763248303
195.2000000000 -66.3519599094
195.3000000000 -66.4274566629
195.4000000000 -66.5028142752
195.5000000000 -66.5780319263
195.6000000000 -66.6531087932
195.7000000000 -66.7280440492
195.8000000000 -66.8028368645
195.9000000000 -66.8774864061
196.0000000000 -66.9519918383
196.1000000000 -67.0263523224
196.2000000000 -67.1005670172
196.3000000000 -67.1746350791
196.4000000000 -67.2485556624
196.5000000000 -67.3223279189
196.6000000000 -67.3959509989
196.7000000000 -67.4694240506
196.8000000000 -67.5427462210
196.9000000000 -67.6159166554
197.0000000000 -67.6889344980
197.1000000000 -67.7617988919
197.2000000000 -67.8345089793
197.3000000000 -67.9070639017
197.4000000000 -67.9794628002
197.5000000000 -68.0517048154
197.6000000000 -68.1237890879
197.7000000000 -68.1957147581
197.8000000000 -68.2674809667
197.9000000000 -68.3390868548
198.0000000000 -68.4105315640
198.1000000000 -68.4818142367
198.2000000000 -68.5529340161
198.3000000000 -68.6238900466
198.4000000000 -68.6946814737
198.5000000000 -68.7653074446
198.6000000000 -68.8357671079
198.7000000000 -68.9060596142
198.8000000000 -68.9761841159
198.9000000000 -69.0461397677
199.0000000000 -69.1159257266
199.1000000000 -69.1855411522
199.2000000000 -69.2549852067
199.3000000000 -69.3242570551
199.4000000000 -69.3933558656
199.5000000000 -69.4622808097
199.6000000000 -69.5310310620
199.7000000000 -69.5996058009
199.8000000000 -69.6680042085
199.9000000000 -69.7362254709
