0 -81.29477411 0.0441191573
1 -81.34030491 0.04400593886
2 -81.38149557 0.04390369658
3 -81.41858769 0.04381176618
4 -81.45181042 0.04372952559
5 -81.48138084 0.04365639225
6 -81.50750454 0.0435918206
7 -81.53037598 0.04353529974
8 -81.55017907 0.04348635119
9 -81.56708761 0.0434445268
10 -81.58126573 0.04340940684
11 -81.5928684 0.04338059814
12 -81.60204186 0.04335773238
13 -81.60892404 0.04334046452
14 -81.61364501 0.04332847124
15 -81.61632739 0.04332144959
16 -81.61708673 0.04331911565
17 -81.61603189 0.04332120332
18 -81.6132654 0.04332746316
19 -81.60888384 0.04333766133
20 -81.60297813 0.04335157856
21 -81.59563386 0.04336900925
22 -81.58693161 0.0433897606
23 -81.5769472 0.04341365173
24 -81.56575199 0.04344051301
25 -81.55341314 0.04347018527
26 -81.5399938 0.04350251918
27 -81.52555336 0.04353737474
28 -81.51014711 0.04357462166
29 -81.49382212 0.04361414762
30 -81.4765775 0.04365593796
31 -81.45800223 0.04370080413
32 -81.43398552 0.04375700885
33 -81.36686727 0.04390054094
34 -80.91484062 0.04483016227
35 -76.98800009 0.05357658676
36 -42.56368858 0.208559176
37 36.39181207 0.996950031
38 38.5751717 0.9999418547
39 37.37661833 0.9999297478
40 35.12681452 0.9998948062
41 32.06133283 0.9998160438
42 28.49172594 0.9996461938
43 24.72415434 0.9992957465
44 20.97909802 0.998612689
45 17.39152816 0.9973690611
46 14.0384612 0.9952704935
47 10.9622281 0.9920038528
48 8.183364415 0.9873206994
49 5.706494874 0.9811253869
50 3.523440832 0.9735215182
51 1.616058843 0.9647903147
52 -0.04049730152 0.9553155032
53 -1.474448762 0.9454952427
54 -2.714573286 0.9356759145
55 -3.788221994 0.9261201415
56 -4.72018008 0.9170031769
57 -5.532192854 0.9084254039
58 -6.242931847 0.9004304488
59 -6.868208671 0.8930226832
60 -7.421301553 0.8861814854
61 -7.913311677 0.879871764
62 -8.353504388 0.8740512103
63 -8.749614571 0.8686750284
64 -9.10810948 0.8636988579
65 -9.434409681 0.8590804666
66 -9.733072135 0.8547806365
67 -10.00794066 0.850763538
68 -10.26226902 0.8469967933
69 -10.49882147 0.8434513579
70 -10.7199549 0.8401013046
71 -10.927686 0.8369235615
72 -11.12374639 0.8338976375
73 -11.30962789 0.8310053514
74 -11.48661997 0.8282305772
75 -11.65584065 0.825559009
76 -11.81826229 0.8229779489
77 -11.97473302 0.8204761159
78 -12.12599476 0.8180434769
79 -12.27269831 0.8156710971
80 -12.4154161 0.8133510076
81 -12.55465301 0.8110760894
82 -12.69085549 0.8088399715
83 -12.82441942 0.8066369412
84 -12.95569675 0.8044618653
85 -13.08500125 0.8023101215
86 -13.21261343 0.8001775373
87 -13.33878477 0.7980603367
88 -13.46374141 0.7959550935
89 -13.58768733 0.7938586898
90 -13.71080712 0.7917682794
91 -13.83326839 0.7896812557
92 -13.95522386 0.787595223
93 -14.07681323 0.7855079712
94 -14.1981648 0.7834174535
95 -14.31939688 0.7813217662
96 -14.44061905 0.7792191309
97 -14.56193332 0.7771078786
98 -14.68343503 0.7749864356
99 -14.80521383 0.7728533101
100 -14.92735439 0.7707070814
101 -15.04993717 0.7685463887
102 -15.17303897 0.7663699222
103 -15.2967336 0.7641764142
104 -15.42109232 0.761964631
105 -15.54618436 0.759733366
106 -15.67207734 0.757481433
107 -15.79883766 0.7552076596
108 -15.92653087 0.7529108817
109 -16.05522204 0.7505899379
110 -16.18497606 0.7482436644
111 -16.31585793 0.7458708903
112 -16.44793309 0.7434704324
113 -16.5812677 0.7410410911
114 -16.71592885 0.7385816457
115 -16.8519849 0.7360908505
116 -16.98950568 0.73356743
117 -17.1285628 0.7310100753
118 -17.26922985 0.7284174393
119 -17.41158269 0.725788133
120 -17.5556997 0.723120721
121 -17.70166205 0.7204137175
122 -17.84955396 0.7176655815
123 -17.99946297 0.7148747127
124 -18.15148025 0.712039447
125 -18.30570087 0.7091580518
126 -18.4622241 0.706228721
127 -18.62115376 0.7032495703
128 -18.78259854 0.7002186323
129 -18.94667231 0.6971338508
130 -19.11349454 0.6939930761
131 -19.28319065 0.6907940591
132 -19.45589241 0.6875344455
133 -19.63173836 0.6842117706
134 -19.81087425 0.680823453
135 -19.99345351 0.6773667888
136 -20.1796377 0.6738389454
137 -20.36959703 0.6702369559
138 -20.56351088 0.6665577126
139 -20.76156833 0.6627979618
140 -20.96396873 0.6589542974
141 -21.17092227 0.6550231563
142 -21.38265056 0.651000813
143 -21.59938726 0.6468833754
144 -21.82137865 0.6426667816
145 -22.04888424 0.6383467966
146 -22.2821774 0.633919012
147 -22.5215459 0.629378845
148 -22.76729251 0.6247215416
149 -23.01973544 0.6199421801
150 -23.27920887 0.6150356785
151 -23.54606328 0.6099968043
152 -23.82066571 0.6048201892
153 -24.10339994 0.5995003467
154 -24.39466647 0.5940316957
155 -24.69488227 0.5884085899
156 -25.00448037 0.5826253537
157 -25.32390915 0.576676325
158 -25.65363122 0.5705559069
159 -25.99412207 0.5642586283
160 -26.34586811 0.5577792141
161 -26.70936436 0.5511126661
162 -27.08511145 0.5442543546
163 -27.47361213 0.5372001213
164 -27.87536702 0.5299463936
165 -28.29086967 0.5224903089
166 -28.72060087 0.5148298494
167 -29.16502225 0.5069639836
168 -29.62456904 0.4988928147
169 -30.09964219 0.490617731
170 -30.59059985 0.4821415543
171 -31.09774833 0.4734686832
172 -31.62133271 0.4646052231
173 -32.16152732 0.4555590992
174 -32.71842637 0.4463401442
175 -33.29203502 0.4369601542
176 -33.88226122 0.4274329066
177 -34.48890876 0.4177741333
178 -35.11167176 0.4080014462
179 -35.75013117 0.3981342091
180 -36.40375345 0.388193358
181 -37.07189174 0.3782011701
182 -37.7537897 0.3681809851
183 -38.44858809 0.3581568877
184 -39.15533409 0.3481533581
185 -39.87299304 0.338194905
186 -40.60046246 0.3283056912
187 -41.33658785 0.3185091673
188 -42.08017972 0.3088277243
189 -42.83003138 0.2992823809
190 -43.58493689 0.289892511
191 -44.34370844 0.2806756239
192 -45.10519282 0.2716471981
193 -45.86828635 0.2628205746
194 -46.63194794 0.2542069058
195 -47.39521001 0.245815159
196 -48.15718701 0.237652169
197 -48.91708161 0.2297227326
198 -49.67418837 0.2220297381
199 -50.42789513 0.2145743219
200 -51.17768221 0.2073560443
201 -51.92311961 0.2003730777
202 -52.66386234 0.1936223995
203 -53.39964429 0.1870999864
204 -54.13027065 0.1808010022
205 -54.85560926 0.174719979
206 -55.57558097 0.1688509854
207 -56.29014933 0.1631877827
208 -56.99930975 0.1577239652
209 -57.70307825 0.1524530859
210 -58.40148015 0.1473687648
211 -59.09453881 0.1424647813
212 -59.78226455 0.1377351504
213 -60.46464422 0.1331741817
214 -61.14163138 0.1287765235
215 -61.81313748 0.1245371909
216 -62.47902435 0.1204515788
217 -63.13909805 0.1165154625
218 -63.79310448 0.1127249838
219 -64.44072682 0.1090766275
220 -65.081585 0.1055671871
221 -65.71523724 0.1021937233
222 -66.34118361 0.09895351727
223 -66.9588717 0.09584401927
224 -67.56770399 0.0928627974
225 -68.16704692 0.09000748654
226 -68.75624118 0.08727574045
227 -69.33461296 0.08466518862
228 -69.90148571 0.0821733992
229 -70.45619206 0.07979784899
230 -70.99808551 0.07753590111
231 -71.52655138 0.07538479053
232 -72.04101696 0.07334161712
233 -72.54096035 0.0714033458
234 -73.02591794 0.06956681291
235 -73.49549035 0.06782873778
236 -73.94934676 0.06618573858
237 -74.38722774 0.06463435113
238 -74.80894642 0.06317104975
239 -75.21438839 0.06179226915
240 -75.60351023 0.06049442644
241 -75.97633695 0.05927394257
242 -76.3329585 0.05812726262
243 -76.67352554 0.05705087456
244 -76.99824464 0.05604132601
245 -77.30737303 0.05509523903
246 -77.6012132 0.05420932277
247 -77.88010727 0.05338038401
248 -78.14443122 0.05260533609
249 -78.39458754 0.05188121
250 -78.63098391 0.05120519624
251 -78.85389391 0.05057495479
252 -79.06233106 0.04999115349
253 -79.24465463 0.04947852252
254 -79.29972223 0.04926187419
255 -78.37375744 0.05129150127
256 -69.31802304 0.07633082097
257 0.02548004262 0.6505002745
258 37.61372512 0.9998042294
259 37.7414007 0.9999335524
260 35.81060358 0.999907088
261 32.78814828 0.9998395491
262 29.02619574 0.9996812878
263 24.9052554 0.999324589
264 20.73173747 0.9985647852
265 16.70572325 0.9970649079
266 12.94461265 0.9943595243
267 9.512560526 0.9899374696
268 6.438936558 0.9834036897
269 3.727730218 0.9746463566
270 1.363517243 0.9639024449
271 -0.6827058548 0.9516796678
272 -2.447447398 0.9385944435
273 -3.969388081 0.925221346
274 -5.285595826 0.9120082468
275 -6.429401653 0.8992564827
276 -7.429575592 0.8871397624
277 -8.310321115 0.8757366843
278 -9.09169094 0.865062221
279 -9.790163871 0.8550925263
280 -10.41923755 0.8457823958
281 -10.9899684 0.8370766674
282 -11.51143405 0.8289172296
283 -11.99111572 0.8212470754
284 -12.43520839 0.8140124672
285 -12.84886948 0.8071639408
286 -13.2364172 0.8006566217
287 -13.60148856 0.794450155
288 -13.94716521 0.7885084306
289 -14.27607405 0.7827992142
290 -14.59046779 0.7772937477
291 -14.89228987 0.771966356
292 -15.18322699 0.7667940759
293 -15.46475177 0.7617563182
294 -15.73815764 0.7568345649
295 -16.00458755 0.7520120997
296 -16.26505766 0.7472737714
297 -16.52047704 0.7426057863
298 -16.7716641 0.7379955257
299 -17.01936049 0.7334313871
300 -17.26424274 0.7289026449
301 -17.50693222 0.7243993277
302 -17.74800365 0.7199121111
303 -17.98799242 0.7154322232
304 -18.22740091 0.7109513604
305 -18.46670405 0.7064616142
306 -18.70635414 0.7019554042
307 -18.94678514 0.6974254202
308 -19.18841647 0.6928645688
309 -19.43165646 0.6882659267
310 -19.6769054 0.6836226979
311 -19.92455834 0.6789281758
312 -20.17500766 0.6741757086
313 -20.42864544 0.669358669
314 -20.68586558 0.6644704263
315 -20.94706586 0.6595043232
316 -21.2126498 0.6544536544
317 -21.48302837 0.6493116496
318 -21.75862162 0.6440714598
319 -22.03986011 0.6387261476
320 -22.32718626 0.6332686812
321 -22.62105552 0.6276919339
322 -22.92193732 0.6219886885
323 -23.2303159 0.616151648
324 -23.54669083 0.6101734527
325 -23.87157731 0.6040467056
326 -24.20550612 0.5977640064
327 -24.54902318 0.5913179953
328 -24.90268871 0.5847014076
329 -25.26707587 0.5779071407
330 -25.64276878 0.570928334
331 -26.03035991 0.5637584633
332 -26.43044677 0.5563914492
333 -26.84362769 0.5488217815
334 -27.27049682 0.5410446585
335 -27.7116381 0.5330561403
336 -28.16761834 0.5248533159
337 -28.63897921 0.5164344802
338 -29.12622836 0.5077993192
339 -29.62982962 0.498949097
340 -30.15019242 0.4898868405
341 -30.68766071 0.4806175135
342 -31.24250147 0.4711481734
343 -31.81489331 0.4614881005
344 -32.40491541 0.4516488914
345 -33.01253735 0.4416445067
346 -33.63761018 0.4314912657
347 -34.27985936 0.4212077793
348 -34.9388799 0.4108148179
349 -35.61413427 0.4003351116
350 -36.30495332 0.3897930837
351 -37.01054047 0.3792145235
352 -37.72997928 0.3686262062
353 -38.46224432 0.3580554731
354 -39.20621506 0.3475297856
355 -39.96069244 0.3370762715
356 -40.72441752 0.3267212794
357 -41.49609162 0.3164899596
358 -42.2743972 0.3064058861
359 -43.05801873 0.296490733
360 -43.84566281 0.2867640143
361 -44.63607701 0.2772428939
362 -45.42806671 0.267942066
363 -46.2205096 0.2588737064
364 -47.01236752 0.2500474884
365 -47.80269544 0.241470657
366 -48.59064756 0.2331481524
367 -49.37548055 0.2250827732
368 -50.15655409 0.2172753695
369 -50.93332889 0.2097250562
370 -51.70536248 0.2024294381
371 -52.47230294 0.195384838
372 -53.23388098 0.188586523
373 -53.98990053 0.1820289219
374 -54.74022818 0.175705831
375 -55.48478165 0.1696106039
376 -56.22351771 0.1637363241
377 -56.95641958 0.1580759587
378 -57.68348422 0.1526224918
379 -58.40470975 0.1473690376
380 -59.12008318 0.1423089333
381 -59.82956882 0.1374358119
382 -60.53309766 0.1327436551
383 -61.23055786 0.1282268273
384 -61.92178688 0.1238800924
385 -62.60656521 0.1196986137
386 -63.28461215 0.1156779386
387 -63.95558376 0.1118139718
388 -64.61907295 0.1081029364
389 -65.27461189 0.104541328
390 -65.92167665 0.1011258631
391 -66.55969378 0.09785342391
392 -67.18804882 0.09472100437
393 -67.80609623 0.09172565711
394 -68.41317043 0.08886444555
395 -69.00859766 0.08613440178
396 -69.591708 0.08353249186
397 -70.16184739 0.08105558923
398 -70.71838904 0.0787004566
399 -71.260744 0.07646373605
400 -71.78837062 0.07434194692
401 -72.3007826 0.07233149058
402 -72.79755554 0.07042866108
403 -73.2783319 0.06862966044
404 -73.74282435 0.06693061749
405 -74.1908176 0.06532760897
406 -74.62216872 0.06381668188
407 -75.03680621 0.06239387613
408 -75.43472786 0.06105524664
409 -75.8159976 0.05979688424
410 -76.18074165 0.05861493506
411 -76.5291439 0.05750561775
412 -76.86144094 0.05646523871
413 -77.1779168 0.05549020493
414 -77.47889745 0.0545770346
415 -77.76474538 0.05372236557
416 -78.03585416 0.05292296169
417 -78.29264327 0.05217571732
418 -78.5355531 0.05147766005
419 -78.76504025 0.050825952
420 -78.98157318 0.05021788973
421 -79.1856282 0.04965090306
422 -79.37768583 0.04912255294
423 -79.55822756 0.04863052858
424 -79.72773288 0.0481726439
425 -79.8866768 0.04774683356
426 -80.03552763 0.04735114857
427 -80.17474505 0.04698375173
428 -80.30477857 0.0466429128
429 -80.42606621 0.04632700365
430 -80.53903342 0.0460344934
431 -80.64409227 0.0457639435
432 -80.74164081 0.04551400296
433 -80.83206263 0.04528340367
434 -80.9157266 0.0450709558
435 -80.99298668 0.04487554343
436 -81.06418196 0.04469612025
437 -81.12963669 0.04453170553
438 -81.18966047 0.04438138017
439 -81.24454853 0.04424428305
440 -81.29458198 0.04411960744
441 -81.34002821 0.0440065977
442 -81.38114126 0.04390454606
443 -81.41816228 0.04381278969
444 -81.45131994 0.04373070781
445 -81.48083092 0.04365771907
446 -81.50690037 0.04359327904
447 -81.52972241 0.04353687785
448 -81.54948057 0.04348803797
449 -81.56634832 0.04344631216
450 -81.58048949 0.04341128149
451 -81.59205874 0.04338255356
452 -81.60120204 0.04335976075
453 -81.60805708 0.04334255865
454 -81.61275368 0.04333062455
455 -81.61541424 0.04332365605
456 -81.6161541 0.04332136974
457 -81.61508194 0.04332349998
458 -81.61230011 0.04332979777
459 -81.60790502 0.04334002966
460 -81.60198744 0.04335397675
461 -81.59463282 0.0433714338
462 -81.58592161 0.04339220828
463 -81.5759295 0.04341611963
464 -81.56472776 0.04344299847
465 -81.55238342 0.04347268588
466 -81.53895955 0.04350503275
467 -81.52451544 0.04353989929
468 -81.50910631 0.0435771554
469 -81.49277914 0.04361668894
470 -81.47553293 0.04365848553
471 -81.45695608 0.04370335782
472 -81.432933 0.04375957864
473 -81.36575903 0.04390323058
474 -80.91321194 0.04483396977
475 -76.98154351 0.05359260222
476 -42.51452313 0.2089028609
477 36.39883563 0.9969651687
478 38.57492948 0.9999418556
479 37.37570502 0.9999297364
480 35.12548187 0.9998947807
481 32.05978727 0.9998159912
482 28.49018984 0.9996460928
483 24.72278956 0.9992955681
484 20.97799234 0.9986124055
485 17.3907147 0.9973686674
486 14.03793996 0.9952700386
487 10.96198067 0.992003471
488 8.183362743 0.9873206192
489 5.706706837 0.9811259059
490 3.523834144 0.9735229487
491 1.616603768 0.964792926
492 -0.0398263656 0.9553194855
493 -1.473672728 0.9455006989
494 -2.71370857 0.935682874
495 -3.787281135 0.926128582
496 -4.719172499 0.9170130456
497 -5.531125587 0.9084366336
498 -6.241810169 0.9004429679
499 -6.867036589 0.8930364221
500 -7.420082178 0.8861963787
501 -7.912047489 0.879887752
502 -8.352197432 0.8740682391
503 -8.748266586 0.8686930491
504 -9.106721992 0.8637178263
505 -9.432984064 0.8591003427
506 -9.731609653 0.8548013836
507 -10.00644249 0.8507851228
508 -10.26073627 0.8470191852
509 -10.4972552 0.8434745285
510 -10.71835611 0.8401252277
511 -10.92605564 0.8369482131
512 -11.12208536 0.8339229952
513 -11.30793706 0.8310313945
514 -11.48490014 0.8282572866
515 -11.65409259 0.8255863671
516 -11.81648671 0.8230059395
517 -11.9729306 0.8205047241
518 -12.12416612 0.8180726892
519 -12.27084402 0.8157009011
520 -12.4135367 0.8133813921
521 -12.55274896 0.8111070444
522 -12.68892723 0.808871488
523 -12.82246732 0.8066690112
524 -12.95372115 0.804494482
525 -13.08300244 0.8023432789
526 -13.21059166 0.8002112304
527 -13.33674023 0.7980945615
528 -13.46167426 0.7959898469
529 -13.58559769 0.7938939695
530 -13.70869505 0.7918040839
531 -13.83113392 0.7897175844
532 -13.95306697 0.7876320761
533 -14.07463388 0.7855453497
534 -14.19596288 0.7834553592
535 -14.31717226 0.7813602015
536 -14.43837156 0.7792580992
537 -14.55966273 0.777147384
538 -14.6811411 0.7750264829
539 -14.80289626 0.7728939048
540 -14.92501285 0.7707482298
541 -15.04757127 0.7685880979
542 -15.17064832 0.7664122001
543 -15.29431773 0.7642192692
544 -15.41865074 0.7620080725
545 -15.54371653 0.7597774042
546 -15.66958267 0.7575260788
547 -15.79631553 0.7552529247
548 -15.92398061 0.7529567787
549 -16.05264294 0.7506364803
550 -16.18236733 0.7482908665
551 -16.31321877 0.7459187673
552 -16.44526264 0.7435190006
553 -16.57856503 0.7410903675
554 -16.71319298 0.7386316486
555 -16.8492148 0.7361415991
556 -16.98670027 0.7336189447
557 -17.1257209 0.7310623775
558 -17.26635025 0.7284705517
559 -17.40866408 0.7258420795
560 -17.55274073 0.7231755268
561 -17.69866126 0.7204694092
562 -17.84650983 0.7177221871
563 -17.99637389 0.7149322618
564 -18.14834452 0.7120979707
565 -18.30251669 0.7092175827
566 -18.45898957 0.7062892937
567 -18.61786688 0.7033112211
568 -18.77925719 0.7002813993
569 -18.94327425 0.6971977744
570 -19.11003742 0.6940581986
571 -19.27967197 0.6908604249
572 -19.45230954 0.6876021016
573 -19.62808851 0.6842807662
574 -19.80715449 0.68089384
575 -19.98966073 0.6774386215
576 -20.17576861 0.6739122811
577 -20.36564816 0.6703118547
578 -20.55947857 0.6666342377
579 -20.7574487 0.6628761793
580 -20.95975768 0.6590342768
581 -21.16661549 0.6551049703
582 -21.37824348 0.6510845378
583 -21.59487506 0.6469690906
584 -21.81675624 0.6427545702
585 -22.04414626 0.6384367455
586 -22.2773182 0.6340112113
587 -22.51655954 0.6294733886
588 -22.76217272 0.6248185266
589 -23.01447564 0.6200417071
590 -23.27380216 0.6151378511
591 -23.54050242 0.6101017291
592 -23.81494314 0.604927975
593 -24.09750776 0.5996111045
594 -24.38859645 0.594145538
595 -24.68862586 0.5885256299
596 -24.99802874 0.5827457042
597 -25.31725317 0.5768000978
598 -25.64676153 0.5706832114
599 -25.98702908 0.56438957
600 -26.3385421 0.5579138929
601 -26.70179549 0.5512511744
602 -27.07728989 0.5443967754
603 -27.46552812 0.5373465256
604 -27.86701097 0.5300968378
605 -28.2822323 0.5226448321
606 -28.71167335 0.5149884701
607 -29.15579635 0.5071266967
608 -29.61503729 0.4990595882
609 -30.0897981 0.4907885029
610 -30.58043808 0.4823162292
611 -31.08726492 0.4736471293
612 -31.61052527 0.4647872701
613 -32.15039526 0.4557445357
614 -32.70697109 0.4465287165
615 -33.28026011 0.4371515656
616 -33.87017261 0.4276268176
617 -34.47651484 0.4179701636
618 -35.09898349 0.4081991762
619 -35.73716212 0.3983331845
620 -36.39051974 0.3883930944
621 -37.058412 0.3784011588
622 -37.74008492 0.3683807002
623 -38.43468141 0.3583557937
624 -39.14125054 0.3483509181
625 -39.85875923 0.3383905891
626 -40.58610621 0.3284989848
627 -41.32213781 0.3186995788
628 -42.06566496 0.3090147928
629 -42.81548099 0.2994656818
630 -43.57037955 0.2900716618
631 -44.32917207 0.2808502876
632 -45.09070422 0.2718170863
633 -45.85387091 0.2629854481
634 -46.61762936 0.2543665751
635 -47.38101013 0.245969483
636 -48.14312568 0.2378010531
637 -48.90317656 0.2298661254
638 -49.66045522 0.2221676281
639 -50.41434738 0.2147067335
640 -51.16433133 0.2074830334
641 -51.90997509 0.2004947273
642 -52.65093187 0.1937388156
643 -53.38693391 0.1872112933
644 -54.11778491 0.180907339
645 -54.84335142 0.1748214955
646 -55.56355323 0.1689478388
647 -56.27835302 0.1632801345
648 -56.98774552 0.1578119788
649 -57.69174633 0.1525369238
650 -58.39038052 0.1474485871
651 -59.08367138 0.142540744
652 -59.77162938 0.1378074039
653 -60.45424163 0.1332428705
654 -61.13146212 0.1288417851
655 -61.80320282 0.1245991554
656 -62.46932617 0.1205103697
657 -63.12963889 0.1165711958
658 -63.78388756 0.1127777692
659 -64.43175603 0.1091265685
660 -65.07286481 0.1056143819
