0 -58.13244942 0.149302786
1 -58.81971181 0.1443853833
2 -59.50149097 0.1396425253
3 -60.17776196 0.1350685813
4 -60.84846201 0.1306582856
5 -61.51348338 0.1264067528
6 -62.17266757 0.1223094789
7 -62.82580122 0.1183623294
8 -63.47261374 0.1145615165
9 -64.11277681 0.1109035658
10 -64.74590578 0.1073852771
11 -65.37156298 0.1040036779
12 -65.98926265 0.1007559757
13 -66.5984776 0.09763950755
14 -67.19864712 0.09465169203
15 -67.789186 0.09178998356
16 -68.36949433 0.08905183146
17 -68.93896764 0.08643464478
18 -69.49700719 0.08393576377
19 -70.04303002 0.08155243848
20 -70.57647839 0.07928181453
21 -71.09682852 0.07712092585
22 -71.60359827 0.07506669377
23 -72.09635371 0.07311593186
24 -72.57471441 0.07126535544
25 -73.03835751 0.06951159498
26 -73.48702036 0.06785121234
27 -73.92050212 0.06628071876
28 -74.33866398 0.06479659409
29 -74.74142851 0.06339530602
30 -75.12877793 0.06207332917
31 -75.50075171 0.06082716306
32 -75.85744339 0.05965334892
33 -76.19899698 0.05854848482
34 -76.52560292 0.0575092391
35 -76.8374938 0.05653236194
36 -77.13493991 0.05561469507
37 -77.41824477 0.0547531796
38 -77.68774067 0.05394486228
39 -77.94378431 0.05318689996
40 -78.18675266 0.05247656278
41 -78.41703895 0.05181123588
42 -78.63504897 0.05118842009
43 -78.84119758 0.0506057315
44 -79.03590559 0.0500609003
45 -79.21959682 0.04955176882
46 -79.39269555 0.049076289
47 -79.55562416 0.0486325194
48 -79.70880115 0.04821862186
49 -79.85263933 0.04783285786
50 -79.98754429 0.04747358469
51 -80.11391317 0.0471392515
52 -80.23213351 0.04682839527
53 -80.34258241 0.04653963678
54 -80.44562582 0.04627167656
55 -80.54161802 0.04602329097
56 -80.6309012 0.04579332824
57 -80.71380522 0.04558070474
58 -80.79064741 0.04538440127
59 -80.8617326 0.04520345954
60 -80.92735308 0.04503697874
61 -80.98778874 0.04488411228
62 -81.04330721 0.04474406467
63 -81.09416413 0.04461608855
64 -81.14060335 0.04449948185
65 -81.1828573 0.0443935851
66 -81.22114726 0.04429777891
67 -81.2556837 0.04421148152
68 -81.28666671 0.04413414658
69 -81.31428621 0.04406526115
70 -81.3387217 0.04400434502
71 -81.36013651 0.04395096126
72 -81.37862292 0.04390482586
73 -81.39370695 0.04386680644
74 -81.39990083 0.04384789467
75 -81.34682742 0.04394980206
76 -80.7822051 0.04510059537
77 -75.67256765 0.05681218858
78 -31.63903487 0.2961705282
79 37.32636608 0.9988524487
80 38.43051006 0.9999408621
81 37.02369846 0.9999252247
82 34.55999065 0.9998835217
83 31.28635785 0.9997883818
84 27.53679276 0.9995796951
85 23.62314862 0.9991425049
86 19.76418495 0.9982812764
87 16.09247003 0.9967061378
88 12.68331917 0.9940541975
89 9.577176575 0.9899632965
90 6.791476616 0.9841851678
91 4.326222667 0.9766858202
92 2.167601133 0.9676741447
93 0.291757596 0.9575428009
94 -1.331081548 0.9467599975
95 -2.73281211 0.9357680705
96 -3.94457644 0.9249221415
97 -4.994984646 0.9144711098
98 -5.909273555 0.9045665686
99 -6.709115647 0.895283785
100 -7.412806845 0.8866441909
101 -8.035634831 0.8786344292
102 -8.590304207 0.8712206106
103 -9.087350948 0.864358172
104 -9.535514736 0.857998295
105 -9.942058558 0.8520918601
106 -10.31303576 0.8465917353
107 -10.65350962 0.8414539817
108 -10.96773231 0.836638383
109 -11.25928993 0.8321085665
110 -11.53122001 0.8278318888
111 -11.78610656 0.8237791975
112 -12.0261573 0.8199245347
113 -12.25326632 0.8162448228
114 -12.46906538 0.8127195567
115 -12.67496581 0.8093305134
116 -12.87219304 0.8060614857
117 -13.0618151 0.8028980431
118 -13.24476625 0.799827317
119 -13.42186669 0.7968378115
120 -13.59383902 0.7939192367
121 -13.76132209 0.7910623617
122 -13.92488265 0.7882588859
123 -14.08502527 0.7855013263
124 -14.24220067 0.782782919
125 -14.39681295 0.7800975319
126 -14.54922568 0.7774395894
127 -14.69976721 0.7748040049
128 -14.84873517 0.7721861226
129 -14.99640045 0.7695816652
130 -15.14301056 0.7669866886
131 -15.28879268 0.7643975411
132 -15.43395617 0.7618108274
133 -15.57869496 0.7592233768
134 -15.72318945 0.7566322148
135 -15.86760837 0.7540345372
136 -16.01211034 0.7514276878
137 -16.15684522 0.7488091371
138 -16.30195546 0.7461764644
139 -16.44757714 0.7435273402
140 -16.59384105 0.7408595112
141 -16.74087361 0.7381707863
142 -16.88879768 0.7354590233
143 -17.03773339 0.7327221169
144 -17.18779881 0.7299579879
145 -17.33911067 0.7271645722
146 -17.49178493 0.7243398115
147 -17.64593744 0.7214816438
148 -17.80168445 0.7185879941
149 -17.95914317 0.7156567666
150 -18.11843229 0.7126858362
151 -18.27967251 0.7096730402
152 -18.44298699 0.7066161712
153 -18.60850191 0.7035129689
154 -18.77634691 0.7003611131
155 -18.94665557 0.6971582159
156 -19.11956597 0.6939018147
157 -19.29522111 0.6905893648
158 -19.47376947 0.687218232
159 -19.65536551 0.6837856858
160 -19.84017018 0.680288892
161 -20.02835147 0.6767249057
162 -20.22008499 0.6730906643
163 -20.41555448 0.6693829807
164 -20.61495244 0.6655985367
165 -20.81848068 0.6617338763
166 -21.02635098 0.6577854001
167 -21.23878564 0.6537493593
168 -21.45601816 0.6496218509
169 -21.67829386 0.6453988132
170 -21.90587047 0.6410760226
171 -22.1390188 0.6366490915
172 -22.37802332 0.632113467
173 -22.62318275 0.6274644323
174 -22.87481062 0.6226971096
175 -23.13323573 0.6178064654
176 -23.39880262 0.6127873187
177 -23.67187189 0.6076343533
178 -23.95282044 0.6023421331
179 -24.24204152 0.596905123
180 -24.53994469 0.5913177143
181 -24.84695553 0.5855742567
182 -25.16351505 0.5796690971
183 -25.49007889 0.5735966258
184 -25.82711613 0.5673513311
185 -26.17510773 0.5609278632
186 -26.53454445 0.5543211085
187 -26.90592436 0.547526273
188 -27.2897497 0.5405389777
189 -27.68652312 0.5333553647
190 -28.09674332 0.5259722131
191 -28.52089986 0.5183870661
192 -28.95946735 0.5105983659
193 -29.41289878 0.502605596
194 -29.88161821 0.4944094275
195 -30.36601274 0.4860118666
196 -30.86642389 0.4774163988
197 -31.38313856 0.468628125
198 -31.91637962 0.4596538838
199 -32.46629651 0.4505023531
200 -33.03295608 0.441184126
201 -33.61633383 0.4317117522
202 -34.21630615 0.4220997406
203 -34.83264377 0.4123645159
204 -35.46500678 0.4025243269
205 -36.11294168 0.3925991021
206 -36.77588071 0.3826102541
207 -37.45314371 0.3725804341
208 -38.14394266 0.362533242
209 -38.84738898 0.352492899
210 -39.56250348 0.342483894
211 -40.28822874 0.3325306139
212 -41.02344374 0.322656972
213 -41.76697995 0.3128860472
214 -42.51763885 0.3032397475
215 -43.2742098 0.2937385088
216 -44.03548806 0.2844010388
217 -44.80029208 0.2752441137
218 -45.56747972 0.2662824312
219 -46.33596283 0.2575285213
220 -47.10471981 0.2489927144
221 -47.87280594 0.2406831617
222 -48.63936129 0.2326059033
223 -49.40361614 0.2247649767
224 -50.16489391 0.217162558
225 -50.92261178 0.2097991278
226 -51.6762791 0.2026736541
227 -52.42549379 0.1957837854
228 -53.16993696 0.1891260471
229 -53.90936598 0.182696036
230 -54.64360626 0.1764886088
231 -55.37254187 0.1704980603
232 -56.09610535 0.1647182896
233 -56.81426682 0.1591429514
234 -57.52702261 0.1537655923
235 -58.23438366 0.1485797704
236 -58.9363639 0.1435791573
237 -59.6329687 0.1387576244
238 -60.32418385 0.1341093114
239 -61.00996507 0.1296286784
240 -61.69022851 0.125310542
241 -62.36484237 0.1211500956
242 -63.03361989 0.1171429154
243 -63.69631411 0.1132849525
244 -64.35261439 0.1095725133
245 -65.00214499 0.1060022281
246 -65.64446589 0.1025710128
247 -66.27907562 0.09927602169
248 -66.90541642 0.09611459779
249 -67.5228812 0.09308421961
250 -68.1308225 0.09018244879
251 -68.72856276 0.08740687976
252 -69.31540583 0.0847550937
253 -69.8906492 0.08222461829
254 -70.45359651 0.07981289449
255 -71.00356993 0.07751725106
256 -71.53992207 0.07533488722
257 -72.06204692 0.0732628633
258 -72.56938968 0.07129809894
259 -73.06145505 0.06943737806
260 -73.537814 0.06767735964
261 -73.99810884 0.06601459318
262 -74.44205656 0.06444553776
263 -74.86945053 0.06296658336
264 -75.28016063 0.06157407368
265 -75.67413198 0.06026432914
266 -76.05138244 0.05903366966
267 -76.41199903 0.05787843614
268 -76.75613349 0.05679501051
269 -77.08399725 0.05577983381
270 -77.39585587 0.05482942202
271 -77.6920232 0.0539403798
272 -77.97285543 0.05310941178
273 -78.23874517 0.05233333182
274 -78.49011558 0.05160907002
275 -78.72741476 0.05093367791
276 -78.95111044 0.05030433184
277 -79.16168499 0.04971833485
278 -79.35963083 0.04917311715
279 -79.54544624 0.04866623544
280 -79.71963159 0.0481953713
281 -79.88268596 0.04775832864
282 -80.03510425 0.04735303066
283 -80.17737458 0.04697751618
284 -80.30997613 0.04662993561
285 -80.4333773 0.04630854662
286 -80.54803422 0.04601170967
287 -80.65438951 0.04573788334
288 -80.75287134 0.0454856197
289 -80.84389275 0.04525355964
290 -80.92785101 0.04504042846
291 -81.00512662 0.0448450328
292 -81.07607688 0.04466626912
293 -81.14098135 0.04450323105
294 -81.19956609 0.04435617587
295 -81.24684693 0.0442349795
296 -81.23674625 0.04423314108
297 -80.76323362 0.04518665473
298 -76.27175327 0.05536858923
299 -37.71311325 0.2453281009
300 36.71637786 0.9979942186
301 38.39320062 0.9999401591
302 37.00870142 0.9999250221
303 34.50693569 0.9998824881
304 31.15407506 0.9997835317
305 27.29742652 0.9995618782
306 23.26580472 0.99908767
307 19.29212702 0.9981359779
308 15.51836381 0.9963703216
309 12.02510588 0.993371145
310 8.85479456 0.9887300716
311 6.024156067 0.9821885267
312 3.530393031 0.9737500414
313 1.355664461 0.9636959665
314 -0.5281709984 0.9524978058
315 -2.154670234 0.9406844493
316 -3.558620385 0.9287314484
317 -4.773112923 0.9170033649
318 -5.827911405 0.9057436373
319 -6.748821396 0.8950916914
320 -7.557696621 0.8851092943
321 -8.272780117 0.8758057668
322 -8.909179614 0.8671579954
323 -9.479361945 0.8591247274
324 -9.99360952 0.8516560779
325 -10.46041649 0.8446994955
326 -10.88682064 0.8382032979
327 -11.2786758 0.8321186154
328 -11.6408727 0.8264003353
329 -11.97751703 0.8210074384
330 -12.29207249 0.815902984
331 -12.58747582 0.8110539008
332 -12.86622939 0.8064306841
333 -13.13047593 0.8020070561
334 -13.38205914 0.7977596236
335 -13.62257287 0.7936675519
336 -13.85340145 0.7897122639
337 -14.07575267 0.7858771678
338 -14.29068505 0.7821474134
339 -14.4991304 0.7785096775
340 -14.70191263 0.7749519739
341 -14.89976343 0.771463487
342 -15.0933355 0.7680344258
343 -15.2832137 0.7646558965
344 -15.46992445 0.7613197899
345 -15.65394385 0.7580186839
346 -15.8357045 0.7547457567
347 -16.01560144 0.7514947113
348 -16.19399726 0.7482597081
349 -16.37122652 0.7450353061
350 -16.54759962 0.7418164102
351 -16.72340615 0.7385982242
352 -16.89891791 0.735376209
353 -17.0743915 0.7321460455
354 -17.25007066 0.7289036001
355 -17.4261884 0.7256448947
356 -17.60296887 0.7223660784
357 -17.78062904 0.7190634019
358 -17.9593803 0.7157331947
359 -18.13942991 0.7123718424
360 -18.32098227 0.7089757674
361 -18.50424022 0.7055414093
362 -18.68940621 0.7020652077
363 -18.87668339 0.6985435845
364 -19.06627667 0.6949729288
365 -19.2583938 0.6913495808
366 -19.45324632 0.6876698175
367 -19.65105053 0.6839298384
368 -19.85202853 0.6801257519
369 -20.05640906 0.6762535621
370 -20.26442856 0.6723091564
371 -20.47633202 0.6682882934
372 -20.69237396 0.6641865912
373 -20.91281937 0.6599995173
374 -21.13794464 0.655722378
375 -21.36803846 0.6513503105
376 -21.60340277 0.6468782747
377 -21.84435361 0.6423010477
378 -22.09122201 0.6376132198
379 -22.34435479 0.6328091925
380 -22.60411533 0.6278831803
381 -22.8708842 0.6228292148
382 -23.14505975 0.6176411536
383 -23.42705851 0.6123126937
384 -23.71731545 0.606837391
385 -24.01628397 0.601208686
386 -24.32443565 0.5954199374
387 -24.64225969 0.5894644645
388 -24.97026193 0.5833355995
389 -25.30896342 0.5770267509
390 -25.65889846 0.5705314793
391 -26.02061206 0.563843586
392 -26.39465664 0.5569572164
393 -26.78158809 0.5498669773
394 -27.1819609 0.5425680692
395 -27.59632245 0.5350564331
396 -28.0252064 0.5273289099
397 -28.46912513 0.5193834115
398 -28.92856132 0.5112190992
399 -29.40395864 0.5028365671
400 -29.89571179 0.4942380234
401 -30.40415598 0.4854274643
402 -30.9295561 0.4764108335
403 -31.47209592 0.4671961572
404 -32.03186758 0.4577936482
405 -32.60886189 0.448215769
406 -33.20295975 0.4384772459
407 -33.8139252 0.4285950285
408 -34.44140055 0.4185881877
409 -35.08490383 0.4084777513
410 -35.74382908 0.3982864772
411 -36.41744953 0.3880385675
412 -37.10492379 0.3777593322
413 -37.80530512 0.3674748105
414 -38.51755335 0.3572113649
415 -39.2405494 0.3469952608
416 -39.97311171 0.3368522486
417 -40.71401423 0.3268071631
418 -41.46200521 0.3168835547
419 -42.21582622 0.3071033647
420 -42.97423079 0.2974866543
421 -43.73600205 0.2880513936
422 -44.49996891 0.2788133147
423 -45.26502033 0.2697858273
424 -46.03011739 0.260979996
425 -46.79430295 0.2524045722
426 -47.55670886 0.2440660751
427 -48.31656069 0.235968914
428 -49.07317995 0.2281155418
429 -49.82598424 0.2205066333
430 -50.5744851 0.213141279
431 -51.31828416 0.2060171876
432 -52.05706757 0.1991308908
433 -52.79059898 0.1924779454
434 -53.51871138 0.1860531277
435 -54.24129788 0.1798506175
436 -54.95830182 0.1738641691
437 -55.66970614 0.1680872672
438 -56.3755225 0.1625132668
439 -57.07578012 0.157135516
440 -57.77051468 0.1519474622
441 -58.45975738 0.1469427404
442 -59.14352453 0.1421152444
443 -59.82180767 0.1374591815
444 -60.49456472 0.1329691102
445 -61.16171216 0.1286399634
446 -61.82311858 0.1244670556
447 -62.47859977 0.1204460774
448 -63.12791546 0.116573078
449 -63.77076798 0.112844437
450 -64.40680266 0.1092568278
451 -65.03561018 0.1058071747
452 -65.65673074 0.1024926055
453 -66.2696598 0.09931040264
454 -66.87385537 0.09625795398
455 -67.46874646 0.0933327056
456 -68.05374244 0.09053211876
457 -68.62824297 0.08785363181
458 -69.19164825 0.08529462842
459 -69.74336905 0.08285241263
460 -70.28283649 0.08052419117
461 -70.80951107 0.07830706268
462 -71.32289083 0.07619801369
463 -71.82251849 0.0741939206
464 -72.30798733 0.07229155689
465 -72.77894583 0.07048760453
466 -73.23510106 0.06877866877
467 -73.67622078 0.06716129523
468 -74.10213436 0.06563198846
469 -74.51273255 0.06418723113
470 -74.90796638 0.06282350309
471 -75.28784502 0.06153729989
472 -75.65243311 0.06032515009
473 -76.00184735 0.05918363118
474 -76.3362527 0.05810938384
475 -76.65585831 0.05709912438
476 -76.96091314 0.05614965533
477 -77.25170155 0.05525787426
478 -77.52853884 0.05442078076
479 -77.79176695 0.05363548179
480 -78.04175012 0.05289919555
481 -78.27887092 0.0522092539
482 -78.5035264 0.05156310356
483 -78.7161245 0.05095830633
484 -78.91708077 0.05039253823
485 -79.10681535 0.04986358801
486 -79.28575022 0.0493693549
487 -79.45430678 0.04890784591
488 -79.61290367 0.04847717267
489 -79.76195486 0.04807554797
490 -79.90186802 0.04770128202
491 -80.0330431 0.04735277863
492 -80.15587117 0.04702853124
493 -80.27073338 0.04672711888
494 -80.37800025 0.04644720216
495 -80.47803096 0.04618751934
496 -80.57117297 0.04594688235
497 -80.65776158 0.04572417303
498 -80.73811981 0.04551833938
499 -80.81255824 0.04532839197
500 -80.881375 0.04515340047
501 -80.94485585 0.04499249034
502 -81.00327429 0.04484483965
503 -81.05689176 0.04470967601
504 -81.10595787 0.04458627374
505 -81.15071069 0.04447395102
506 -81.19137703 0.0443720674
507 -81.22817279 0.04428002124
508 -81.2613033 0.04419724742
509 -81.29096362 0.04412321531
510 -81.31733821 0.04405742803
511 -81.34059515 0.04399943296
512 -81.36083134 0.04394893149
513 -81.37757696 0.04390677882
514 -81.38534731 0.04388396405
515 -81.33377047 0.04398224973
516 -80.77069531 0.04512996269
517 -75.66491838 0.05683788905
518 -31.666398 0.2959582347
519 37.31978986 0.9988486102
520 38.42756277 0.9999408284
521 37.01901132 0.9999251623
522 34.55213319 0.9998833585
523 31.27457777 0.999787936
524 27.5208495 0.9995784997
525 23.60318548 0.9991394754
526 19.74059817 0.9982741983
527 16.06581361 0.9966910958
528 12.65423563 0.9940252886
529 9.546333779 0.9899130626
530 6.759503532 0.9841058977
531 4.29365193 0.9765712533
532 2.134832126 0.9675207278
533 0.2590474913 0.9573499377
534 -1.3636025 0.9465293987
535 -2.765111822 0.9355027344
536 -3.976689604 0.9246254428
537 -5.026985595 0.9141462089
538 -5.941255917 0.9042161327
539 -6.741178653 0.8949099219
540 -7.445046938 0.8862484972
541 -8.06814106 0.8782180806
542 -8.623156104 0.8707844596
543 -9.120617938 0.8639028325
544 -9.569256428 0.8575242103
545 -9.976325499 0.8515993544
546 -10.34787039 0.8460810508
547 -10.6889473 0.8409253051
548 -11.00380229 0.8360918635
549 -11.29601629 0.8315443277
550 -11.56862244 0.8272500366
551 -11.82420115 0.8231798252
552 -12.06495714 0.8193077253
553 -12.29278208 0.8156106509
554 -12.50930579 0.8120680885
555 -12.71593806 0.8086618067
556 -12.91390317 0.8053755898
557 -13.10426828 0.8021949974
558 -13.28796708 0.7991071506
559 -13.46581939 0.7961005422
560 -13.63854768 0.7931648699
561 -13.80679081 0.7902908896
562 -13.97111571 0.7874702868
563 -14.13202722 0.7846955635
564 -14.28997651 0.7819599401
565 -14.44536819 0.7792572682
566 -14.59856646 0.7765819548
567 -14.74990033 0.7739288955
568 -14.89966824 0.7712934159
569 -15.04814189 0.7686712194
570 -15.19556973 0.7660583421
571 -15.34217987 0.7634511113
572 -15.48818273 0.7608461107
573 -15.6337733 0.7582401476
574 -15.77913314 0.7556302244
575 -15.92443216 0.7530135138
576 -16.06983024 0.7503873348
577 -16.21547855 0.7477491331
578 -16.36152091 0.7450964616
579 -16.50809483 0.7424269641
580 -16.65533262 0.7397383592
581 -16.80336223 0.7370284267
582 -16.95230818 0.7342949941
583 -17.10229231 0.7315359249
584 -17.2534345 0.7287491071
585 -17.40585333 0.7259324428
586 -17.55966677 0.723083838
587 -17.71499272 0.7202011937
588 -17.87194961 0.7172823966
589 -18.03065692 0.7143253105
590 -18.19123578 0.711327768
591 -18.35380938 0.7082875627
592 -18.51850358 0.705202441
593 -18.68544734 0.7020700946
594 -18.85477326 0.698888153
595 -19.02661807 0.6956541758
596 -19.20112311 0.6923656453
597 -19.37843487 0.6890199595
598 -19.55870549 0.6856144243
599 -19.74209329 0.6821462466
600 -19.92876332 0.678612527
601 -20.11888787 0.6750102529
602 -20.31264709 0.6713362911
603 -20.5102295 0.6675873813
604 -20.71183264 0.6637601294
605 -20.91766366 0.6598510015
606 -21.12793988 0.6558563175
607 -21.34288949 0.651772246
608 -21.56275214 0.6475947997
609 -21.78777957 0.6433198312
610 -22.01823624 0.6389430304
611 -22.25439996 0.634459923
612 -22.49656248 0.62986587
613 -22.74503007 0.6251560701
614 -23.00012401 0.6203255635
615 -23.2621811 0.6153692389
616 -23.53155402 0.6102818434
617 -23.80861164 0.6050579962
618 -24.09373916 0.5996922067
619 -24.38733813 0.5941788974
620 -24.68982628 0.5885124323
621 -25.00163709 0.5826871528
622 -25.32321912 0.5766974192
623 -25.65503501 0.5705376614
624 -25.99756011 0.5642024382
625 -26.35128071 0.5576865056
626 -26.71669171 0.550984896
627 -27.09429386 0.5440930074
628 -27.48459031 0.5370067039
629 -27.88808258 0.5297224266
630 -28.30526576 0.5222373156
631 -28.73662305 0.5145493402
632 -29.18261952 0.5066574387
633 -29.64369513 0.4985616621
634 -30.12025706 0.4902633221
635 -30.61267137 0.4817651371
636 -31.12125412 0.4730713733
637 -31.64626222 0.4641879744
638 -32.18788389 0.4551226749
639 -32.74622942 0.4458850896
640 -33.32132208 0.4364867736
641 -33.91308989 0.4269412453
642 -34.52135833 0.4172639669
643 -35.14584454 0.4074722781
644 -35.78615329 0.3975852781
645 -36.44177509 0.3876236568
646 -37.11208672 0.3776094733
647 -37.7963544 0.3675658886
648 -38.49373969 0.3575168559
649 -39.20330805 0.3474867788
650 -39.9240401 0.3375001482
651 -40.65484506 0.32758117
652 -41.39457621 0.3177533968
653 -42.14204777 0.3080393778
654 -42.89605263 0.2984603372
655 -43.65538043 0.289035895
656 -44.41883528 0.2797838352
657 -45.18525261 0.2707199299
658 -45.95351464 0.2618578207
659 -46.72256405 0.2532089578
660 -47.49141547 0.2447825943
