-58.96657828382694788161
-58.97209180316006182920
-58.98357215911742912340
-59.00195971053326360334
-59.02875131587372692366
-59.06610958641523723145
-59.11701811740065437561
-59.18549106762159084383
-59.27684764997902533423
-59.39806413502120818748
-59.55821754410489887732
-59.76903576097461012751
-60.04556737901801710677
-60.40697969323432658939
-60.87748240385332820779
-61.48735401586506554850
-62.27401173023339708834
-63.28300489016048402391
-64.56871327383281311540
-66.19437450209865403394
-68.23081951687017010499
-69.85638385687498441712
-71.14193391536390720375
-72.15074709656174434258
-72.93723692167561978295
-73.54697895858082290488
-74.01741106069098918852
-74.37882981797125125922
-74.65546362575858552191
-74.86650223493012390463
-75.02702368930552268012
-75.14879588732202364554
-75.24095066674742326995
-75.31053922040953807482
-75.36298264115161771315
-75.40243291845274598018
-75.43205931218051318865
-75.45427366341229458158
-75.47090643889674765887
-75.48334347230976959509
-75.49263163794958586550
-75.49956015423653354901
-75.50472289399378666985
-75.50856597398158953638
-75.51142398973594538347
-75.51354752878140175198
-75.51512400946008085612
-75.51629342884368156774
-75.51716023893440876691
-75.51780228616165402400
-75.51827752870711663036
-75.51862907599252139335
-75.51888896383954374869
-75.51908097863373825476
-75.51922276736915762285
-75.51932741227660983441
-75.51940460459331916354
-75.51946151861372413805
-75.51950346191969742904
-75.51953435866143138355
-75.51955710844387681391
-75.51957385262018362937
-75.51958617172925869454
-75.51959523177470146038
-75.51960189252622512868
-75.51960678765074419516
-75.51961038396352421387
-75.51961302521422680911
-75.51961496442595489498
-75.51961638776701590814
-75.51961743216340039453
-75.51961819828662214604
-75.51961876012683205772
-75.51961917204579322060
-75.51961947397086305500
-75.51961969521843798248
-75.51961985730726212296
-75.51961997602786880179
-75.51962006296406570982
-75.51962012661130074775
-75.51962017319839048923
-75.51962020729108360229
-75.51962023223528319704
-75.51962025048233329017
-75.51962026382776116407
-75.51962027358646878383
-75.51962028072112786958
-75.51962028593641207408
-75.51962028974801910408
-75.51962029253327557399
-75.51962029456821312579
-75.51962029605472537241
-75.51962029714044888351
-75.51962029793332931149
-75.51962029851226532173
-75.51962029893491035182
-75.51962029924342800768
-75.51962029946861321150
-75.51962029963294753543
-75.51962029975285872752
-75.51962029984032653829
-75.51962029990413327596
-75.51962029995067382515
-75.51962029998462355707
-75.51962030000939307683
-75.51962030002744086232
-75.51962030004058590293
-75.51962030005017822987
-75.51962030005716997039
-75.51962030006225745637
-75.51962030006596648946
-75.51962030006868076271
-75.51962030007064186066
-75.51962030007209136784
-75.51962030007314297109
-75.51962030007391035724
-75.51962030007446458058
-75.51962030007486248451
-75.51962030007514670160
-75.51962030007535986442
-75.51962030007551618382
-75.51962030007562987066
-75.51962030007570092494
-75.51962030007575776835
-75.51962030007580040092
-75.51962030007582882263
-75.51962030007584303348
-75.51962030007585724434
-75.51962030007587145519
-75.51962030007588566605
-75.51962030007588566605
-75.51962030007588566605
-75.51962030007588566605
-75.51962030007588566605
-75.51962030007588566605
-75.51962030007588566605
-75.51962030007588566605
-75.51962030007588566605
-75.51962030007588566605
-75.51962030007588566605
-75.51962030007588566605
-75.51962030007588566605
-75.51962030007588566605
-75.51962030007588566605
-75.51962030007588566605
-75.51962030007588566605
-75.51962030007588566605
-75.51962030007588566605
-75.51962030007588566605
-75.51962030007588566605
-75.51962030007588566605
-75.51962030007588566605
-75.51962030007588566605
-75.51962030007588566605
-75.51962030007588566605
-75.51962030007588566605
-75.51962030007588566605
-75.51962030007588566605
-75.51962030007588566605
-75.51962030007588566605
-75.51962030007588566605
-75.51962030007588566605
-75.51962030007588566605
-75.51962030007588566605
-75.51962030007588566605
-75.51962030007588566605
-75.51962030007588566605
-75.51962030007588566605
-75.51962030007588566605
-75.51962030007588566605
-75.51962030007588566605
-75.51962030007588566605
-75.51962030007588566605
-75.51962030007588566605
-75.51962030007588566605
-75.51962030007588566605
-75.51962030007588566605
-75.51962030007588566605
-75.51962030007588566605
-75.51962030007588566605
-75.51962030007588566605
-75.51962030007588566605
-75.51962030007588566605
-75.51962030007588566605
-75.51962030007588566605
-75.51962030007588566605
-75.51962030007588566605
-75.51962030007588566605
-75.51962030007588566605
-75.51962030007588566605
-75.51962030007588566605
-75.51962030007588566605
-75.51962030007588566605
-75.51962030007588566605
-75.51962030007588566605
-75.51962030007588566605
-75.51962030007588566605
-75.51962030007588566605
-75.51962030007588566605
-75.51962030007588566605
-75.51962030007588566605
-75.51962030007588566605
-75.51962030007588566605
-75.51962030007588566605
-75.51962030007588566605
-75.51962030007588566605
-75.51962030007588566605
-75.51962030007588566605
-75.51962030007588566605
-75.51962030007588566605
-75.51962030007588566605
-75.51962030007588566605
-75.51962030007588566605
-75.51962030007588566605
-75.51962030007588566605
-75.51962030007588566605
-75.51962030007588566605
-75.51962030007588566605
-75.51962030007588566605
-75.51962030007588566605
-75.51962030007588566605
-75.51962030007588566605
-75.51962030007588566605
-75.51962030007588566605
-75.51962030007588566605
-75.51962030007588566605
-75.51962030007588566605
-75.51962030007588566605
-75.51962030007588566605
-75.51962030007588566605
-75.51962030007588566605
-75.51962030007588566605
-75.51962030007588566605
-75.51962030007588566605
-75.51962030007588566605
-75.51962030007588566605
-75.51962030007588566605
-75.51962030007588566605
-75.51962030007588566605
-75.51962030007588566605
-75.51962030007588566605
-75.51962030007588566605
-75.51962030007588566605
-75.51962030007588566605
-75.51962030007588566605
-75.51962030007588566605
-75.51962030007588566605
-75.51962030007588566605
-75.51962030007588566605
-75.51962030007588566605
-75.51962030007588566605
-75.51962030007588566605
-75.51962030007588566605
-75.51962030007588566605
-75.51962030007588566605
-75.51962030007588566605
-75.51962030007588566605
-75.51962030007588566605
-75.51962030007588566605
-75.51962030007588566605
-75.51962030007588566605
-75.51962030007588566605
-75.51962030007588566605
-75.51962030007588566605
-75.51962030007588566605
-75.51962030007588566605
-75.51962030007588566605
-75.51962030007588566605
-75.51962030007588566605
-75.51962030007588566605
-75.51962030007588566605
-75.51962030007588566605
-75.51962030007588566605
-75.51962030007588566605
-75.51962030007588566605
-75.51962030007588566605
-75.51962030007588566605
-75.51962030007588566605
-75.51962030007588566605
-75.51962030007588566605
-75.51962030007588566605
-75.51962030007588566605
-75.51962030007588566605
-75.51962030007588566605
-75.51962030007588566605
-75.51962030007588566605
-75.51962030007588566605
-75.51962030007588566605
-75.51962030007588566605
-75.51962030007588566605
-75.51962030007588566605
-75.51962030007588566605
-75.51962030007588566605
-75.51962030007588566605
-75.51962030007588566605
-75.51962030007588566605
-75.51962030007588566605
-75.51962030007588566605
-75.51962030007588566605
-75.51962030007588566605
-75.51962030007588566605
-75.51962030007588566605
-75.51962030007588566605
-75.51962030007588566605
-75.51962030007588566605
-75.51962030007588566605
-75.51962030007588566605
-75.51962030007588566605
-75.51962030007588566605
-75.51962030007588566605
-75.51962030007588566605
-75.51962030007588566605
-75.51962030007588566605
-75.51962030007588566605
-75.51962030007588566605
-75.51962030007588566605
-75.51962030007588566605
-75.51962030007588566605
-75.51962030007588566605
-75.51962030007588566605
-75.51962030007588566605
-75.51962030007588566605
-75.51962030007588566605
-75.51962030007588566605
-75.51962030007588566605
-75.51962030007588566605
-75.51962030007588566605
-75.51962030007588566605
-75.51962030007588566605
-75.51962030007588566605
-75.51962030007588566605
-75.51962030007588566605
-75.51962030007588566605
-75.51962030007588566605
-75.51962030007588566605
-75.51962030007588566605
-75.51962030007588566605
-75.51962030007588566605
-75.51962030007588566605
-75.51962030007588566605
-75.51962030007588566605
-75.51962030007588566605
-75.51962030007588566605
-75.51962030007588566605
-75.51962030007588566605
-75.51962030007588566605
-75.51962030007588566605
-75.51962030007588566605
-75.51962030007588566605
-75.51962030007588566605
-75.51962030007588566605
-75.51962030007588566605
-75.51962030007588566605
-75.51962030007588566605
-75.51962030007588566605
-75.51962030007588566605
-75.51962030007588566605
-75.51962030007588566605
-75.51962030007588566605
-75.51962030007588566605
-75.51962030007588566605
-75.51962030007588566605
-75.51962030007588566605
-75.51962030007588566605
-75.51962030007588566605
-75.51962030007588566605
-75.51962030007588566605
-75.51962030007588566605
-75.51962030007588566605
-75.51962030007588566605
-75.51962030007588566605
-75.51962030007588566605
-75.51962030007588566605
-75.51962030007588566605
-75.51962030007588566605
-75.51962030007588566605
-75.51962030007588566605
-75.51962030007588566605
-75.51962030007588566605
-75.51962030007588566605
-75.51962030007588566605
-75.51962030007588566605
-75.51962030007588566605
-75.51962030007588566605
-75.51962030007588566605
-75.51962030007588566605
-75.51962030007588566605
-75.51962030007588566605
-75.51962030007588566605
-75.51962030007588566605
-75.51962030007588566605
-75.51962030007588566605
-75.51962030007588566605
-75.51962030007588566605
-75.51962030007588566605
-75.51962030007588566605
-75.51962030007588566605
-75.51962030007588566605
-75.51962030007588566605
-75.51962030007588566605
-75.51962030007588566605
-75.51962030007588566605
-75.51962030007588566605
-75.51962030007588566605
-75.51962030007588566605
-75.51962030007588566605
-75.51962030007588566605
-75.51962030007588566605
-75.51962030007588566605
-75.51962030007588566605
-75.51962030007588566605
-75.51962030007588566605
-75.51962030007588566605
-75.51962030007588566605
-75.51962030007588566605
-75.51962030007588566605
-75.51962030007588566605
-75.51962030007588566605
-75.51962030007588566605
-75.51962030007588566605
-75.51962030007588566605
-75.51962030007588566605
-75.51962030007588566605
-75.51962030007588566605
-75.51962030007588566605
-75.51962030007588566605
-75.51962030007588566605
-75.51962030007588566605
-75.51962030007588566605
-75.51962030007588566605
-75.51962030007588566605
-75.51962030007588566605
-75.51962030007588566605
-75.51962030007588566605
-75.51962030007588566605
-75.51962030007588566605
-75.51962030007588566605
-75.51962030007588566605
-75.51962030007588566605
-75.51962030007588566605
-75.51962030007588566605
-75.51962030007588566605
-75.51962030007588566605
-75.51962030007588566605
-75.51962030007588566605
-75.51962030007588566605
-75.51962030007588566605
-75.51962030007588566605
-75.51962030007588566605
-75.51962030007588566605
-75.51962030007588566605
-75.51962030007588566605
-75.51962030007588566605
-75.51962030007588566605
-75.51962030007588566605
-75.51962030007588566605
-75.51962030007588566605
-75.51962030007588566605
-75.51962030007588566605
-75.51962030007588566605
-75.51962030007588566605
-75.51962030007588566605
-75.51962030007588566605
-75.51962030007588566605
-75.51962030007588566605
-75.51962030007588566605
-75.51962030007588566605
-75.51962030007588566605
-75.51962030007588566605
-75.51962030007588566605
-75.51962030007588566605
-75.51962030007588566605
-75.51962030007588566605
-75.51962030007588566605
-75.51962030007588566605
-75.51962030007588566605
-75.51962030007588566605
-75.51962030007588566605
-75.51962030007588566605
-75.51962030007588566605
-75.51962030007588566605
-75.51962030007588566605
-75.51962030007588566605
-75.51962030007588566605
-75.51962030007588566605
-75.51962030007588566605
-75.51962030007588566605
-75.51962030007588566605
-75.51962030007588566605
-75.51962030007588566605
-75.51962030007588566605
-75.51962030007588566605
-75.51962030007588566605
-75.51962030007588566605
-75.51962030007588566605
-75.51962030007588566605
-75.51962030007588566605
-75.51962030007588566605
-75.51962030007588566605
-75.51962030007588566605
-75.51962030007588566605
-75.51962030007588566605
-75.51962030007588566605
-75.51962030007588566605
-75.51962030007588566605
-75.51962030007588566605
-75.51962030007588566605
-75.51962030007588566605
-75.51962030007588566605
-75.51962030007588566605
-75.51962030007588566605
-75.51962030007588566605
-75.51962030007588566605
-75.51962030007588566605
-75.51962030007588566605
-75.51962030007588566605
-75.51962030007588566605
-75.51962030007588566605
-75.51962030007588566605
-75.51962030007588566605
-75.51962030007588566605
-75.51962030007588566605
-75.51962030007588566605
-75.51962030007588566605
-75.51962030007588566605
-75.51962030007588566605
-75.51962030007588566605
-75.51962030007588566605
-75.51962030007588566605
-75.51962030007588566605
-75.51962030007588566605
-75.51962030007588566605
-75.51962030007588566605
-75.51962030007588566605
-75.51962030007588566605
-75.51962030007588566605
-75.51962030007588566605
-75.51962030007588566605
-75.51962030007588566605
-75.51962030007588566605
-75.51962030007588566605
-75.51962030007588566605
-75.51962030007588566605
-75.51962030007588566605
-75.51962030007588566605
-75.51962030007588566605
-75.51962030007588566605
-75.51962030007588566605
-75.51962030007588566605
-75.51962030007588566605
-75.51962030007588566605
-75.51962030007588566605
-75.51962030007588566605
-75.51962030007588566605
-75.51962030007588566605
-75.51962030007588566605
-75.51962030007588566605
-75.51962030007588566605
-75.51962030007588566605
-75.51962030007588566605
-75.51962030007588566605
-75.51962030007588566605
-75.51962030007588566605
-75.51962030007588566605
-75.51962030007588566605
-75.51962030007588566605
-75.51962030007588566605
-75.51962030007588566605
-75.51962030007588566605
-75.51962030007588566605
-75.51962030007588566605
-75.51962030007588566605
-75.51962030007588566605
-75.51962030007588566605
-75.51962030007588566605
-75.51962030007588566605
-75.51962030007588566605
-75.51962030007588566605
-75.51962030007588566605
-75.51962030007588566605
-75.51962030007588566605
-75.51962030007588566605
-75.51962030007588566605
-75.51962030007588566605
-75.51962030007588566605
-75.51962030007588566605
-75.51962030007588566605
-75.51962030007588566605
-75.51962030007588566605
-75.51962030007588566605
-75.51962030007588566605
-75.51962030007588566605
-75.51962030007588566605
-75.51962030007588566605
-75.51962030007588566605
-75.51962030007588566605
-75.51962030007588566605
-75.51962030007588566605
-75.51962030007588566605
-75.51962030007588566605
-75.51962030007588566605
-75.51962030007588566605
-75.51962030007588566605
-75.51962030007588566605
-75.51962030007588566605
-75.51962030007587145519
-75.51962030007587145519
-75.51962030007585724434
-75.51962030007585724434
