0 -87 0.01
5 35.69272707 0.924069953
10 32.72205326 0.9998343342
15 20.58504163 0.9984539698
20 12.09955095 0.9931141613
25 6.751187705 0.983297732
30 3.703355377 0.9730870738
35 2.088845689 0.965702697
40 1.260309458 0.9612811416
45 0.8295738628 0.9588031092
50 0.5877619299 0.9573615192
55 0.4286424153 0.9563975666
60 0.2999302744 0.9556109342
65 0.1763854724 0.9548489723
70 0.04595895994 0.9540350042
75 -0.09704570007 0.9531295945
80 -0.2552579084 0.9521111937
85 -0.4297937119 0.9509668308
90 -0.620986818 0.9496877283
95 -0.8287360825 0.9482672539
100 -1.052676716 0.9466999656
105 -1.292271245 0.944981161
110 -1.54686399 0.9431066585
115 -1.815718601 0.9410726824
120 -2.098047147 0.9388757948
125 -2.393034325 0.936512848
130 -2.699858191 0.933980943
135 -3.017707955 0.93127739
140 -3.345799061 0.9283996685
145 -3.683385714 0.9253453839
150 -4.029771025 0.9221122222
155 -4.384314999 0.9186979001
160 -4.746440632 0.9151001131
165 -5.115638405 0.9113164783
170 -5.491469505 0.9073444735
175 -5.873568058 0.9031813707
180 -6.261642704 0.8988241648
185 -6.655477804 0.8942694942
190 -7.054934545 0.8895135537
195 -7.459952243 0.8845519969
200 -7.870550088 0.8793798259
205 -8.286829618 0.8739912661
210 -8.708978198 0.8683796206
215 -9.137273839 0.8625371014
220 -9.572091712 0.8564546297
225 -10.01391281 0.8501215984
230 -10.46333529 0.8435255858
235 -10.92108926 0.8366520084
240 -11.38805587 0.8294836941
245 -11.86529187 0.8220003535
250 -12.35406142 0.8141779194
255 -12.85587717 0.8059877123
260 -13.37255363 0.7973953776
265 -13.90627699 0.7883595183
270 -14.45969708 0.7788299216
275 -15.03604935 0.768745235
280 6.386308699 0.9802755257
285 3.980355213 0.974950811
290 -2.298304817 0.9393940908
295 -7.785121694 0.8828322206
300 -11.77377626 0.8254132985
305 -14.7976198 0.7744924203
310 -17.38494591 0.7275544137
315 -19.90316097 0.6802349287
320 -22.64204771 0.6282246247
325 -25.87856887 0.5675353544
330 -29.87333847 0.4956822376
335 -34.76606721 0.4144461287
340 -40.42348128 0.3315591798
345 -46.45236894 0.2568847142
350 -52.4466619 0.1960826286
355 -58.17059528 0.14938988
360 -63.49814083 0.1146580485
365 -68.28199467 0.08961657725
370 -72.34536134 0.07224714063
375 -75.5777704 0.06063779038
380 -77.99439864 0.0530843888
385 -79.70919971 0.0482527461
390 -80.87444373 0.04520129653
395 -81.63534805 0.0433042395
400 -82.11008992 0.04215694895
405 -82.38681038 0.04150004809
410 -82.52805542 0.04116705976
415 -82.57698591 0.04105048208
420 -82.5629562 0.04108031759
425 -82.50580834 0.04121056719
430 -82.41894204 0.04141071691
435 -82.31142631 0.04166033963
440 -82.18942299 0.04194564511
445 -82.0571375 0.04225725562
450 -81.9174519 0.04258875866
455 -81.77234694 0.04293575652
460 -81.62318443 0.04329523655
465 -81.47089697 0.04366515036
470 -81.31611629 0.04404413047
475 -81.15926038 0.04443129822
480 -81.00059305 0.04482613314
485 -80.84026469 0.04522838379
490 -80.67834022 0.04563800723
495 -80.51481817 0.0460551285
500 -80.34964351 0.0464800141
505 -80.18271603 0.04691305597
510 -80.01389555 0.0473547631
515 -79.84300453 0.04780575936
520 -79.66982883 0.04826678652
525 -79.4941168 0.04873871189
530 -79.3155768 0.04922254063
535 -79.13387338 0.04971943284
540 -78.94862179 0.05023072612
545 -78.75938078 0.05075796457
550 -78.56564334 0.05130293559
555 39.85729131 0.9999058925
560 28.22797433 0.9996256312
565 13.06490836 0.9943207755
570 3.341182427 0.9723567208
575 -1.88077872 0.9416018292
580 -4.548156954 0.9177050549
585 -6.007469977 0.9020177651
590 -6.914934031 0.8913560551
595 -7.568726511 0.8832700683
600 -8.105413682 0.8763879866
605 -8.588819939 0.8699998387
610 -9.049455724 0.8637433289
615 -9.502327209 0.8574304248
620 -9.95514019 0.8509589867
625 -10.4121491 0.8442686586
630 -10.87599867 0.837318763
635 -11.34862824 0.8300769649
640 -11.83173471 0.8225131639
645 -12.32702841 0.8145958731
650 -12.83639555 0.8062897019
655 -13.36202453 0.7975532018
660 -13.90652869 0.7883366342
665 -14.47308672 0.7785793319
670 -15.06561989 0.7682063466
675 -15.68902725 0.7571240194
680 -16.34950621 0.7452140105
685 -17.05499695 0.7323251603
690 -17.81580457 0.7182623515
695 -18.6454744 0.7027713364
700 -19.56202021 0.6855184379
705 -20.58962148 0.6660645563
710 -21.76087909 0.6438350919
715 -23.11955497 0.6180936409
720 -24.72320693 0.5879421865
725 -26.64388759 0.5523993392
730 -28.96279397 0.5106459082
735 -31.75243412 0.4625238978
740 -35.04245616 0.4092045317
745 -38.78058539 0.3535453186
750 -42.82193203 0.2994756611
755 -46.97252015 0.2505044199
760 -51.0620806 0.2085044503
765 -54.99067491 0.173638088
770 -58.72595214 0.1450745139
775 -62.26875883 0.1217390987
780 -65.61336485 0.1027338816
785 -68.72255267 0.08743094219
790 -71.53018079 0.07536966482
795 -73.9677514 0.06611867867
800 -75.99422285 0.05921448773
805 -77.60942398 0.05418315965
810 -78.84836443 0.05058895634
815 -79.76617503 0.04806688654
820 -80.42356636 0.04633074566
825 -80.87725288 0.04516543635
