0 -87 0.01
5 -84.77216347 0.0361872503
10 -83.04343724 0.03991476844
15 -81.63005191 0.04321954537
20 -80.41597895 0.04625488651
25 -79.32632536 0.04914206631
30 -78.3072126 0.05198820061
35 -77.31449376 0.05490180286
40 -76.30583815 0.05801047482
45 -75.23290918 0.06148765249
50 -74.03008258 0.06560302872
55 -72.59258924 0.07083560424
60 -70.72270019 0.07817963008
65 35.05754992 0.9967881891
70 31.5173115 0.999792676
75 19.79302883 0.9982184401
80 11.25439615 0.9920634229
85 6.036034006 0.9812959697
90 3.229104401 0.971086306
95 1.818599049 0.9643126494
100 1.11988495 0.9604862285
105 0.7605402109 0.9583934648
110 0.5547515389 0.9571611405
115 0.4128653726 0.956301159
120 0.2921422539 0.9555638924
125 0.1722578814 0.9548250289
130 0.0435313308 0.9540220705
135 -0.09864388768 0.9531222491
140 -0.2564140289 0.9521070158
145 -0.4306894067 0.950964692
150 -0.6217208657 0.9496870213
155 -0.8293767943 0.9482675549
160 -1.053282797 0.9467008937
165 -1.292898762 0.9449823266
170 -1.54756733 0.9431076522
175 -1.816548953 0.9410730829
180 -2.099050113 0.9388751866
185 -2.394247382 0.9365108429
190 -2.701308358 0.9339772048
195 -3.01940981 0.9312716604
200 -3.347753166 0.928391793
205 -3.685577428 0.9253353386
210 -4.032169665 0.92210014
215 -4.386873266 0.9186840976
220 -4.749094227 0.9150851173
225 -5.118305734 0.911301054
230 -5.494051375 0.9073296524
235 -5.875947273 0.9031684826
240 -6.263683466 0.8988148711
245 -6.657024816 0.8942658268
250 -7.055811735 0.8895179592
255 -7.459960982 0.8845673883
260 -7.869466807 0.8794096449
265 -8.28440267 0.8740395571
270 -8.704923809 0.8684511215
275 -9.131270929 0.8626373547
280 -9.563775319 0.8565901196
285 -10.00286577 0.8502999211
290 -10.44907775 0.8437556626
295 -10.90306529 0.8369443536
300 -11.36561654 0.8298507541
305 -11.83767354 0.8224569398
310 -12.32035783 0.8147417639
315 -12.81500319 0.8066801868
320 -13.32319791 0.7982424311
325 -13.84683945 0.7893929118
330 -14.38820562 0.7800888643
335 -14.95004787 0.7702785752
340 -15.5357145 0.7598990799
345 -16.14931477 0.7488731458
350 -16.79593917 0.7371052951
355 -17.48195729 0.7244765436
360 -18.21542301 0.710837438
365 -19.00662743 0.6959988977
370 -19.86885181 0.679720369
375 -20.81938168 0.6616950554
380 -21.88083616 0.6415329048
385 -23.08280939 0.6187444656
390 -24.46364028 0.5927342797
395 -26.07168001 0.5628234578
400 -27.9645248 0.528338348
405 -30.20333336 0.4888169422
410 -32.83855771 0.4443618101
415 -35.88623054 0.3960469002
420 -39.3036133 0.346075732
425 -42.98403948 0.2973459081
430 -46.78491355 0.2525055015
435 -50.57518955 0.2131391966
440 -54.27040465 0.1796118749
445 -57.83705922 0.1514659774
450 -61.27138365 0.1279477757
455 -64.56732382 0.1083756135
460 -67.69018989 0.09227325806
465 -70.57168755 0.07931141831
470 -73.13091447 0.06917534063
475 -75.30622011 0.06148432759
480 -77.07581782 0.0558030845
485 -78.45827521 0.05169877519
490 -79.4995796 0.04878962236
495 -80.25752785 0.04676599526
500 -80.78991092 0.04538998169
505 -81.1479511 0.04448469851
510 -81.37386283 0.04392111863
515 -81.50086536 0.04360607996
520 -81.55433171 0.04347262993
525 -81.55327507 0.04347271185
530 -81.51177348 0.0435718041
535 -81.4401761 0.04374506054
540 -81.34605977 0.0439745577
545 -81.2349589 0.04424733979
550 -81.11090979 0.04455403202
555 -80.97685077 0.04488785628
560 -80.8349139 0.0452439312
565 -80.68663663 0.0456187734
570 -80.53311491 0.04600994144
575 -80.3751138 0.04641578156
580 -80.21314717 0.0468352463
585 -80.04753492 0.04726776614
590 -79.8784437 0.04771315972
595 -79.70591551 0.0481715731
600 -79.52988708 0.04864344115
605 -79.3502022 0.04912946652
610 -79.16603682 0.04963201494
615 14.60822929 0.778210082
620 31.37623595 0.9997902626
625 15.40802395 0.9962279777
630 4.283105664 0.9761311572
635 -1.687908049 0.943217204
640 -4.677222291 0.9165347257
645 -6.281419218 0.8990057954
650 -7.261467967 0.8872214451
655 -7.954712343 0.8784250363
660 -8.513934082 0.8710634916
665 -9.010658265 0.8643269427
670 -9.479404373 0.8577976882
675 -9.93735112 0.8512569296
680 -10.39338972 0.8445856953
685 -10.85241043 0.8377147848
690 -11.31738086 0.8305993363
695 -11.79037869 0.8232056647
700 -12.27312215 0.8155042002
705 -12.76725799 0.8074654391
710 -13.27453433 0.7990573336
715 -13.79692282 0.7902432915
720 -14.33672461 0.7809803188
725 -14.8966812 0.7712170037
730 -15.48010575 0.7608911024
735 -16.09104967 0.7499264919
740 -16.73452156 0.7382292177
745 -17.41678088 0.7256822958
750 -18.14573617 0.7121388481
755 -18.93148803 0.6974130632
760 -19.78706934 0.6812684682
765 -20.72944452 0.66340322
770 -21.78082458 0.6434329695
775 -22.97030234 0.6208741561
780 -24.33564048 0.5951359343
785 -25.92461249 0.5655396874
790 -27.79440955 0.5314024267
795 -30.0062672 0.4922363593
800 -32.61158509 0.4480975225
805 -35.62842341 0.3999992561
810 -39.01675221 0.3500939377
815 -42.67213208 0.301267234
820 -46.45242831 0.2562043008
825 -50.22494114 0.2165541217
