0 -2.594378154 0.6451960822
1 36.3462106 0.9997344326
2 36.89864471 0.9999219913
3 34.73016036 0.9998869046
4 31.34671197 0.999791696
5 27.24250319 0.9995603918
6 22.84211654 0.9990239027
7 18.4587319 0.9978610602
8 14.28923943 0.9955579777
9 10.44614965 0.9914528313
10 6.986604521 0.9849153253
11 3.929221459 0.975606344
12 1.263941724 0.963652694
13 -1.039519828 0.9496082003
14 -3.02303655 0.9342429473
15 -4.732371776 0.9183120707
16 -6.211691989 0.9024138456
17 -7.500534624 0.8869503244
18 -8.632684 0.8721510295
19 -9.636209629 0.8581186214
20 -10.53406794 0.8448729044
21 -11.34489291 0.8323846401
22 -12.08377997 0.8205985902
23 -12.76297926 0.8094480269
24 -13.3924741 0.7988633052
25 -13.98044874 0.7887765981
26 -14.53365989 0.7791242751
27 -15.05772952 0.7698478903
28 -15.55737461 0.7608943848
29 -16.03658769 0.7522158709
30 -16.49877895 0.7437692116
31 -16.94688856 0.7355155212
32 -17.38347602 0.7274196539
33 -17.81079148 0.7194497169
34 -18.23083324 0.7115766249
35 -18.64539415 0.7037737029
36 -19.05609957 0.6960163372
37 -19.46443834 0.6882816731
38 -19.87178841 0.6805483563
39 -20.27943803 0.6727963138
40 -20.68860332 0.6650065708
41 -21.10044293 0.6571611017
42 -21.51607017 0.6492427121
43 -21.93656298 0.64123495
44 -22.36297211 0.6331220457
45 -22.79632743 0.6248888793
46 -23.23764287 0.6165209764
47 -23.68791962 0.6080045309
48 -24.14814799 0.5993264564
49 -24.61930761 0.5904744676
50 -25.10236621 0.581437189
51 -25.59827664 0.5722042946
52 -26.10797229 0.562766676
53 -26.63236075 0.553116637
54 -27.17231567 0.5432481139
55 -27.72866686 0.5331569159
56 -28.3021887 0.5228409793
57 -28.8935869 0.5123006285
58 -29.50348404 0.501538833
59 -30.13240395 0.4905614469
60 -30.78075561 0.4793774181
61 -31.4488171 0.4679989507
62 -32.13672018 0.4564416043
63 -32.84443643 0.4447243147
64 -33.5717657 0.4328693222
65 -34.31832773 0.4209019978
66 -35.08355775 0.4088505607
67 -35.8667067 0.3967456886
68 -36.6668466 0.3846200276
69 -37.48288117 0.3725076163
70 -38.31356187 0.3604432451
71 -39.1575086 0.3484617763
72 -40.01323481 0.3365974554
73 -40.87917567 0.3248832445
74 -41.7537184 0.3133502064
75 -42.63523332 0.3020269671
76 -43.52210446 0.2909392757
77 -44.41275829 0.2801096765
78 -45.30568976 0.2695572988
79 -46.19948446 0.2592977645
80 -47.09283654 0.2493432058
81 -47.98456185 0.2397023809
82 -48.87360623 0.2303808712
83 -49.75904897 0.2213813447
84 -50.64010185 0.212703864
85 -51.51610398 0.2043462244
86 -52.38651297 0.196304305
87 -53.25089311 0.188572419
88 -54.10890084 0.1811436523
89 -54.96026839 0.1740101817
90 -55.80478591 0.167163565
91 -56.64228281 0.1605950003
92 -57.47260882 0.1542955493
93 -58.29561527 0.1482563244
94 -59.11113728 0.1424686394
95 -59.91897725 0.1369241236
96 -60.71889037 0.1316148008
97 -61.51057245 0.1265331362
98 -62.29365069 0.1216720538
99 -63.0676777 0.1170249268
100 -63.83212892 0.1125855467
101 -64.58640381 0.1083480751
102 -65.32983045 0.1043069824
103 -66.06167372 0.1004569795
104 -66.78114634 0.09679294648
105 -67.48742255 0.09330986356
106 -68.17965372 0.09000274702
107 -68.85698513 0.08686659465
108 -69.51857326 0.08389634178
109 -70.16360293 0.08108682978
110 -70.79130351 0.07843278717
111 -71.40096367 0.07592882289
112 -71.99194424 0.07356943075
113 -72.56368882 0.07134900325
114 -73.11573192 0.06926185306
115 -73.64770452 0.06730224022
116 -74.15933669 0.06546440423
117 -74.65045428 0.06374260759
118 -75.12094722 0.06213125126
119 -75.57053828 0.06062551552
120 -75.99706505 0.05922588199
121 -76.38357279 0.05797138779
122 -76.60097724 0.05718741617
123 -75.67348511 0.05941285568
124 -66.29138233 0.08908155939
125 -1.72570683 0.655385524
126 36.37107781 0.9997448192
127 36.88841986 0.9999218728
128 34.70927299 0.9998864818
129 31.31901494 0.9997906449
130 27.21124445 0.9995578849
131 22.80996974 0.999018228
132 18.42749322 0.9978491827
133 14.25998192 0.9955354531
134 10.41946421 0.9914145916
135 6.962758774 0.9848574258
136 3.908244717 0.9755277855
137 1.245684881 0.9635560086
138 -1.055322852 0.9494984117
139 -3.036707799 0.9341257833
140 -4.744240223 0.9181925301
141 -6.222062574 0.902295559
142 -7.509673676 0.8868355438
143 -8.640815841 0.8720409131
144 -9.64351925 0.8580135736
145 -10.54070624 0.8447728604
146 -11.35098246 0.8322892709
147 -12.08942038 0.8205074353
148 -12.76825177 0.809360576
149 -13.39744538 0.7987790447
150 -13.98517386 0.7886950359
151 -14.53818477 0.7790449522
152 -15.06209276 0.7697703846
153 -15.56160903 0.7608183109
154 -16.04072146 0.7521408776
155 -16.50283651 0.7436949787
156 -16.95089139 0.7354417555
157 -17.38744319 0.7273460856
158 -17.81474015 0.7193760963
159 -18.23477902 0.7115027191
160 -18.64935144 0.7036992932
161 -19.06008179 0.6959412166
162 -19.46845816 0.6882056444
163 -19.87585794 0.6804712303
164 -20.28356894 0.6727179076
165 -20.69280698 0.6649267072
166 -21.10473051 0.6570796078
167 -21.52045272 0.6491594189
168 -21.94105153 0.6411496919
169 -22.36757766 0.6330346608
170 -22.80106108 0.6247992092
171 -23.24251576 0.6164288668
172 -23.692943 0.6079098323
173 -24.15333318 0.5992290256
174 -24.624666 0.5903741687
175 -25.10790921 0.5813338953
176 -25.60401563 0.5720978913
177 -26.11391855 0.5626570618
178 -26.63852533 0.5530037277
179 -27.17870928 0.5431318453
180 -27.73529975 0.5330372472
181 -28.30907046 0.5227178968
182 -28.90072632 0.5121741491
183 -29.51088884 0.5014090076
184 -30.14008062 0.4904283639
185 -30.78870918 0.4792412062
186 -31.45705091 0.4678597809
187 -32.14523568 0.4562996911
188 -32.85323302 0.4445799163
189 -33.58084053 0.4327227397
190 -34.32767564 0.4207535722
191 -35.0931712 0.4087006694
192 -35.87657578 0.3965947399
193 -36.67695913 0.3844684542
194 -37.49322285 0.3723558677
195 -38.32411646 0.3602917791
196 -39.16825825 0.34831105
197 -40.02416035 0.3364479167
198 -40.89025702 0.3247353233
199 -41.76493492 0.3132043072
200 -42.64656426 0.3018834621
201 -43.53352929 0.2907984994
202 -44.42425712 0.279971922
203 -45.31724361 0.2694228154
204 -46.21107556 0.2591667569
205 -47.10444856 0.2492158345
206 -47.99618001 0.2395787636
207 -48.8852174 0.2302610863
208 -49.77064172 0.2212654341
209 -50.65166641 0.2125918372
210 -51.52763212 0.2042380631
211 -52.39799795 0.1961999673
212 -53.26232942 0.1884718441
213 -54.12028406 0.1810467646
214 -54.97159495 0.1739168947
215 -55.81605283 0.1670737851
216 -56.65348747 0.1605086299
217 -57.48374868 0.1542124894
218 -58.30668764 0.1481764772
219 -59.12213907 0.1423919099
220 -59.92990477 0.1368504207
221 -60.7297391 0.1315440387
222 -61.52133694 0.1264652344
223 -62.30432443 0.1216069374
224 -63.07825304 0.1169625259
225 -63.84259709 0.1125257963
226 -64.59675491 0.1082909139
227 -65.34005359 0.1042523524
228 -66.07175713 0.1004048245
229 -66.79107753 0.09674321143
230 -67.49718857 0.09326249345
231 -68.18924133 0.08995768615
232 -68.86638108 0.08682378583
233 -69.52776456 0.08385572587
234 -70.17257705 0.08104834532
235 -70.80004864 0.07839637019
236 -71.40946891 0.07589440694
237 -72.00019978 0.073536947
238 -72.57168609 0.07131838081
239 -73.1234637 0.06923301931
240 -73.65516498 0.0672751213
241 -74.16652146 0.06543892547
242 -74.65736038 0.06371869421
243 -75.12757274 0.06210882962
244 -75.57687983 0.06060452008
245 -76.00309883 0.05920630384
246 -76.38911034 0.05795363686
247 -76.60456319 0.05717507407
248 -75.6639804 0.05943516127
249 -66.18513288 0.08947675548
250 -1.101716013 0.662621609
251 36.39125019 0.9997520012
252 36.88275177 0.9999218124
253 34.69622728 0.9998862181
254 31.30147726 0.9997899771
255 27.19142816 0.9995562884
256 22.78963981 0.9990146212
257 18.40781613 0.9978416641
258 14.2416426 0.9955212681
259 10.40283004 0.9913906527
260 6.947987197 0.984821419
261 3.89534142 0.9754792893
262 1.234544405 0.9634968122
263 -1.064876982 0.949431819
264 -3.044884342 0.9340554767
265 -4.751249736 0.9181216823
266 -6.228098556 0.9022264525
267 -7.514904023 0.8867695818
268 -8.645381185 0.8719788098
269 -9.64753498 0.8579555728
270 -10.544266 0.8447189167
271 -11.35416192 0.8322391782
272 -12.09228066 0.8204609103
273 -12.77084239 0.8093173084
274 -13.39980662 0.7987387261
275 -13.98733869 0.788657375
276 -14.5401803 0.7790096814
277 -15.06394148 0.7697372624
278 -15.56332967 0.7607871217
279 -16.04232975 0.7521114301
280 -16.50434575 0.7436671035
281 -16.95231288 0.7354153029
282 -17.38878658 0.7273209236
283 -17.81601374 0.7193521078
284 -18.23599 0.7114798009
285 -18.65050604 0.7036773536
286 -19.06118544 0.6959201743
287 -19.46951564 0.6881854272
288 -19.87687344 0.680451774
289 -20.28454617 0.6726991551
290 -20.69374921 0.6649086074
291 -21.10564066 0.6570621155
292 -21.52133337 0.6491424938
293 -21.94190498 0.6411332984
294 -22.36840596 0.6330187672
295 -22.80186604 0.6247837879
296 -23.24329899 0.6164138935
297 -23.69370592 0.6078952862
298 -24.15407703 0.5992148889
299 -24.62539185 0.5903604265
300 -25.10861799 0.5813205358
301 -25.6047081 0.5720849051
302 -26.11459533 0.5626444423
303 -26.63918689 0.5529914706
304 -27.17935598 0.543119949
305 -27.73593178 0.533025712
306 -28.30968788 0.5227067252
307 -28.90132907 0.5121633458
308 -29.51147674 0.5013985788
309 -30.14065334 0.4904183174
310 -30.78926629 0.479231551
311 -31.45759187 0.4678505269
312 -32.14575986 0.4562908487
313 -32.85373968 0.4445714962
314 -33.58132888 0.432714752
315 -34.32814482 0.4207460267
316 -35.09362033 0.4086935744
317 -35.87700396 0.3965881024
318 -36.67736545 0.3844622792
319 -37.49360643 0.3723501581
320 -38.32447645 0.3602865351
321 -39.16859388 0.3483062696
322 -40.02447092 0.336443595
323 -40.89054189 0.3247314529
324 -41.76519358 0.3132008781
325 -42.64679628 0.301880462
326 -43.53373435 0.2907959141
327 -44.42443499 0.2799697353
328 -45.31739416 0.2694210099
329 -46.21119876 0.2591653139
330 -47.10454443 0.2492147346
331 -47.99624867 0.2395779871
332 -48.88525902 0.2302606131
333 -49.77065652 0.2212652443
334 -50.65165465 0.2125919112
335 -51.52759411 0.2042383818
336 -52.397934 0.1962005122
337 -53.26223988 0.1884725972
338 -54.1201693 0.1810477087
339 -54.97145536 0.1739180132
340 -55.81588883 0.1670750623
341 -56.65329952 0.1605100506
342 -57.48353726 0.1542140392
343 -58.3064533 0.148178142
344 -59.12188238 0.1423936764
345 -59.92962639 0.1368522759
346 -60.72943977 0.13154597
347 -61.52101747 0.1264672299
348 -62.30398573 0.1216089851
349 -63.07789611 0.1169646146
350 -63.84222303 0.1125279151
351 -64.59636494 0.1082930524
352 -65.33964901 0.1042545003
353 -66.07133933 0.1004069724
354 -66.79064799 0.09674535049
355 -67.49674882 0.09326461526
356 -68.18879297 0.08995978304
357 -68.86592574 0.08682585085
358 -69.52730387 0.08385775281
359 -70.17211265 0.08105032869
360 -70.79958214 0.07839830529
361 -71.40900187 0.07589628982
362 -71.99973371 0.07353877444
363 -72.57122242 0.07132015028
364 -73.12300376 0.06923472896
365 -73.65471003 0.06727676988
366 -74.16607263 0.06544051231
367 -74.65691872 0.06372021905
368 -75.12713934 0.06211029223
369 -75.57645687 0.0606059174
370 -76.00269741 0.05920760939
371 -76.38880938 0.05795464925
372 -76.60495255 0.05717428473
373 -75.66949028 0.05942066768
374 -66.22846924 0.08931377674
375 -1.342887393 0.6598128357
