0.0000000000 -76.9503501014
0.1000000000 -76.9835774022
0.2000000000 -77.0166469437
0.3000000000 -77.0495572159
0.4000000000 -77.0823020725
0.5000000000 -77.1148651811
0.6000000000 -77.1472125897
0.7000000000 -77.1792847618
0.8000000000 -77.2109897328
0.9000000000 -77.2421987236
1.0000000000 -77.2727448743
1.1000000000 -77.3024250357
1.2000000000 -77.3310040057
1.3000000000 -77.3582203062
1.4000000000 -77.3837925414
1.5000000000 -77.4074254785
1.6000000000 -77.4288151773
1.7000000000 -77.4476526776
1.8000000000 -77.4636259004
1.9000000000 -77.4764194975
2.0000000000 -77.4857123699
2.1000000000 -77.4911724691
2.2000000000 -77.4924483166
2.3000000000 -77.4891567988
2.4000000000 -77.4808673228
2.5000000000 -77.4670828340
2.6000000000 -77.4472180158
2.7000000000 -77.4205743492
2.8000000000 -77.3863110853
2.9000000000 -77.3434110637
3.0000000000 -77.2906406728
3.1000000000 -77.2265037128
3.2000000000 -77.1491890771
3.3000000000 -77.0565119272
3.4000000000 -76.9458475310
3.5000000000 -76.8140563846
3.6000000000 -76.6573987228
3.7000000000 -76.4714360779
3.8000000000 -76.2509171213
3.9000000000 -75.9896445918
4.0000000000 -75.6803196389
4.1000000000 -75.3143593788
4.2000000000 -74.8816828398
4.3000000000 -74.3704597396
4.4000000000 -73.7668156404
4.5000000000 -73.0544859090
4.6000000000 -72.2144094568
4.7000000000 -71.2242512440
4.8000000000 -70.0578396200
4.9000000000 -68.6844999791
5.0000000000 -67.0682584463
5.1000000000 -65.1668753981
5.2000000000 -62.9306427051
5.3000000000 -60.3008291914
5.4000000000 -57.2075644025
5.5000000000 -53.5667737300
5.6000000000 -49.2754629181
5.7000000000 -44.2041482058
5.8000000000 -38.1845939370
5.9000000000 -30.9905831149
6.0000000000 -22.3101105618
6.1000000000 -11.7160178934
6.2000000000 1.2772356979
6.3000000000 16.5046598659
6.4000000000 30.6441088418
6.5000000000 38.0299848455
6.6000000000 39.1635375938
6.7000000000 38.5690309900
6.8000000000 38.1715381838
6.9000000000 38.0340096502
7.0000000000 38.0157930874
7.1000000000 38.0369941144
7.2000000000 38.0602394403
7.3000000000 38.0692441828
7.4000000000 38.0576930209
7.5000000000 38.0238527186
7.6000000000 37.9679875492
7.7000000000 37.8911329164
7.8000000000 37.7945294729
7.9000000000 37.6793781585
8.0000000000 37.5467493406
8.1000000000 37.3975637008
8.2000000000 37.2326042940
8.3000000000 37.0525400444
8.4000000000 36.8579513706
8.5000000000 36.6493538299
8.6000000000 36.4272182309
8.7000000000 36.1919868890
8.8000000000 35.9440862474
8.9000000000 35.6839363078
9.0000000000 35.4119573660
9.1000000000 35.1285745341
9.2000000000 34.8342204810
9.3000000000 34.5293367648
9.4000000000 34.2143740768
9.5000000000 33.8897916634
9.6000000000 33.5560561479
9.7000000000 33.2136399335
9.8000000000 32.8630193372
9.9000000000 32.5046725744
10.0000000000 32.1390776878
10.1000000000 31.7667104981
10.2000000000 31.3880426317
10.3000000000 31.0035396678
10.4000000000 30.6136594372
10.5000000000 30.2188504899
10.6000000000 29.8195507455
10.7000000000 29.4161863299
10.8000000000 29.0091705978
10.9000000000 28.5989033372
11.0000000000 28.1857701462
11.1000000000 27.7701419727
11.2000000000 27.3523748054
11.3000000000 26.9328095014
11.4000000000 26.5117717386
11.5000000000 26.0895720780
11.6000000000 25.6665061222
11.7000000000 25.2428547584
11.8000000000 24.8188844711
11.9000000000 24.3948477155
12.0000000000 23.9709833375
12.1000000000 23.5475170337
12.2000000000 23.1246618385
12.3000000000 22.7026186342
12.4000000000 22.2815766727
12.5000000000 21.8617141052
12.6000000000 21.4431985136
12.7000000000 21.0261874374
12.8000000000 20.6108288938
12.9000000000 20.1972618864
13.0000000000 19.7856168995
13.1000000000 19.3760163763
13.2000000000 18.9685751792
13.3000000000 18.5634010293
13.4000000000 18.1605949262
13.5000000000 17.7602515457
13.6000000000 17.3624596161
13.7000000000 16.9673022721
13.8000000000 16.5748573871
13.9000000000 16.1851978836
14.0000000000 15.7983920229
14.1000000000 15.4145036732
14.2000000000 15.0335925594
14.3000000000 14.6557144918
14.4000000000 14.2809215779
14.5000000000 13.9092624162
14.6000000000 13.5407822737
14.7000000000 13.1755232477
14.8000000000 12.8135244130
14.9000000000 12.4548219561
15.0000000000 12.0994492961
15.1000000000 11.7474371943
15.2000000000 11.3988138536
15.3000000000 11.0536050075
15.4000000000 10.7118340009
15.5000000000 10.3735218627
15.6000000000 10.0386873718
15.7000000000 9.7073471164
15.8000000000 9.3795155484
15.9000000000 9.0552050327
16.0000000000 8.7344258931
16.1000000000 8.4171864543
16.2000000000 8.1034930821
16.3000000000 7.7933502202
16.4000000000 7.4867604269
16.5000000000 7.1837244098
16.6000000000 6.8842410601
16.7000000000 6.5883074868
16.8000000000 6.2959190505
16.9000000000 6.0070693985
17.0000000000 5.7217504994
17.1000000000 5.4399526798
17.2000000000 5.1616646608
17.3000000000 4.8868735968
17.4000000000 4.6155651148
17.5000000000 4.3477233557
17.6000000000 4.0833310161
17.7000000000 3.8223693927
17.8000000000 3.5648184268
17.9000000000 3.3106567514
18.0000000000 3.0598617385
18.1000000000 2.8124095479
18.2000000000 2.5682751778
18.3000000000 2.3274325152
18.4000000000 2.0898543878
18.5000000000 1.8555126168
18.6000000000 1.6243780694
18.7000000000 1.3964207127
18.8000000000 1.1716096670
18.9000000000 0.9499132598
19.0000000000 0.7312990794
19.1000000000 0.5157340284
19.2000000000 0.3031843766
19.3000000000 0.0936158139
19.4000000000 -0.1130064979
19.5000000000 -0.3167178741
19.6000000000 -0.5175540563
19.7000000000 -0.7155511638
19.8000000000 -0.9107456449
19.9000000000 -1.1031742301
20.0000000000 -1.2928738865
20.1000000000 -1.4798817734
20.2000000000 -1.6642351996
20.3000000000 -1.8459715815
20.4000000000 -2.0251284040
20.5000000000 -2.2017431814
20.6000000000 -2.3758534213
20.7000000000 -2.5474965892
20.8000000000 -2.7167100752
20.9000000000 -2.8835311618
21.0000000000 -3.0479969945
21.1000000000 -3.2101445524
21.2000000000 -3.3700106218
21.3000000000 -3.5276317706
21.4000000000 -3.6830443244
21.5000000000 -3.8362843448
21.6000000000 -3.9873876078
21.7000000000 -4.1363895855
21.8000000000 -4.2833254274
21.9000000000 -4.4282299444
22.0000000000 -4.5711375938
22.1000000000 -4.7120824649
22.2000000000 -4.8510982674
22.3000000000 -4.9882183190
22.4000000000 -5.1234755360
22.5000000000 -5.2569024239
22.6000000000 -5.3885310695
22.7000000000 -5.5183931336
22.8000000000 -5.6465198455
22.9000000000 -5.7729419973
23.0000000000 -5.8976899401
23.1000000000 -6.0207935801
23.2000000000 -6.1422823764
23.3000000000 -6.2621853389
23.4000000000 -6.3805310268
23.5000000000 -6.4973475483
23.6000000000 -6.6126625607
23.7000000000 -6.7265032704
23.8000000000 -6.8388964347
23.9000000000 -6.9498683628
24.0000000000 -7.0594449185
24.1000000000 -7.1676515217
24.2000000000 -7.2745131522
24.3000000000 -7.3800543524
24.4000000000 -7.4842992309
24.5000000000 -7.5872714665
24.6000000000 -7.6889943121
24.7000000000 -7.7894905992
24.8000000000 -7.8887827423
24.9000000000 -7.9868927440
25.0000000000 -8.0838421998
25.1000000000 -8.1796523030
25.2000000000 -8.2743438505
25.3000000000 -8.3679372476
25.4000000000 -8.4604525140
25.5000000000 -8.5519092889
25.6000000000 -8.6423268372
25.7000000000 -8.7317240549
25.8000000000 -8.8201194749
25.9000000000 -8.9075312727
26.0000000000 -8.9939772727
26.1000000000 -9.0794749536
26.2000000000 -9.1640414543
26.3000000000 -9.2476935802
26.4000000000 -9.3304478083
26.5000000000 -9.4123202939
26.6000000000 -9.4933268756
26.7000000000 -9.5734830816
26.8000000000 -9.6528041353
26.9000000000 -9.7313049610
27.0000000000 -9.8090001893
27.1000000000 -9.8859041632
27.2000000000 -9.9620309431
27.3000000000 -10.0373943126
27.4000000000 -10.1120077838
27.5000000000 -10.1858846029
27.6000000000 -10.2590377550
27.7000000000 -10.3314799696
27.8000000000 -10.4032237257
27.9000000000 -10.4742812571
28.0000000000 -10.5446645570
28.1000000000 -10.6143853828
28.2000000000 -10.6834552617
28.3000000000 -10.7518854946
28.4000000000 -10.8196871611
28.5000000000 -10.8868711245
28.6000000000 -10.9534480354
28.7000000000 -11.0194283372
28.8000000000 -11.0848222695
28.9000000000 -11.1496398730
29.0000000000 -11.2138909936
29.1000000000 -11.2775852863
29.2000000000 -11.3407322192
29.3000000000 -11.4033410780
29.4000000000 -11.4654209692
29.5000000000 -11.5269808243
29.6000000000 -11.5880294034
29.7000000000 -11.6485752991
29.8000000000 -11.7086269397
29.9000000000 -11.7681925930
30.0000000000 -11.8272803694
30.1000000000 -11.8858982259
30.2000000000 -11.9440539686
30.3000000000 -12.0017552567
30.4000000000 -12.0590096048
30.5000000000 -12.1158243870
30.6000000000 -12.1722068390
30.7000000000 -12.2281640617
30.8000000000 -12.2837030236
30.9000000000 -12.3388305641
31.0000000000 -12.3935533960
31.1000000000 -12.4478781082
31.2000000000 -12.5018111684
31.3000000000 -12.5553589260
31.4000000000 -12.6085276139
31.5000000000 -12.6613233517
31.6000000000 -12.7137521478
31.7000000000 -12.7658199018
31.8000000000 -12.8175324069
31.9000000000 -12.8688953520
32.0000000000 -12.9199143242
32.1000000000 -12.9705948105
32.2000000000 -13.0209422005
32.3000000000 -13.0709617881
32.4000000000 -13.1206587735
32.5000000000 -13.1700382654
32.6000000000 -13.2191052828
32.7000000000 -13.2678647568
32.8000000000 -13.3163215327
32.9000000000 -13.3644803717
33.0000000000 -13.4123459524
33.1000000000 -13.4599228730
33.2000000000 -13.5072156526
33.3000000000 -13.5542287332
33.4000000000 -13.6009664807
33.5000000000 -13.6474331874
33.6000000000 -13.6936330726
33.7000000000 -13.7395702849
33.8000000000 -13.7852489029
33.9000000000 -13.8306729375
34.0000000000 -13.8758463325
34.1000000000 -13.9207729664
34.2000000000 -13.9654566539
34.3000000000 -14.0099011467
34.4000000000 -14.0541101353
34.5000000000 -14.0980872499
34.6000000000 -14.1418360618
34.7000000000 -14.1853600846
34.8000000000 -14.2286627752
34.9000000000 -14.2717475353
35.0000000000 -14.3146177121
35.1000000000 -14.3572765998
35.2000000000 -14.3997274405
35.3000000000 -14.4419734249
35.4000000000 -14.4840176940
35.5000000000 -14.5258633396
35.6000000000 -14.5675134055
35.7000000000 -14.6089708885
35.8000000000 -14.6502387390
35.9000000000 -14.6913198624
36.0000000000 -14.7322171195
36.1000000000 -14.7729333280
36.2000000000 -14.8134712626
36.3000000000 -14.8538336565
36.4000000000 -14.8940232020
36.5000000000 -14.9340425509
36.6000000000 -14.9738943161
36.7000000000 -15.0135810716
36.8000000000 -15.0531053538
36.9000000000 -15.0924696617
37.0000000000 -15.1316764582
37.1000000000 -15.1707281705
37.2000000000 -15.2096271907
37.3000000000 -15.2483758766
37.4000000000 -15.2869765525
37.5000000000 -15.3254315096
37.6000000000 -15.3637430067
37.7000000000 -15.4019132710
37.8000000000 -15.4399444982
37.9000000000 -15.4778388540
38.0000000000 -15.5155984735
38.1000000000 -15.5532254630
38.2000000000 -15.5907218994
38.3000000000 -15.6280898318
38.4000000000 -15.6653312811
38.5000000000 -15.7024482412
38.6000000000 -15.7394426792
38.7000000000 -15.7763165359
38.8000000000 -15.8130717263
38.9000000000 -15.8497101402
39.0000000000 -15.8862336427
39.1000000000 -15.9226440743
39.2000000000 -15.9589432518
39.3000000000 -15.9951329684
39.4000000000 -16.0312149944
39.5000000000 -16.0671910773
39.6000000000 -16.1030629426
39.7000000000 -16.1388322939
39.8000000000 -16.1745008133
39.9000000000 -16.2100701622
40.0000000000 -16.2455419811
40.1000000000 -16.2809178904
40.2000000000 -16.3161994903
40.3000000000 -16.3513883620
40.4000000000 -16.3864860670
40.5000000000 -16.4214941482
40.6000000000 -16.4564141301
40.7000000000 -16.4912475188
40.8000000000 -16.5259958027
40.9000000000 -16.5606604526
41.0000000000 -16.5952429221
41.1000000000 -16.6297446480
41.2000000000 -16.6641670502
41.3000000000 -16.6985115326
41.4000000000 -16.7327794828
41.5000000000 -16.7669722729
41.6000000000 -16.8010912593
41.7000000000 -16.8351377833
41.8000000000 -16.8691131712
41.9000000000 -16.9030187348
42.0000000000 -16.9368557713
42.1000000000 -16.9706255637
42.2000000000 -17.0043293812
42.3000000000 -17.0379684794
42.4000000000 -17.0715441002
42.5000000000 -17.1050574724
42.6000000000 -17.1385098120
42.7000000000 -17.1719023219
42.8000000000 -17.2052361929
42.9000000000 -17.2385126030
43.0000000000 -17.2717327185
43.1000000000 -17.3048976935
43.2000000000 -17.3380086707
43.3000000000 -17.3710667811
43.4000000000 -17.4040731444
43.5000000000 -17.4370288694
43.6000000000 -17.4699350538
43.7000000000 -17.5027927846
43.8000000000 -17.5356031384
43.9000000000 -17.5683671814
44.0000000000 -17.6010859695
44.1000000000 -17.6337605488
44.2000000000 -17.6663919553
44.3000000000 -17.6989812158
44.4000000000 -17.7315293470
44.5000000000 -17.7640373568
44.6000000000 -17.7965062438
44.7000000000 -17.8289369973
44.8000000000 -17.8613305982
44.9000000000 -17.8936880183
45.0000000000 -17.9260102211
45.1000000000 -17.9582981617
45.2000000000 -17.9905527868
45.3000000000 -18.0227750350
45.4000000000 -18.0549658371
45.5000000000 -18.0871261159
45.6000000000 -18.1192567865
45.7000000000 -18.1513587566
45.8000000000 -18.1834329264
45.9000000000 -18.2154801886
46.0000000000 -18.2475014291
46.1000000000 -18.2794975263
46.2000000000 -18.3114693522
46.3000000000 -18.3434177714
46.4000000000 -18.3753436424
46.5000000000 -18.4072478168
46.6000000000 -18.4391311397
46.7000000000 -18.4709944502
46.8000000000 -18.5028385808
46.9000000000 -18.5346643581
47.0000000000 -18.5664726026
47.1000000000 -18.5982641291
47.2000000000 -18.6300397464
47.3000000000 -18.6618002577
47.4000000000 -18.6935464606
47.5000000000 -18.7252791472
47.6000000000 -18.7569991043
47.7000000000 -18.7887071133
47.8000000000 -18.8204039506
47.9000000000 -18.8520903872
48.0000000000 -18.8837671894
48.1000000000 -18.9154351185
48.2000000000 -18.9470949308
48.3000000000 -18.9787473783
48.4000000000 -19.0103932079
48.5000000000 -19.0420331623
48.6000000000 -19.0736679794
48.7000000000 -19.1052983931
48.8000000000 -19.1369251326
48.9000000000 -19.1685489233
49.0000000000 -19.2001704862
49.1000000000 -19.2317905382
49.2000000000 -19.2634097924
49.3000000000 -19.2950289580
49.4000000000 -19.3266487401
49.5000000000 -19.3582698404
49.6000000000 -19.3898929567
49.7000000000 -19.4215187833
49.8000000000 -19.4531480110
49.9000000000 -19.4847813269
50.0000000000 -19.5164194150
50.1000000000 -19.5480629559
50.2000000000 -19.5797126269
50.3000000000 -19.6113691019
50.4000000000 -19.6430330522
50.5000000000 -19.6747051455
50.6000000000 -19.7063860469
50.7000000000 -19.7380764183
50.8000000000 -19.7697769189
50.9000000000 -19.8014882049
51.0000000000 -19.8332109301
51.1000000000 -19.8649457452
51.2000000000 -19.8966932985
51.3000000000 -19.9284542357
51.4000000000 -19.9602291999
51.5000000000 -19.9920188319
51.6000000000 -20.0238237700
51.7000000000 -20.0556446501
51.8000000000 -20.0874821058
51.9000000000 -20.1193367685
52.0000000000 -20.1512092676
52.1000000000 -20.1831002299
52.2000000000 -20.2150102805
52.3000000000 -20.2469400423
52.4000000000 -20.2788901363
52.5000000000 -20.3108611815
52.6000000000 -20.3428537948
52.7000000000 -20.3748685917
52.8000000000 -20.4069061854
52.9000000000 -20.4389671878
53.0000000000 -20.4710522087
53.1000000000 -20.5031618565
53.2000000000 -20.5352967379
53.3000000000 -20.5674574578
53.4000000000 -20.5996446199
53.5000000000 -20.6318588262
53.6000000000 -20.6641006773
53.7000000000 -20.6963707724
53.8000000000 -20.7286697092
53.9000000000 -20.7609980842
54.0000000000 -20.7933564926
54.1000000000 -20.8257455283
54.2000000000 -20.8581657838
54.3000000000 -20.8906178508
54.4000000000 -20.9231023194
54.5000000000 -20.9556197790
54.6000000000 -20.9881708176
54.7000000000 -21.0207560223
54.8000000000 -21.0533759793
54.9000000000 -21.0860312735
55.0000000000 -21.1187224891
55.1000000000 -21.1514502094
55.2000000000 -21.1842150166
55.3000000000 -21.2170174923
55.4000000000 -21.2498582172
55.5000000000 -21.2827377711
55.6000000000 -21.3156567332
55.7000000000 -21.3486156818
55.8000000000 -21.3816151947
55.9000000000 -21.4146558488
56.0000000000 -21.4477382206
56.1000000000 -21.4808628857
56.2000000000 -21.5140304194
56.3000000000 -21.5472413963
56.4000000000 -21.5804963903
56.5000000000 -21.6137959751
56.6000000000 -21.6471407237
56.7000000000 -21.6805312087
56.8000000000 -21.7139680022
56.9000000000 -21.7474516760
57.0000000000 -21.7809828013
57.1000000000 -21.8145619492
57.2000000000 -21.8481896903
57.3000000000 -21.8818665948
57.4000000000 -21.9155932327
57.5000000000 -21.9493701737
57.6000000000 -21.9831979872
57.7000000000 -22.0170772424
57.8000000000 -22.0510085082
57.9000000000 -22.0849923534
58.0000000000 -22.1190293465
58.1000000000 -22.1531200558
58.2000000000 -22.1872650496
58.3000000000 -22.2214648960
58.4000000000 -22.2557201629
58.5000000000 -22.2900314181
58.6000000000 -22.3243992294
58.7000000000 -22.3588241645
58.8000000000 -22.3933067910
58.9000000000 -22.4278476764
59.0000000000 -22.4624473884
59.1000000000 -22.4971064943
59.2000000000 -22.5318255618
59.3000000000 -22.5666051583
59.4000000000 -22.6014458513
59.5000000000 -22.6363482085
59.6000000000 -22.6713127974
59.7000000000 -22.7063401857
59.8000000000 -22.7414309411
59.9000000000 -22.7765856314
60.0000000000 -22.8118048243
60.1000000000 -22.8470890880
60.2000000000 -22.8824389904
60.3000000000 -22.9178550997
60.4000000000 -22.9533379841
60.5000000000 -22.9888882120
60.6000000000 -23.0245063520
60.7000000000 -23.0601929727
60.8000000000 -23.0959486428
60.9000000000 -23.1317739313
61.0000000000 -23.1676694072
61.1000000000 -23.2036356398
61.2000000000 -23.2396731983
61.3000000000 -23.2757826524
61.4000000000 -23.3119645718
61.5000000000 -23.3482195262
61.6000000000 -23.3845480857
61.7000000000 -23.4209508204
61.8000000000 -23.4574283007
61.9000000000 -23.4939810972
62.0000000000 -23.5306097804
62.1000000000 -23.5673149212
62.2000000000 -23.6040970907
62.3000000000 -23.6409568599
62.4000000000 -23.6778948002
62.5000000000 -23.7149114831
62.6000000000 -23.7520074802
62.7000000000 -23.7891833632
62.8000000000 -23.8264397042
62.9000000000 -23.8637770751
63.0000000000 -23.9011960482
63.1000000000 -23.9386971958
63.2000000000 -23.9762810903
63.3000000000 -24.0139483043
63.4000000000 -24.0516994104
63.5000000000 -24.0895349816
63.6000000000 -24.1274555905
63.7000000000 -24.1654618101
63.8000000000 -24.2035542135
63.9000000000 -24.2417333737
64.0000000000 -24.2799998639
64.1000000000 -24.3183542572
64.2000000000 -24.3567971268
64.3000000000 -24.3953290458
64.4000000000 -24.4339505876
64.5000000000 -24.4726623253
64.6000000000 -24.5114648321
64.7000000000 -24.5503586810
64.8000000000 -24.5893444453
64.9000000000 -24.6284226977
65.0000000000 -24.6675940113
65.1000000000 -24.7068589589
65.2000000000 -24.7462181131
65.3000000000 -24.7856720464
65.4000000000 -24.8252213313
65.5000000000 -24.8648665398
65.6000000000 -24.9046082440
65.7000000000 -24.9444470156
65.8000000000 -24.9843834262
65.9000000000 -25.0244180469
66.0000000000 -25.0645514487
66.1000000000 -25.1047842023
66.2000000000 -25.1451168779
66.3000000000 -25.1855500455
66.4000000000 -25.2260842747
66.5000000000 -25.2667201344
66.6000000000 -25.3074581935
66.7000000000 -25.3482990202
66.8000000000 -25.3892431822
66.9000000000 -25.4302912466
67.0000000000 -25.4714437801
67.1000000000 -25.5127013488
67.2000000000 -25.5540645181
67.3000000000 -25.5955338528
67.4000000000 -25.6371099170
67.5000000000 -25.6787932741
67.6000000000 -25.7205844867
67.7000000000 -25.7624841167
67.8000000000 -25.8044927253
67.9000000000 -25.8466108724
68.0000000000 -25.8888391176
68.1000000000 -25.9311780192
68.2000000000 -25.9736281345
68.3000000000 -26.0161900201
68.4000000000 -26.0588642313
68.5000000000 -26.1016513225
68.6000000000 -26.1445518467
68.7000000000 -26.1875663561
68.8000000000 -26.2306954015
68.9000000000 -26.2739395324
69.0000000000 -26.3172992971
69.1000000000 -26.3607752426
69.2000000000 -26.4043679145
69.3000000000 -26.4480778569
69.4000000000 -26.4919056125
69.5000000000 -26.5358517224
69.6000000000 -26.5799167262
69.7000000000 -26.6241011619
69.8000000000 -26.6684055659
69.9000000000 -26.7128304727
70.0000000000 -26.7573764152
70.1000000000 -26.8020439244
70.2000000000 -26.8468335294
70.3000000000 -26.8917457576
70.4000000000 -26.9367811340
70.5000000000 -26.9819401821
70.6000000000 -27.0272234228
70.7000000000 -27.0726313753
70.8000000000 -27.1181645564
70.9000000000 -27.1638234805
71.0000000000 -27.2096086600
71.1000000000 -27.2555206048
71.2000000000 -27.3015598222
71.3000000000 -27.3477268172
71.4000000000 -27.3940220923
71.5000000000 -27.4404461472
71.6000000000 -27.4869994791
71.7000000000 -27.5336825823
71.8000000000 -27.5804959485
71.9000000000 -27.6274400663
72.0000000000 -27.6745154216
72.1000000000 -27.7217224972
72.2000000000 -27.7690617727
72.3000000000 -27.8165337249
72.4000000000 -27.8641388271
72.5000000000 -27.9118775494
72.6000000000 -27.9597503587
72.7000000000 -28.0077577185
72.8000000000 -28.0559000886
72.9000000000 -28.1041779255
73.0000000000 -28.1525916819
73.1000000000 -28.2011418070
73.2000000000 -28.2498287461
73.3000000000 -28.2986529407
73.4000000000 -28.3476148284
73.5000000000 -28.3967148429
73.6000000000 -28.4459534137
73.7000000000 -28.4953309663
73.8000000000 -28.5448479220
73.9000000000 -28.5945046976
74.0000000000 -28.6443017058
74.1000000000 -28.6942393547
74.2000000000 -28.7443180481
74.3000000000 -28.7945381849
74.4000000000 -28.8449001596
74.5000000000 -28.8954043618
74.6000000000 -28.9460511763
74.7000000000 -28.9968409831
74.8000000000 -29.0477741569
74.9000000000 -29.0988510677
75.0000000000 -29.1500720802
75.1000000000 -29.2014375538
75.2000000000 -29.2529478427
75.3000000000 -29.3046032956
75.4000000000 -29.3564042557
75.5000000000 -29.4083510608
75.6000000000 -29.4604440429
75.7000000000 -29.5126835283
75.8000000000 -29.5650698376
75.9000000000 -29.6176032854
76.0000000000 -29.6702841803
76.1000000000 -29.7231128248
76.2000000000 -29.7760895154
76.3000000000 -29.8292145424
76.4000000000 -29.8824881895
76.5000000000 -29.9359107342
76.6000000000 -29.9894824475
76.7000000000 -30.0432035939
76.8000000000 -30.0970744310
76.9000000000 -30.1510952099
77.0000000000 -30.2052661748
77.1000000000 -30.2595875630
77.2000000000 -30.3140596047
77.3000000000 -30.3686825232
77.4000000000 -30.4234565344
77.5000000000 -30.4783818473
77.6000000000 -30.5334586633
77.7000000000 -30.5886871764
77.8000000000 -30.6440675732
77.9000000000 -30.6996000327
78.0000000000 -30.7552847261
78.1000000000 -30.8111218171
78.2000000000 -30.8671114614
78.3000000000 -30.9232538068
78.4000000000 -30.9795489933
78.5000000000 -31.0359971524
78.6000000000 -31.0925984079
78.7000000000 -31.1493528752
78.8000000000 -31.2062606613
78.9000000000 -31.2633218649
79.0000000000 -31.3205365762
79.1000000000 -31.3779048770
79.2000000000 -31.4354268402
79.3000000000 -31.4931025302
79.4000000000 -31.5509320026
79.5000000000 -31.6089153041
79.6000000000 -31.6670524726
79.7000000000 -31.7253435368
79.8000000000 -31.7837885164
79.9000000000 -31.8423874221
80.0000000000 -31.9011402553
80.1000000000 -31.9600470081
80.2000000000 -32.0191076633
80.3000000000 -32.0783221941
80.4000000000 -32.1376905646
80.5000000000 -32.1972127289
80.6000000000 -32.2568886318
80.7000000000 -32.3167182084
80.8000000000 -32.3767013839
80.9000000000 -32.4368380738
81.0000000000 -32.4971281838
81.1000000000 -32.5575716097
81.2000000000 -32.6181682371
81.3000000000 -32.6789179418
81.4000000000 -32.7398205895
81.5000000000 -32.8008760357
81.6000000000 -32.8620841256
81.7000000000 -32.9234446945
81.8000000000 -32.9849575671
81.9000000000 -33.0466225579
82.0000000000 -33.1084394710
82.1000000000 -33.1704081002
82.2000000000 -33.2325282285
82.3000000000 -33.2947996289
82.4000000000 -33.3572220634
82.5000000000 -33.4197952837
82.6000000000 -33.4825190307
82.7000000000 -33.5453930350
82.8000000000 -33.6084170161
82.9000000000 -33.6715906830
83.0000000000 -33.7349137340
83.1000000000 -33.7983858566
83.2000000000 -33.8620067275
83.3000000000 -33.9257760126
83.4000000000 -33.9896933670
83.5000000000 -34.0537584350
83.6000000000 -34.1179708500
83.7000000000 -34.1823302344
83.8000000000 -34.2468361999
83.9000000000 -34.3114883474
84.0000000000 -34.3762862665
84.1000000000 -34.4412295364
84.2000000000 -34.5063177250
84.3000000000 -34.5715503895
84.4000000000 -34.6369270762
84.5000000000 -34.7024473203
84.6000000000 -34.7681106463
84.7000000000 -34.8339165678
84.8000000000 -34.8998645875
84.9000000000 -34.9659541972
85.0000000000 -35.0321848778
85.1000000000 -35.0985560996
85.2000000000 -35.1650673218
85.3000000000 -35.2317179931
85.4000000000 -35.2985075511
85.5000000000 -35.3654354230
85.6000000000 -35.4325010252
85.7000000000 -35.4997037632
85.8000000000 -35.5670430322
85.9000000000 -35.6345182167
86.0000000000 -35.7021286904
86.1000000000 -35.7698738168
86.2000000000 -35.8377529488
86.3000000000 -35.9057654288
86.4000000000 -35.9739105889
86.5000000000 -36.0421877509
86.6000000000 -36.1105962264
86.7000000000 -36.1791353165
86.8000000000 -36.2478043124
86.9000000000 -36.3166024952
87.0000000000 -36.3855291358
87.1000000000 -36.4545834953
87.2000000000 -36.5237648248
87.3000000000 -36.5930723658
87.4000000000 -36.6625053497
87.5000000000 -36.7320629984
87.6000000000 -36.8017445244
87.7000000000 -36.8715491304
87.8000000000 -36.9414760097
87.9000000000 -37.0115243465
88.0000000000 -37.0816933155
88.1000000000 -37.1519820824
88.2000000000 -37.2223898037
88.3000000000 -37.2929156271
88.4000000000 -37.3635586911
88.5000000000 -37.4343181258
88.6000000000 -37.5051930525
88.7000000000 -37.5761825838
88.8000000000 -37.6472858239
88.9000000000 -37.7185018688
89.0000000000 -37.7898298062
89.1000000000 -37.8612687154
89.2000000000 -37.9328176681
89.3000000000 -38.0044757278
89.4000000000 -38.0762419504
89.5000000000 -38.1481153841
89.6000000000 -38.2200950694
89.7000000000 -38.2921800397
89.8000000000 -38.3643693209
89.9000000000 -38.4366619318
90.0000000000 -38.5090568842
90.1000000000 -38.5815531830
90.2000000000 -38.6541498264
90.3000000000 -38.7268458059
90.4000000000 -38.7996401066
90.5000000000 -38.8725317073
90.6000000000 -38.9455195803
90.7000000000 -39.0186026923
90.8000000000 -39.0917800038
90.9000000000 -39.1650504696
91.0000000000 -39.2384130389
91.1000000000 -39.3118666554
91.2000000000 -39.3854102576
91.3000000000 -39.4590427786
91.4000000000 -39.5327631466
91.5000000000 -39.6065702851
91.6000000000 -39.6804631128
91.7000000000 -39.7544405436
91.8000000000 -39.8285014874
91.9000000000 -39.9026448495
92.0000000000 -39.9768695315
92.1000000000 -40.0511744308
92.2000000000 -40.1255584411
92.3000000000 -40.2000204526
92.4000000000 -40.2745593519
92.5000000000 -40.3491740226
92.6000000000 -40.4238633449
92.7000000000 -40.4986261963
92.8000000000 -40.5734614513
92.9000000000 -40.6483679819
93.0000000000 -40.7233446578
93.1000000000 -40.7983903461
93.2000000000 -40.8735039121
93.3000000000 -40.9486842190
93.4000000000 -41.0239301281
93.5000000000 -41.0992404994
93.6000000000 -41.1746141912
93.7000000000 -41.2500500606
93.8000000000 -41.3255469635
93.9000000000 -41.4011037551
94.0000000000 -41.4767192895
94.1000000000 -41.5523924205
94.2000000000 -41.6281220013
94.3000000000 -41.7039068847
94.4000000000 -41.7797459235
94.5000000000 -41.8556379708
94.6000000000 -41.9315818794
94.7000000000 -42.0075765030
94.8000000000 -42.0836206955
94.9000000000 -42.1597133117
95.0000000000 -42.2358532071
95.1000000000 -42.3120392385
95.2000000000 -42.3882702636
95.3000000000 -42.4645451416
95.4000000000 -42.5408627333
95.5000000000 -42.6172219011
95.6000000000 -42.6936215091
95.7000000000 -42.7700604237
95.8000000000 -42.8465375132
95.9000000000 -42.9230516483
96.0000000000 -42.9996017022
96.1000000000 -43.0761865505
96.2000000000 -43.1528050719
96.3000000000 -43.2294561477
96.4000000000 -43.3061386625
96.5000000000 -43.3828515040
96.6000000000 -43.4595935633
96.7000000000 -43.5363637349
96.8000000000 -43.6131609172
96.9000000000 -43.6899840121
97.0000000000 -43.7668319255
97.1000000000 -43.8437035676
97.2000000000 -43.9205978526
97.3000000000 -43.9975136990
97.4000000000 -44.0744500300
97.5000000000 -44.1514057732
97.6000000000 -44.2283798610
97.7000000000 -44.3053712309
97.8000000000 -44.3823788250
97.9000000000 -44.4594015908
98.0000000000 -44.5364384810
98.1000000000 -44.6134884537
98.2000000000 -44.6905504725
98.3000000000 -44.7676235064
98.4000000000 -44.8447065306
98.5000000000 -44.9217985256
98.6000000000 -44.9988984782
98.7000000000 -45.0760053813
98.8000000000 -45.1531182337
98.9000000000 -45.2302360407
99.0000000000 -45.3073578140
99.1000000000 -45.3844825716
99.2000000000 -45.4616093384
99.3000000000 -45.5387371457
99.4000000000 -45.6158650317
99.5000000000 -45.6929920414
99.6000000000 -45.7701172271
99.7000000000 -45.8472396477
99.8000000000 -45.9243583695
99.9000000000 -46.0014724661
100.0000000000 -46.0785810183
100.1000000000 -46.1556831142
100.2000000000 -46.2327778496
100.3000000000 -46.3098643278
100.4000000000 -46.3869416596
100.5000000000 -46.4640089637
100.6000000000 -46.5410653663
100.7000000000 -46.6181100018
100.8000000000 -46.6951420122
100.9000000000 -46.7721605476
101.0000000000 -46.8491647661
101.1000000000 -46.9261538339
101.2000000000 -47.0031269254
101.3000000000 -47.0800832232
101.4000000000 -47.1570219179
101.5000000000 -47.2339422088
101.6000000000 -47.3108433032
101.7000000000 -47.3877244171
101.8000000000 -47.4645847747
101.9000000000 -47.5414236088
102.0000000000 -47.6182401607
102.1000000000 -47.6950336802
102.2000000000 -47.7718034258
102.3000000000 -47.8485486645
102.4000000000 -47.9252686721
102.5000000000 -48.0019627328
102.6000000000 -48.0786301399
102.7000000000 -48.1552701952
102.8000000000 -48.2318822091
102.9000000000 -48.3084655012
103.0000000000 -48.3850193995
103.1000000000 -48.4615432409
103.2000000000 -48.5380363712
103.3000000000 -48.6144981451
103.4000000000 -48.6909279258
103.5000000000 -48.7673250858
103.6000000000 -48.8436890060
103.7000000000 -48.9200190765
103.8000000000 -48.9963146961
103.9000000000 -49.0725752725
104.0000000000 -49.1488002221
104.1000000000 -49.2249889703
104.2000000000 -49.3011409513
104.3000000000 -49.3772556082
104.4000000000 -49.4533323927
104.5000000000 -49.5293707655
104.6000000000 -49.6053701961
104.7000000000 -49.6813301626
104.8000000000 -49.7572501520
104.9000000000 -49.8331296600
105.0000000000 -49.9089681909
105.1000000000 -49.9847652580
105.2000000000 -50.0605203828
105.3000000000 -50.1362330959
105.4000000000 -50.2119029362
105.5000000000 -50.2875294513
105.6000000000 -50.3631121974
105.7000000000 -50.4386507389
105.8000000000 -50.5141446492
105.9000000000 -50.5895935097
106.0000000000 -50.6649969103
106.1000000000 -50.7403544494
106.2000000000 -50.8156657336
106.3000000000 -50.8909303779
106.4000000000 -50.9661480053
106.5000000000 -51.0413182471
106.6000000000 -51.1164407429
106.7000000000 -51.1915151401
106.8000000000 -51.2665410944
106.9000000000 -51.3415182693
107.0000000000 -51.4164463363
107.1000000000 -51.4913249748
107.2000000000 -51.5661538720
107.3000000000 -51.6409327228
107.4000000000 -51.7156612299
107.5000000000 -51.7903391035
107.6000000000 -51.8649660617
107.7000000000 -51.9395418298
107.8000000000 -52.0140661406
107.9000000000 -52.0885387344
108.0000000000 -52.1629593588
108.1000000000 -52.2373277687
108.2000000000 -52.3116437260
108.3000000000 -52.3859069999
108.4000000000 -52.4601173666
108.5000000000 -52.5342746093
108.6000000000 -52.6083785181
108.7000000000 -52.6824288898
108.8000000000 -52.7564255281
108.9000000000 -52.8303682435
109.0000000000 -52.9042568528
109.1000000000 -52.9780911794
109.2000000000 -53.0518710534
109.3000000000 -53.1255963110
109.4000000000 -53.1992667948
109.5000000000 -53.2728823536
109.6000000000 -53.3464428422
109.7000000000 -53.4199481215
109.8000000000 -53.4933980586
109.9000000000 -53.5667925261
110.0000000000 -53.6401314026
110.1000000000 -53.7134145723
110.2000000000 -53.7866419251
110.3000000000 -53.8598133563
110.4000000000 -53.9329287668
110.5000000000 -54.0059880626
110.6000000000 -54.0789911553
110.7000000000 -54.1519379613
110.8000000000 -54.2248284023
110.9000000000 -54.2976624049
111.0000000000 -54.3704399006
111.1000000000 -54.4431608257
111.2000000000 -54.5158251212
111.3000000000 -54.5884327327
111.4000000000 -54.6609836102
111.5000000000 -54.7334777084
111.6000000000 -54.8059149859
111.7000000000 -54.8782954060
111.8000000000 -54.9506189356
111.9000000000 -55.0228855462
112.0000000000 -55.0950952127
112.1000000000 -55.1672479142
112.2000000000 -55.2393436333
112.3000000000 -55.3113823564
112.4000000000 -55.3833640732
112.5000000000 -55.4552887772
112.6000000000 -55.5271564648
112.7000000000 -55.5989671360
112.8000000000 -55.6707207937
112.9000000000 -55.7424174438
113.0000000000 -55.8140570955
113.1000000000 -55.8856397602
113.2000000000 -55.9571654527
113.3000000000 -56.0286341898
113.4000000000 -56.1000459913
113.5000000000 -56.1714008791
113.6000000000 -56.2426988776
113.7000000000 -56.3139400132
113.8000000000 -56.3851243147
113.9000000000 -56.4562518127
114.0000000000 -56.5273225397
114.1000000000 -56.5983365299
114.2000000000 -56.6692938195
114.3000000000 -56.7401944460
114.4000000000 -56.8110384485
114.5000000000 -56.8818258675
114.6000000000 -56.9525567446
114.7000000000 -57.0232311227
114.8000000000 -57.0938490459
114.9000000000 -57.1644105589
115.0000000000 -57.2349157077
115.1000000000 -57.3053645386
115.2000000000 -57.3757570989
115.3000000000 -57.4460934362
115.4000000000 -57.5163735988
115.5000000000 -57.5865976351
115.6000000000 -57.6567655937
115.7000000000 -57.7268775236
115.8000000000 -57.7969334737
115.9000000000 -57.8669334927
116.0000000000 -57.9368776292
116.1000000000 -58.0067659315
116.2000000000 -58.0765984477
116.3000000000 -58.1463752251
116.4000000000 -58.2160963107
116.5000000000 -58.2857617506
116.6000000000 -58.3553715903
116.7000000000 -58.4249258741
116.8000000000 -58.4944246457
116.9000000000 -58.5638679474
117.0000000000 -58.6332558205
117.1000000000 -58.7025883049
117.2000000000 -58.7718654392
117.3000000000 -58.8410872603
117.4000000000 -58.9102538039
117.5000000000 -58.9793651036
117.6000000000 -59.0484211915
117.7000000000 -59.1174220978
117.8000000000 -59.1863678505
117.9000000000 -59.2552584759
118.0000000000 -59.3240939977
118.1000000000 -59.3928744378
118.2000000000 -59.4615998155
118.3000000000 -59.5302701476
118.4000000000 -59.5988854485
118.5000000000 -59.6674457300
118.6000000000 -59.7359510011
118.7000000000 -59.8044012679
118.8000000000 -59.8727965339
118.9000000000 -59.9411367994
119.0000000000 -60.0094220617
119.1000000000 -60.0776523148
119.2000000000 -60.1458275497
119.3000000000 -60.2139477540
119.4000000000 -60.2820129118
119.5000000000 -60.3500230036
119.6000000000 -60.4179780068
119.7000000000 -60.4858778945
119.8000000000 -60.5537226366
119.9000000000 -60.6215121989
120.0000000000 -60.6892465434
120.1000000000 -60.7569256281
120.2000000000 -60.8245494070
120.3000000000 -60.8921178299
120.4000000000 -60.9596308424
120.5000000000 -61.0270883860
120.6000000000 -61.0944903976
120.7000000000 -61.1618368098
120.8000000000 -61.2291275509
120.9000000000 -61.2963625444
121.0000000000 -61.3635417093
121.1000000000 -61.4306649599
121.2000000000 -61.4977322056
121.3000000000 -61.5647433514
121.4000000000 -61.6316982970
121.5000000000 -61.6985969373
121.6000000000 -61.7654391624
121.7000000000 -61.8322248571
121.8000000000 -61.8989539012
121.9000000000 -61.9656261693
122.0000000000 -62.0322415309
122.1000000000 -62.0987998500
122.2000000000 -62.1653009856
122.3000000000 -62.2317447912
122.4000000000 -62.2981311146
122.5000000000 -62.3644597986
122.6000000000 -62.4307306803
122.7000000000 -62.4969435911
122.8000000000 -62.5630983571
122.9000000000 -62.6291947985
123.0000000000 -62.6952327300
123.1000000000 -62.7612119605
123.2000000000 -62.8271322933
123.3000000000 -62.8929935258
123.4000000000 -62.9587954496
123.5000000000 -63.0245378505
123.6000000000 -63.0902205085
123.7000000000 -63.1558431975
123.8000000000 -63.2214056857
123.9000000000 -63.2869077352
124.0000000000 -63.3523491023
124.1000000000 -63.4177295373
124.2000000000 -63.4830487842
124.3000000000 -63.5483065815
124.4000000000 -63.6135026612
124.5000000000 -63.6786367494
124.6000000000 -63.7437085664
124.7000000000 -63.8087178260
124.8000000000 -63.8736642364
124.9000000000 -63.9385474992
125.0000000000 -64.0033673104
125.1000000000 -64.0681233596
125.2000000000 -64.1328153305
125.3000000000 -64.1974429006
125.4000000000 -64.2620057414
125.5000000000 -64.3265035183
125.6000000000 -64.3909358907
125.7000000000 -64.4553025117
125.8000000000 -64.5196030287
125.9000000000 -64.5838370829
126.0000000000 -64.6480043094
126.1000000000 -64.7121043375
126.2000000000 -64.7761367903
126.3000000000 -64.8401012851
126.4000000000 -64.9039974333
126.5000000000 -64.9678248402
126.6000000000 -65.0315831053
126.7000000000 -65.0952718223
126.8000000000 -65.1588905791
126.9000000000 -65.2224389576
127.0000000000 -65.2859165341
127.1000000000 -65.3493228792
127.2000000000 -65.4126575577
127.3000000000 -65.4759201288
127.4000000000 -65.5391101461
127.5000000000 -65.6022271575
127.6000000000 -65.6652707057
127.7000000000 -65.7282403275
127.8000000000 -65.7911355547
127.9000000000 -65.8539559133
128.0000000000 -65.9167009243
128.1000000000 -65.9793701032
128.2000000000 -66.0419629604
128.3000000000 -66.1044790013
128.4000000000 -66.1669177257
128.5000000000 -66.2292786290
128.6000000000 -66.2915612010
128.7000000000 -66.3537649270
128.8000000000 -66.4158892874
128.9000000000 -66.4779337575
129.0000000000 -66.5398978083
129.1000000000 -66.6017809059
129.2000000000 -66.6635825119
129.3000000000 -66.7253020833
129.4000000000 -66.7869390729
129.5000000000 -66.8484929288
129.6000000000 -66.9099630952
129.7000000000 -66.9713490117
129.8000000000 -67.0326501143
129.9000000000 -67.0938658344
130.0000000000 -67.1549955999
130.1000000000 -67.2160388345
130.2000000000 -67.2769949584
130.3000000000 -67.3378633879
130.4000000000 -67.3986435357
130.5000000000 -67.4593348112
130.6000000000 -67.5199366201
130.7000000000 -67.5804483650
130.8000000000 -67.6408694449
130.9000000000 -67.7011992562
131.0000000000 -67.7614371917
131.1000000000 -67.8215826417
131.2000000000 -67.8816349932
131.3000000000 -67.9415936308
131.4000000000 -68.0014579363
131.5000000000 -68.0612272889
131.6000000000 -68.1209010654
131.7000000000 -68.1804786402
131.8000000000 -68.2399593855
131.9000000000 -68.2993426713
132.0000000000 -68.3586278655
132.1000000000 -68.4178143343
132.2000000000 -68.4769014417
132.3000000000 -68.5358885503
132.4000000000 -68.5947750208
132.5000000000 -68.6535602125
132.6000000000 -68.7122434835
132.7000000000 -68.7708241901
132.8000000000 -68.8293016880
132.9000000000 -68.8876753314
133.0000000000 -68.9459444736
133.1000000000 -69.0041084672
133.2000000000 -69.0621666639
133.3000000000 -69.1201184148
133.4000000000 -69.1779630705
133.5000000000 -69.2356999811
133.6000000000 -69.2933284964
133.7000000000 -69.3508479662
133.8000000000 -69.4082577400
133.9000000000 -69.4655571674
134.0000000000 -69.5227455981
134.1000000000 -69.5798223821
134.2000000000 -69.6367868698
134.3000000000 -69.6936384120
134.4000000000 -69.7503763602
134.5000000000 -69.8070000664
134.6000000000 -69.8635088836
134.7000000000 -69.9199021656
134.8000000000 -69.9761792673
134.9000000000 -70.0323395448
135.0000000000 -70.0883823552
135.1000000000 -70.1443070574
135.2000000000 -70.2001130113
135.3000000000 -70.2557995787
135.4000000000 -70.3113661230
135.5000000000 -70.3668120094
135.6000000000 -70.4221366050
135.7000000000 -70.4773392788
135.8000000000 -70.5324194022
135.9000000000 -70.5873763486
136.0000000000 -70.6422094937
136.1000000000 -70.6969182160
136.2000000000 -70.7515018960
136.3000000000 -70.8059599172
136.4000000000 -70.8602916659
136.5000000000 -70.9144965310
136.6000000000 -70.9685739046
136.7000000000 -71.0225231816
136.8000000000 -71.0763437602
136.9000000000 -71.1300350418
137.0000000000 -71.1835964313
137.1000000000 -71.2370273368
137.2000000000 -71.2903271701
137.3000000000 -71.3434953466
137.4000000000 -71.3965312853
137.5000000000 -71.4494344094
137.6000000000 -71.5022041455
137.7000000000 -71.5548399246
137.8000000000 -71.6073411816
137.9000000000 -71.6597073556
138.0000000000 -71.7119378900
138.1000000000 -71.7640322325
138.2000000000 -71.8159898354
138.3000000000 -71.8678101553
138.4000000000 -71.9194926536
138.5000000000 -71.9710367962
138.6000000000 -72.0224420539
138.7000000000 -72.0737079023
138.8000000000 -72.1248338220
138.9000000000 -72.1758192983
139.0000000000 -72.2266638220
139.1000000000 -72.2773668887
139.2000000000 -72.3279279995
139.3000000000 -72.3783466604
139.4000000000 -72.4286223832
139.5000000000 -72.4787546849
139.6000000000 -72.5287430879
139.7000000000 -72.5785871203
139.8000000000 -72.6282863159
139.9000000000 -72.6778402139
140.0000000000 -72.7272483595
140.1000000000 -72.7765103036
140.2000000000 -72.8256256030
140.3000000000 -72.8745938203
140.4000000000 -72.9234145243
140.5000000000 -72.9720872895
140.6000000000 -73.0206116969
140.7000000000 -73.0689873331
140.8000000000 -73.1172137915
140.9000000000 -73.1652906711
141.0000000000 -73.2132175777
141.1000000000 -73.2609941231
141.2000000000 -73.3086199255
141.3000000000 -73.3560946095
141.4000000000 -73.4034178064
141.5000000000 -73.4505891535
141.6000000000 -73.4976082951
141.7000000000 -73.5444748818
141.8000000000 -73.5911885708
141.9000000000 -73.6377490260
142.0000000000 -73.6841559178
142.1000000000 -73.7304089235
142.2000000000 -73.7765077269
142.3000000000 -73.8224520188
142.4000000000 -73.8682414964
142.5000000000 -73.9138758641
142.6000000000 -73.9593548328
142.7000000000 -74.0046781204
142.8000000000 -74.0498454515
142.9000000000 -74.0948565578
143.0000000000 -74.1397111776
143.1000000000 -74.1844090564
143.2000000000 -74.2289499465
143.3000000000 -74.2733336069
143.4000000000 -74.3175598040
143.5000000000 -74.3616283107
143.6000000000 -74.4055389073
143.7000000000 -74.4492913806
143.8000000000 -74.4928855248
143.9000000000 -74.5363211408
144.0000000000 -74.5795980366
144.1000000000 -74.6227160272
144.2000000000 -74.6656749345
144.3000000000 -74.7084745875
144.4000000000 -74.7511148221
144.5000000000 -74.7935954812
144.6000000000 -74.8359164147
144.7000000000 -74.8780774795
144.8000000000 -74.9200785393
144.9000000000 -74.9619194650
145.0000000000 -75.0036001343
145.1000000000 -75.0451204318
145.2000000000 -75.0864802492
145.3000000000 -75.1276794850
145.4000000000 -75.1687180445
145.5000000000 -75.2095958402
145.6000000000 -75.2503127911
145.7000000000 -75.2908688232
145.8000000000 -75.3312638695
145.9000000000 -75.3714978696
146.0000000000 -75.4115707700
146.1000000000 -75.4514825239
146.2000000000 -75.4912330913
146.3000000000 -75.5308224390
146.4000000000 -75.5702505404
146.5000000000 -75.6095173756
146.6000000000 -75.6486229314
146.7000000000 -75.6875672012
146.8000000000 -75.7263501850
146.9000000000 -75.7649718893
147.0000000000 -75.8034323272
147.1000000000 -75.8417315185
147.2000000000 -75.8798694891
147.3000000000 -75.9178462717
147.4000000000 -75.9556619052
147.5000000000 -75.9933164350
147.6000000000 -76.0308099127
147.7000000000 -76.0681423963
147.8000000000 -76.1053139502
147.9000000000 -76.1423246448
148.0000000000 -76.1791745568
148.1000000000 -76.2158637692
148.2000000000 -76.2523923710
148.3000000000 -76.2887604571
148.4000000000 -76.3249681289
148.5000000000 -76.3610154933
148.6000000000 -76.3969026635
148.7000000000 -76.4326297585
148.8000000000 -76.4681969033
148.9000000000 -76.5036042285
149.0000000000 -76.5388518706
149.1000000000 -76.5739399720
149.2000000000 -76.6088686805
149.3000000000 -76.6436381499
149.4000000000 -76.6782485394
149.5000000000 -76.7127000137
149.6000000000 -76.7469927432
149.7000000000 -76.7811269036
149.8000000000 -76.8151026763
149.9000000000 -76.8489202477
150.0000000000 -76.8825798099
150.1000000000 -76.9160815599
150.2000000000 -76.9494254523
150.3000000000 -76.9826099656
150.4000000000 -77.0156289420
150.5000000000 -77.0484660369
150.6000000000 -77.0810872834
150.7000000000 -77.1134331249
150.8000000000 -77.1454115654
150.9000000000 -77.1768937765
151.0000000000 -77.2077128211
151.1000000000 -77.2376654348
151.2000000000 -77.2665162508
151.3000000000 -77.2940035678
151.4000000000 -77.3198456970
151.5000000000 -77.3437470354
151.6000000000 -77.3654031858
151.7000000000 -77.3845046359
151.8000000000 -77.4007386481
151.9000000000 -77.4137890959
152.0000000000 -77.4233339624
152.1000000000 -77.4290401159
152.2000000000 -77.4305547957
152.3000000000 -77.4274933702
152.4000000000 -77.4194234646
152.5000000000 -77.4058459653
152.6000000000 -77.3861732268
152.7000000000 -77.3597041429
152.8000000000 -77.3255951303
152.9000000000 -77.2828259496
153.0000000000 -77.2301596650
153.1000000000 -77.1660965041
153.2000000000 -77.0888215338
153.3000000000 -76.9961458251
153.4000000000 -76.8854402759
153.5000000000 -76.7535607109
153.6000000000 -76.5967623652
153.7000000000 -76.4106014137
153.8000000000 -76.1898207840
153.9000000000 -75.9282170588
154.0000000000 -75.6184848027
154.1000000000 -75.2520341134
154.2000000000 -74.8187765815
154.3000000000 -74.3068741077
154.4000000000 -73.7024441293
154.5000000000 -72.9892136939
154.6000000000 -72.1481133623
154.7000000000 -71.1567999319
154.8000000000 -69.9890940559
154.9000000000 -68.6143142313
155.0000000000 -66.9964808401
155.1000000000 -65.0933499837
155.2000000000 -62.8552108659
155.3000000000 -60.2233310048
155.4000000000 -57.1278390957
155.5000000000 -53.4846585273
155.6000000000 -49.1907907556
155.7000000000 -44.1167500847
155.8000000000 -38.0943271641
155.9000000000 -30.8974403049
156.0000000000 -22.2145309763
156.1000000000 -11.6197904397
156.2000000000 1.3676307743
156.3000000000 16.5669685837
156.4000000000 30.6385785522
156.5000000000 37.9665487094
156.6000000000 39.0976392439
156.7000000000 38.5215702752
156.8000000000 38.1370884521
156.9000000000 38.0069708202
157.0000000000 37.9931805949
157.1000000000 38.0172029185
157.2000000000 38.0423407538
157.3000000000 38.0526559418
157.4000000000 38.0420218869
157.5000000000 38.0088151949
157.6000000000 37.9533687550
157.7000000000 37.8767639128
157.8000000000 37.7802740747
157.9000000000 37.6651248035
158.0000000000 37.5324057796
158.1000000000 37.3830533416
158.2000000000 37.2178635621
158.3000000000 37.0375164001
158.4000000000 36.8426017669
158.5000000000 36.6336434769
158.6000000000 36.4111195802
158.7000000000 36.1754787790
158.8000000000 35.9271531696
158.9000000000 35.6665677651
159.0000000000 35.3941473030
159.1000000000 35.1103208256
159.2000000000 34.8155244669
159.3000000000 34.5102028255
159.4000000000 34.1948092430
159.5000000000 33.8698052574
159.6000000000 33.5356594521
159.7000000000 33.1928458867
159.8000000000 32.8418422548
159.9000000000 32.4831278929
160.0000000000 32.1171817318
160.1000000000 31.7444802697
160.2000000000 31.3654956197
160.3000000000 30.9806936786
160.4000000000 30.5905324432
160.5000000000 30.1954604967
160.6000000000 29.7959156760
160.7000000000 29.3923239240
160.8000000000 28.9850983272
160.9000000000 28.5746383334
161.0000000000 28.1613291410
161.1000000000 27.7455412505
161.2000000000 27.3276301648
161.3000000000 26.9079362271
161.4000000000 26.4867845806
161.5000000000 26.0644852382
161.6000000000 25.6413332475
161.7000000000 25.2176089391
161.8000000000 24.7935782440
161.9000000000 24.3694930707
162.0000000000 23.9455917292
162.1000000000 23.5220993924
162.2000000000 23.0992285870
162.3000000000 22.6771797038
162.4000000000 22.2561415214
162.5000000000 21.8362917369
162.6000000000 21.4177974974
162.7000000000 21.0008159273
162.8000000000 20.5854946487
162.9000000000 20.1719722894
163.0000000000 19.7603789774
163.1000000000 19.3508368182
163.2000000000 18.9434603547
163.3000000000 18.5383570057
163.4000000000 18.1356274853
163.5000000000 17.7353661995
163.6000000000 17.3376616217
163.7000000000 16.9425966457
163.8000000000 16.5502489168
163.9000000000 16.1606911420
164.0000000000 15.7739913779
164.1000000000 15.3902132988
164.2000000000 15.0094164446
164.3000000000 14.6316564496
164.4000000000 14.2569852533
164.5000000000 13.8854512930
164.6000000000 13.5170996808
164.7000000000 13.1519723649
164.8000000000 12.7901082761
164.9000000000 12.4315434609
165.0000000000 12.0763112027
165.1000000000 11.7244421302
165.2000000000 11.3759643167
165.3000000000 11.0309033686
165.4000000000 10.6892825057
165.5000000000 10.3511226336
165.6000000000 10.0164424094
165.7000000000 9.6852583009
165.8000000000 9.3575846403
165.9000000000 9.0334336742
166.0000000000 8.7128156083
166.1000000000 8.3957386504
166.2000000000 8.0822090494
166.3000000000 7.7722311333
166.4000000000 7.4658073448
166.5000000000 7.1629382767
166.6000000000 6.8636227061
166.7000000000 6.5678576283
166.8000000000 6.2756382914
166.9000000000 5.9869582307
167.0000000000 5.7018093041
167.1000000000 5.4201817284
167.2000000000 5.1420641163
167.3000000000 4.8674435151
167.4000000000 4.5963054465
167.5000000000 4.3286339472
167.6000000000 4.0644116122
167.7000000000 3.8036196379
167.8000000000 3.5462378681
167.9000000000 3.2922448399
168.0000000000 3.0416178322
168.1000000000 2.7943329143
168.2000000000 2.5503649963
168.3000000000 2.3096878800
168.4000000000 2.0722743108
168.5000000000 1.8380960304
168.6000000000 1.6071238297
168.7000000000 1.3793276026
168.8000000000 1.1546763994
168.9000000000 0.9331384806
169.0000000000 0.7146813709
169.1000000000 0.4992719127
169.2000000000 0.2868763187
169.3000000000 0.0774602250
169.4000000000 -0.1290112570
169.5000000000 -0.3325734897
169.6000000000 -0.5332622587
169.7000000000 -0.7311137241
169.8000000000 -0.9261643717
169.9000000000 -1.1184509666
170.0000000000 -1.3080105071
170.1000000000 -1.4948801812
170.2000000000 -1.6790973229
170.3000000000 -1.8606993716
170.4000000000 -2.0397238318
170.5000000000 -2.2162082352
170.6000000000 -2.3901901041
170.7000000000 -2.5617069160
170.8000000000 -2.7307960708
170.9000000000 -2.8974948587
171.0000000000 -3.0618404301
171.1000000000 -3.2238697674
171.2000000000 -3.3836196579
171.3000000000 -3.5411266686
171.4000000000 -3.6964271228
171.5000000000 -3.8495570773
171.6000000000 -4.0005523024
171.7000000000 -4.1494482624
171.8000000000 -4.2962800980
171.9000000000 -4.4410826096
172.0000000000 -4.5838902427
172.1000000000 -4.7247370740
172.2000000000 -4.8636567990
172.3000000000 -5.0006827207
172.4000000000 -5.1358477392
172.5000000000 -5.2691843433
172.6000000000 -5.4007246020
172.7000000000 -5.5305001579
172.8000000000 -5.6585422212
172.9000000000 -5.7848815643
173.0000000000 -5.9095485182
173.1000000000 -6.0325729683
173.2000000000 -6.1539843527
173.3000000000 -6.2738116596
173.4000000000 -6.3920834265
173.5000000000 -6.5088277396
173.6000000000 -6.6240722335
173.7000000000 -6.7378440924
173.8000000000 -6.8501700507
173.9000000000 -6.9610763948
174.0000000000 -7.0705889654
174.1000000000 -7.1787331598
174.2000000000 -7.2855339345
174.3000000000 -7.3910158091
174.4000000000 -7.4952028692
174.5000000000 -7.5981187706
174.6000000000 -7.6997867435
174.7000000000 -7.8002295967
174.8000000000 -7.8994697221
174.9000000000 -7.9975291000
175.0000000000 -8.0944293035
175.1000000000 -8.1901915040
175.2000000000 -8.2848364763
175.3000000000 -8.3783846041
175.4000000000 -8.4708558856
175.5000000000 -8.5622699388
175.6000000000 -8.6526460077
175.7000000000 -8.7420029673
175.8000000000 -8.8303593302
175.9000000000 -8.9177332516
176.0000000000 -9.0041425360
176.1000000000 -9.0896046422
176.2000000000 -9.1741366899
176.3000000000 -9.2577554652
176.4000000000 -9.3404774264
176.5000000000 -9.4223187100
176.6000000000 -9.5032951365
176.7000000000 -9.5834222161
176.8000000000 -9.6627151544
176.9000000000 -9.7411888583
177.0000000000 -9.8188579413
177.1000000000 -9.8957367295
177.2000000000 -9.9718392669
177.3000000000 -10.0471793207
177.4000000000 -10.1217703872
177.5000000000 -10.1956256966
177.6000000000 -10.2687582189
177.7000000000 -10.3411806684
177.8000000000 -10.4129055092
177.9000000000 -10.4839449606
178.0000000000 -10.5543110014
178.1000000000 -10.6240153752
178.2000000000 -10.6930695953
178.3000000000 -10.7614849490
178.4000000000 -10.8292725030
178.5000000000 -10.8964431072
178.6000000000 -10.9630074000
178.7000000000 -11.0289758119
178.8000000000 -11.0943585706
178.9000000000 -11.1591657047
179.0000000000 -11.2234070483
179.1000000000 -11.2870922450
179.2000000000 -11.3502307518
179.3000000000 -11.4128318431
179.4000000000 -11.4749046147
179.5000000000 -11.5364579876
179.6000000000 -11.5975007116
179.7000000000 -11.6580413690
179.8000000000 -11.7180883783
179.9000000000 -11.7776499974
180.0000000000 -11.8367343274
180.1000000000 -11.8953493159
180.2000000000 -11.9535027599
180.3000000000 -12.0112023095
180.4000000000 -12.0684554709
180.5000000000 -12.1252696094
180.6000000000 -12.1816519524
180.7000000000 -12.2376095925
180.8000000000 -12.2931494904
180.9000000000 -12.3482784776
181.0000000000 -12.4030032591
181.1000000000 -12.4573304165
181.2000000000 -12.5112664100
181.3000000000 -12.5648175818
181.4000000000 -12.6179901579
181.5000000000 -12.6707902509
181.6000000000 -12.7232238626
181.7000000000 -12.7752968860
181.8000000000 -12.8270151077
181.9000000000 -12.8783842105
182.0000000000 -12.9294097753
182.1000000000 -12.9800972831
182.2000000000 -13.0304521175
182.3000000000 -13.0804795668
182.4000000000 -13.1301848255
182.5000000000 -13.1795729967
182.6000000000 -13.2286490942
182.7000000000 -13.2774180438
182.8000000000 -13.3258846856
182.9000000000 -13.3740537758
183.0000000000 -13.4219299881
183.1000000000 -13.4695179158
183.2000000000 -13.5168220735
183.3000000000 -13.5638468984
183.4000000000 -13.6105967521
183.5000000000 -13.6570759224
183.6000000000 -13.7032886244
183.7000000000 -13.7492390023
183.8000000000 -13.7949311310
183.9000000000 -13.8403690170
184.0000000000 -13.8855566004
184.1000000000 -13.9304977560
184.2000000000 -13.9751962945
184.3000000000 -14.0196559642
184.4000000000 -14.0638804519
184.5000000000 -14.1078733843
184.6000000000 -14.1516383294
184.7000000000 -14.1951787975
184.8000000000 -14.2384982422
184.9000000000 -14.2816000621
185.0000000000 -14.3244876014
185.1000000000 -14.3671641511
185.2000000000 -14.4096329504
185.3000000000 -14.4518971873
185.4000000000 -14.4939599998
185.5000000000 -14.5358244772
185.6000000000 -14.5774936604
185.7000000000 -14.6189705437
185.8000000000 -14.6602580750
185.9000000000 -14.7013591572
186.0000000000 -14.7422766488
186.1000000000 -14.7830133649
186.2000000000 -14.8235720781
186.3000000000 -14.8639555194
186.4000000000 -14.9041663787
186.5000000000 -14.9442073060
186.6000000000 -14.9840809119
186.7000000000 -15.0237897685
186.8000000000 -15.0633364102
186.9000000000 -15.1027233341
187.0000000000 -15.1419530013
187.1000000000 -15.1810278370
187.2000000000 -15.2199502318
187.3000000000 -15.2587225417
187.4000000000 -15.2973470893
187.5000000000 -15.3358261642
187.6000000000 -15.3741620236
187.7000000000 -15.4123568931
187.8000000000 -15.4504129672
187.9000000000 -15.4883324099
188.0000000000 -15.5261173551
188.1000000000 -15.5637699075
188.2000000000 -15.6012921430
188.3000000000 -15.6386861091
188.4000000000 -15.6759538257
188.5000000000 -15.7130972855
188.6000000000 -15.7501184542
188.7000000000 -15.7870192716
188.8000000000 -15.8238016518
188.9000000000 -15.8604674835
189.0000000000 -15.8970186305
189.1000000000 -15.9334569327
189.2000000000 -15.9697842057
189.3000000000 -16.0060022418
189.4000000000 -16.0421128106
189.5000000000 -16.0781176586
189.6000000000 -16.1140185105
189.7000000000 -16.1498170692
189.8000000000 -16.1855150161
189.9000000000 -16.2211140117
190.0000000000 -16.2566156959
190.1000000000 -16.2920216884
190.2000000000 -16.3273335889
190.3000000000 -16.3625529778
190.4000000000 -16.3976814162
190.5000000000 -16.4327204464
190.6000000000 -16.4676715923
190.7000000000 -16.5025363596
190.8000000000 -16.5373162363
190.9000000000 -16.5720126926
191.0000000000 -16.6066271818
191.1000000000 -16.6411611402
191.2000000000 -16.6756159875
191.3000000000 -16.7099931271
191.4000000000 -16.7442939464
191.5000000000 -16.7785198171
191.6000000000 -16.8126720954
191.7000000000 -16.8467521224
191.8000000000 -16.8807612242
191.9000000000 -16.9147007122
192.0000000000 -16.9485718836
192.1000000000 -16.9823760212
192.2000000000 -17.0161143942
192.3000000000 -17.0497882578
192.4000000000 -17.0833988540
192.5000000000 -17.1169474115
192.6000000000 -17.1504351463
192.7000000000 -17.1838632612
192.8000000000 -17.2172329470
192.9000000000 -17.2505453817
193.0000000000 -17.2838017317
193.1000000000 -17.3170031512
193.2000000000 -17.3501507827
193.3000000000 -17.3832457576
193.4000000000 -17.4162891955
193.5000000000 -17.4492822054
193.6000000000 -17.4822258851
193.7000000000 -17.5151213219
193.8000000000 -17.5479695925
193.9000000000 -17.5807717631
194.0000000000 -17.6135288901
194.1000000000 -17.6462420197
194.2000000000 -17.6789121883
194.3000000000 -17.7115404226
194.4000000000 -17.7441277399
194.5000000000 -17.7766751484
194.6000000000 -17.8091836467
194.7000000000 -17.8416542248
194.8000000000 -17.8740878637
194.9000000000 -17.9064855358
195.0000000000 -17.9388482048
195.1000000000 -17.9711768261
195.2000000000 -18.0034723469
195.3000000000 -18.0357357064
195.4000000000 -18.0679678356
195.5000000000 -18.1001696578
195.6000000000 -18.1323420887
195.7000000000 -18.1644860364
195.8000000000 -18.1966024014
195.9000000000 -18.2286920772
196.0000000000 -18.2607559500
196.1000000000 -18.2927948990
196.2000000000 -18.3248097964
196.3000000000 -18.3568015078
196.4000000000 -18.3887708918
196.5000000000 -18.4207188009
196.6000000000 -18.4526460808
196.7000000000 -18.4845535710
196.8000000000 -18.5164421048
196.9000000000 -18.5483125095
197.0000000000 -18.5801656062
197.1000000000 -18.6120022103
197.2000000000 -18.6438231313
197.3000000000 -18.6756291731
197.4000000000 -18.7074211340
197.5000000000 -18.7391998069
197.6000000000 -18.7709659792
197.7000000000 -18.8027204332
197.8000000000 -18.8344639459
197.9000000000 -18.8661972892
198.0000000000 -18.8979212300
198.1000000000 -18.9296365306
198.2000000000 -18.9613439481
198.3000000000 -18.9930442350
198.4000000000 -19.0247381394
198.5000000000 -19.0564264046
198.6000000000 -19.0881097695
198.7000000000 -19.1197889688
198.8000000000 -19.1514647326
198.9000000000 -19.1831377870
199.0000000000 -19.2148088541
199.1000000000 -19.2464786516
199.2000000000 -19.2781478936
199.3000000000 -19.3098172901
199.4000000000 -19.3414875473
199.5000000000 -19.3731593678
199.6000000000 -19.4048334502
199.7000000000 -19.4365104900
199.8000000000 -19.4681911787
199.9000000000 -19.4998762047
200.0000000000 -19.5315662528
200.1000000000 -19.5632620046
200.2000000000 -19.5949641384
200.3000000000 -19.6266733294
200.4000000000 -19.6583902496
200.5000000000 -19.6901155680
200.6000000000 -19.7218499505
200.7000000000 -19.7535940603
200.8000000000 -19.7853485576
200.9000000000 -19.8171140997
201.0000000000 -19.8488913413
201.1000000000 -19.8806809345
201.2000000000 -19.9124835286
201.3000000000 -19.9442997704
201.4000000000 -19.9761303042
201.5000000000 -20.0079757718
201.6000000000 -20.0398368128
201.7000000000 -20.0717140642
201.8000000000 -20.1036081608
201.9000000000 -20.1355197351
202.0000000000 -20.1674494177
202.1000000000 -20.1993978368
202.2000000000 -20.2313656184
202.3000000000 -20.2633533869
202.4000000000 -20.2953617643
202.5000000000 -20.3273913708
202.6000000000 -20.3594428248
202.7000000000 -20.3915167428
202.8000000000 -20.4236137395
202.9000000000 -20.4557344278
203.0000000000 -20.4878794189
203.1000000000 -20.5200493225
203.2000000000 -20.5522447464
203.3000000000 -20.5844662971
203.4000000000 -20.6167145795
203.5000000000 -20.6489901968
203.6000000000 -20.6812937510
203.7000000000 -20.7136258426
203.8000000000 -20.7459870706
203.9000000000 -20.7783780330
204.0000000000 -20.8107993262
204.1000000000 -20.8432515454
204.2000000000 -20.8757352846
204.3000000000 -20.9082511368
204.4000000000 -20.9407996936
204.5000000000 -20.9733815456
204.6000000000 -21.0059972823
204.7000000000 -21.0386474923
204.8000000000 -21.0713327628
204.9000000000 -21.1040536806
205.0000000000 -21.1368108310
205.1000000000 -21.1696047988
205.2000000000 -21.2024361678
205.3000000000 -21.2353055208
205.4000000000 -21.2682134400
205.5000000000 -21.3011605068
205.6000000000 -21.3341473016
205.7000000000 -21.3671744044
205.8000000000 -21.4002423942
205.9000000000 -21.4333518497
206.0000000000 -21.4665033486
206.1000000000 -21.4996974681
206.2000000000 -21.5329347850
206.3000000000 -21.5662158753
206.4000000000 -21.5995413145
206.5000000000 -21.6329116777
206.6000000000 -21.6663275395
206.7000000000 -21.6997894739
206.8000000000 -21.7332980546
206.9000000000 -21.7668538549
207.0000000000 -21.8004574475
207.1000000000 -21.8341094051
207.2000000000 -21.8678102997
207.3000000000 -21.9015607031
207.4000000000 -21.9353611869
207.5000000000 -21.9692123223
207.6000000000 -22.0031146802
207.7000000000 -22.0370688314
207.8000000000 -22.0710753463
207.9000000000 -22.1051347953
208.0000000000 -22.1392477483
208.1000000000 -22.1734147755
208.2000000000 -22.2076364464
208.3000000000 -22.2419133309
208.4000000000 -22.2762459983
208.5000000000 -22.3106350181
208.6000000000 -22.3450809596
208.7000000000 -22.3795843920
208.8000000000 -22.4141458846
208.9000000000 -22.4487660065
209.0000000000 -22.4834453267
209.1000000000 -22.5181844144
209.2000000000 -22.5529838387
209.3000000000 -22.5878441686
209.4000000000 -22.6227659733
209.5000000000 -22.6577498219
209.6000000000 -22.6927962835
209.7000000000 -22.7279059274
209.8000000000 -22.7630793229
209.9000000000 -22.7983170392
210.0000000000 -22.8336196460
210.1000000000 -22.8689877126
210.2000000000 -22.9044218087
210.3000000000 -22.9399225040
210.4000000000 -22.9754903684
210.5000000000 -23.0111259717
210.6000000000 -23.0468298841
210.7000000000 -23.0826026757
210.8000000000 -23.1184449168
210.9000000000 -23.1543571780
211.0000000000 -23.1903400299
211.1000000000 -23.2263940431
211.2000000000 -23.2625197887
211.3000000000 -23.2987178376
211.4000000000 -23.3349887611
211.5000000000 -23.3713331305
211.6000000000 -23.4077515174
211.7000000000 -23.4442444935
211.8000000000 -23.4808126306
211.9000000000 -23.5174565007
212.0000000000 -23.5541766760
212.1000000000 -23.5909737288
212.2000000000 -23.6278482316
212.3000000000 -23.6648007570
212.4000000000 -23.7018318778
212.5000000000 -23.7389421670
212.6000000000 -23.7761321976
212.7000000000 -23.8134025429
212.8000000000 -23.8507537762
212.9000000000 -23.8881864710
213.0000000000 -23.9257012008
213.1000000000 -23.9632985395
213.2000000000 -24.0009790609
213.3000000000 -24.0387433389
213.4000000000 -24.0765919475
213.5000000000 -24.1145254610
213.6000000000 -24.1525444534
213.7000000000 -24.1906494991
213.8000000000 -24.2288411723
213.9000000000 -24.2671200476
214.0000000000 -24.3054866993
214.1000000000 -24.3439417018
214.2000000000 -24.3824856297
214.3000000000 -24.4211190573
214.4000000000 -24.4598425591
214.5000000000 -24.4986567096
214.6000000000 -24.5375620830
214.7000000000 -24.5765592538
214.8000000000 -24.6156487961
214.9000000000 -24.6548312842
215.0000000000 -24.6941072919
215.1000000000 -24.7334773934
215.2000000000 -24.7729421622
215.3000000000 -24.8125021722
215.4000000000 -24.8521579965
215.5000000000 -24.8919102086
215.6000000000 -24.9317593814
215.7000000000 -24.9717060876
215.8000000000 -25.0117508998
215.9000000000 -25.0518943901
216.0000000000 -25.0921371304
216.1000000000 -25.1324796923
216.2000000000 -25.1729226470
216.3000000000 -25.2134665652
216.4000000000 -25.2541120173
216.5000000000 -25.2948595734
216.6000000000 -25.3357098027
216.7000000000 -25.3766632745
216.8000000000 -25.4177205570
216.9000000000 -25.4588822183
217.0000000000 -25.5001488256
217.1000000000 -25.5415209456
217.2000000000 -25.5829991444
217.3000000000 -25.6245839874
217.4000000000 -25.6662760393
217.5000000000 -25.7080758640
217.6000000000 -25.7499840246
217.7000000000 -25.7920010835
217.8000000000 -25.8341276023
217.9000000000 -25.8763641414
218.0000000000 -25.9187112606
218.1000000000 -25.9611695186
218.2000000000 -26.0037394732
218.3000000000 -26.0464216811
218.4000000000 -26.0892166978
218.5000000000 -26.1321250779
218.6000000000 -26.1751473748
218.7000000000 -26.2182841405
218.8000000000 -26.2615359260
218.9000000000 -26.3049032810
219.0000000000 -26.3483867536
219.1000000000 -26.3919868909
219.2000000000 -26.4357042383
219.3000000000 -26.4795393399
219.4000000000 -26.5234927381
219.5000000000 -26.5675649740
219.6000000000 -26.6117565868
219.7000000000 -26.6560681144
219.8000000000 -26.7005000926
219.9000000000 -26.7450530557
220.0000000000 -26.7897275361
220.1000000000 -26.8345240643
220.2000000000 -26.8794431691
220.3000000000 -26.9244853770
220.4000000000 -26.9696512127
220.5000000000 -27.0149411988
220.6000000000 -27.0603558556
220.7000000000 -27.1058957016
220.8000000000 -27.1515612525
220.9000000000 -27.1973530222
221.0000000000 -27.2432715220
221.1000000000 -27.2893172607
221.2000000000 -27.3354907447
221.3000000000 -27.3817924781
221.4000000000 -27.4282229619
221.5000000000 -27.4747826949
221.6000000000 -27.5214721729
221.7000000000 -27.5682918890
221.8000000000 -27.6152423333
221.9000000000 -27.6623239933
222.0000000000 -27.7095373532
222.1000000000 -27.7568828942
222.2000000000 -27.8043610946
222.3000000000 -27.8519724292
222.4000000000 -27.8997173697
222.5000000000 -27.9475963845
222.6000000000 -27.9956099385
222.7000000000 -28.0437584934
222.8000000000 -28.0920425069
222.9000000000 -28.1404624336
223.0000000000 -28.1890187240
223.1000000000 -28.2377118251
223.2000000000 -28.2865421799
223.3000000000 -28.3355102278
223.4000000000 -28.3846164039
223.5000000000 -28.4338611394
223.6000000000 -28.4832448614
223.7000000000 -28.5327679926
223.8000000000 -28.5824309518
223.9000000000 -28.6322341532
224.0000000000 -28.6821780064
224.1000000000 -28.7322629169
224.2000000000 -28.7824892854
224.3000000000 -28.8328575079
224.4000000000 -28.8833679756
224.5000000000 -28.9340210751
224.6000000000 -28.9848171880
224.7000000000 -29.0357566908
224.8000000000 -29.0868399550
224.9000000000 -29.1380673471
225.0000000000 -29.1894392281
225.1000000000 -29.2409559540
225.2000000000 -29.2926178751
225.3000000000 -29.3444253365
225.4000000000 -29.3963786775
225.5000000000 -29.4484782320
225.6000000000 -29.5007243278
225.7000000000 -29.5531172875
225.8000000000 -29.6056574271
225.9000000000 -29.6583450572
226.0000000000 -29.7111804820
226.1000000000 -29.7641639997
226.2000000000 -29.8172959022
226.3000000000 -29.8705764752
226.4000000000 -29.9240059979
226.5000000000 -29.9775847430
226.6000000000 -30.0313129767
226.7000000000 -30.0851909585
226.8000000000 -30.1392189412
226.9000000000 -30.1933971708
227.0000000000 -30.2477258863
227.1000000000 -30.3022053197
227.2000000000 -30.3568356962
227.3000000000 -30.4116172334
227.4000000000 -30.4665501420
227.5000000000 -30.5216346252
227.6000000000 -30.5768708790
227.7000000000 -30.6322590915
227.8000000000 -30.6877994436
227.9000000000 -30.7434921084
228.0000000000 -30.7993372512
228.1000000000 -30.8553350296
228.2000000000 -30.9114855932
228.3000000000 -30.9677890837
228.4000000000 -31.0242456345
228.5000000000 -31.0808553712
228.6000000000 -31.1376184108
228.7000000000 -31.1945348623
228.8000000000 -31.2516048261
228.9000000000 -31.3088283942
229.0000000000 -31.3662056500
229.1000000000 -31.4237366685
229.2000000000 -31.4814215158
229.3000000000 -31.5392602491
229.4000000000 -31.5972529170
229.5000000000 -31.6553995591
229.6000000000 -31.7137002059
229.7000000000 -31.7721548790
229.8000000000 -31.8307635907
229.9000000000 -31.8895263441
230.0000000000 -31.9484431332
230.1000000000 -32.0075139425
230.2000000000 -32.0667387469
230.3000000000 -32.1261175122
230.4000000000 -32.1856501944
230.5000000000 -32.2453367399
230.6000000000 -32.3051770855
230.7000000000 -32.3651711581
230.8000000000 -32.4253188751
230.9000000000 -32.4856201436
231.0000000000 -32.5460748612
231.1000000000 -32.6066829153
231.2000000000 -32.6674441833
231.3000000000 -32.7283585324
231.4000000000 -32.7894258200
231.5000000000 -32.8506458929
231.6000000000 -32.9120185878
231.7000000000 -32.9735437313
231.8000000000 -33.0352211394
231.9000000000 -33.0970506178
232.0000000000 -33.1590319619
232.1000000000 -33.2211649563
232.2000000000 -33.2834493755
232.3000000000 -33.3458849832
232.4000000000 -33.4084715326
232.5000000000 -33.4712087661
232.6000000000 -33.5340964157
232.7000000000 -33.5971342026
232.8000000000 -33.6603218372
232.9000000000 -33.7236590193
233.0000000000 -33.7871454378
233.1000000000 -33.8507807710
233.2000000000 -33.9145646861
233.3000000000 -33.9784968396
233.4000000000 -34.0425768773
233.5000000000 -34.1068044339
233.6000000000 -34.1711791332
233.7000000000 -34.2357005884
233.8000000000 -34.3003684015
233.9000000000 -34.3651821636
234.0000000000 -34.4301414550
234.1000000000 -34.4952458451
234.2000000000 -34.5604948922
234.3000000000 -34.6258881439
234.4000000000 -34.6914251367
234.5000000000 -34.7571053962
234.6000000000 -34.8229284373
234.7000000000 -34.8888937637
234.8000000000 -34.9550008684
234.9000000000 -35.0212492336
235.0000000000 -35.0876383305
235.1000000000 -35.1541676195
235.2000000000 -35.2208365502
235.3000000000 -35.2876445614
235.4000000000 -35.3545910813
235.5000000000 -35.4216755272
235.6000000000 -35.4888973058
235.7000000000 -35.5562558129
235.8000000000 -35.6237504341
235.9000000000 -35.6913805441
236.0000000000 -35.7591455072
236.1000000000 -35.8270446770
236.2000000000 -35.8950773970
236.3000000000 -35.9632430000
236.4000000000 -36.0315408085
236.5000000000 -36.0999701348
236.6000000000 -36.1685302809
236.7000000000 -36.2372205387
236.8000000000 -36.3060401898
236.9000000000 -36.3749885059
237.0000000000 -36.4440647487
237.1000000000 -36.5132681700
237.2000000000 -36.5825980116
237.3000000000 -36.6520535056
237.4000000000 -36.7216338746
237.5000000000 -36.7913383313
237.6000000000 -36.8611660789
237.7000000000 -36.9311163114
237.8000000000 -37.0011882132
237.9000000000 -37.0713809593
238.0000000000 -37.1416937160
238.1000000000 -37.2121256399
238.2000000000 -37.2826758790
238.3000000000 -37.3533435723
238.4000000000 -37.4241278500
238.5000000000 -37.4950278336
238.6000000000 -37.5660426358
238.7000000000 -37.6371713613
238.8000000000 -37.7084131058
238.9000000000 -37.7797669573
239.0000000000 -37.8512319953
239.1000000000 -37.9228072912
239.2000000000 -37.9944919089
239.3000000000 -38.0662849040
239.4000000000 -38.1381853248
239.5000000000 -38.2101922117
239.6000000000 -38.2823045980
239.7000000000 -38.3545215094
239.8000000000 -38.4268419646
239.9000000000 -38.4992649753
240.0000000000 -38.5717895461
240.1000000000 -38.6444146750
240.2000000000 -38.7171393531
240.3000000000 -38.7899625654
240.4000000000 -38.8628832901
240.5000000000 -38.9359004995
240.6000000000 -39.0090131597
240.7000000000 -39.0822202307
240.8000000000 -39.1555206671
240.9000000000 -39.2289134174
241.0000000000 -39.3023974250
241.1000000000 -39.3759716278
241.2000000000 -39.4496349583
241.3000000000 -39.5233863443
241.4000000000 -39.5972247085
241.5000000000 -39.6711489689
241.6000000000 -39.7451580391
241.7000000000 -39.8192508279
241.8000000000 -39.8934262403
241.9000000000 -39.9676831769
242.0000000000 -40.0420205344
242.1000000000 -40.1164372057
242.2000000000 -40.1909320802
242.3000000000 -40.2655040438
242.4000000000 -40.3401519790
242.5000000000 -40.4148747653
242.6000000000 -40.4896712791
242.7000000000 -40.5645403942
242.8000000000 -40.6394809816
242.9000000000 -40.7144919099
243.0000000000 -40.7895720453
243.1000000000 -40.8647202520
243.2000000000 -40.9399353921
243.3000000000 -41.0152163261
243.4000000000 -41.0905619127
243.5000000000 -41.1659710090
243.6000000000 -41.2414424712
243.7000000000 -41.3169751540
243.8000000000 -41.3925679112
243.9000000000 -41.4682195960
244.0000000000 -41.5439290609
244.1000000000 -41.6196951577
244.2000000000 -41.6955167381
244.3000000000 -41.7713926537
244.4000000000 -41.8473217561
244.5000000000 -41.9233028971
244.6000000000 -41.9993349287
244.7000000000 -42.0754167038
244.8000000000 -42.1515470756
244.9000000000 -42.2277248984
245.0000000000 -42.3039490274
245.1000000000 -42.3802183191
245.2000000000 -42.4565316313
245.3000000000 -42.5328878233
245.4000000000 -42.6092857559
245.5000000000 -42.6857242920
245.6000000000 -42.7622022963
245.7000000000 -42.8387186358
245.8000000000 -42.9152721796
245.9000000000 -42.9918617993
246.0000000000 -43.0684863692
246.1000000000 -43.1451447663
246.2000000000 -43.2218358704
246.3000000000 -43.2985585646
246.4000000000 -43.3753117349
246.5000000000 -43.4520942710
246.6000000000 -43.5289050657
246.7000000000 -43.6057430157
246.8000000000 -43.6826070215
246.9000000000 -43.7594959874
247.0000000000 -43.8364088218
247.1000000000 -43.9133444374
247.2000000000 -43.9903017511
247.3000000000 -44.0672796843
247.4000000000 -44.1442771632
247.5000000000 -44.2212931184
247.6000000000 -44.2983264856
247.7000000000 -44.3753762056
247.8000000000 -44.4524412240
247.9000000000 -44.5295204920
248.0000000000 -44.6066129658
248.1000000000 -44.6837176074
248.2000000000 -44.7608333844
248.3000000000 -44.8379592699
248.4000000000 -44.9150942431
248.5000000000 -44.9922372889
248.6000000000 -45.0693873985
248.7000000000 -45.1465435691
248.8000000000 -45.2237048045
248.9000000000 -45.3008701144
249.0000000000 -45.3780385153
249.1000000000 -45.4552090303
249.2000000000 -45.5323806892
249.3000000000 -45.6095525285
249.4000000000 -45.6867235915
249.5000000000 -45.7638929287
249.6000000000 -45.8410595974
249.7000000000 -45.9182226624
249.8000000000 -45.9953811955
249.9000000000 -46.0725342758
250.0000000000 -46.1496809899
250.1000000000 -46.2268204318
250.2000000000 -46.3039517033
250.3000000000 -46.3810739135
250.4000000000 -46.4581861793
250.5000000000 -46.5352876256
250.6000000000 -46.6123773850
250.7000000000 -46.6894545979
250.8000000000 -46.7665184128
250.9000000000 -46.8435679862
251.0000000000 -46.9206024827
251.1000000000 -46.9976210752
251.2000000000 -47.0746229445
251.3000000000 -47.1516072799
251.4000000000 -47.2285732790
251.5000000000 -47.3055201476
251.6000000000 -47.3824471001
251.7000000000 -47.4593533593
251.8000000000 -47.5362381563
251.9000000000 -47.6131007309
252.0000000000 -47.6899403316
252.1000000000 -47.7667562151
252.2000000000 -47.8435476472
252.3000000000 -47.9203139020
252.4000000000 -47.9970542624
252.5000000000 -48.0737680202
252.6000000000 -48.1504544756
252.7000000000 -48.2271129379
252.8000000000 -48.3037427249
252.9000000000 -48.3803431635
253.0000000000 -48.4569135890
253.1000000000 -48.5334533460
253.2000000000 -48.6099617875
253.3000000000 -48.6864382758
253.4000000000 -48.7628821816
253.5000000000 -48.8392928847
253.6000000000 -48.9156697739
253.7000000000 -48.9920122465
253.8000000000 -49.0683197090
253.9000000000 -49.1445915765
254.0000000000 -49.2208272732
254.1000000000 -49.2970262320
254.2000000000 -49.3731878946
254.3000000000 -49.4493117116
254.4000000000 -49.5253971425
254.5000000000 -49.6014436555
254.6000000000 -49.6774507275
254.7000000000 -49.7534178443
254.8000000000 -49.8293445004
254.9000000000 -49.9052301992
255.0000000000 -49.9810744524
255.1000000000 -50.0568767807
255.2000000000 -50.1326367135
255.3000000000 -50.2083537885
255.4000000000 -50.2840275523
255.5000000000 -50.3596575599
255.6000000000 -50.4352433748
255.7000000000 -50.5107845691
255.8000000000 -50.5862807233
255.9000000000 -50.6617314264
256.0000000000 -50.7371362755
256.1000000000 -50.8124948764
256.2000000000 -50.8878068428
256.3000000000 -50.9630717971
256.4000000000 -51.0382893695
256.5000000000 -51.1134591985
256.6000000000 -51.1885809307
256.7000000000 -51.2636542208
256.8000000000 -51.3386787314
256.9000000000 -51.4136541331
257.0000000000 -51.4885801043
257.1000000000 -51.5634563314
257.2000000000 -51.6382825085
257.3000000000 -51.7130583373
257.4000000000 -51.7877835273
257.5000000000 -51.8624577955
257.6000000000 -51.9370808666
257.7000000000 -52.0116524725
257.8000000000 -52.0861723528
257.9000000000 -52.1606402541
258.0000000000 -52.2350559307
258.1000000000 -52.3094191436
258.2000000000 -52.3837296614
258.3000000000 -52.4579872594
258.4000000000 -52.5321917200
258.5000000000 -52.6063428327
258.6000000000 -52.6804403937
258.7000000000 -52.7544842058
258.8000000000 -52.8284740787
258.9000000000 -52.9024098286
259.0000000000 -52.9762912785
259.1000000000 -53.0501182574
259.2000000000 -53.1238906011
259.3000000000 -53.1976081515
259.4000000000 -53.2712707566
259.5000000000 -53.3448782707
259.6000000000 -53.4184305542
259.7000000000 -53.4919274733
259.8000000000 -53.5653689001
259.9000000000 -53.6387547126
260.0000000000 -53.7120847945
260.1000000000 -53.7853590349
260.2000000000 -53.8585773288
260.3000000000 -53.9317395762
260.4000000000 -54.0048456828
260.5000000000 -54.0778955594
260.6000000000 -54.1508891221
260.7000000000 -54.2238262919
260.8000000000 -54.2967069948
260.9000000000 -54.3695311618
261.0000000000 -54.4422987288
261.1000000000 -54.5150096361
261.2000000000 -54.5876638288
261.3000000000 -54.6602612565
261.4000000000 -54.7328018732
261.5000000000 -54.8052856373
261.6000000000 -54.8777125112
261.7000000000 -54.9500824616
261.8000000000 -55.0223954593
261.9000000000 -55.0946514789
262.0000000000 -55.1668504988
262.1000000000 -55.2389925013
262.2000000000 -55.3110774721
262.3000000000 -55.3831054007
262.4000000000 -55.4550762799
262.5000000000 -55.5269901057
262.6000000000 -55.5988468776
262.7000000000 -55.6706465980
262.8000000000 -55.7423892724
262.9000000000 -55.8140749094
263.0000000000 -55.8857035202
263.1000000000 -55.9572751187
263.2000000000 -56.0287897216
263.3000000000 -56.1002473481
263.4000000000 -56.1716480196
263.5000000000 -56.2429917600
263.6000000000 -56.3142785954
263.7000000000 -56.3855085540
263.8000000000 -56.4566816658
263.9000000000 -56.5277979630
264.0000000000 -56.5988574794
264.1000000000 -56.6698602506
264.2000000000 -56.7408063135
264.3000000000 -56.8116957070
264.4000000000 -56.8825284708
264.5000000000 -56.9533046462
264.6000000000 -57.0240242757
264.7000000000 -57.0946874027
264.8000000000 -57.1652940715
264.9000000000 -57.2358443276
265.0000000000 -57.3063382168
265.1000000000 -57.3767757858
265.2000000000 -57.4471570819
265.3000000000 -57.5174821527
265.4000000000 -57.5877510461
265.5000000000 -57.6579638103
265.6000000000 -57.7281204937
265.7000000000 -57.7982211445
265.8000000000 -57.8682658111
265.9000000000 -57.9382545414
266.0000000000 -58.0081873833
266.1000000000 -58.0780643842
266.2000000000 -58.1478855909
266.3000000000 -58.2176510497
266.4000000000 -58.2873608064
266.5000000000 -58.3570149056
266.6000000000 -58.4266133912
266.7000000000 -58.4961563063
266.8000000000 -58.5656436925
266.9000000000 -58.6350755906
267.0000000000 -58.7044520398
267.1000000000 -58.7737730780
267.2000000000 -58.8430387417
267.3000000000 -58.9122490657
267.4000000000 -58.9814040831
267.5000000000 -59.0505038253
267.6000000000 -59.1195483217
267.7000000000 -59.1885375999
267.8000000000 -59.2574716852
267.9000000000 -59.3263506009
268.0000000000 -59.3951743680
268.1000000000 -59.4639430051
268.2000000000 -59.5326565283
268.3000000000 -59.6013149513
268.4000000000 -59.6699182851
268.5000000000 -59.7384665379
268.6000000000 -59.8069597152
268.7000000000 -59.8753978196
268.8000000000 -59.9437808507
268.9000000000 -60.0121088048
269.0000000000 -60.0803816754
269.1000000000 -60.1485994524
269.2000000000 -60.2167621227
269.3000000000 -60.2848696696
269.4000000000 -60.3529220727
269.5000000000 -60.4209193085
269.6000000000 -60.4888613494
269.7000000000 -60.5567481642
269.8000000000 -60.6245797179
269.9000000000 -60.6923559716
270.0000000000 -60.7600768824
270.1000000000 -60.8277424033
270.2000000000 -60.8953524833
270.3000000000 -60.9629070669
270.4000000000 -61.0304060947
270.5000000000 -61.0978495027
270.6000000000 -61.1652372225
270.7000000000 -61.2325691813
270.8000000000 -61.2998453016
270.9000000000 -61.3670655015
271.0000000000 -61.4342296942
271.1000000000 -61.5013377882
271.2000000000 -61.5683896871
271.3000000000 -61.6353852899
271.4000000000 -61.7023244903
271.5000000000 -61.7692071773
271.6000000000 -61.8360332346
271.7000000000 -61.9028025409
271.8000000000 -61.9695149697
271.9000000000 -62.0361703893
272.0000000000 -62.1027686628
272.1000000000 -62.1693096478
272.2000000000 -62.2357931965
272.3000000000 -62.3022191560
272.4000000000 -62.3685873677
272.5000000000 -62.4348976673
272.6000000000 -62.5011498853
272.7000000000 -62.5673438463
272.8000000000 -62.6334793696
272.9000000000 -62.6995562685
273.0000000000 -62.7655743507
273.1000000000 -62.8315334181
273.2000000000 -62.8974332670
273.3000000000 -62.9632736877
273.4000000000 -63.0290544647
273.5000000000 -63.0947753767
273.6000000000 -63.1604361963
273.7000000000 -63.2260366904
273.8000000000 -63.2915766199
273.9000000000 -63.3570557396
274.0000000000 -63.4224737985
274.1000000000 -63.4878305395
274.2000000000 -63.5531256993
274.3000000000 -63.6183590090
274.4000000000 -63.6835301931
274.5000000000 -63.7486389705
274.6000000000 -63.8136850538
274.7000000000 -63.8786681496
274.8000000000 -63.9435879583
274.9000000000 -64.0084441744
275.0000000000 -64.0732364862
275.1000000000 -64.1379645759
275.2000000000 -64.2026281196
275.3000000000 -64.2672267874
275.4000000000 -64.3317602432
275.5000000000 -64.3962281451
275.6000000000 -64.4606301447
275.7000000000 -64.5249658880
275.8000000000 -64.5892350147
275.9000000000 -64.6534371585
276.0000000000 -64.7175719473
276.1000000000 -64.7816390027
276.2000000000 -64.8456379405
276.3000000000 -64.9095683707
276.4000000000 -64.9734298972
276.5000000000 -65.0372221180
276.6000000000 -65.1009446253
276.7000000000 -65.1645970055
276.8000000000 -65.2281788392
276.9000000000 -65.2916897011
277.0000000000 -65.3551291604
277.1000000000 -65.4184967804
277.2000000000 -65.4817921189
277.3000000000 -65.5450147279
277.4000000000 -65.6081641541
277.5000000000 -65.6712399385
277.6000000000 -65.7342416166
277.7000000000 -65.7971687186
277.8000000000 -65.8600207692
277.9000000000 -65.9227972879
278.0000000000 -65.9854977888
278.1000000000 -66.0481217808
278.2000000000 -66.1106687678
278.3000000000 -66.1731382484
278.4000000000 -66.2355297163
278.5000000000 -66.2978426600
278.6000000000 -66.3600765635
278.7000000000 -66.4222309056
278.8000000000 -66.4843051604
278.9000000000 -66.5462987973
279.0000000000 -66.6082112811
279.1000000000 -66.6700420720
279.2000000000 -66.7317906258
279.3000000000 -66.7934563936
279.4000000000 -66.8550388225
279.5000000000 -66.9165373551
279.6000000000 -66.9779514298
279.7000000000 -67.0392804812
279.8000000000 -67.1005239394
279.9000000000 -67.1616812310
280.0000000000 -67.2227517785
280.1000000000 -67.2837350006
280.2000000000 -67.3446303125
280.3000000000 -67.4054371256
280.4000000000 -67.4661548480
280.5000000000 -67.5267828842
280.6000000000 -67.5873206356
280.7000000000 -67.6477675000
280.8000000000 -67.7081228725
280.9000000000 -67.7683861448
281.0000000000 -67.8285567060
281.1000000000 -67.8886339420
281.2000000000 -67.9486172362
281.3000000000 -68.0085059693
281.4000000000 -68.0682995194
281.5000000000 -68.1279972622
281.6000000000 -68.1875985710
281.7000000000 -68.2471028170
281.8000000000 -68.3065093691
281.9000000000 -68.3658175943
282.0000000000 -68.4250268575
282.1000000000 -68.4841365220
282.2000000000 -68.5431459492
282.3000000000 -68.6020544990
282.4000000000 -68.6608615298
282.5000000000 -68.7195663986
282.6000000000 -68.7781684611
282.7000000000 -68.8366670718
282.8000000000 -68.8950615842
282.9000000000 -68.9533513507
283.0000000000 -69.0115357232
283.1000000000 -69.0696140524
283.2000000000 -69.1275856888
283.3000000000 -69.1854499821
283.4000000000 -69.2432062818
283.5000000000 -69.3008539370
283.6000000000 -69.3583922967
283.7000000000 -69.4158207097
283.8000000000 -69.4731385251
283.9000000000 -69.5303450918
284.0000000000 -69.5874397594
284.1000000000 -69.6444218775
284.2000000000 -69.7012907965
284.3000000000 -69.7580458672
284.4000000000 -69.8146864413
284.5000000000 -69.8712118711
284.6000000000 -69.9276215101
284.7000000000 -69.9839147126
284.8000000000 -70.0400908344
284.9000000000 -70.0961492322
285.0000000000 -70.1520892645
285.1000000000 -70.2079102908
285.2000000000 -70.2636116726
285.3000000000 -70.3191927730
285.4000000000 -70.3746529570
285.5000000000 -70.4299915912
285.6000000000 -70.4852080448
285.7000000000 -70.5403016886
285.8000000000 -70.5952718959
285.9000000000 -70.6501180425
286.0000000000 -70.7048395064
286.1000000000 -70.7594356682
286.2000000000 -70.8139059114
286.3000000000 -70.8682496221
286.4000000000 -70.9224661891
286.5000000000 -70.9765550046
286.6000000000 -71.0305154635
286.7000000000 -71.0843469641
286.8000000000 -71.1380489079
286.9000000000 -71.1916206996
287.0000000000 -71.2450617478
287.1000000000 -71.2983714642
287.2000000000 -71.3515492643
287.3000000000 -71.4045945676
287.4000000000 -71.4575067972
287.5000000000 -71.5102853802
287.6000000000 -71.5629297476
287.7000000000 -71.6154393347
287.8000000000 -71.6678135809
287.9000000000 -71.7200519300
288.0000000000 -71.7721538301
288.1000000000 -71.8241187337
288.2000000000 -71.8759460979
288.3000000000 -71.9276353845
288.4000000000 -71.9791860599
288.5000000000 -72.0305975954
288.6000000000 -72.0818694671
288.7000000000 -72.1330011559
288.8000000000 -72.1839921480
288.9000000000 -72.2348419345
289.0000000000 -72.2855500118
289.1000000000 -72.3361158814
289.2000000000 -72.3865390501
289.3000000000 -72.4368190303
289.4000000000 -72.4869553396
289.5000000000 -72.5369475013
289.6000000000 -72.5867950441
289.7000000000 -72.6364975025
289.8000000000 -72.6860544165
289.9000000000 -72.7354653322
290.0000000000 -72.7847298012
290.1000000000 -72.8338473811
290.2000000000 -72.8828176355
290.3000000000 -72.9316401339
290.4000000000 -72.9803144518
290.5000000000 -73.0288401710
290.6000000000 -73.0772168793
290.7000000000 -73.1254441707
290.8000000000 -73.1735216455
290.9000000000 -73.2214489101
291.0000000000 -73.2692255777
291.1000000000 -73.3168512672
291.2000000000 -73.3643256046
291.3000000000 -73.4116482219
291.4000000000 -73.4588187578
291.5000000000 -73.5058368575
291.6000000000 -73.5527021727
291.7000000000 -73.5994143618
291.8000000000 -73.6459730898
291.9000000000 -73.6923780284
292.0000000000 -73.7386288560
292.1000000000 -73.7847252575
292.2000000000 -73.8306669250
292.3000000000 -73.8764535570
292.4000000000 -73.9220848590
292.5000000000 -73.9675605433
292.6000000000 -74.0128803289
292.7000000000 -74.0580439419
292.8000000000 -74.1030511151
292.9000000000 -74.1479015882
293.0000000000 -74.1925951081
293.1000000000 -74.2371314282
293.2000000000 -74.2815103092
293.3000000000 -74.3257315186
293.4000000000 -74.3697948309
293.5000000000 -74.4137000275
293.6000000000 -74.4574468969
293.7000000000 -74.5010352345
293.8000000000 -74.5444648427
293.9000000000 -74.5877355310
294.0000000000 -74.6308471158
294.1000000000 -74.6737994204
294.2000000000 -74.7165922753
294.3000000000 -74.7592255179
294.4000000000 -74.8016989925
294.5000000000 -74.8440125506
294.6000000000 -74.8861660506
294.7000000000 -74.9281593577
294.8000000000 -74.9699923442
294.9000000000 -75.0116648895
295.0000000000 -75.0531768797
295.1000000000 -75.0945282080
295.2000000000 -75.1357187744
295.3000000000 -75.1767484858
295.4000000000 -75.2176172563
295.5000000000 -75.2583250064
295.6000000000 -75.2988716639
295.7000000000 -75.3392571631
295.8000000000 -75.3794814452
295.9000000000 -75.4195444585
296.0000000000 -75.4594461576
296.1000000000 -75.4991865043
296.2000000000 -75.5387654668
296.3000000000 -75.5781830202
296.4000000000 -75.6174391462
296.5000000000 -75.6565338333
296.6000000000 -75.6954670763
296.7000000000 -75.7342388771
296.8000000000 -75.7728492436
296.9000000000 -75.8112981908
297.0000000000 -75.8495857397
297.1000000000 -75.8877119183
297.2000000000 -75.9256767606
297.3000000000 -75.9634803073
297.4000000000 -76.0011226053
297.5000000000 -76.0386037080
297.6000000000 -76.0759236750
297.7000000000 -76.1130825723
297.8000000000 -76.1500804719
297.9000000000 -76.1869174522
298.0000000000 -76.2235935979
298.1000000000 -76.2601089994
298.2000000000 -76.2964637535
298.3000000000 -76.3326579631
298.4000000000 -76.3686917368
298.5000000000 -76.4045651894
298.6000000000 -76.4402784416
298.7000000000 -76.4758316198
298.8000000000 -76.5112248565
298.9000000000 -76.5464582897
299.0000000000 -76.5815320634
299.1000000000 -76.6164463272
299.2000000000 -76.6512012363
299.3000000000 -76.6857969516
299.4000000000 -76.7202336394
299.5000000000 -76.7545114718
299.6000000000 -76.7886306260
299.7000000000 -76.8225912850
299.8000000000 -76.8563936369
299.9000000000 -76.8900378752
