0 -81.4399663 0.0437473321
1 -64.68234678 0.09617833493
2 -38.18496457 0.2806487208
3 41.14102498 0.9978833802
4 42.9313212 0.9999733382
5 46.17738309 0.9999852404
6 39.1285462 0.9999529019
7 34.87045353 0.9998930629
8 30.78196317 0.9997706486
9 26.65159128 0.9995085554
10 22.57774417 0.9989666603
11 18.66742237 0.9979136787
12 14.99586062 0.9960167533
13 11.61201843 0.9928759262
14 8.546086514 0.9881207142
15 5.812408468 0.981544917
16 3.410060126 0.9732091984
17 1.32406251 0.9634439252
18 -0.4715173146 0.9527500706
19 -2.009165768 0.9416611606
20 -3.323563957 0.9306350113
21 -4.448271519 0.9200037181
22 -5.413745093 0.9099721474
23 -6.246483437 0.9006417405
24 -6.968922284 0.8920407712
25 -7.599739154 0.8841511289
26 -8.154332575 0.8769284136
27 -8.645337597 0.8703155615
28 -9.083107908 0.86425141
29 -9.476136116 0.8586757155
30 -9.831405975 0.8535318509
31 -10.15468083 0.8487680611
32 -10.45073671 0.844337864
33 -10.72354938 0.8401999701
34 -10.97644398 0.8363179534
35 -11.21221457 0.8326598085
36 -11.43322001 0.8291974753
37 -11.64146083 0.8259063735
38 -11.8386412 0.8227649689
39 -12.02621906 0.8197543813
40 -12.20544692 0.8168580373
41 -12.37740503 0.8140613646
42 -12.54302875 0.8113515266
43 -12.70313095 0.8087171919
44 -12.85842066 0.8061483355
45 -13.00951854 0.803636067
46 -13.15696974 0.8011724821
47 -13.30125479 0.7987505349
48 -13.44279871 0.7963639274
49 -13.58197869 0.7940070138
50 -13.71913064 0.7916747178
51 -13.85455478 0.7893624609
52 -13.98852039 0.7870660997
53 -14.12126988 0.7847818717
54 -14.2530223 0.7825063478
55 -14.38397642 0.7802363912
56 -14.51431328 0.7779691201
57 -14.64419854 0.7757018767
58 -14.77378445 0.7734321984
59 -14.90321156 0.771157793
60 -15.03261029 0.768876517
61 -15.16210225 0.7665863554
62 -15.29180143 0.7642854047
63 -15.42181528 0.7619718571
64 -15.5522456 0.7596439864
65 -15.68318943 0.7573001353
66 -15.81473976 0.7549387044
67 -15.94698624 0.7525581412
68 -16.0800158 0.7501569307
69 -16.21391316 0.7477335872
70 -16.34876144 0.7452866455
71 -16.48464254 0.742814654
72 -16.62163763 0.7403161673
73 -16.75982757 0.7377897398
74 -16.89929328 0.7352339196
75 -17.04011613 0.7326472424
76 -17.18237826 0.7300282259
77 -17.32616296 0.7273753641
78 -17.47155498 0.7246871224
79 -17.61864086 0.721961932
80 -17.76750927 0.719198185
81 -17.91825129 0.7163942291
82 -18.07096075 0.713548363
83 -18.22573455 0.7106588309
84 -18.38267301 0.7077238177
85 -18.54188014 0.7047414442
86 -18.70346402 0.7017097615
87 -18.86753714 0.6986267461
88 -19.03421675 0.6954902948
89 -19.20362521 0.6922982196
90 -19.3758904 0.689048242
91 -19.55114608 0.6857379878
92 -19.7295323 0.6823649823
93 -19.91119583 0.678926644
94 -20.09629058 0.6754202801
95 -20.28497807 0.6718430808
96 -20.47742783 0.6681921144
97 -20.67381797 0.6644643221
98 -20.87433556 0.6606565135
99 -21.07917721 0.6567653618
100 -21.28854955 0.6527874006
101 -21.50266973 0.6487190198
102 -21.72176592 0.6445564632
103 -21.94607787 0.6402958269
104 -22.17585736 0.6359330586
105 -22.41136872 0.6314639582
106 -22.65288925 0.6268841802
107 -22.90070964 0.622189238
108 -23.15513439 0.6173745104
109 -23.41648203 0.6124352509
110 -23.6850854 0.6073666
111 -23.96129171 0.6021636013
112 -24.24546257 0.5968212216
113 -24.53797374 0.5913343756
114 -24.83921485 0.5856979564
115 -25.14958873 0.5799068715
116 -25.4695106 0.5739560853
117 -25.79940692 0.5678406695
118 -26.13971386 0.5615558609
119 -26.49087544 0.5550971268
120 -26.85334117 0.548460241
121 -27.22756329 0.5416413665
122 -27.61399334 0.534637149
123 -28.01307836 0.5274448182
124 -28.4252563 0.5200622976
125 -28.85095094 0.5124883207
126 -29.29056616 0.5047225538
127 -29.7444796 0.4967657208
128 -30.21303574 0.4886197297
129 -30.69653855 0.480287796
130 -31.19524369 0.4717745591
131 -31.70935053 0.4630861874
132 -32.23899402 0.4542304681
133 -32.78423677 0.4452168738
134 -33.34506151 0.4360566033
135 -33.92136419 0.4267625901
136 -34.51294808 0.4173494741
137 -35.11951909 0.4078335332
138 -35.74068273 0.3982325721
139 -36.3759428 0.3885657683
140 -37.02470217 0.3788534755
141 -37.68626579 0.3691169887
142 -38.35984591 0.3593782749
143 -39.04456961 0.3496596789
144 -39.73948848 0.33998361
145 -40.44359017 0.3303722229
146 -41.15581165 0.3208471006
147 -41.8750536 0.3114289524
148 -42.60019572 0.3021373352
149 -43.33011222 0.2929904079
150 -44.06368723 0.2840047258
151 -44.79982957 0.2751950801
152 -45.53748643 0.266574384
153 -46.27565567 0.2581536086
154 -47.01339644 0.2499417638
155 -47.74983788 0.2419459232
156 -48.48418589 0.2341712874
157 -49.21572778 0.2266212795
158 -49.94383505 0.2192976672
159 -50.66796412 0.2122007053
160 -51.38765547 0.2053292911
161 -52.10253102 0.1986811289
162 -52.81229017 0.1922528965
163 -53.51670464 0.1860404106
164 -54.2156122 0.1800387877
165 -54.90890955 0.174242597
166 -55.59654451 0.1686460029
167 -56.27850763 0.1632428976
168 -56.95482342 0.1580270198
169 -57.62554126 0.1529920623
170 -58.2907262 0.1481317655
171 -58.95044971 0.1434399986
172 -59.60478056 0.1389108273
173 -60.25377593 0.1345385697
174 -60.89747295 0.13031784
175 -61.53588073 0.1262435797
176 -62.16897319 0.122311078
177 -62.79668271 0.1185159818
178 -63.41889488 0.1148542949
179 -64.03544438 0.111322368
180 -64.64611237 0.1079168808
181 -65.25062517 0.1046348158
182 -65.84865461 0.1014734263
183 -66.43981995 0.09843020009
184 -67.02369128 0.09550281822
185 -67.59979456 0.09268911336
186 -68.16761792 0.08998702685
187 -68.72661916 0.08739456714
188 -69.27623426 0.08490977057
189 -69.81588655 0.08253066588
190 -70.34499632 0.08025524328
191 -70.86299048 0.07808142882
192 -71.36931212 0.07600706464
193 -71.86342957 0.07402989497
194 -72.34484477 0.07214755814
195 -72.81310072 0.07035758394
196 -73.26778786 0.06865739603
197 -73.70854935 0.0670443186
198 -74.13508497 0.06551558665
199 -74.54715389 0.06406835905
200 -74.94457616 0.06269973349
201 -75.32723308 0.06140676287
202 -75.69506644 0.06018647207
203 -76.04807688 0.05903587487
204 -76.38632143 0.05795199027
205 -76.70991033 0.05693185797
206 -77.01900334 0.05597255262
207 -77.31380566 0.05507119672
208 -77.59456355 0.05422497198
209 -77.86155979 0.05343112909
210 -78.11510916 0.05268699594
211 -78.35555384 0.05198998432
212 -78.58325901 0.05133759515
213 -78.79860863 0.05072742236
214 -79.00200135 0.05015715555
215 -79.19384681 0.04962458162
216 -79.37456213 0.04912758527
217 -79.54456875 0.04866414884
218 -79.70428953 0.0482323513
219 -79.85414622 0.04783036668
220 -79.99455715 0.04745646203
221 -80.12593532 0.04710899492
222 -80.24868663 0.04678641064
223 -80.36320849 0.04648723921
224 -80.46988858 0.04621009216
225 -80.56910391 0.0459536592
226 -80.66122 0.04571670483
227 -80.74659031 0.04549806497
228 -80.8255558 0.04529664349
229 -80.89844462 0.04511140892
230 -80.96557198 0.04494139111
231 -81.02724005 0.04478567799
232 -81.08373804 0.04464341248
233 -81.13534233 0.04451378944
234 -81.18231659 0.04439605278
235 -81.22491212 0.04428949263
236 -81.26336809 0.04419344271
237 -81.29791186 0.04410727775
238 -81.32875939 0.04403041106
239 -81.35611558 0.04396229227
240 -81.3801747 0.04390240508
241 -81.40112076 0.04385026523
242 -81.41912797 0.04380541851
243 -81.43436112 0.04376743897
244 -81.44697602 0.0437359271
245 -81.45711988 0.04371050827
246 -81.46493176 0.04369083109
247 -81.47054291 0.04367656605
248 -81.47407722 0.04366740409
249 -81.47565152 0.04366305536
250 -81.47537599 0.04366324796
251 -81.47335452 0.04366772687
252 -81.46968499 0.04367625286
253 -81.46445963 0.04368860149
254 -81.45776534 0.0437045622
255 -81.44968395 0.04372393742
256 -64.69543237 0.09611829001
257 -38.23274099 0.2802408327
258 41.13770548 0.9978634605
259 42.9263961 0.9999733136
260 46.16743052 0.999985214
261 39.11371346 0.9999527743
262 34.84929305 0.9998926531
263 30.75300236 0.9997694517
264 26.61434449 0.9995052794
265 22.53250731 0.9989583848
266 18.61502735 0.9978946301
267 14.93749243 0.9959770888
268 11.54907409 0.992801443
269 8.480034107 0.9879945023
270 5.744631931 0.9813509982
271 3.341714145 0.9729365614
272 1.255979018 0.9630887402
273 -0.5388475966 0.9523151409
274 -2.075547403 0.9411535151
275 -3.389018211 0.9300632242
276 -4.512955514 0.9193759882
277 -5.477885973 0.9092953435
278 -6.310332319 0.8999211639
279 -7.032725755 0.8912803027
280 -7.663723724 0.8833535171
281 -8.218697697 0.8760955727
282 -8.710253868 0.8694488226
283 -9.148718151 0.8633517124
284 -9.54255789 0.8577437443
285 -9.898734642 0.8525681316
286 -10.2229927 0.8477730216
287 -10.52009202 0.8433118746
288 -10.79399496 0.839143368
289 -11.0480156 0.8352310566
290 -11.28493899 0.8315429232
291 -11.5071167 0.8280508991
292 -11.71654343 0.8247303957
293 -11.91491874 0.8215598696
294 -12.10369705 0.8185204295
295 -12.28412814 0.8155954887
296 -12.45729034 0.812770459
297 -12.62411764 0.8100324858
298 -12.78542206 0.8073702178
299 -12.94191222 0.8047736078
300 -13.0942087 0.8022337417
301 -13.2428569 0.7997426899
302 -13.38833782 0.7972933803
303 -13.53107717 0.794879487
304 -13.67145299 0.7924953358
305 -13.80980223 0.7901358212
306 -13.94642623 0.7877963343
307 -14.08159551 0.7854727011
308 -14.21555382 0.7831611279
309 -14.34852164 0.7808581539
310 -14.48069921 0.7785606097
311 -14.61226914 0.776265581
312 -14.7433987 0.7739703764
313 -14.87424179 0.7716724997
314 -15.0049407 0.7693696243
315 -15.13562761 0.7670595715
316 -15.26642597 0.764740291
317 -15.39745164 0.7624098429
318 -15.52881399 0.7600663823
319 -15.66061683 0.7577081452
320 -15.79295924 0.7553334357
321 -15.92593633 0.7529406144
322 -16.05963993 0.7505280879
323 -16.19415922 0.7480942994
324 -16.32958129 0.7456377198
325 -16.46599163 0.7431568393
326 -16.60347469 0.7406501599
327 -16.74211425 0.7381161886
328 -16.88199389 0.7355534303
329 -17.02319735 0.7329603816
330 -17.16580895 0.7303355248
331 -17.30991394 0.727677322
332 -17.45559884 0.7249842095
333 -17.60295177 0.7222545923
334 -17.75206282 0.7194868389
335 -17.90302438 0.7166792757
336 -18.05593143 0.7138301822
337 -18.21088191 0.7109377853
338 -18.36797705 0.7080002546
339 -18.52732169 0.7050156971
340 -18.68902462 0.7019821516
341 -18.85319897 0.6988975841
342 -19.01996253 0.6957598819
343 -19.18943814 0.6925668489
344 -19.36175406 0.6893161995
345 -19.53704439 0.686005554
346 -19.71544943 0.6826324324
347 -19.89711615 0.6791942497
348 -20.08219859 0.6756883101
349 -20.27085834 0.6721118016
350 -20.46326497 0.6684617912
351 -20.65959652 0.6647352196
352 -20.86004001 0.6609288964
353 -21.0647919 0.6570394958
354 -21.27405863 0.6530635526
355 -21.48805711 0.6489974585
356 -21.70701525 0.6448374598
357 -21.93117246 0.6405796552
358 -22.16078017 0.6362199954
359 -22.3961023 0.6317542834
360 -22.6374157 0.6271781771
361 -22.88501061 0.6224871931
362 -23.139191 0.6176767132
363 -23.40027489 0.6127419939
364 -23.66859455 0.6076781777
365 -23.94449666 0.60248031
366 -24.22834223 0.5971433581
367 -24.52050648 0.5916622362
368 -24.82137848 0.5860318353
369 -25.13136054 0.5802470592
370 -25.4508674 0.5743028664
371 -25.78032509 0.5681943201
372 -26.12016943 0.5619166457
373 -26.47084418 0.555465296
374 -26.83279874 0.548836026
375 -27.20648533 0.5420249764
376 -27.5923557 0.5350287654
377 -27.99085724 0.5278445903
378 -28.40242854 0.5204703367
379 -28.82749424 0.5129046946
380 -29.2664594 0.5051472804
381 -29.71970312 0.4971987625
382 -30.18757174 0.489060987
383 -30.67037141 0.4807371017
384 -31.16836041 0.4722316728
385 -31.68174105 0.4635507913
386 -32.21065168 0.4547021625
387 -32.75515866 0.4456951747
388 -33.31524883 0.4365409413
389 -33.89082256 0.4272523109
390 -34.48168781 0.4178438409
391 -35.08755537 0.4083317308
392 -35.70803573 0.3987337138
393 -36.34263769 0.3890689044
394 -36.99076903 0.379357604
395 -37.6517394 0.3696210675
396 -38.32476545 0.3598812362
397 -39.00897821 0.3501604437
398 -39.70343272 0.340481104
399 -40.40711945 0.3308653923
400 -41.11897749 0.3213349272
401 -41.83790896 0.3119104681
402 -42.56279414 0.3026116349
403 -43.29250714 0.2934566607
404 -44.02593118 0.2844621842
405 -44.76197349 0.2756430864
406 -45.499579 0.2670123751
407 -46.23774276 0.2585811176
408 -46.97552059 0.25035842
409 -47.71203796 0.2423514501
410 -48.44649676 0.2345654983
411 -49.17818014 0.2270040722
412 -49.90645534 0.2196690176
413 -50.63077451 0.2125606596
414 -51.35067395 0.2056779582
415 -52.06577155 0.1990186716
416 -52.77576295 0.1925795237
417 -53.48041635 0.1863563689
418 -54.17956636 0.1803443537
419 -54.8731069 0.1745380695
420 -55.56098342 0.1689316966
421 -56.24318455 0.163519136
422 -56.91973333 0.1582941303
423 -57.59067817 0.1532503705
424 -58.2560836 0.1483815909
425 -58.91602112 0.1436816507
426 -59.57055996 0.1391446026
427 -60.21975827 0.1347647491
428 -60.86365458 0.1305366864
429 -61.50225988 0.1264553371
430 -62.13555029 0.1225159705
431 -62.7634608 0.1187142132
432 -63.38587983 0.1150460491
433 -64.00264518 0.1115078096
434 -64.61354124 0.1080961563
435 -65.21829762 0.1048080552
436 -65.81658944 0.101640745
437 -66.40803912 0.09859170069
438 -66.99221974 0.09565859326
439 -67.56865997 0.09283924747
440 -68.13685026 0.09013159923
441 -68.69625034 0.08753365387
442 -69.24629763 0.08504344685
443 -69.7864164 0.08265900802
444 -70.31602731 0.08037833043
445 -70.83455711 0.07819934445
446 -71.3414482 0.07611989764
447 -71.83616768 0.07413774047
448 -72.31821578 0.072250518
449 -72.78713339 0.0704557669
450 -73.24250847 0.06875091766
451 -73.68398133 0.06713330093
452 -74.11124871 0.06560015767
453 -74.52406658 0.06414865198
454 -74.92225166 0.06277588605
455 -75.30568185 0.06147891632
456 -75.67429561 0.06025477035
457 -76.0280903 0.05910046368
458 -76.36711978 0.05801301614
459 -76.69149127 0.05698946743
460 -77.0013617 0.0560268914
461 -77.29693366 0.055122409
462 -77.578451 0.05427319975
463 -77.84619437 0.0534765116
464 -78.10047661 0.05272966919
465 -78.34163824 0.05203008065
466 -78.570043 0.05137524291
467 -78.78607364 0.05076274566
468 -78.99012784 0.05019027407
469 -79.18261444 0.04965561045
470 -79.36394998 0.04915663487
471 -79.53455548 0.04869132496
472 -79.69485356 0.048257755
473 -79.84526586 0.04785409439
474 -79.98621075 0.0474786056
475 -80.11810135 0.0471296417
476 -80.24134383 0.04680564363
477 -80.3563359 0.04650513717
478 -80.46346568 0.04622672972
479 -80.56311061 0.04596910704
480 -80.65563675 0.04573102983
481 -80.74139811 0.04551133036
482 -80.82073623 0.04530890901
483 -80.89397989 0.04512273099
484 -80.9614449 0.04495182296
485 -81.02343411 0.04479526984
486 -81.08023736 0.04465221168
487 -81.13213165 0.04452184062
488 -81.17938132 0.044403398
489 -81.2222383 0.04429617149
490 -81.26094236 0.04419949253
491 -81.2957215 0.04411273365
492 -81.32679225 0.04403530612
493 -81.3543601 0.04396665761
494 -81.37861987 0.04390627
495 -81.39975613 0.04385365729
496 -81.41794359 0.04380836367
497 -81.43334756 0.04376996164
498 -81.44612431 0.04373805026
499 -81.45642154 0.04371225352
500 -81.46437874 0.04369221879
501 -81.47012759 0.04367761533
502 -81.47379236 0.04366813297
503 -81.4754903 0.04366348077
504 -81.47533194 0.04366338586
505 -81.47342151 0.04366759227
506 -81.46985723 0.04367585989
507 -81.46473166 0.04368796345
508 -81.45813198 0.0437036916
509 -81.45014031 0.04372284605
510 -81.44083397 0.04374524072
511 -64.68350216 0.09617302442
512 -38.18912499 0.2806131297
513 41.1407394 0.9978816653
514 42.93089447 0.9999733361
515 46.17652291 0.9999852381
516 39.12727549 0.9999528909
517 34.86865057 0.999893028
518 30.77950066 0.9997705471
519 26.6484265 0.9995082779
520 22.57390135 0.9989659598
521 18.66297161 0.997912067
522 14.99090221 0.9960133983
523 11.60667077 0.9928696264
524 8.540474166 0.988110038
525 5.806648964 0.981528509
526 3.404251667 0.9731861216
527 1.31827599 0.96341385
528 -0.4772399321 0.9527132302
529 -2.014807611 0.9416181487
530 -3.329126606 0.9305865545
531 -4.453768154 0.9199505129
532 -5.419194897 0.9099147784
533 -6.251907672 0.9005806596
534 -6.974341859 0.8919763096
535 -7.605173291 0.8840835215
536 -8.15979821 0.8768578243
537 -8.65084922 0.8702421046
538 -9.08867765 0.8641751661
539 -9.481773965 0.8585967437
540 -9.837120028 0.8534501964
541 -10.16047756 0.848683761
542 -10.45662123 0.8442509502
543 -10.72952568 0.8401104718
544 -10.98251506 0.8362258981
545 -11.2183827 0.8325652227
546 -11.43948684 0.8291003847
547 -11.64782749 0.8258068032
548 -11.84510844 0.822662943
549 -12.03278734 0.8196499232
550 -12.21211644 0.816751169
551 -12.38417586 0.813952107
552 -12.54990081 0.811239899
553 -12.71010412 0.8086032118
554 -12.86549476 0.8060320187
555 -13.01669338 0.8035174271
556 -13.16424517 0.8010515307
557 -13.30863069 0.7986272813
558 -13.45027501 0.7962383787
559 -13.5895554 0.7938791745
560 -13.72680786 0.7915445901
561 -13.8623327 0.7892300443
562 -13.9963993 0.7869313912
563 -14.12925018 0.7846448657
564 -14.26110453 0.782367036
565 -14.39216122 0.7800947625
566 -14.52260143 0.7778251608
567 -14.65259097 0.7755555701
568 -14.7822822 0.7732835251
569 -14.91181584 0.7710067308
570 -15.04132244 0.7687230406
571 -15.17092377 0.7664304366
572 -15.30073399 0.7641270122
573 -15.43086069 0.7618109565
574 -15.56140585 0.7594805403
575 -15.69246667 0.757134103
576 -15.82413632 0.7547700417
577 -15.95650465 0.7523868006
578 -16.08965874 0.7499828613
579 -16.22368356 0.7475567344
580 -16.35866237 0.745106951
581 -16.49467732 0.7426320555
582 -16.63180979 0.7401305987
583 -16.77014086 0.737601131
584 -16.90975169 0.7350421959
585 -17.05072389 0.7324523249
586 -17.19313985 0.7298300309
587 -17.33708315 0.7271738033
588 -17.4826388 0.7244821024
589 -17.62989365 0.721753354
590 -17.77893666 0.718985945
591 -17.92985925 0.7161782173
592 -18.08275558 0.7133284637
593 -18.23772293 0.7104349222
594 -18.39486196 0.7074957712
595 -18.55427709 0.7045091247
596 -18.71607684 0.7014730266
597 -18.88037411 0.6983854461
598 -19.04728662 0.6952442724
599 -19.21693723 0.6920473092
600 -19.38945433 0.6887922695
601 -19.56497221 0.6854767706
602 -19.74363151 0.6820983283
603 -19.9255796 0.6786543517
604 -20.11097103 0.675142138
605 -20.29996796 0.6715588673
606 -20.49274067 0.667901597
607 -20.68946796 0.6641672575
608 -20.89033773 0.6603526467
609 -21.09554738 0.6564544266
610 -21.30530439 0.6524691186
611 -21.5198268 0.6483931005
612 -21.73934375 0.6442226039
613 -21.96409594 0.6399537126
614 -22.19433617 0.6355823619
615 -22.4303298 0.6311043395
616 -22.67235524 0.6265152881
617 -22.92070429 0.6218107096
618 -23.17568257 0.6169859721
619 -23.4376098 0.6120363191
620 -23.70681996 0.6069568826
621 -23.98366145 0.6017426988
622 -24.26849705 0.5963887291
623 -24.56170366 0.5908898851
624 -24.863672 0.5852410594
625 -25.17480595 0.5794371621
626 -25.49552171 0.5734731644
627 -25.82624657 0.5673441488
628 -26.16741742 0.5610453678
629 -26.51947884 0.5545723106
630 -26.88288067 0.5479207789
631 -27.25807521 0.5410869709
632 -27.64551383 0.5340675755
633 -28.045643 0.5268598741
634 -28.45889973 0.5194618509
635 -28.88570642 0.5118723101
636 -29.3264651 0.5040909985
637 -29.78155097 0.4961187306
638 -30.25130556 0.4879575156
639 -30.73602921 0.4796106794
640 -31.23597337 0.4710829809
641 -31.7513325 0.4623807163
642 -32.282236 0.4535118062
643 -32.82874033 0.4444858615
644 -33.39082146 0.4353142211
645 -33.96836807 0.4260099577
646 -34.56117572 0.4165878465
647 -35.16894234 0.4070642932
648 -35.79126523 0.3974572197
649 -36.42764 0.3877859062
650 -37.07746148 0.3780707917
651 -37.74002691 0.3683332356
652 -38.41454137 0.358595247
653 -39.10012546 0.3488791875
654 -39.79582514 0.339207458
655 -40.50062348 0.3296021787
656 -41.21345396 0.3200848732
657 -41.93321499 0.3106761678
658 -42.65878524 0.3013955154
659 -43.38903915 0.2922609526
660 -44.12286231 0.2832888979
661 -44.85916612 0.2744939945
662 -45.59690143 0.2658890007
663 -46.33507066 0.2574847296
664 -47.07273831 0.2492900335
665 -47.80903947 0.241311832
666 -48.54318645 0.2335551784
667 -49.27447328 0.2260233573
668 -50.00227829 0.218718009
669 -50.72606474 0.2116392727
670 -51.44537978 0.2047859434
671 -52.15985173 0.1981556362
672 -52.86918603 0.1917449532
673 -53.57315998 0.1855496489
674 -54.27161635 0.17956479
675 -54.96445628 0.1737849076
676 -55.65163134 0.1682041395
677 -56.33313514 0.1628163608
678 -57.00899455 0.157615303
679 -57.67926055 0.152594659
680 -58.34399906 0.1477481768
681 -59.00328168 0.1430697387
682 -59.65717657 0.1385534289
683 -60.30573962 0.1341935878
684 -60.94900599 0.1299848547
685 -61.58698226 0.1259221982
686 -62.21963922 0.1220009361
687 -62.8469057 0.1182167441
688 -63.46866333 0.1145656541
689 -64.08474262 0.1110440442
690 -64.69492036 0.107648619
691 -65.29891847 0.1043763842
692 -65.89640452 0.1012246133
693 -66.48699367 0.0981908109
694 -67.07025233 0.09527267181
695 -67.64570319 0.09246803892
696 -68.21283168 0.08977486042
697 -68.77109356 0.08719114835
698 -69.31992349 0.08471493968
699 -69.85874424 0.08234426111
700 -70.38697629 0.08007709855
701 -70.90404755 0.07791137199
702 -71.40940284 0.07584491616
703 -71.90251291 0.07387546706
704 -72.38288276 0.07200065438
705 -72.850059 0.07021799931
706 -73.30363616 0.06852491729
707 -73.7432618 0.06691872503
708 -74.16864041 0.065396651
709 -74.57953602 0.06395584867
710 -74.97577359 0.06259341165
711 -75.35723931 0.06130639006
712 -75.72387977 0.06009180738
713 -76.07570023 0.05894667734
714 -76.41276211 0.05786802014
715 -76.73517974 0.05685287789
716 -77.04311668 0.05589832872
717 -77.33678156 0.05500149959
718 -77.61642372 0.0541595775
719 -77.88232869 0.05336981914
720 -78.13481355 0.052629559
721 -78.3742225 0.05193621593
722 -78.60092235 0.05128729824
723 -78.81529836 0.05068040753
724 -79.01775019 0.05011324124
725 -79.20868817 0.04958359415
726 -79.38852987 0.04908935889
727 -79.55769693 0.04862852563
728 -79.71661218 0.04819918107
729 -79.86569717 0.04779950685
730 -80.00536987 0.04742777739
731 -80.13604272 0.04708235744
732 -80.25812101 0.04676169926
733 -80.37200137 0.04646433953
734 -80.47807067 0.0461888962
735 -80.576705 0.04593406512
736 -80.66826893 0.04569861669
737 -80.75311491 0.04548139239
738 -80.83158289 0.04528130145
739 -80.90399996 0.04509731742
740 -80.97068029 0.04492847495
741 -81.03192501 0.04477386651
742 -81.08802227 0.0446326393
743 -81.13924743 0.04450399223
744 -81.18586315 0.04438717301
745 -81.22811975 0.04428147538
746 -81.26625542 0.04418623644
747 -81.30049661 0.04410083411
748 -81.33105837 0.04402468471
749 -81.35814472 0.04395724066
750 -81.38194909 0.04389798831
751 -81.40265471 0.04384644589
752 -81.42043499 0.04380216153
753 -81.435454 0.04376471144
754 -81.44786684 0.04373369819
755 -81.45782006 0.04370874905
756 -81.46545206 0.04368951444
757 -81.47089351 0.04367566655
758 -81.47426769 0.04366689789
759 -81.47569091 0.04366292009
760 -81.47527283 0.04366346266
761 -81.47311684 0.04366827187
762 -81.46932035 0.04367710971
763 -81.46397516 0.04368975289
764 -81.45716775 0.04370599191
765 -81.44897957 0.04372563022
