0 -80.44501991 0.0462758211
1 -80.55012853 0.04600383986
2 -80.64771697 0.04575259188
3 -80.73816606 0.04552080987
4 -80.82184265 0.04530730317
5 -80.89909935 0.04511095372
6 -80.97027441 0.04493071204
7 -81.03569168 0.04476559345
8 -81.09566074 0.04461467433
9 -81.15047707 0.0444770886
10 -81.20042228 0.04435202433
11 -81.24576443 0.04423872047
12 -81.28675838 0.04413646385
13 -81.32364616 0.04404458619
14 -81.35665743 0.04396246139
15 -81.38600986 0.04388950286
16 -81.41190964 0.04382516112
17 -81.43455189 0.04376892143
18 -81.45412118 0.04372030162
19 -81.47079192 0.04367885
20 -81.48472889 0.04364414347
21 -81.49608766 0.04361578565
22 -81.50501503 0.04359340522
23 -81.51164949 0.04357665429
24 -81.51612161 0.04356520691
25 -81.51855447 0.04355875765
26 -81.51906404 0.04355702033
27 -81.5177595 0.04355972684
28 -81.51474322 0.04356662684
29 -81.51010735 0.0435774942
30 -81.50390036 0.04359219375
31 -81.49582298 0.04361129182
32 -81.48248316 0.04364157281
33 -81.43264699 0.04374587399
34 -81.06421744 0.04449792528
35 -77.84055005 0.05153370532
36 -49.5737828 0.1635587697
37 34.97510865 0.9932664438
38 38.58979343 0.9999412493
39 37.49422093 0.9999311872
40 35.29655199 0.9998980229
41 32.24732623 0.9998223088
42 28.65749995 0.9996570925
43 24.84423538 0.9993117857
44 21.04088656 0.9986298848
45 17.39191742 0.9973731196
46 13.98013074 0.9952299126
47 10.85104393 0.9918656002
48 8.02669958 0.9870128977
49 5.512070556 0.9805683983
50 3.298494078 0.972643276
51 1.36680827 0.9635387417
52 -0.3090896548 0.9536632677
53 -1.758669846 0.943437142
54 -3.011796546 0.9332223635
55 -4.096681011 0.9232902716
56 -5.038742477 0.9138194775
57 -5.860167391 0.9049103418
58 -6.579918781 0.8966047209
59 -7.213990938 0.8889045526
60 -7.77576938 0.8817867291
61 -8.276412426 0.8752139105
62 -8.725210499 0.8691418784
63 -9.129904007 0.8635242689
64 -9.496954569 0.858315456
65 -9.831771446 0.8534721904
66 -10.13889812 0.8489544331
67 -10.4221649 0.8447256842
68 -10.68481326 0.8407530091
69 -10.92959708 0.8370068905
70 -11.15886504 0.8334609905
71 -11.37462793 0.8300918723
72 -11.57861362 0.8268787127
73 -11.77231227 0.8238030232
74 -11.95701351 0.8208483882
75 -12.1338372 0.8180002258
76 -12.30375896 0.815245572
77 -12.46763146 0.8125728881
78 -12.62620222 0.8099718894
79 -12.78012853 0.8074333948
80 -12.92999012 0.8049491938
81 -13.07629976 0.8025119297
82 -13.21951235 0.8001149976
83 -13.36003263 0.7977524541
84 -13.4982218 0.7954189384
85 -13.63440314 0.7931096035
86 -13.76886692 0.7908200546
87 -13.90187458 0.7885462961
88 -14.03366239 0.7862846841
89 -14.16444456 0.7840318847
90 -14.29441607 0.7817848373
91 -14.423755 0.7795407219
92 -14.55262467 0.7772969302
93 -14.68117548 0.7750510398
94 -14.80954654 0.7728007915
95 -14.93786708 0.7705440688
96 -15.06625776 0.7682788791
97 -15.1948318 0.7660033381
98 -15.32369594 0.7637156541
99 -15.45295142 0.7614141155
100 -15.58269471 0.7590970777
101 -15.71301833 0.7567629528
102 -15.84401142 0.7544101992
103 -15.97576044 0.7520373123
104 -16.10834966 0.7496428159
105 -16.24186169 0.7472252543
106 -16.37637796 0.7447831847
107 -16.51197915 0.7423151708
108 -16.64874563 0.7398197752
109 -16.78675781 0.737295554
110 -16.92609655 0.7347410505
111 -17.06684352 0.7321547891
112 -17.20908152 0.7295352703
113 -17.35289485 0.7268809645
114 -17.49836962 0.7241903071
115 -17.64559411 0.7214616929
116 -17.79465906 0.718693471
117 -17.94565804 0.715883939
118 -18.09868777 0.7130313384
119 -18.25384846 0.7101338485
120 -18.41124415 0.7071895812
121 -18.57098308 0.7041965755
122 -18.73317806 0.7011527918
123 -18.89794684 0.6980561063
124 -19.06541251 0.6949043046
125 -19.23570392 0.6916950765
126 -19.40895607 0.688426009
127 -19.5853106 0.6850945809
128 -19.76491623 0.6816981559
129 -19.94792925 0.6782339767
130 -20.134514 0.6746991579
131 -20.32484342 0.6710906804
132 -20.51909959 0.6674053844
133 -20.71747427 0.6636399634
134 -20.92016952 0.659790958
135 -21.12739826 0.6558547506
136 -21.33938487 0.6518275595
137 -21.55636589 0.6477054345
138 -21.77859055 0.6434842532
139 -22.00632146 0.6391597178
140 -22.2398352 0.6347273533
141 -22.47942296 0.6301825077
142 -22.72539104 0.6255203537
143 -22.97806146 0.6207358928
144 -23.23777235 0.6158239619
145 -23.50487842 0.6107792437
146 -23.77975114 0.605596281
147 -24.06277898 0.6002694946
148 -24.35436732 0.5947932076
149 -24.65493826 0.5891616749
150 -24.96493016 0.5833691201
151 -25.28479683 0.5774097797
152 -25.61500648 0.571277956
153 -25.95604017 0.5649680796
154 -26.30838987 0.5584747816
155 -26.67255596 0.5517929772
156 -27.04904415 0.5449179605
157 -27.4383618 0.5378455109
158 -27.84101348 0.5305720108
159 -28.25749585 0.5230945744
160 -28.6882917 0.5154111865
161 -29.13386331 0.507520849
162 -29.59464497 0.4994237331
163 -30.07103479 0.4911213336
164 -30.56338596 0.4826166208
165 -31.07199741 0.4739141857
166 -31.59710429 0.4650203714
167 -32.13886826 0.455943385
168 -32.69736808 0.4466933831
169 -33.27259067 0.4372825227
170 -33.86442311 0.4277249726
171 -34.47264591 0.4180368774
172 -35.09692792 0.4082362718
173 -35.7368233 0.3983429402
174 -36.39177078 0.3883782234
175 -37.06109558 0.3783647733
176 -37.74401397 0.3683262614
177 -38.43964066 0.3582870481
178 -39.14699886 0.3482718243
179 -39.86503274 0.3383052359
180 -40.59262207 0.3284115059
181 -41.32859846 0.3186140666
182 -42.07176277 0.3089352155
183 -42.82090304 0.299395808
184 -43.57481238 0.2900149936
185 -44.33230622 0.280810006
186 -45.0922384 0.2717960097
187 -45.85351573 0.2629860045
188 -46.61511043 0.2543907874
189 -47.37607056 0.246018967
190 -48.13552789 0.2378770263
191 -48.89270349 0.2299694257
192 -49.64691088 0.2222987394
193 -50.3975569 0.2148658166
194 -51.1441405 0.207669961
195 -51.88624952 0.20070912
196 -52.62355584 0.193980079
197 -53.35580894 0.1874786536
198 -54.08282826 0.181199877
199 -54.80449443 0.175138178
200 -55.52073968 0.1692875476
201 -56.23153751 0.163641691
202 -56.93689198 0.1581941663
203 -57.63682661 0.1529385061
204 -58.3313732 0.1478683232
205 -59.02056079 0.1429774009
206 -59.70440486 0.1382597655
207 -60.3828971 0.1337097441
208 -61.05599586 0.1293220055
209 -61.7236177 0.1250915873
210 -62.38563011 0.1210139069
211 -63.04184565 0.1170847608
212 -63.69201786 0.11330031
213 -64.3358389 0.1096570555
214 -64.97293925 0.106151804
215 -65.6028893 0.1027816264
216 -66.22520306 0.09954381092
217 -66.83934371 0.09643581313
218 -67.44473088 0.09345520492
219 -68.04074952 0.09059962465
220 -68.62675986 0.08786673031
221 -69.2021083 0.08525415752
222 -69.76613876 0.08275948343
223 -70.31820412 0.08038019763
224 -70.85767738 0.07811368059
225 -71.3839622 0.07595718964
226 -71.89650256 0.0739078523
227 -72.39479118 0.07196266645
228 -72.87837668 0.07011850646
229 -73.34686925 0.0683721344
230 -73.79994478 0.06672021527
231 -74.23734758 0.06515933509
232 -74.65889158 0.06368602103
233 -75.06446021 0.06229676246
234 -75.45400513 0.06098803209
235 -75.8275438 0.05975630673
236 -76.18515627 0.05859808677
237 -76.5269812 0.05750991431
238 -76.85321134 0.0564883894
239 -77.16408862 0.05553018432
240 -77.45989901 0.05463205584
241 -77.74096728 0.05379085543
242 -78.00765174 0.05300353743
243 -78.26033909 0.05226716544
244 -78.49943946 0.05157891691
245 -78.72538171 0.05093608619
246 -78.93860897 0.05033608622
247 -79.13957457 0.04977644892
248 -79.32873824 0.04925482461
249 -79.50656275 0.04876898053
250 -79.67351086 0.04831679859
251 -79.83004258 0.04789627257
252 -79.97661285 0.04750550479
253 -80.11366951 0.04714270252
254 -80.24165154 0.04680617399
255 -80.36098766 0.04649432433
256 -80.47209509 0.04620565136
257 -80.57537862 0.04593874129
258 -80.67122989 0.04569226449
259 -80.76002683 0.04546497122
260 -80.84213329 0.04525568753
261 -80.91789881 0.04506331113
262 -80.98765852 0.04488680753
263 -81.0517332 0.04472520616
264 -81.11042931 0.04457759673
265 -81.16403929 0.04444312574
266 -81.21284174 0.04432099311
267 -81.25710175 0.04421044896
268 -81.29707132 0.0441107906
269 -81.33298968 0.04402135963
270 -81.36508376 0.04394153922
271 -81.39356863 0.04387075152
272 -81.41864794 0.04380845523
273 -81.44051438 0.04375414328
274 -81.45935017 0.04370734073
275 -81.4753275 0.04366760266
276 -81.488609 0.04363451231
277 -81.4993482 0.04360767927
278 -81.50768996 0.04358673781
279 -81.5137709 0.04357134528
280 -81.51771982 0.04356118064
281 -81.51965812 0.04355594308
282 -81.51970012 0.04355535086
283 -81.51795304 0.04355914083
284 -81.51451366 0.04356707478
285 -81.50943542 0.0435790051
286 -81.50242893 0.04359547574
287 -81.49016106 0.0436231484
288 -81.44191874 0.04372378544
289 -81.08045299 0.04446091282
290 -77.9142111 0.05135854494
291 -50.14790936 0.1601869592
292 34.82224073 0.9927604593
293 38.59010543 0.9999411557
294 37.50408928 0.9999313061
295 35.31070364 0.9998982872
296 32.26222279 0.9998228045
297 28.66958766 0.9996578861
298 24.85106444 0.9993127321
299 21.04129831 0.9986301974
300 17.38571109 0.9973706783
301 13.96769274 0.9952204898
302 10.83308237 0.9918424587
303 8.004066837 0.9869672655
304 5.485636824 0.9804909141
305 3.269056055 0.9725258331
306 1.33503271 0.9633758576
307 -0.3426875722 0.953452476
308 -1.793720211 0.9431785247
309 -3.048051907 0.932917688
310 -4.133987854 0.9229421504
311 -5.077014159 0.9134307543
312 -5.899361868 0.9044837299
313 -6.620021862 0.8961426357
314 -7.255004481 0.8884090658
315 -7.817703378 0.881259586
316 -8.319279951 0.8746565746
317 -8.769024635 0.868555582
318 -9.174676122 0.8629100598
319 -9.542693457 0.8576742369
320 -9.878483017 0.8528047504
321 -10.18658543 0.8482614716
322 -10.47082835 0.8440078292
323 -10.73445096 0.8400108303
324 -10.98020515 0.836240909
325 -11.21043804 0.8326716858
326 -11.42715915 0.8292796869
327 -11.63209548 0.826044056
328 -11.82673658 0.8229462733
329 -12.01237173 0.8199698941
330 -12.19012072 0.8171003082
331 -12.36095928 0.8143245242
332 -12.52574037 0.8116309763
333 -12.68521196 0.8090093533
334 -12.84003194 0.8064504479
335 -12.99078071 0.8039460234
336 -13.13797187 0.8014886972
337 -13.28206117 0.7990718383
338 -13.42345432 0.7966894776
339 -13.56251353 0.7943362286
340 -13.69956313 0.7920072186
341 -13.83489449 0.7896980273
342 -13.96877021 0.7874046333
343 -14.10142772 0.7851233673
344 -14.23308246 0.7828508695
345 -14.36393063 0.7805840538
346 -14.49415157 0.7783200743
347 -14.62390989 0.7760562968
348 -14.75335731 0.7737902728
349 -14.88263427 0.7715197167
350 -15.01187137 0.7692424853
351 -15.14119067 0.7669565593
352 -15.2707068 0.7646600268
353 -15.40052797 0.7623510684
354 -15.5307569 0.760027944
355 -15.66149162 0.7576889802
356 -15.79282619 0.7553325595
357 -15.92485141 0.7529571098
358 -16.05765539 0.7505610952
359 -16.19132413 0.7481430076
360 -16.32594204 0.7457013579
361 -16.4615924 0.7432346692
362 -16.59835784 0.7407414696
363 -16.7363207 0.738220285
364 -16.87556352 0.7356696332
365 -17.01616933 0.7330880178
366 -17.15822208 0.7304739218
367 -17.30180698 0.7278258023
368 -17.44701082 0.7251420849
369 -17.59392235 0.7224211577
370 -17.74263261 0.7196613663
371 -17.89323526 0.7168610081
372 -18.04582694 0.7140183267
373 -18.20050759 0.7111315067
374 -18.35738083 0.7081986681
375 -18.5165543 0.7052178603
376 -18.67814004 0.702187057
377 -18.84225489 0.6991041498
378 -19.00902083 0.6959669427
379 -19.17856545 0.6927731457
380 -19.35102235 0.6895203692
381 -19.52653158 0.686206117
382 -19.70524008 0.6828277809
383 -19.88730223 0.6793826332
384 -20.07288025 0.6758678211
385 -20.26214481 0.6722803599
386 -20.45527552 0.6686171265
387 -20.65246148 0.6648748531
388 -20.85390191 0.6610501211
389 -21.05980669 0.6571393551
390 -21.27039701 0.6531388176
391 -21.48590596 0.6490446039
392 -21.70657918 0.644852638
393 -21.93267547 0.6405586693
394 -22.16446746 0.6361582703
395 -22.40224215 0.6316468362
396 -22.64630156 0.627019586
397 -22.89696323 0.6222715656
398 -23.15456072 0.617397654
399 -23.41944405 0.6123925723
400 -23.69197998 0.6072508963
401 -23.97255222 0.6019670741
402 -24.26156145 0.5965354474
403 -24.55942519 0.5909502803
404 -24.86657737 0.5852057933
405 -25.1834677 0.5792962054
406 -25.51056065 0.5732157842
407 -25.84833405 0.566958906
408 -26.19727731 0.5605201244
409 -26.55788907 0.5538942511
410 -26.93067428 0.5470764472
411 -27.31614072 0.5400623261
412 -27.7147948 0.5328480685
413 -28.12713658 0.5254305477
414 -28.55365413 0.5178074662
415 -28.99481704 0.5099775003
416 -29.45106915 0.5019404508
417 -29.92282062 0.4936973979
418 -30.41043924 0.4852508543
419 -30.91424132 0.4766049134
420 -31.43448215 0.4677653855
421 -31.9713463 0.4587399168
422 -32.52493808 0.4495380831
423 -33.09527242 0.4401714523
424 -33.68226655 0.4306536076
425 -34.28573284 0.4210001268
426 -34.90537319 0.4112285107
427 -35.54077536 0.401358059
428 -36.19141153 0.3914096925
429 -36.85663943 0.3814057219
430 -37.53570613 0.371369569
431 -38.22775463 0.3613254461
432 -38.93183312 0.3512980035
433 -39.64690687 0.3413119582
434 -40.37187222 0.3313917139
435 -41.10557246 0.3215609885
436 -41.84681497 0.3118424623
437 -42.59438905 0.3022574571
438 -43.34708392 0.2928256596
439 -44.10370625 0.2835648947
440 -44.86309659 0.2744909551
441 -45.62414446 0.2656174891
442 -46.38580144 0.2569559455
443 -47.14709219 0.2485155742
444 -47.9071231 0.2403034747
445 -48.66508853 0.232324689
446 -49.42027465 0.2245823284
447 -50.17206099 0.2170777292
448 -50.91991976 0.2098106276
449 -51.66341325 0.2027793463
450 -52.40218938 0.195980989
451 -53.13597575 0.1894116331
452 -53.86457224 0.1830665194
453 -54.58784265 0.1769402332
454 -55.30570522 0.1710268742
455 -56.01812258 0.1653202137
456 -56.72509107 0.1598138368
457 -57.42662975 0.1545012691
458 -58.12276925 0.1493760876
459 -58.81354062 0.1444320149
460 -59.49896446 0.1396629975
461 -60.17904051 0.1350632674
462 -60.85373787 0.1306273882
463 -61.52298619 0.1263502858
464 -62.18666806 0.1222272645
465 -62.84461269 0.1182540093
466 -63.49659131 0.1144265749
467 -64.14231429 0.1107413646
468 -64.78143022 0.1071950981
469 -65.41352696 0.1037847721
470 -66.03813476 0.1005076145
471 -66.65473127 0.09736103568
472 -67.26274833 0.09434257685
473 -67.86158043 0.09144986011
474 -68.45059434 0.08868054047
475 -69.02913982 0.0860322622
476 -69.59656081 0.08350262101
477 -70.15220688 0.08108913288
478 -70.69544454 0.07878921023
479 -71.22566793 0.07660014577
480 -71.7423088 0.07451910378
481 -72.24484525 0.07254311831
482 -72.73280931 0.07066909772
483 -73.20579299 0.06889383453
484 -73.66345292 0.06721401952
485 -74.10551342 0.06562625915
486 -74.53176816 0.06412709518
487 -74.94208038 0.06271302547
488 -75.33638198 0.06138052525
489 -75.71467139 0.06012606794
490 -76.0770106 0.05894614513
491 -76.42352134 0.05783728503
492 -76.75438076 0.05679606935
493 -77.06981663 0.05581914806
494 -77.37010222 0.05490325234
495 -77.65555109 0.05404520524
496 -77.92651187 0.05324193056
497 -78.18336305 0.05249045963
498 -78.42650796 0.05178793645
499 -78.65637 0.05113162117
500 -78.87338813 0.05051889214
501 -79.07801266 0.04994724666
502 -79.27070139 0.04941430067
503 -79.45191615 0.04891778751
504 -79.62211957 0.04845555588
505 -79.78177238 0.0480255672
506 -79.93133088 0.04762589241
507 -80.07124486 0.04725470845
508 -80.20195578 0.04691029437
509 -80.32389521 0.04659102732
510 -80.4374836 0.04629537832
511 -80.54312926 0.04602190804
512 -80.64122755 0.04576926253
513 -80.73216028 0.04553616893
514 -80.81629532 0.04532143136
515 -80.89398628 0.04512392679
516 -80.96557242 0.04494260106
517 -81.03137862 0.04477646507
518 -81.09171545 0.04462459105
519 -81.14687938 0.04448610898
520 -81.19715298 0.04436020324
521 -81.24280526 0.04424610935
522 -81.284092 0.04414311085
523 -81.32125611 0.04405053643
524 -81.35452811 0.04396775711
525 -81.3841265 0.04389418364
526 -81.41025825 0.04382926401
527 -81.43311926 0.04377248113
528 -81.45289479 0.04372335061
529 -81.46975998 0.0436814187
530 -81.48388026 0.04364626036
531 -81.49541182 0.04361747742
532 -81.50450208 0.04359469684
533 -81.51129007 0.04357756916
534 -81.51590692 0.04356576694
535 -81.51847621 0.04355898337
536 -81.5191144 0.04355693096
537 -81.51793113 0.0435593404
538 -81.51502919 0.0435659602
539 -81.51050115 0.04357656316
540 -81.50439592 0.043591013
541 -81.4964151 0.04360987409
542 -81.48317178 0.04363992012
543 -81.43347741 0.04374389464
544 -81.06565773 0.04449463657
545 -77.84700614 0.05151832328
546 -49.62401418 0.1632619031
547 34.96195163 0.9932239667
548 38.58981622 0.9999412414
549 37.49506142 0.9999311973
550 35.29774857 0.9998980453
551 32.2485675 0.9998223503
552 28.65847583 0.9996571569
553 24.8447338 0.9993118564
554 21.04080881 0.9986298847
555 17.39124868 0.9973728489
556 13.97890756 0.99522898
557 10.84933098 0.9918633885
558 8.024573955 0.9870086099
559 5.509610563 0.9805611897
560 3.295771115 0.972632421
561 1.363881825 0.9635237555
562 -0.3121738591 0.9536439393
563 -1.761879212 0.9434134899
564 -3.01510949 0.9331945563
565 -4.100084362 0.9232585522
566 -5.042229017 0.9137841072
567 -5.863733847 0.9048715685
568 -6.583564317 0.8965627642
569 -7.217716098 0.8888596003
570 -7.779575384 0.8817389388
571 -8.280300719 0.8751634139
572 -8.729182486 0.8690887863
573 -9.133960902 0.8634686752
574 -9.501097324 0.8582574413
575 -9.836000727 0.8534118253
576 -10.14321432 0.8488917801
577 -10.42656814 0.8446607993
578 -10.68930345 0.8406859431
579 -10.93417394 0.8369376899
580 -11.16352814 0.8333896981
581 -11.37937671 0.8300185276
582 -11.58344744 0.8268033524
583 -11.77723042 0.823725681
584 -11.96201525 0.8207690954
585 -12.13892177 0.8179190112
586 -12.30892562 0.8151624619
587 -12.47287948 0.8124879063
588 -12.6315309 0.8098850575
589 -12.78553725 0.807344732
590 -12.93547829 0.804858717
591 -13.08186687 0.8024196535
592 -13.22515797 0.8000209342
593 -13.36575642 0.7976566135
594 -13.50402349 0.7953213282
595 -13.64028257 0.7930102291
596 -13.77482403 0.7907189191
597 -13.9079094 0.7884434003
598 -14.03977505 0.7861800266
599 -14.17063531 0.7839254616
600 -14.30068527 0.7816766426
601 -14.43010312 0.7794307472
602 -14.55905229 0.7771851648
603 -14.68768331 0.7749374708
604 -14.81613538 0.7726854036
605 -14.94453789 0.770426844
606 -15.0730116 0.7681597975
607 -15.20166986 0.765882377
608 -15.33061954 0.7635927886
609 -15.45996201 0.7612893179
610 -15.5897939 0.7589703179
611 -15.72020783 0.756634198
612 -15.85129312 0.754279414
613 -15.98313635 0.7519044584
614 -16.11582197 0.7495078521
615 -16.24943273 0.7470881366
616 -16.38405023 0.7446438661
617 -16.51975533 0.7421736009
618 -16.65662856 0.7396759005
619 -16.79475052 0.7371493177
620 -16.93420229 0.7345923921
621 -17.07506571 0.7320036446
622 -17.2174238 0.7293815717
623 -17.36136109 0.7267246399
624 -17.50696393 0.7240312804
625 -17.65432082 0.7212998837
626 -17.80352277 0.7185287941
627 -17.95466363 0.7157163048
628 -18.10784039 0.712860652
629 -18.26315357 0.7099600097
630 -18.42070752 0.7070124845
631 -18.58061083 0.7040161095
632 -18.74297666 0.7009688391
633 -18.90792312 0.6978685429
634 -19.07557372 0.6947130001
635 -19.2460577 0.6914998931
636 -19.41951053 0.688226802
637 -19.59607432 0.6848911976
638 -19.77589827 0.6814904356
639 -19.9591392 0.6780217502
640 -20.14596202 0.6744822473
641 -20.33654024 0.6708688986
642 -20.53105658 0.6671785346
643 -20.72970344 0.6634078389
644 -20.93268358 0.659553342
645 -21.14021064 0.6556114154
646 -21.35250979 0.6515782666
647 -21.56981835 0.6474499342
648 -21.79238641 0.6432222845
649 -22.02047746 0.6388910078
650 -22.25436902 0.6344516178
651 -22.49435321 0.6298994508
652 -22.74073735 0.6252296681
653 -22.99384446 0.62043726
654 -23.25401377 0.615517053
655 -23.52160102 0.6104637202
656 -23.79697879 0.6052717952
657 -24.08053665 0.5999356915
658 -24.37268107 0.5944497264
659 -24.67383522 0.588808151
660 -24.98443847 0.5830051878
661 -25.30494564 0.577035075
662 -25.6358258 0.5708921206
663 -25.97756081 0.5645707646
664 -26.33064329 0.5580656528
665 -26.69557407 0.5513717209
666 -27.07285913 0.5444842895
667 -27.46300584 0.5373991716
668 -27.86651845 0.5301127912
669 -28.28389297 0.5226223127
670 -28.71561116 0.5149257801
671 -29.16213378 0.5070222638
672 -29.62389312 0.4989120137
673 -30.10128475 0.4905966128
674 -30.59465874 0.4820791293
675 -31.10431031 0.4733642611
676 -31.63047026 0.4644584658
677 -32.1732953 0.4553700717
678 -32.73285866 0.4461093611
679 -33.30914116 0.4366886186
680 -33.90202334 0.4271221403
681 -34.51127873 0.4174261942
682 -35.136569 0.4076189311
683 -35.77744096 0.3977202416
684 -36.43332604 0.3877515583
685 -37.10354234 0.377735608
686 -37.78729943 0.3676961175
687 -38.48370585 0.3576574803
688 -39.19177934 0.3476443971
689 -39.91045948 0.3376814996
690 -40.63862245 0.3277929729
691 -41.37509732 0.3180021882
692 -42.11868357 0.308331362
693 -42.86816897 0.2988012496
694 -43.62234749 0.2894308857
695 -44.38003651 0.2802373777
696 -45.14009277 0.2712357557
697 -45.90142684 0.262438881
698 -46.66301546 0.253857411
699 -47.42391175 0.2454998177
700 -48.183253 0.2373724525
701 -48.94026604 0.229479652
702 -49.69427032 0.2218238759
703 -50.44467858 0.2144058699
704 -51.1909955 0.2072248457
705 -51.93281443 0.2002786713
706 -52.66981237 0.1935640644
707 -53.40174349 0.1870767855
708 -54.12843139 0.180811824
709 -54.84976027 0.1747635759
710 -55.56566529 0.1689260093
711 -56.27612223 0.1632928161
712 -56.9811367 0.157857549
713 -57.68073309 0.1526137423
714 -58.37494336 0.1475550174
715 -59.063796 0.1426751705
716 -59.74730528 0.1379682454
717 -60.42546102 0.1334285896
718 -61.09821918 0.1290508947
719 -61.7654934 0.1248302218
720 -62.42714781 0.1207620128
721 -63.08299134 0.1168420876
722 -63.73277367 0.1130666295
723 -64.37618302 0.1094321599
724 -65.01284599 0.1059355035
725 -65.64232925 0.1025737463
726 -66.2641434 0.09934418854
727 -66.87774863 0.09624429451
728 -67.48256209 0.09327164165
729 -68.07796688 0.09042387074
730 -68.66332203 0.0876986394
731 -69.23797346 0.08509358033
732 -69.80126535 0.08260626572
733 -70.35255156 0.08023417863
734 -70.89120675 0.07797469185
735 -71.41663691 0.07582505441
736 -71.92828889 0.07378238534
737 -72.42565882 0.07184367429
738 -72.90829909 0.07000578795
739 -73.37582399 0.06826548161
740 -73.82791371 0.06661941454
741 -74.264317 0.06506416833
742 -74.68485222 0.06359626702
743 -75.08940722 0.06221219819
744 -75.47793791 0.06090843416
745 -75.85046585 0.05968145259
746 -76.20707494 0.05852775598
747 -76.5479074 0.05744388961
748 -76.87315927 0.05642645766
749 -77.1830754 0.05547213745
750 -77.47794439 0.05457769146
751 -77.75809327 0.05373997745
752 -78.0238823 0.05295595653
753 -78.27569978 0.05222269943
754 -78.51395717 0.05153739093
755 -78.73908432 0.0508973329
756 -78.95152512 0.05029994583
757 -79.1517334 0.04974276918
758 -79.34016915 0.04922346078
759 -79.51729522 0.04873979522
760 -79.68357423 0.04828966161
761 -79.83946593 0.04787106072
762 -79.98542486 0.04748210166
763 -80.12189831 0.04712099823
764 -80.24932465 0.04678606493
765 -80.36813187 0.04647571292
