0 -61.4314432 0.1269822922
1 -62.15745052 0.122457552
2 -62.87618729 0.1181145715
3 -63.58728754 0.1139483624
4 -64.29031545 0.1099543048
5 -64.98476651 0.1061281014
6 -65.67007143 0.1024657239
7 -66.34560266 0.09896335319
8 -67.01068321 0.09561731807
9 -67.66459767 0.09242403514
10 -68.30660458 0.08937995251
11 -68.93595018 0.08648150005
12 -69.55188247 0.08372504774
13 -70.1536655 0.08110687349
14 -70.74059311 0.07862314088
15 -71.31200168 0.07626988673
16 -71.86728169 0.07404301815
17 -72.40588749 0.07193831785
18 -72.92734535 0.06995145668
19 -73.43125952 0.06807801172
20 -73.91731629 0.06631348865
21 -74.38528614 0.06465334677
22 -74.83502409 0.06309302542
23 -75.26646838 0.06162797053
24 -75.67963776 0.06025366042
25 -76.07462754 0.05896562998
26 -76.45160463 0.05775949274
27 -76.8108019 0.0566309604
28 -77.15251176 0.05557586014
29 -77.47707799 0.05459015266
30 -77.78487548 0.05366997599
31 -78.07619247 0.05281191761
32 -78.35031404 0.05201515058
33 -78.59805546 0.0512986957
34 -78.74052697 0.05084195502
35 -78.12645201 0.05216043984
36 -71.43204598 0.07007893963
37 -18.74119708 0.4399749777
38 36.8480998 0.9994512765
39 37.71662457 0.9999327432
40 35.89665787 0.9999084534
41 32.88897645 0.9998425767
42 29.0798302 0.9996848819
43 24.86970063 0.9993217192
44 20.58716038 0.9985310929
45 16.44975318 0.9969392273
46 12.58599045 0.9940221436
47 9.065991127 0.9892022352
48 5.921244334 0.9820405407
49 3.154975127 0.9724315567
50 0.74907294 0.9606695616
51 -1.32901675 0.9473433683
52 -3.119302511 0.9331420173
53 -4.663362506 0.918686839
54 -6.000381626 0.9044461283
55 -7.165091183 0.8907233154
56 -8.187106537 0.8776846133
57 -9.091090478 0.86539772
58 -9.897306884 0.8538666966
59 -10.6222969 0.8430582223
60 -11.2795381 0.8329194239
61 -11.88002647 0.8233891469
62 -12.43276434 0.8144046615
63 -12.94515764 0.8059053944
64 -13.42333412 0.7978348105
65 -13.87239613 0.7901411919
66 -14.2966207 0.7827777819
67 -14.69961792 0.7757025873
68 -15.08445644 0.7688780104
69 -15.45376341 0.7622704124
70 -15.80980431 0.7558496655
71 -16.15454708 0.7495887236
72 -16.4897139 0.7434632262
73 -16.81682334 0.7374511418
74 -17.1372247 0.7315324502
75 -17.45212636 0.7256888635
76 -17.76261919 0.7199035808
77 -18.06969607 0.7141610746
78 -18.37426828 0.7084469034
79 -18.67717928 0.7027475494
80 -18.97921645 0.6970502763
81 -19.28112117 0.6913430054
82 -19.5835974 0.6856142073
83 -19.88731922 0.6798528087
84 -20.19293727 0.6740481101
85 -20.50108452 0.6681897161
86 -20.8123812 0.662267475
87 -21.12743928 0.6562714285
88 -21.44686626 0.6501917704
89 -21.77126864 0.6440188146
90 -22.10125478 0.6377429714
91 -22.4374375 0.6313547334
92 -22.78043611 0.6248446717
93 -23.13087811 0.618203441
94 -23.48940034 0.6114217971
95 -23.85664975 0.6044906255
96 -24.23328349 0.5974009831
97 -24.61996853 0.5901441544
98 -25.01738052 0.5827117223
99 -25.42620194 0.5750956554
100 -25.84711945 0.567288412
101 -26.28082025 0.5592830627
102 -26.72798755 0.5510734291
103 -27.18929491 0.5426542417
104 -27.66539947 0.5340213127
105 -28.15693405 0.5251717235
106 -28.66449811 0.5161040228
107 -29.1886476 0.5068184308
108 -29.72988383 0.4973170441
109 -30.28864152 0.4876040334
110 -30.86527629 0.477685825
111 -31.46005195 0.4675712574
112 -32.07312791 0.4572717011
113 -32.70454726 0.4468011315
114 -33.3542261 0.4361761446
115 -34.02194452 0.4254159055
116 -34.70734007 0.4145420248
117 -35.40990398 0.4035783564
118 -36.12898078 0.392550719
119 -36.86377166 0.3814865444
120 -37.61334161 0.370414462
121 -38.37663052 0.3593638321
122 -39.15246788 0.3483642445
123 -39.93959081 0.3374450036
124 -40.73666468 0.3266346177
125 -41.54230577 0.3159603164
126 -42.35510483 0.3054476127
127 -43.17365102 0.2951199269
128 -43.996555 0.2849982844
129 -44.82247054 0.2751010946
130 -45.65011397 0.2654440147
131 -46.47828075 0.2560398948
132 -47.30585896 0.2468988018
133 -48.13183931 0.23802811
134 -48.95532168 0.2294326511
135 -49.77551832 0.221114909
136 -50.59175366 0.2130752487
137 -51.40346129 0.2053121679
138 -52.21017809 0.1978225595
139 -53.01153614 0.1906019764
140 -53.80725262 0.1836448909
141 -54.59711802 0.1769449417
142 -55.38098312 0.1704951646
143 -56.15874506 0.1642882032
144 -56.93033275 0.1583164957
145 -57.69569209 0.1525724388
146 -58.45477128 0.1470485259
147 -59.2075065 0.1417374603
148 -59.95380852 0.1366322429
149 -60.69355037 0.1317262366
150 -61.42655663 0.1270132063
151 -62.15259449 0.1224873387
152 -62.87136712 0.1181432407
153 -63.58250942 0.1139759211
154 -64.28558639 0.1099807578
155 -64.98009433 0.1061534518
156 -65.66546463 0.1024899738
157 -66.34107032 0.09898650435
158 -67.00623487 0.09563937294
159 -67.6602431 0.09244499746
160 -68.30235367 0.08939982804
161 -68.93181266 0.08650029716
162 -69.54786777 0.08374277784
163 -70.14978255 0.0811235514
164 -70.73685014 0.07863878494
165 -71.3084061 0.07628451887
166 -71.86383993 0.07405666378
167 -72.40260494 0.07195100568
168 -72.92422626 0.06996321835
169 -73.42830697 0.0680888815
170 -73.91453219 0.06632350296
171 -74.38267122 0.06466254377
172 -74.83257798 0.06310144452
173 -75.26418964 0.06163565197
174 -75.67752398 0.06026064482
175 -76.0726754 0.05897195796
176 -76.44981003 0.05776520456
177 -76.80916007 0.05663609565
178 -77.15101732 0.05558045748
179 -77.4757251 0.05459424955
180 -77.78365799 0.05367360839
181 -78.07510461 0.0528151185
182 -78.34935549 0.05201793824
183 -78.59727475 0.05130097439
184 -78.74039148 0.05084266945
185 -78.1309735 0.05215012169
186 -71.47465077 0.0699500483
187 -19.03880108 0.4365976842
188 36.83611506 0.9994401015
189 37.71929997 0.9999327657
190 35.90306857 0.9999085577
191 32.89796105 0.9998428333
192 29.09034204 0.9996854857
193 24.88076125 0.9993230796
194 20.5980728 0.9985339618
195 16.46009307 0.9969447771
196 12.59552024 0.9940318618
197 9.074591478 0.9892175407
198 5.928876857 0.9820622301
199 3.161662134 0.972459416
200 0.7548807895 0.9607024136
201 -1.323995041 0.9473794983
202 -3.114963472 0.9331796749
203 -4.659604412 0.9187245754
204 -5.997111777 0.9044829172
205 -7.162229059 0.8907585254
206 -8.184584252 0.8777179189
207 -9.088851803 0.8654290061
208 -9.895305689 0.8538959798
209 -10.62049549 0.843085595
210 -11.27790568 0.8329450166
211 -11.87853783 0.8234131052
212 -12.43139878 0.8144271322
213 -12.94389808 0.8059265178
214 -13.42216639 0.7978547169
215 -13.87130841 0.7901599996
216 -14.29560312 0.7827955972
217 -14.69866214 0.7757195049
218 -15.08355543 0.768894114
219 -15.45291122 0.7622857759
220 -15.80899585 0.7558643537
221 -16.15377802 0.7496027933
222 -16.48898055 0.743476727
223 -16.81612253 0.7374641165
224 -17.13655374 0.7315449359
225 -17.45148296 0.7257008919
226 -17.76200142 0.7199151788
227 -18.06910232 0.7141722644
228 -18.3736972 0.7084577032
229 -18.67662978 0.7027579736
230 -18.9786877 0.6970603355
231 -19.28061254 0.6913527065
232 -19.58310849 0.6856235541
233 -19.8868498 0.6798618014
234 -20.19248733 0.6740567457
235 -20.50065422 0.6681979883
236 -20.81197093 0.6622753741
237 -21.12704958 0.6562789416
238 -21.4464979 0.6501988811
239 -21.77092256 0.6440255029
240 -22.10093216 0.6377492138
241 -22.43713971 0.6313605029
242 -22.78016476 0.6248499374
243 -23.13063502 0.6182081683
244 -23.48918759 0.6114259474
245 -23.85646965 0.6044941566
246 -24.23313862 0.5974038488
247 -24.61986171 0.5901463049
248 -25.01731483 0.5827131041
249 -25.42618073 0.5750962119
250 -25.84714631 0.5672880839
251 -26.28089903 0.559281788
252 -26.7281223 0.5510711445
253 -27.1894899 0.5426508828
254 -27.66565912 0.5340168153
255 -28.15726291 0.525166025
256 -28.6649008 0.516097063
257 -29.18912874 0.5068101541
258 -29.73044796 0.4973074009
259 -30.28929301 0.4875929817
260 -30.86601927 0.4776733326
261 -31.46089018 0.4675573037
262 -32.07406466 0.4572562787
263 -32.70558524 0.4467842479
264 -33.3553673 0.4361578235
265 -34.02319017 0.4253961879
266 -34.70869049 0.4145209691
267 -35.41135854 0.4035560384
268 -36.13053788 0.3925272315
269 -36.86542867 0.381461996
270 -37.61509489 0.370388975
271 -38.37847546 0.3593375401
272 -39.15439898 0.3483372901
273 -39.94160178 0.3374175349
274 -40.73874857 0.3266067854
275 -41.54445507 0.3159322704
276 -42.35731169 0.3054194992
277 -43.17590737 0.2950918853
278 -43.9988527 0.2849704451
279 -44.82480158 0.2750735772
280 -45.65247057 0.2654169259
281 -46.48065551 0.2560133282
282 -47.30824495 0.2468728369
283 -48.13423015 0.2380028126
284 -48.95771161 0.2294080732
285 -49.77790222 0.2210910898
286 -50.59412706 0.2130522157
287 -51.40582037 0.2052899381
288 -52.21251964 0.1978011404
289 -53.01385754 0.1905813676
290 -53.80955175 0.1836250853
291 -54.59939318 0.1769259272
292 -55.38323298 0.1704769253
293 -56.16096856 0.1642707201
294 -56.93252899 0.1582997484
295 -57.69786025 0.1525564064
296 -58.45691051 0.1470331875
297 -59.20961585 0.1417227959
298 -59.95588683 0.1366182339
299 -60.69559621 0.131712866
300 -61.42856822 0.1270004593
301 -62.15456967 0.1224752025
302 -62.87330332 0.1181317044
303 -63.58440364 0.1139649759
304 -64.28743523 0.1099703961
305 -64.98189399 0.1061436674
306 -65.66721103 0.1024807611
307 -66.3427591 0.09897785816
308 -67.00786153 0.09563128793
309 -67.66180308 0.09243746769
310 -68.30384246 0.08939284661
311 -68.93322593 0.08649385588
312 -69.54920145 0.083736867
313 -70.15103296 0.08111815955
314 -70.73801406 0.07863389887
315 -71.30948087 0.07628012358
316 -71.86482348 0.07405274254
317 -72.40349586 0.07194754017
318 -72.92502381 0.06996018886
319 -73.42901109 0.06808626713
320 -73.91514348 0.06632128188
321 -74.38319095 0.06466069347
322 -74.83300798 0.06309994206
323 -75.26453232 0.06163447425
324 -75.67778224 0.06025976879
325 -76.07285257 0.05897136085
326 -76.44990981 0.05776486404
327 -76.80918644 0.05663599002
328 -77.15097451 0.05558056579
329 -77.47561749 0.05459455173
330 -77.78349002 0.05367408544
331 -78.07488023 0.05281575363
332 -78.34907419 0.05201872623
333 -78.59689734 0.05130200084
334 -78.73954915 0.05084478296
335 -78.12651804 0.05216083464
336 -71.4404447 0.07005413795
337 -18.80601759 0.4392425171
338 36.8451962 0.9994488341
339 37.71705422 0.9999327461
340 35.89788232 0.9999084732
341 32.89072491 0.9998426266
342 29.08188921 0.9996850002
343 24.87187605 0.9993219868
344 20.5893145 0.9985316594
345 16.4518019 0.9969403272
346 12.58788618 0.9940240768
347 9.067709372 0.9892052925
348 5.922776458 0.9820448929
349 3.156324494 0.9724371751
350 0.7502517438 0.960676224
351 -1.327990855 0.9473507415
352 -3.118409596 0.9331497566
353 -4.662582799 0.9186946562
354 -5.999696995 0.9044538172
355 -7.164485797 0.8907307476
356 -8.186566991 0.8776917212
357 -9.09060563 0.8654044784
358 -9.896867558 0.8538731069
359 -10.62189558 0.8430643016
360 -11.27916861 0.8329251972
361 -11.87968375 0.8233946428
362 -12.43244422 0.8144099091
363 -12.94485666 0.8059104217
364 -13.42304939 0.7978396438
365 -13.87212523 0.7901458551
366 -14.29636161 0.7827822969
367 -14.6993689 0.7757069739
368 -15.08421601 0.7688822861
369 -15.45353032 0.7622745929
370 -15.80957747 0.7558537649
371 -16.15432554 0.7495927545
372 -16.48949684 0.7434671999
373 -16.81661003 0.7374550683
374 -17.1370145 0.7315363385
375 -17.45191872 0.7256927216
376 -17.76241362 0.719907416
377 -18.06949213 0.7141648931
378 -18.37406558 0.7084507111
379 -18.67697746 0.7027513514
380 -18.97901521 0.6970540771
381 -19.28092024 0.6913468088
382 -19.58339654 0.6856180169
383 -19.88711821 0.6798566273
384 -20.19273593 0.6740519402
385 -20.50088268 0.6681935596
386 -20.81217874 0.6622713332
387 -21.12723609 0.6562753025
388 -21.44666227 0.6501956606
389 -21.77106377 0.6440227208
390 -22.10104903 0.6377468929
391 -22.43723085 0.6313586691
392 -22.7802286 0.6248486197
393 -23.13066979 0.6182073988
394 -23.48919132 0.6114257617
395 -23.85644014 0.6044945929
396 -24.23307345 0.5974049488
397 -24.61975826 0.5901481131
398 -25.01717026 0.582715668
399 -25.42599196 0.5750995811
400 -25.84691007 0.5672923102
401 -26.28061183 0.559286925
402 -26.72778049 0.5510772464
403 -27.18908964 0.5426580044
404 -27.66519646 0.5340250104
405 -28.15673382 0.5251753455
406 -28.66430121 0.516107558
407 -29.18845458 0.506821868
408 -29.72969527 0.4973203722
409 -30.288458 0.4876072415
410 -30.86509839 0.4776889027
411 -31.45988023 0.4675741952
412 -32.0729629 0.4572744905
413 -32.70438945 0.4468037653
414 -33.3540759 0.4361786172
415 -34.02180229 0.4254182131
416 -34.70720607 0.4145441655
417 -35.40977836 0.4035803303
418 -36.12886361 0.3925525283
419 -36.86366289 0.3814881935
420 -37.61324107 0.3704159572
421 -38.37653791 0.3593651814
422 -39.15238282 0.3483654576
423 -39.9395128 0.3374460914
424 -40.73659315 0.326635592
425 -41.54224005 0.3159611898
426 -42.35504421 0.3054483979
427 -43.17359475 0.2951206366
428 -43.99650229 0.284998931
429 -44.82242061 0.2751016898
430 -45.65006605 0.2654445693
431 -46.4782341 0.2560404189
432 -47.30581286 0.2468993041
433 -48.1317931 0.2380285984
434 -48.95527476 0.229433132
435 -49.77547014 0.2211153878
436 -50.59170374 0.2130757299
437 -51.40340921 0.2053126549
438 -52.21012349 0.1978230548
439 -53.01147872 0.1906024817
440 -53.80719214 0.1836454072
441 -54.59705426 0.1769454697
442 -55.38091593 0.1704957044
443 -56.1586743 0.1642887546
444 -56.93025831 0.1583170583
445 -57.69561387 0.1525730122
446 -58.45468917 0.1470491097
447 -59.2074204 0.1417380539
448 -59.95371831 0.136632846
449 -60.69345591 0.1317268488
450 -61.42645775 0.1270138277
