0 -29.28388952 0.5051396166
1 -29.82812118 0.4956018736
2 -30.38994484 0.4858534291
3 -30.96970053 0.4759011288
4 -31.56763418 0.4657542547
5 -32.18388513 0.455424638
6 -32.81847439 0.4449267221
7 -33.47129418 0.4342775671
8 -34.14209939 0.4234967861
9 -34.83050144 0.4126064071
10 -35.5359651 0.4016306576
11 -36.2578088 0.3905956725
12 -36.99520859 0.3795291299
13 -37.74720604 0.3684598254
14 -38.51272002 0.357417198
15 -39.29056201 0.3464308249
16 -40.07945464 0.3355299055
17 -40.87805277 0.3247427544
18 -41.68496629 0.3140963255
19 -42.49878395 0.3036157843
20 -43.31809706 0.2933241437
21 -44.14152245 0.2832419766
22 -44.96772374 0.2733872095
23 -45.79543028 0.2637750012
24 -46.6234532 0.2544177025
25 -47.45069826 0.2453248927
26 -48.2761753 0.2365034815
27 -49.09900413 0.227957868
28 -49.9184171 0.2196901423
29 -50.73375844 0.2117003193
30 -51.54448066 0.2039865928
31 -52.35013829 0.196545599
32 -53.15037942 0.189372681
33 -53.94493525 0.1824621459
34 -54.7336081 0.1758075095
35 -55.51625821 0.1694017238
36 -56.29278964 0.1632373827
37 -57.0631357 0.1573069058
38 -57.8272441 0.1516026972
39 -58.58506234 0.1461172792
40 -59.33652357 0.1408434011
41 -60.0815333 0.1357741232
42 -60.81995738 0.1309028758
43 -61.55161154 0.1262234968
44 -62.27625288 0.1217302466
45 -62.99357358 0.1174178039
46 -63.70319714 0.113281245
47 -64.4046772 0.109316008
48 -65.09749918 0.1055178456
49 -65.78108456 0.1018827703
50 -66.45479783 0.09840699449
51 -67.11795564 0.09508686878
52 -67.76983803 0.09191882268
53 -68.4097011 0.08889930901
54 -69.03679075 0.08602475543
55 -69.6503569 0.08329152417
56 -70.24966763 0.08069588137
57 -70.83402284 0.07823397633
58 -71.40276684 0.07590183066
59 -71.95529958 0.07369533656
60 -72.49108624 0.07161026339
61 -73.00966496 0.06964227105
62 -73.51065254 0.06778692887
63 -73.99374824 0.06603973841
64 -74.45873566 0.06439615878
65 -74.90548278 0.06285163306
66 -75.33394046 0.06140161486
67 -75.74413947 0.06004159383
68 -76.13618643 0.05876711955
69 -76.51025872 0.0575738232
70 -76.86659869 0.05645743677
71 -77.20550708 0.05541381017
72 -77.52733383 0.05443893135
73 -77.8324495 0.05352898946
74 -78.12105987 0.05268080619
75 -78.3917357 0.05189526104
76 -78.62940992 0.05120500444
77 -78.70694137 0.05090054991
78 -77.57772055 0.05345456567
79 -66.72646679 0.08567865485
80 10.55722949 0.7698046284
81 37.56980676 0.9998620041
82 37.43011257 0.999929796
83 35.30553036 0.9998982605
84 32.08164276 0.9998176881
85 28.14749165 0.9996264701
86 23.89585407 0.9991907487
87 19.63047654 0.9982570991
88 15.54594656 0.996414689
89 11.75519963 0.9931146592
90 8.318318848 0.9877915226
91 5.259693984 0.9800674423
92 2.577129119 0.9699282553
93 0.2486053084 0.9577496009
94 -1.760728456 0.9441609657
95 -3.491702427 0.9298483544
96 -4.98563556 0.915402924
97 -6.28083068 0.9012547132
98 -7.410883544 0.8876728764
99 -8.404255248 0.8747978707
100 -9.284556538 0.862680164
101 -10.07114775 0.8513133371
102 -10.77982013 0.8406583173
103 -11.4234409 0.8306595382
104 -12.01251458 0.8212550123
105 -12.55564969 0.8123822393
106 -13.05993691 0.8039814342
107 -13.53125137 0.7959971053
108 -13.97449239 0.7883786542
109 -14.39377327 0.7810804225
110 -14.79257142 0.774061442
111 -15.17384757 0.767285045
112 -15.54014069 0.7607184206
113 -15.89364388 0.7543321691
114 -16.23626548 0.7480998792
115 -16.56967846 0.7419977408
116 -16.89536058 0.7360041965
117 -17.21462732 0.730099634
118 -17.52865896 0.7242661137
119 -17.83852306 0.7184871322
120 -18.1451932 0.7127474136
121 -18.44956474 0.7070327295
122 -18.75246807 0.7013297402
123 -19.05468001 0.6956258576
124 -19.35693345 0.6899091248
125 -19.65992574 0.6841681117
126 -19.96432591 0.6783918238
127 -20.27078101 0.6725696236
128 -20.5799216 0.6666911625
129 -20.89236667 0.6607463234
130 -21.20872786 0.6547251724
131 -21.52961323 0.6486179194
132 -21.85563058 0.6424148885
133 -22.18739024 0.6361064965
134 -22.52550749 0.6296832419
135 -22.87060462 0.6231357021
136 -23.22331235 0.6164545432
137 -23.58427104 0.609630539
138 -23.95413115 0.6026546037
139 -24.3335533 0.5955178374
140 -24.72320768 0.5882115857
141 -25.1237727 0.5807275151
142 -25.53593297 0.5730577052
143 -25.96037634 0.5651947572
144 -26.39779008 0.5571319212
145 -26.84885601 0.5488632403
146 -27.31424455 0.540383713
147 -27.79460764 0.5316894701
148 -28.29057052 0.5227779661
149 -28.80272237 0.5136481793
150 -29.33160584 0.5043008173
151 -29.87770572 0.4947385209
152 -30.44143676 0.4849660584
153 -31.02313108 0.4749905017
154 -31.6230254 0.4648213742
155 -32.24124861 0.4544707585
156 -32.8778101 0.443953355
157 -33.53258949 0.4332864802
158 -34.20532824 0.4224899957
159 -34.89562378 0.4115861629
160 -35.60292666 0.4005994196
161 -36.32654118 0.3895560808
162 -37.06562973 0.3784839675
163 -37.81922111 0.3674119753
164 -38.5862226 0.3563695959
165 -39.36543569 0.3453864095
166 -40.15557488 0.3344915683
167 -40.95528899 0.3237132912
168 -41.76318411 0.3130783912
169 -42.57784749 0.3026118527
170 -43.39787123 0.2923364744
171 -44.22187511 0.2822725891
172 -45.0485277 0.2724378653
173 -45.87656505 0.262847194
174 -46.70480644 0.2535126566
175 -47.53216696 0.2444435676
176 -48.35766653 0.2356465837
177 -49.18043554 0.2271258667
178 -49.99971707 0.2188832899
179 -50.8148659 0.2109186743
180 -51.62534464 0.2032300444
181 -52.43071725 0.1958138924
182 -53.2306403 0.1886654425
183 -54.0248524 0.1817789075
184 -54.81316201 0.1751477323
185 -55.59543416 0.1687648188
186 -56.37157624 0.1626227304
187 -57.1415234 0.1567138736
188 -57.90522369 0.1510306535
189 -58.66262345 0.1455656063
190 -59.41365323 0.1403115046
191 -60.15821466 0.1352614392
192 -60.89616848 0.1304088763
193 -61.62732435 0.125747692
194 -62.35143248 0.1212721856
195 -63.06817766 0.1169770735
196 -63.77717567 0.1128574667
197 -64.47797249 0.1089088334
198 -65.17004619 0.1051269514
199 -65.85281149 0.1015078521
200 -66.52562697 0.09804776026
201 -67.1878045 0.09474303276
202 -67.8386206 0.09159009905
203 -68.4773293 0.08858540653
204 -69.10317595 0.08572537271
205 -69.71541147 0.083006346
206 -70.31330646 0.08042457605
207 -70.89616478 0.07797619411
208 -71.46333605 0.07565720315
209 -72.01422666 0.07346347717
210 -72.54830924 0.07139076851
211 -73.06513011 0.06943472199
212 -73.56431483 0.06759089425
213 -74.04557176 0.06585477693
214 -74.50869374 0.0642218222
215 -74.95355796 0.06268746924
216 -75.38012427 0.06124717077
217 -75.7884321 0.05989641839
218 -76.17859624 0.0586307663
219 -76.5508017 0.05744585269
220 -76.90529781 0.05633741867
221 -77.24239165 0.05530132506
222 -77.56243877 0.05433357215
223 -77.86581471 0.05343036243
224 -78.15272993 0.05258853009
225 -78.42176159 0.05180895661
226 -78.65785895 0.05112422646
227 -78.73391241 0.05082441176
228 -77.60288164 0.05338012259
229 -66.74045364 0.08560657205
230 10.64440656 0.7704791618
231 37.57903422 0.9998625554
232 37.43489771 0.9999298609
233 35.31115038 0.9998983652
234 32.08872978 0.9998179233
235 28.15582384 0.9996270341
236 23.90503439 0.9991920816
237 19.64014453 0.9982600723
238 15.55581249 0.996420786
239 11.76503152 0.9931259803
240 8.327934375 0.9878104413
241 5.268963457 0.98009596
242 2.585980026 0.9699674044
243 0.257019703 0.9577992712
244 -1.752725021 0.9442201959
245 -3.484056086 0.9299158194
246 -4.978278372 0.9154773404
247 -6.273691156 0.9013350546
248 -7.403893104 0.8877584289
249 -8.397351455 0.8748882008
250 -9.277684232 0.8627750552
251 -10.06425899 0.851412727
252 -10.77287353 0.8407622462
253 -11.41640076 0.8307681124
254 -12.00535 0.8213683781
255 -12.54833368 0.812500567
256 -13.05244567 0.8041049077
257 -13.52356366 0.7961259163
258 -13.96658899 0.7885129989
259 -14.38563648 0.7812204999
260 -14.78418474 0.7742074543
261 -15.16519535 0.7674371971
262 -15.53120787 0.7608769214
263 -15.88441577 0.7544972324
264 -16.22672753 0.7482717248
265 -16.55981612 0.7421765955
266 -16.88515912 0.7361902954
267 -17.20407172 0.7302932216
268 -17.51773376 0.7244674454
269 -17.82721228 0.7186964747
270 -18.13348019 0.7129650468
271 -18.43743209 0.7072589469
272 -18.73989754 0.7015648503
273 -19.0416524 0.6958701846
274 -19.34342851 0.6901630097
275 -19.6459221 0.6844319128
276 -19.94980097 0.6786659177
277 -20.25571085 0.6728544057
278 -20.56428093 0.6669870474
279 -20.8761287 0.6610537452
280 -21.19186424 0.6550445847
281 -21.51209399 0.6489497954
282 -21.83742403 0.6427597201
283 -22.16846295 0.6364647936
284 -22.50582422 0.6300555309
285 -22.85012828 0.6235225244
286 -23.20200404 0.6168564523
287 -23.56208998 0.6100480974
288 -23.93103479 0.603088379
289 -24.30949738 0.595968397
290 -24.69814631 0.5886794912
291 -25.09765857 0.5812133149
292 -25.50871753 0.573561926
293 -25.93201013 0.5657178943
294 -26.36822305 0.5576744273
295 -26.81803796 0.5494255134
296 -27.28212565 0.5409660818
297 -27.76113903 0.5322921797
298 -28.25570501 0.5234011613
299 -28.76641522 0.514291888
300 -29.29381565 0.5049649334
301 -29.83839533 0.4954227874
302 -30.40057428 0.4856700513
303 -30.98069092 0.4757136155
304 -31.5789893 0.4655628097
305 -32.19560665 0.4552295143
306 -32.83056166 0.4447282229
307 -33.48374403 0.4340760454
308 -34.15490601 0.4232926425
309 -34.84365625 0.412400087
310 -35.54945674 0.4014226463
311 -36.27162315 0.3903864888
312 -37.00932888 0.3793193189
313 -37.76161306 0.3682499499
314 -38.52739232 0.3572078291
315 -39.30547625 0.3462225321
316 -40.09458596 0.3353232471
317 -40.8933752 0.324538268
318 -41.70045321 0.3138945193
319 -42.51440849 0.3034171293
320 -43.33383261 0.2931290675
321 -44.15734306 0.2830508586
322 -44.98360449 0.2732003777
323 -45.81134761 0.2635927303
324 -46.63938523 0.254240214
325 -47.46662497 0.245152356
326 -48.29207869 0.2363360165
327 -49.1148683 0.2277955482
328 -49.93422828 0.219532999
329 -50.74950496 0.2115483464
330 -51.56015281 0.2038397516
331 -52.36572825 0.1964038232
332 -53.16588103 0.1892358815
333 -53.96034381 0.1823302158
334 -54.74892014 0.1756803288
335 -55.53147121 0.1692791631
336 -56.30790176 0.1631193072
337 -57.07814548 0.1571931785
338 -57.84215022 0.151493182
339 -58.59986329 0.1460118429
340 -59.35121741 0.1407419155
341 -60.09611739 0.1356764662
342 -60.83442818 0.1308089327
343 -61.56596441 0.1261331606
344 -62.29048195 0.121643418
345 -63.00767164 0.1173343915
346 -63.71715559 0.1132011642
347 -64.41848604 0.1092391804
348 -65.11114709 0.1054441982
349 -65.794559 0.1018122341
350 -66.4680852 0.09833950339
351 -67.13104147 0.09502235849
352 -67.78270724 0.09185722944
353 -68.42233823 0.08884056869
354 -69.04918027 0.08596880258
355 -69.66248347 0.08323829137
356 -70.26151639 0.08064529873
357 -70.84557966 0.07818597118
358 -71.41401856 0.07585632744
359 -71.96623424 0.07365225687
360 -72.50169325 0.07156952621
361 -73.0199352 0.06960379308
362 -73.52057851 0.06775062495
363 -74.00332409 0.066005522
364 -74.46795722 0.06436394248
365 -74.91434756 0.06282132919
366 -75.34244759 0.06137313594
367 -75.75228966 0.0600148531
368 -76.14398185 0.05874203144
369 -76.51770292 0.05755030375
370 -76.87369647 0.05643540399
371 -77.21226439 0.05539318434
372 -77.53375761 0.05441963527
373 -77.8385476 0.0535109486
374 -78.12684102 0.05266394834
375 -78.3972104 0.05187951317
376 -78.63459655 0.05119027023
377 -78.71190442 0.05088655952
378 -77.58277414 0.05343986684
379 -66.73287251 0.08565159724
380 10.55457848 0.7697326944
381 37.57116847 0.9998620183
382 37.43123385 0.9999298107
383 35.30701399 0.9998982879
384 32.08355715 0.9998177516
385 28.14974008 0.9996266225
386 23.89831094 0.9991911061
387 19.63303683 0.9982578881
388 15.54853096 0.9964162895
389 11.7577481 0.9931175999
390 8.320786456 0.9877963878
391 5.262050366 0.9800747066
392 2.579358841 0.9699381375
393 0.2507066945 0.9577620296
394 -1.758746421 0.9441756618
395 -3.489824068 0.9298649578
396 -4.983842115 0.9154210959
397 -6.279102907 0.9012741879
398 -7.409203268 0.8876934719
399 -8.4026061 0.8748194787
400 -9.282924179 0.8627027321
401 -10.0695198 0.851336852
402 -10.77818597 0.8406827915
403 -11.42179142 0.8306850003
404 -12.01084195 0.8212815005
405 -12.55394709 0.8124097971
406 -13.05819837 0.8040101083
407 -13.5294716 0.7960269435
408 -13.97266664 0.7884097053
409 -14.39189718 0.7811127351
410 -14.79064096 0.7740950655
411 -15.17185896 0.7673200287
412 -15.53809029 0.7607548146
413 -15.89152819 0.7543700242
414 -16.23408104 0.7481392475
415 -16.56742184 0.7420386754
416 -16.89302832 0.7360467526
417 -17.2122159 0.7301438684
418 -17.5261648 0.7243120857
419 -17.83594245 0.7185349034
420 -18.14252229 0.7127970485
421 -18.44679952 0.7070842956
422 -18.74960436 0.7013833083
423 -19.05171341 0.6956815019
424 -19.35385933 0.6899669232
425 -19.65673921 0.684228146
426 -19.96102182 0.6784541798
427 -20.2673539 0.6726343913
428 -20.57636572 0.6667584363
429 -20.88867593 0.6608162019
430 -21.20489582 0.6547977586
431 -21.52563309 0.6486933206
432 -21.85149514 0.6424932163
433 -22.18309192 0.6361878665
434 -22.52103831 0.6297677732
435 -22.86595616 0.6232235174
436 -23.21847581 0.6165457675
437 -23.57923718 0.6097252996
438 -23.94889034 0.6027530289
439 -24.32809553 0.5956200553
440 -24.71752257 0.588317723
441 -25.11784955 0.5808376956
442 -25.5297608 0.5731720474
443 -25.95394397 0.5653133728
444 -26.39108621 0.5572549118
445 -26.84186931 0.5489906952
446 -27.30696376 0.5405157058
447 -27.78702174 0.5318260555
448 -28.28266886 0.5229191757
449 -28.79449485 0.5137940185
450 -29.32304314 0.5044512611
