0.0000000000 -78.3965612449
0.1000000000 -78.4228953687
0.2000000000 -78.4490802637
0.3000000000 -78.4751163856
0.4000000000 -78.5010041926
0.5000000000 -78.5267441453
0.6000000000 -78.5523367068
0.7000000000 -78.5777823424
0.8000000000 -78.6030815197
0.9000000000 -78.6282347079
1.0000000000 -78.6532423778
1.1000000000 -78.6781050004
1.2000000000 -78.7028230460
1.3000000000 -78.7273969809
1.4000000000 -78.7518272645
1.5000000000 -78.7761143436
1.6000000000 -78.8002586449
1.7000000000 -78.8242605656
1.8000000000 -78.8481204607
1.9000000000 -78.8718386280
2.0000000000 -78.8954152897
2.1000000000 -78.9188505717
2.2000000000 -78.9421444791
2.3000000000 -78.9652968707
2.4000000000 -78.9883074298
2.5000000000 -79.0111756339
2.6000000000 -79.0339007230
2.7000000000 -79.0564816666
2.8000000000 -79.0789171287
2.9000000000 -79.1012054332
3.0000000000 -79.1233445264
3.1000000000 -79.1453319387
3.2000000000 -79.1671647424
3.3000000000 -79.1888395067
3.4000000000 -79.2103522456
3.5000000000 -79.2316983587
3.6000000000 -79.2528725619
3.7000000000 -79.2738688033
3.8000000000 -79.2946801628
3.9000000000 -79.3152987297
4.0000000000 -79.3357154532
4.1000000000 -79.3559199613
4.2000000000 -79.3759003396
4.3000000000 -79.3956428645
4.4000000000 -79.4151316803
4.5000000000 -79.4343484121
4.6000000000 -79.4532717016
4.7000000000 -79.4718766538
4.8000000000 -79.4901341786
4.9000000000 -79.5080102101
5.0000000000 -79.5254647826
5.1000000000 -79.5424509391
5.2000000000 -79.5589134439
5.3000000000 -79.5747872652
5.4000000000 -79.5899957897
5.5000000000 -79.6044487204
5.6000000000 -79.6180396058
5.7000000000 -79.6306429326
5.8000000000 -79.6421107093
5.9000000000 -79.6522684482
6.0000000000 -79.6609104422
6.1000000000 -79.6677942107
6.2000000000 -79.6726339698
6.3000000000 -79.6750929521
6.4000000000 -79.6747743757
6.5000000000 -79.6712108215
6.6000000000 -79.6638517390
6.7000000000 -79.6520487495
6.8000000000 -79.6350383571
6.9000000000 -79.6119216117
7.0000000000 -79.5816401837
7.1000000000 -79.5429482207
7.2000000000 -79.4943792398
7.3000000000 -79.4342071856
7.4000000000 -79.3604006252
7.5000000000 -79.2705688766
7.6000000000 -79.1618986578
7.7000000000 -79.0310795960
7.8000000000 -78.8742166525
7.9000000000 -78.6867271848
8.0000000000 -78.4632199736
8.1000000000 -78.1973530893
8.2000000000 -77.8816669397
8.3000000000 -77.5073882145
8.4000000000 -77.0641997146
8.5000000000 -76.5399701846
8.6000000000 -75.9204372299
8.7000000000 -75.1888351188
8.8000000000 -74.3254576411
8.9000000000 -73.3071439919
9.0000000000 -72.1066724587
9.1000000000 -70.6920416841
9.2000000000 -69.0256107605
9.3000000000 -67.0630539770
9.4000000000 -64.7520566496
9.5000000000 -62.0306208691
9.6000000000 -58.8247358231
9.7000000000 -55.0449430884
9.8000000000 -50.5809033079
9.9000000000 -45.2923364724
10.0000000000 -38.9936506379
10.1000000000 -31.4285733951
10.2000000000 -22.2313053707
10.3000000000 -10.8795809799
10.4000000000 3.2553534591
10.5000000000 19.9842038037
10.6000000000 34.9098364970
10.7000000000 41.3304772869
10.8000000000 41.1170925252
10.9000000000 39.8318801794
11.0000000000 39.1299340731
11.1000000000 38.8221721401
11.2000000000 38.6934587561
11.3000000000 38.6373474290
11.4000000000 38.6043629065
11.5000000000 38.5718736448
11.6000000000 38.5298378896
11.7000000000 38.4741054010
11.8000000000 38.4032413407
11.9000000000 38.3170138676
12.0000000000 38.2156786500
12.1000000000 38.0996485761
12.2000000000 37.9693499498
12.3000000000 37.8251681066
12.4000000000 37.6674347133
12.5000000000 37.4964332753
12.6000000000 37.3124114182
12.7000000000 37.1155945211
12.8000000000 36.9061982750
12.9000000000 36.6844392183
13.0000000000 36.4505430160
13.1000000000 36.2047505812
13.2000000000 35.9473222702
13.3000000000 35.6785404323
13.4000000000 35.3987105896
13.5000000000 35.1081615045
13.6000000000 34.8072443665
13.7000000000 34.4963312986
13.8000000000 34.1758133587
13.9000000000 33.8460981844
14.0000000000 33.5076074084
14.1000000000 33.1607739483
14.2000000000 32.8060392595
14.3000000000 32.4438506217
14.4000000000 32.0746585141
14.5000000000 31.6989141250
14.6000000000 31.3170670263
14.7000000000 30.9295630375
14.8000000000 30.5368422926
14.9000000000 30.1393375186
15.0000000000 29.7374725278
15.1000000000 29.3316609197
15.2000000000 28.9223049886
15.3000000000 28.5097948253
15.4000000000 28.0945076028
15.5000000000 27.6768070325
15.6000000000 27.2570429766
15.7000000000 26.8355512034
15.8000000000 26.4126532694
15.9000000000 25.9886565142
16.0000000000 25.5638541553
16.1000000000 25.1385254673
16.2000000000 24.7129360344
16.3000000000 24.2873380636
16.4000000000 23.8619707481
16.5000000000 23.4370606699
16.6000000000 23.0128222338
16.7000000000 22.5894581239
16.8000000000 22.1671597749
16.9000000000 21.7461078525
17.0000000000 21.3264727373
17.1000000000 20.9084150070
17.2000000000 20.4920859126
17.3000000000 20.0776278457
17.4000000000 19.6651747935
17.5000000000 19.2548527797
17.6000000000 18.8467802888
17.7000000000 18.4410686726
17.8000000000 18.0378225383
17.9000000000 17.6371401171
18.0000000000 17.2391136120
18.1000000000 16.8438295271
18.2000000000 16.4513689758
18.3000000000 16.0618079692
18.4000000000 15.6752176861
18.5000000000 15.2916647235
18.6000000000 14.9112113291
18.7000000000 14.5339156166
18.8000000000 14.1598317647
18.9000000000 13.7890101994
19.0000000000 13.4214977631
19.1000000000 13.0573378684
19.2000000000 12.6965706401
19.3000000000 12.3392330444
19.4000000000 11.9853590079
19.5000000000 11.6349795260
19.6000000000 11.2881227623
19.7000000000 10.9448141401
19.8000000000 10.6050764259
19.9000000000 10.2689298068
20.0000000000 9.9363919622
20.1000000000 9.6074781305
20.2000000000 9.2822011708
20.3000000000 8.9605716220
20.4000000000 8.6425977585
20.5000000000 8.3282856433
20.6000000000 8.0176391794
20.7000000000 7.7106601598
20.8000000000 7.4073483162
20.9000000000 7.1077013680
21.0000000000 6.8117150697
21.1000000000 6.5193832597
21.2000000000 6.2306979084
21.3000000000 5.9456491672
21.4000000000 5.6642254184
21.5000000000 5.3864133255
21.6000000000 5.1121978843
21.7000000000 4.8415624756
21.8000000000 4.5744889183
21.9000000000 4.3109575235
22.0000000000 4.0509471499
22.1000000000 3.7944352599
22.2000000000 3.5413979763
22.3000000000 3.2918101403
22.4000000000 3.0456453696
22.5000000000 2.8028761172
22.6000000000 2.5634737308
22.7000000000 2.3274085123
22.8000000000 2.0946497769
22.9000000000 1.8651659134
23.0000000000 1.6389244431
23.1000000000 1.4158920790
23.2000000000 1.1960347846
23.3000000000 0.9793178316
23.4000000000 0.7657058574
23.5000000000 0.5551629214
23.6000000000 0.3476525606
23.7000000000 0.1431378438
23.8000000000 -0.0584185752
23.9000000000 -0.2570544057
24.0000000000 -0.4528076700
24.1000000000 -0.6457166540
24.2000000000 -0.8358198599
24.3000000000 -1.0231559604
24.4000000000 -1.2077637545
24.5000000000 -1.3896821249
24.6000000000 -1.5689499973
24.7000000000 -1.7456063013
24.8000000000 -1.9196899331
24.9000000000 -2.0912397198
25.0000000000 -2.2602943859
25.1000000000 -2.4268925210
25.2000000000 -2.5910725496
25.3000000000 -2.7528727027
25.4000000000 -2.9123309906
25.5000000000 -3.0694851782
25.6000000000 -3.2243727609
25.7000000000 -3.3770309428
25.8000000000 -3.5274966165
25.9000000000 -3.6758063441
26.0000000000 -3.8219963396
26.1000000000 -3.9661024533
26.2000000000 -4.1081601566
26.3000000000 -4.2482045294
26.4000000000 -4.3862702474
26.5000000000 -4.5223915718
26.6000000000 -4.6566023394
26.7000000000 -4.7889359540
26.8000000000 -4.9194253793
26.9000000000 -5.0481031319
27.0000000000 -5.1750012765
27.1000000000 -5.3001514206
27.2000000000 -5.4235847114
27.3000000000 -5.5453318325
27.4000000000 -5.6654230018
27.5000000000 -5.7838879705
27.6000000000 -5.9007560216
27.7000000000 -6.0160559705
27.8000000000 -6.1298161653
27.9000000000 -6.2420644876
28.0000000000 -6.3528283543
28.1000000000 -6.4621347195
28.2000000000 -6.5700100772
28.3000000000 -6.6764804639
28.4000000000 -6.7815714619
28.5000000000 -6.8853082032
28.6000000000 -6.9877153732
28.7000000000 -7.0888172148
28.8000000000 -7.1886375332
28.9000000000 -7.2871997002
29.0000000000 -7.3845266595
29.1000000000 -7.4806409318
29.2000000000 -7.5755646197
29.3000000000 -7.6693194136
29.4000000000 -7.7619265970
29.5000000000 -7.8534070522
29.6000000000 -7.9437812664
29.7000000000 -8.0330693371
29.8000000000 -8.1212909781
29.9000000000 -8.2084655260
30.0000000000 -8.2946119455
30.1000000000 -8.3797488361
30.2000000000 -8.4638944377
30.3000000000 -8.5470666370
30.4000000000 -8.6292829734
30.5000000000 -8.7105606451
30.6000000000 -8.7909165152
30.7000000000 -8.8703671178
30.8000000000 -8.9489286638
30.9000000000 -9.0266170472
31.0000000000 -9.1034478505
31.1000000000 -9.1794363511
31.2000000000 -9.2545975267
31.3000000000 -9.3289460615
31.4000000000 -9.4024963514
31.5000000000 -9.4752625100
31.6000000000 -9.5472583738
31.7000000000 -9.6184975081
31.8000000000 -9.6889932122
31.9000000000 -9.7587585246
32.0000000000 -9.8278062287
32.1000000000 -9.8961488573
32.2000000000 -9.9637986984
32.3000000000 -10.0307677997
32.4000000000 -10.0970679738
32.5000000000 -10.1627108030
32.6000000000 -10.2277076439
32.7000000000 -10.2920696324
32.8000000000 -10.3558076878
32.9000000000 -10.4189325179
33.0000000000 -10.4814546230
33.1000000000 -10.5433843004
33.2000000000 -10.6047316484
33.3000000000 -10.6655065710
33.4000000000 -10.7257187815
33.5000000000 -10.7853778066
33.6000000000 -10.8444929906
33.7000000000 -10.9030734987
33.8000000000 -10.9611283214
33.9000000000 -11.0186662778
34.0000000000 -11.0756960191
34.1000000000 -11.1322260325
34.2000000000 -11.1882646444
34.3000000000 -11.2438200238
34.4000000000 -11.2989001857
34.5000000000 -11.3535129941
34.6000000000 -11.4076661654
34.7000000000 -11.4613672717
34.8000000000 -11.5146237430
34.9000000000 -11.5674428713
35.0000000000 -11.6198318124
35.1000000000 -11.6717975896
35.2000000000 -11.7233470958
35.3000000000 -11.7744870966
35.4000000000 -11.8252242329
35.5000000000 -11.8755650234
35.6000000000 -11.9255158671
35.7000000000 -11.9750830459
35.8000000000 -12.0242727269
35.9000000000 -12.0730909648
36.0000000000 -12.1215437041
36.1000000000 -12.1696367818
36.2000000000 -12.2173759289
36.3000000000 -12.2647667734
36.4000000000 -12.3118148414
36.5000000000 -12.3585255603
36.6000000000 -12.4049042598
36.7000000000 -12.4509561747
36.8000000000 -12.4966864461
36.9000000000 -12.5421001241
37.0000000000 -12.5872021688
37.1000000000 -12.6319974527
37.2000000000 -12.6764907624
37.3000000000 -12.7206868001
37.4000000000 -12.7645901854
37.5000000000 -12.8082054572
37.6000000000 -12.8515370749
37.7000000000 -12.8945894203
37.8000000000 -12.9373667990
37.9000000000 -12.9798734422
38.0000000000 -13.0221135078
38.1000000000 -13.0640910821
38.2000000000 -13.1058101812
38.3000000000 -13.1472747523
38.4000000000 -13.1884886753
38.5000000000 -13.2294557638
38.6000000000 -13.2701797669
38.7000000000 -13.3106643699
38.8000000000 -13.3509131960
38.9000000000 -13.3909298075
39.0000000000 -13.4307177067
39.1000000000 -13.4702803374
39.2000000000 -13.5096210860
39.3000000000 -13.5487432824
39.4000000000 -13.5876502017
39.5000000000 -13.6263450644
39.6000000000 -13.6648310383
39.7000000000 -13.7031112391
39.8000000000 -13.7411887317
39.9000000000 -13.7790665307
40.0000000000 -13.8167476021
40.1000000000 -13.8542348636
40.2000000000 -13.8915311860
40.3000000000 -13.9286393940
40.4000000000 -13.9655622670
40.5000000000 -14.0023025400
40.6000000000 -14.0388629046
40.7000000000 -14.0752460097
40.8000000000 -14.1114544627
40.9000000000 -14.1474908297
41.0000000000 -14.1833576368
41.1000000000 -14.2190573707
41.2000000000 -14.2545924795
41.3000000000 -14.2899653735
41.4000000000 -14.3251784257
41.5000000000 -14.3602339729
41.6000000000 -14.3951343162
41.7000000000 -14.4298817218
41.8000000000 -14.4644784213
41.9000000000 -14.4989266129
42.0000000000 -14.5332284618
42.1000000000 -14.5673861008
42.2000000000 -14.6014016310
42.3000000000 -14.6352771225
42.4000000000 -14.6690146147
42.5000000000 -14.7026161172
42.6000000000 -14.7360836103
42.7000000000 -14.7694190455
42.8000000000 -14.8026243461
42.9000000000 -14.8357014076
43.0000000000 -14.8686520985
43.1000000000 -14.9014782608
43.2000000000 -14.9341817100
43.3000000000 -14.9667642364
43.4000000000 -14.9992276049
43.5000000000 -15.0315735559
43.6000000000 -15.0638038055
43.7000000000 -15.0959200462
43.8000000000 -15.1279239473
43.9000000000 -15.1598171550
44.0000000000 -15.1916012935
44.1000000000 -15.2232779646
44.2000000000 -15.2548487488
44.3000000000 -15.2863152055
44.4000000000 -15.3176788732
44.5000000000 -15.3489412701
44.6000000000 -15.3801038944
44.7000000000 -15.4111682247
44.8000000000 -15.4421357203
44.9000000000 -15.4730078218
45.0000000000 -15.5037859510
45.1000000000 -15.5344715118
45.2000000000 -15.5650658900
45.3000000000 -15.5955704540
45.4000000000 -15.6259865549
45.5000000000 -15.6563155271
45.6000000000 -15.6865586882
45.7000000000 -15.7167173398
45.8000000000 -15.7467927673
45.9000000000 -15.7767862405
46.0000000000 -15.8066990137
46.1000000000 -15.8365323264
46.2000000000 -15.8662874028
46.3000000000 -15.8959654530
46.4000000000 -15.9255676724
46.5000000000 -15.9550952426
46.6000000000 -15.9845493314
46.7000000000 -16.0139310928
46.8000000000 -16.0432416677
46.9000000000 -16.0724821840
47.0000000000 -16.1016537566
47.1000000000 -16.1307574878
47.2000000000 -16.1597944677
47.3000000000 -16.1887657740
47.4000000000 -16.2176724726
47.5000000000 -16.2465156177
47.6000000000 -16.2752962518
47.7000000000 -16.3040154062
47.8000000000 -16.3326741011
47.9000000000 -16.3612733457
48.0000000000 -16.3898141385
48.1000000000 -16.4182974674
48.2000000000 -16.4467243100
48.3000000000 -16.4750956337
48.4000000000 -16.5034123958
48.5000000000 -16.5316755440
48.6000000000 -16.5598860159
48.7000000000 -16.5880447401
48.8000000000 -16.6161526356
48.9000000000 -16.6442106122
49.0000000000 -16.6722195709
49.1000000000 -16.7001804036
49.2000000000 -16.7280939936
49.3000000000 -16.7559612156
49.4000000000 -16.7837829361
49.5000000000 -16.8115600131
49.6000000000 -16.8392932965
49.7000000000 -16.8669836282
49.8000000000 -16.8946318425
49.9000000000 -16.9222387657
50.0000000000 -16.9498052166
50.1000000000 -16.9773320066
50.2000000000 -17.0048199397
50.3000000000 -17.0322698129
50.4000000000 -17.0596824157
50.5000000000 -17.0870585311
50.6000000000 -17.1143989351
50.7000000000 -17.1417043967
50.8000000000 -17.1689756788
50.9000000000 -17.1962135373
51.0000000000 -17.2234187222
51.1000000000 -17.2505919767
51.2000000000 -17.2777340383
51.3000000000 -17.3048456381
51.4000000000 -17.3319275014
51.5000000000 -17.3589803477
51.6000000000 -17.3860048905
51.7000000000 -17.4130018378
51.8000000000 -17.4399718920
51.9000000000 -17.4669157501
52.0000000000 -17.4938341037
52.1000000000 -17.5207276388
52.2000000000 -17.5475970368
52.3000000000 -17.5744429734
52.4000000000 -17.6012661196
52.5000000000 -17.6280671414
52.6000000000 -17.6548466999
52.7000000000 -17.6816054516
52.8000000000 -17.7083440480
52.9000000000 -17.7350631363
53.0000000000 -17.7617633591
53.1000000000 -17.7884453544
53.2000000000 -17.8151097559
53.3000000000 -17.8417571932
53.4000000000 -17.8683882914
53.5000000000 -17.8950036716
53.6000000000 -17.9216039507
53.7000000000 -17.9481897419
53.8000000000 -17.9747616541
53.9000000000 -18.0013202925
54.0000000000 -18.0278662586
54.1000000000 -18.0544001500
54.2000000000 -18.0809225607
54.3000000000 -18.1074340812
54.4000000000 -18.1339352983
54.5000000000 -18.1604267955
54.6000000000 -18.1869091528
54.7000000000 -18.2133829468
54.8000000000 -18.2398487509
54.9000000000 -18.2663071354
55.0000000000 -18.2927586671
55.1000000000 -18.3192039101
55.2000000000 -18.3456434251
55.3000000000 -18.3720777700
55.4000000000 -18.3985074997
55.5000000000 -18.4249331663
55.6000000000 -18.4513553190
55.7000000000 -18.4777745042
55.8000000000 -18.5041912657
55.9000000000 -18.5306061445
56.0000000000 -18.5570196791
56.1000000000 -18.5834324054
56.2000000000 -18.6098448567
56.3000000000 -18.6362575640
56.4000000000 -18.6626710557
56.5000000000 -18.6890858580
56.6000000000 -18.7155024947
56.7000000000 -18.7419214873
56.8000000000 -18.7683433552
56.9000000000 -18.7947686154
57.0000000000 -18.8211977831
57.1000000000 -18.8476313711
57.2000000000 -18.8740698902
57.3000000000 -18.9005138495
57.4000000000 -18.9269637557
57.5000000000 -18.9534201139
57.6000000000 -18.9798834272
57.7000000000 -19.0063541969
57.8000000000 -19.0328329225
57.9000000000 -19.0593201019
58.0000000000 -19.0858162310
58.1000000000 -19.1123218042
58.2000000000 -19.1388373143
58.3000000000 -19.1653632525
58.4000000000 -19.1919001084
58.5000000000 -19.2184483701
58.6000000000 -19.2450085241
58.7000000000 -19.2715810558
58.8000000000 -19.2981664488
58.9000000000 -19.3247651856
59.0000000000 -19.3513777473
59.1000000000 -19.3780046137
59.2000000000 -19.4046462632
59.3000000000 -19.4313031733
59.4000000000 -19.4579758199
59.5000000000 -19.4846646781
59.6000000000 -19.5113702217
59.7000000000 -19.5380929234
59.8000000000 -19.5648332548
59.9000000000 -19.5915916867
60.0000000000 -19.6183686887
60.1000000000 -19.6451647295
60.2000000000 -19.6719802768
60.3000000000 -19.6988157975
60.4000000000 -19.7256717575
60.5000000000 -19.7525486221
60.6000000000 -19.7794468556
60.7000000000 -19.8063669215
60.8000000000 -19.8333092826
60.9000000000 -19.8602744011
61.0000000000 -19.8872627382
61.1000000000 -19.9142747548
61.2000000000 -19.9413109109
61.3000000000 -19.9683716660
61.4000000000 -19.9954574791
61.5000000000 -20.0225688083
61.6000000000 -20.0497061116
61.7000000000 -20.0768698463
61.8000000000 -20.1040604693
61.9000000000 -20.1312784368
62.0000000000 -20.1585242049
62.1000000000 -20.1857982293
62.2000000000 -20.2131009649
62.3000000000 -20.2404328668
62.4000000000 -20.2677943895
62.5000000000 -20.2951859872
62.6000000000 -20.3226081138
62.7000000000 -20.3500612231
62.8000000000 -20.3775457686
62.9000000000 -20.4050622036
63.0000000000 -20.4326109812
63.1000000000 -20.4601925542
63.2000000000 -20.4878073757
63.3000000000 -20.5154558982
63.4000000000 -20.5431385744
63.5000000000 -20.5708558568
63.6000000000 -20.5986081980
63.7000000000 -20.6263960505
63.8000000000 -20.6542198667
63.9000000000 -20.6820800992
64.0000000000 -20.7099772005
64.1000000000 -20.7379116232
64.2000000000 -20.7658838200
64.3000000000 -20.7938942437
64.4000000000 -20.8219433472
64.5000000000 -20.8500315836
64.6000000000 -20.8781594061
64.7000000000 -20.9063272681
64.8000000000 -20.9345356232
64.9000000000 -20.9627849252
65.0000000000 -20.9910756281
65.1000000000 -21.0194081863
65.2000000000 -21.0477830543
65.3000000000 -21.0762006871
65.4000000000 -21.1046615397
65.5000000000 -21.1331660677
65.6000000000 -21.1617147270
65.7000000000 -21.1903079737
65.8000000000 -21.2189462645
65.9000000000 -21.2476300563
66.0000000000 -21.2763598064
66.1000000000 -21.3051359728
66.2000000000 -21.3339590137
66.3000000000 -21.3628293878
66.4000000000 -21.3917475542
66.5000000000 -21.4207139727
66.6000000000 -21.4497291035
66.7000000000 -21.4787934072
66.8000000000 -21.5079073452
66.9000000000 -21.5370713791
67.0000000000 -21.5662859713
67.1000000000 -21.5955515847
67.2000000000 -21.6248686829
67.3000000000 -21.6542377300
67.4000000000 -21.6836591907
67.5000000000 -21.7131335303
67.6000000000 -21.7426612150
67.7000000000 -21.7722427112
67.8000000000 -21.8018784864
67.9000000000 -21.8315690086
68.0000000000 -21.8613147465
68.1000000000 -21.8911161694
68.2000000000 -21.9209737475
68.3000000000 -21.9508879517
68.4000000000 -21.9808592535
68.5000000000 -22.0108881252
68.6000000000 -22.0409750400
68.7000000000 -22.0711204717
68.8000000000 -22.1013248949
68.9000000000 -22.1315887850
69.0000000000 -22.1619126184
69.1000000000 -22.1922968719
69.2000000000 -22.2227420236
69.3000000000 -22.2532485519
69.4000000000 -22.2838169365
69.5000000000 -22.3144476576
69.6000000000 -22.3451411966
69.7000000000 -22.3758980354
69.8000000000 -22.4067186569
69.9000000000 -22.4376035450
70.0000000000 -22.4685531843
70.1000000000 -22.4995680605
70.2000000000 -22.5306486598
70.3000000000 -22.5617954697
70.4000000000 -22.5930089785
70.5000000000 -22.6242896752
70.6000000000 -22.6556380501
70.7000000000 -22.6870545940
70.8000000000 -22.7185397990
70.9000000000 -22.7500941578
71.0000000000 -22.7817181642
71.1000000000 -22.8134123130
71.2000000000 -22.8451770999
71.3000000000 -22.8770130214
71.4000000000 -22.9089205751
71.5000000000 -22.9409002595
71.6000000000 -22.9729525740
71.7000000000 -23.0050780191
71.8000000000 -23.0372770962
71.9000000000 -23.0695503075
72.0000000000 -23.1018981564
72.1000000000 -23.1343211470
72.2000000000 -23.1668197846
72.3000000000 -23.1993945753
72.4000000000 -23.2320460262
72.5000000000 -23.2647746455
72.6000000000 -23.2975809420
72.7000000000 -23.3304654258
72.8000000000 -23.3634286078
72.9000000000 -23.3964710000
73.0000000000 -23.4295931150
73.1000000000 -23.4627954667
73.2000000000 -23.4960785699
73.3000000000 -23.5294429400
73.4000000000 -23.5628890938
73.5000000000 -23.5964175488
73.6000000000 -23.6300288233
73.7000000000 -23.6637234367
73.8000000000 -23.6975019093
73.9000000000 -23.7313647623
74.0000000000 -23.7653125177
74.1000000000 -23.7993456985
74.2000000000 -23.8334648285
74.3000000000 -23.8676704325
74.4000000000 -23.9019630360
74.5000000000 -23.9363431656
74.6000000000 -23.9708113485
74.7000000000 -24.0053681129
74.8000000000 -24.0400139877
74.9000000000 -24.0747495028
75.0000000000 -24.1095751888
75.1000000000 -24.1444915771
75.2000000000 -24.1794991999
75.3000000000 -24.2145985901
75.4000000000 -24.2497902815
75.5000000000 -24.2850748086
75.6000000000 -24.3204527066
75.7000000000 -24.3559245115
75.8000000000 -24.3914907598
75.9000000000 -24.4271519890
76.0000000000 -24.4629087369
76.1000000000 -24.4987615424
76.2000000000 -24.5347109446
76.3000000000 -24.5707574836
76.4000000000 -24.6069016998
76.5000000000 -24.6431441344
76.6000000000 -24.6794853290
76.7000000000 -24.7159258259
76.8000000000 -24.7524661679
76.9000000000 -24.7891068981
77.0000000000 -24.8258485604
77.1000000000 -24.8626916990
77.2000000000 -24.8996368585
77.3000000000 -24.9366845841
77.4000000000 -24.9738354210
77.5000000000 -25.0110899153
77.6000000000 -25.0484486130
77.7000000000 -25.0859120607
77.8000000000 -25.1234808052
77.9000000000 -25.1611553934
78.0000000000 -25.1989363728
78.1000000000 -25.2368242908
78.2000000000 -25.2748196951
78.3000000000 -25.3129231335
78.4000000000 -25.3511351540
78.5000000000 -25.3894563046
78.6000000000 -25.4278871335
78.7000000000 -25.4664281889
78.8000000000 -25.5050800187
78.9000000000 -25.5438431713
79.0000000000 -25.5827181945
79.1000000000 -25.6217056363
79.2000000000 -25.6608060446
79.3000000000 -25.7000199668
79.4000000000 -25.7393479505
79.5000000000 -25.7787905427
79.6000000000 -25.8183482903
79.7000000000 -25.8580217399
79.8000000000 -25.8978114377
79.9000000000 -25.9377179293
80.0000000000 -25.9777417601
80.1000000000 -26.0178834750
80.2000000000 -26.0581436182
80.3000000000 -26.0985227335
80.4000000000 -26.1390213639
80.5000000000 -26.1796400519
80.6000000000 -26.2203793393
80.7000000000 -26.2612397670
80.8000000000 -26.3022218752
80.9000000000 -26.3433262033
81.0000000000 -26.3845532897
81.1000000000 -26.4259036719
81.2000000000 -26.4673778864
81.3000000000 -26.5089764687
81.4000000000 -26.5506999531
81.5000000000 -26.5925488729
81.6000000000 -26.6345237601
81.7000000000 -26.6766251455
81.8000000000 -26.7188535586
81.9000000000 -26.7612095274
82.0000000000 -26.8036935786
82.1000000000 -26.8463062375
82.2000000000 -26.8890480277
82.3000000000 -26.9319194714
82.4000000000 -26.9749210890
82.5000000000 -27.0180533993
82.6000000000 -27.0613169192
82.7000000000 -27.1047121638
82.8000000000 -27.1482396466
82.9000000000 -27.1918998787
83.0000000000 -27.2356933695
83.1000000000 -27.2796206262
83.2000000000 -27.3236821538
83.3000000000 -27.3678784554
83.4000000000 -27.4122100314
83.5000000000 -27.4566773802
83.6000000000 -27.5012809975
83.7000000000 -27.5460213768
83.8000000000 -27.5908990090
83.9000000000 -27.6359143821
84.0000000000 -27.6810679818
84.1000000000 -27.7263602909
84.2000000000 -27.7717917892
84.3000000000 -27.8173629539
84.4000000000 -27.8630742591
84.5000000000 -27.9089261757
84.6000000000 -27.9549191716
84.7000000000 -28.0010537117
84.8000000000 -28.0473302572
84.9000000000 -28.0937492664
85.0000000000 -28.1403111939
85.1000000000 -28.1870164909
85.2000000000 -28.2338656048
85.3000000000 -28.2808589797
85.4000000000 -28.3279970558
85.5000000000 -28.3752802693
85.6000000000 -28.4227090528
85.7000000000 -28.4702838347
85.8000000000 -28.5180050395
85.9000000000 -28.5658730873
86.0000000000 -28.6138883942
86.1000000000 -28.6620513720
86.2000000000 -28.7103624280
86.3000000000 -28.7588219650
86.4000000000 -28.8074303812
86.5000000000 -28.8561880704
86.6000000000 -28.9050954213
86.7000000000 -28.9541528181
86.8000000000 -29.0033606399
86.9000000000 -29.0527192608
87.0000000000 -29.1022290499
87.1000000000 -29.1518903711
87.2000000000 -29.2017035831
87.3000000000 -29.2516690390
87.4000000000 -29.3017870868
87.5000000000 -29.3520580687
87.6000000000 -29.4024823215
87.7000000000 -29.4530601762
87.8000000000 -29.5037919578
87.9000000000 -29.5546779859
88.0000000000 -29.6057185735
88.1000000000 -29.6569140281
88.2000000000 -29.7082646508
88.3000000000 -29.7597707363
88.4000000000 -29.8114325732
88.5000000000 -29.8632504437
88.6000000000 -29.9152246231
88.7000000000 -29.9673553806
88.8000000000 -30.0196429784
88.9000000000 -30.0720876718
89.0000000000 -30.1246897096
89.1000000000 -30.1774493332
89.2000000000 -30.2303667772
89.3000000000 -30.2834422691
89.4000000000 -30.3366760288
89.5000000000 -30.3900682693
89.6000000000 -30.4436191959
89.7000000000 -30.4973290064
89.8000000000 -30.5511978910
89.9000000000 -30.6052260325
90.0000000000 -30.6594136054
90.1000000000 -30.7137607767
90.2000000000 -30.7682677053
90.3000000000 -30.8229345422
90.4000000000 -30.8777614301
90.5000000000 -30.9327485035
90.6000000000 -30.9878958887
90.7000000000 -31.0432037035
90.8000000000 -31.0986720572
90.9000000000 -31.1543010507
91.0000000000 -31.2100907762
91.1000000000 -31.2660413170
91.2000000000 -31.3221527478
91.3000000000 -31.3784251343
91.4000000000 -31.4348585333
91.5000000000 -31.4914529925
91.6000000000 -31.5482085505
91.7000000000 -31.6051252366
91.8000000000 -31.6622030709
91.9000000000 -31.7194420643
92.0000000000 -31.7768422178
92.1000000000 -31.8344035235
92.2000000000 -31.8921259634
92.3000000000 -31.9500095100
92.4000000000 -32.0080541263
92.5000000000 -32.0662597653
92.6000000000 -32.1246263700
92.7000000000 -32.1831538738
92.8000000000 -32.2418421999
92.9000000000 -32.3006912615
93.0000000000 -32.3597009615
93.1000000000 -32.4188711930
93.2000000000 -32.4782018385
93.3000000000 -32.5376927703
93.4000000000 -32.5973438504
93.5000000000 -32.6571549304
93.6000000000 -32.7171258513
93.7000000000 -32.7772564437
93.8000000000 -32.8375465275
93.9000000000 -32.8979959122
94.0000000000 -32.9586043964
94.1000000000 -33.0193717680
94.2000000000 -33.0802978044
94.3000000000 -33.1413822718
94.4000000000 -33.2026249259
94.5000000000 -33.2640255114
94.6000000000 -33.3255837620
94.7000000000 -33.3872994005
94.8000000000 -33.4491721387
94.9000000000 -33.5112016776
95.0000000000 -33.5733877067
95.1000000000 -33.6357299050
95.2000000000 -33.6982279399
95.3000000000 -33.7608814679
95.4000000000 -33.8236901344
95.5000000000 -33.8866535736
95.6000000000 -33.9497714086
95.7000000000 -34.0130432511
95.8000000000 -34.0764687019
95.9000000000 -34.1400473502
96.0000000000 -34.2037787745
96.1000000000 -34.2676625417
96.2000000000 -34.3316982075
96.3000000000 -34.3958853167
96.4000000000 -34.4602234024
96.5000000000 -34.5247119870
96.6000000000 -34.5893505813
96.7000000000 -34.6541386851
96.8000000000 -34.7190757869
96.9000000000 -34.7841613642
97.0000000000 -34.8493948833
97.1000000000 -34.9147757993
97.2000000000 -34.9803035561
97.3000000000 -35.0459775868
97.4000000000 -35.1117973133
97.5000000000 -35.1777621463
97.6000000000 -35.2438714859
97.7000000000 -35.3101247209
97.8000000000 -35.3765212292
97.9000000000 -35.4430603782
98.0000000000 -35.5097415239
98.1000000000 -35.5765640120
98.2000000000 -35.6435271772
98.3000000000 -35.7106303435
98.4000000000 -35.7778728244
98.5000000000 -35.8452539228
98.6000000000 -35.9127729309
98.7000000000 -35.9804291306
98.8000000000 -36.0482217934
98.9000000000 -36.1161501804
99.0000000000 -36.1842135424
99.1000000000 -36.2524111202
99.2000000000 -36.3207421443
99.3000000000 -36.3892058352
99.4000000000 -36.4578014034
99.5000000000 -36.5265280496
99.6000000000 -36.5953849646
99.7000000000 -36.6643713297
99.8000000000 -36.7334863164
99.9000000000 -36.8027290866
100.0000000000 -36.8720987929
100.1000000000 -36.9415945785
100.2000000000 -37.0112155775
100.3000000000 -37.0809609146
100.4000000000 -37.1508297057
100.5000000000 -37.2208210575
100.6000000000 -37.2909340683
100.7000000000 -37.3611678272
100.8000000000 -37.4315214151
100.9000000000 -37.5019939042
101.0000000000 -37.5725843583
101.1000000000 -37.6432918332
101.2000000000 -37.7141153762
101.3000000000 -37.7850540269
101.4000000000 -37.8561068170
101.5000000000 -37.9272727703
101.6000000000 -37.9985509030
101.7000000000 -38.0699402239
101.8000000000 -38.1414397345
101.9000000000 -38.2130484288
102.0000000000 -38.2847652941
102.1000000000 -38.3565893105
102.2000000000 -38.4285194514
102.3000000000 -38.5005546834
102.4000000000 -38.5726939667
102.5000000000 -38.6449362553
102.6000000000 -38.7172804966
102.7000000000 -38.7897256322
102.8000000000 -38.8622705977
102.9000000000 -38.9349143229
103.0000000000 -39.0076557321
103.1000000000 -39.0804937441
103.2000000000 -39.1534272722
103.3000000000 -39.2264552249
103.4000000000 -39.2995765053
103.5000000000 -39.3727900121
103.6000000000 -39.4460946391
103.7000000000 -39.5194892755
103.8000000000 -39.5929728064
103.9000000000 -39.6665441125
104.0000000000 -39.7402020708
104.1000000000 -39.8139455540
104.2000000000 -39.8877734315
104.3000000000 -39.9616845690
104.4000000000 -40.0356778289
104.5000000000 -40.1097520705
104.6000000000 -40.1839061500
104.7000000000 -40.2581389207
104.8000000000 -40.3324492335
104.9000000000 -40.4068359364
105.0000000000 -40.4812978755
105.1000000000 -40.5558338944
105.2000000000 -40.6304428349
105.3000000000 -40.7051235370
105.4000000000 -40.7798748390
105.5000000000 -40.8546955776
105.6000000000 -40.9295845886
105.7000000000 -41.0045407062
105.8000000000 -41.0795627640
105.9000000000 -41.1546495946
106.0000000000 -41.2298000303
106.1000000000 -41.3050129025
106.2000000000 -41.3802870426
106.3000000000 -41.4556212821
106.4000000000 -41.5310144522
106.5000000000 -41.6064653845
106.6000000000 -41.6819729111
106.7000000000 -41.7575358646
106.8000000000 -41.8331530783
106.9000000000 -41.9088233866
107.0000000000 -41.9845456247
107.1000000000 -42.0603186293
107.2000000000 -42.1361412384
107.3000000000 -42.2120122916
107.4000000000 -42.2879306303
107.5000000000 -42.3638950977
107.6000000000 -42.4399045392
107.7000000000 -42.5159578023
107.8000000000 -42.5920537369
107.9000000000 -42.6681911956
108.0000000000 -42.7443690334
108.1000000000 -42.8205861085
108.2000000000 -42.8968412819
108.3000000000 -42.9731334178
108.4000000000 -43.0494613838
108.5000000000 -43.1258240508
108.6000000000 -43.2022202934
108.7000000000 -43.2786489901
108.8000000000 -43.3551090231
108.9000000000 -43.4315992787
109.0000000000 -43.5081186474
109.1000000000 -43.5846660242
109.2000000000 -43.6612403084
109.3000000000 -43.7378404038
109.4000000000 -43.8144652192
109.5000000000 -43.8911136682
109.6000000000 -43.9677846694
109.7000000000 -44.0444771464
109.8000000000 -44.1211900283
109.9000000000 -44.1979222496
110.0000000000 -44.2746727500
110.1000000000 -44.3514404753
110.2000000000 -44.4282243767
110.3000000000 -44.5050234115
110.4000000000 -44.5818365430
110.5000000000 -44.6586627404
110.6000000000 -44.7355009794
110.7000000000 -44.8123502419
110.8000000000 -44.8892095162
110.9000000000 -44.9660777974
111.0000000000 -45.0429540870
111.1000000000 -45.1198373934
111.2000000000 -45.1967267318
111.3000000000 -45.2736211244
111.4000000000 -45.3505196004
111.5000000000 -45.4274211963
111.6000000000 -45.5043249557
111.7000000000 -45.5812299296
111.8000000000 -45.6581351763
111.9000000000 -45.7350397618
112.0000000000 -45.8119427595
112.1000000000 -45.8888432506
112.2000000000 -45.9657403241
112.3000000000 -46.0426330765
112.4000000000 -46.1195206125
112.5000000000 -46.1964020448
112.6000000000 -46.2732764938
112.7000000000 -46.3501430883
112.8000000000 -46.4270009652
112.9000000000 -46.5038492695
113.0000000000 -46.5806871547
113.1000000000 -46.6575137824
113.2000000000 -46.7343283228
113.3000000000 -46.8111299544
113.4000000000 -46.8879178643
113.5000000000 -46.9646912482
113.6000000000 -47.0414493101
113.7000000000 -47.1181912631
113.8000000000 -47.1949163285
113.9000000000 -47.2716237367
114.0000000000 -47.3483127267
114.1000000000 -47.4249825462
114.2000000000 -47.5016324520
114.3000000000 -47.5782617094
114.4000000000 -47.6548695928
114.5000000000 -47.7314553855
114.6000000000 -47.8080183796
114.7000000000 -47.8845578764
114.8000000000 -47.9610731860
114.9000000000 -48.0375636274
115.0000000000 -48.1140285288
115.1000000000 -48.1904672272
115.2000000000 -48.2668790690
115.3000000000 -48.3432634092
115.4000000000 -48.4196196122
115.5000000000 -48.4959470511
115.6000000000 -48.5722451084
115.7000000000 -48.6485131754
115.8000000000 -48.7247506525
115.9000000000 -48.8009569494
116.0000000000 -48.8771314844
116.1000000000 -48.9532736852
116.2000000000 -49.0293829884
116.3000000000 -49.1054588395
116.4000000000 -49.1815006931
116.5000000000 -49.2575080128
116.6000000000 -49.3334802712
116.7000000000 -49.4094169498
116.8000000000 -49.4853175389
116.9000000000 -49.5611815380
117.0000000000 -49.6370084552
117.1000000000 -49.7127978075
117.2000000000 -49.7885491210
117.3000000000 -49.8642619301
117.4000000000 -49.9399357785
117.5000000000 -50.0155702182
117.6000000000 -50.0911648102
117.7000000000 -50.1667191239
117.8000000000 -50.2422327376
117.9000000000 -50.3177052379
118.0000000000 -50.3931362201
118.1000000000 -50.4685252881
118.2000000000 -50.5438720540
118.3000000000 -50.6191761384
118.4000000000 -50.6944371704
118.5000000000 -50.7696547873
118.6000000000 -50.8448286346
118.7000000000 -50.9199583660
118.8000000000 -50.9950436435
118.9000000000 -51.0700841371
119.0000000000 -51.1450795249
119.1000000000 -51.2200294929
119.2000000000 -51.2949337350
119.3000000000 -51.3697919531
119.4000000000 -51.4446038569
119.5000000000 -51.5193691636
119.6000000000 -51.5940875983
119.7000000000 -51.6687588937
119.8000000000 -51.7433827900
119.9000000000 -51.8179590348
120.0000000000 -51.8924873832
120.1000000000 -51.9669675977
120.2000000000 -52.0413994478
120.3000000000 -52.1157827104
120.4000000000 -52.1901171695
120.5000000000 -52.2644026161
120.6000000000 -52.3386388481
120.7000000000 -52.4128256705
120.8000000000 -52.4869628948
120.9000000000 -52.5610503396
121.0000000000 -52.6350878297
121.1000000000 -52.7090751969
121.2000000000 -52.7830122791
121.3000000000 -52.8568989210
121.4000000000 -52.9307349733
121.5000000000 -53.0045202929
121.6000000000 -53.0782547433
121.7000000000 -53.1519381934
121.8000000000 -53.2255705187
121.9000000000 -53.2991516001
122.0000000000 -53.3726813245
122.1000000000 -53.4461595846
122.2000000000 -53.5195862785
122.3000000000 -53.5929613100
122.4000000000 -53.6662845881
122.5000000000 -53.7395560274
122.6000000000 -53.8127755475
122.7000000000 -53.8859430734
122.8000000000 -53.9590585349
122.9000000000 -54.0321218668
123.0000000000 -54.1051330089
123.1000000000 -54.1780919057
123.2000000000 -54.2509985063
123.3000000000 -54.3238527643
123.4000000000 -54.3966546379
123.5000000000 -54.4694040896
123.6000000000 -54.5421010862
123.7000000000 -54.6147455986
123.8000000000 -54.6873376019
123.9000000000 -54.7598770749
124.0000000000 -54.8323640004
124.1000000000 -54.9047983650
124.2000000000 -54.9771801589
124.3000000000 -55.0495093758
124.4000000000 -55.1217860130
124.5000000000 -55.1940100708
124.6000000000 -55.2661815531
124.7000000000 -55.3383004668
124.8000000000 -55.4103668217
124.9000000000 -55.4823806306
125.0000000000 -55.5543419091
125.1000000000 -55.6262506755
125.2000000000 -55.6981069508
125.3000000000 -55.7699107582
125.4000000000 -55.8416621236
125.5000000000 -55.9133610750
125.6000000000 -55.9850076425
125.7000000000 -56.0566018585
125.8000000000 -56.1281437570
125.9000000000 -56.1996333741
126.0000000000 -56.2710707475
126.1000000000 -56.3424559167
126.2000000000 -56.4137889224
126.3000000000 -56.4850698070
126.4000000000 -56.5562986140
126.5000000000 -56.6274753881
126.6000000000 -56.6986001752
126.7000000000 -56.7696730221
126.8000000000 -56.8406939763
126.9000000000 -56.9116630862
127.0000000000 -56.9825804009
127.1000000000 -57.0534459698
127.2000000000 -57.1242598430
127.3000000000 -57.1950220706
127.4000000000 -57.2657327032
127.5000000000 -57.3363917912
127.6000000000 -57.4069993852
127.7000000000 -57.4775555355
127.8000000000 -57.5480602924
127.9000000000 -57.6185137055
128.0000000000 -57.6889158243
128.1000000000 -57.7592666975
128.2000000000 -57.8295663733
128.3000000000 -57.8998148990
128.4000000000 -57.9700123209
128.5000000000 -58.0401586847
128.6000000000 -58.1102540346
128.7000000000 -58.1802984138
128.8000000000 -58.2502918641
128.9000000000 -58.3202344259
129.0000000000 -58.3901261383
129.1000000000 -58.4599670383
129.2000000000 -58.5297571617
129.3000000000 -58.5994965421
129.4000000000 -58.6691852112
129.5000000000 -58.7388231989
129.6000000000 -58.8084105326
129.7000000000 -58.8779472379
129.8000000000 -58.9474333376
129.9000000000 -59.0168688524
130.0000000000 -59.0862538002
130.1000000000 -59.1555881964
130.2000000000 -59.2248720537
130.3000000000 -59.2941053818
130.4000000000 -59.3632881877
130.5000000000 -59.4324204751
130.6000000000 -59.5015022447
130.7000000000 -59.5705334939
130.8000000000 -59.6395142171
130.9000000000 -59.7084444048
131.0000000000 -59.7773240443
131.1000000000 -59.8461531192
131.2000000000 -59.9149316096
131.3000000000 -59.9836594915
131.4000000000 -60.0523367374
131.5000000000 -60.1209633155
131.6000000000 -60.1895391902
131.7000000000 -60.2580643217
131.8000000000 -60.3265386660
131.9000000000 -60.3949621748
132.0000000000 -60.4633347954
132.1000000000 -60.5316564706
132.2000000000 -60.5999271389
132.3000000000 -60.6681467339
132.4000000000 -60.7363151847
132.5000000000 -60.8044324155
132.6000000000 -60.8724983458
132.7000000000 -60.9405128899
132.8000000000 -61.0084759575
132.9000000000 -61.0763874529
133.0000000000 -61.1442472754
133.1000000000 -61.2120553192
133.2000000000 -61.2798114731
133.3000000000 -61.3475156205
133.4000000000 -61.4151676395
133.5000000000 -61.4827674028
133.6000000000 -61.5503147774
133.7000000000 -61.6178096248
133.8000000000 -61.6852518010
133.9000000000 -61.7526411560
134.0000000000 -61.8199775342
134.1000000000 -61.8872607742
134.2000000000 -61.9544907088
134.3000000000 -62.0216671647
134.4000000000 -62.0887899627
134.5000000000 -62.1558589177
134.6000000000 -62.2228738384
134.7000000000 -62.2898345274
134.8000000000 -62.3567407812
134.9000000000 -62.4235923902
135.0000000000 -62.4903891384
135.1000000000 -62.5571308037
135.2000000000 -62.6238171574
135.3000000000 -62.6904479649
135.4000000000 -62.7570229849
135.5000000000 -62.8235419698
135.6000000000 -62.8900046656
135.7000000000 -62.9564108119
135.8000000000 -63.0227601416
135.9000000000 -63.0890523814
136.0000000000 -63.1552872513
136.1000000000 -63.2214644647
136.2000000000 -63.2875837287
136.3000000000 -63.3536447435
136.4000000000 -63.4196472029
136.5000000000 -63.4855907942
136.6000000000 -63.5514751980
136.7000000000 -63.6173000881
136.8000000000 -63.6830651319
136.9000000000 -63.7487699903
137.0000000000 -63.8144143172
137.1000000000 -63.8799977602
137.2000000000 -63.9455199602
137.3000000000 -64.0109805514
137.4000000000 -64.0763791615
137.5000000000 -64.1417154116
137.6000000000 -64.2069889160
137.7000000000 -64.2721992829
137.8000000000 -64.3373461135
137.9000000000 -64.4024290026
138.0000000000 -64.4674475385
138.1000000000 -64.5324013030
138.2000000000 -64.5972898715
138.3000000000 -64.6621128129
138.4000000000 -64.7268696895
138.5000000000 -64.7915600576
138.6000000000 -64.8561834667
138.7000000000 -64.9207394603
138.8000000000 -64.9852275755
138.9000000000 -65.0496473431
139.0000000000 -65.1139982878
139.1000000000 -65.1782799281
139.2000000000 -65.2424917762
139.3000000000 -65.3066333384
139.4000000000 -65.3707041151
139.5000000000 -65.4347036004
139.6000000000 -65.4986312826
139.7000000000 -65.5624866443
139.8000000000 -65.6262691621
139.9000000000 -65.6899783068
140.0000000000 -65.7536135435
140.1000000000 -65.8171743319
140.2000000000 -65.8806601259
140.3000000000 -65.9440703740
140.4000000000 -66.0074045190
140.5000000000 -66.0706619987
140.6000000000 -66.1338422454
140.7000000000 -66.1969446862
140.8000000000 -66.2599687430
140.9000000000 -66.3229138327
141.0000000000 -66.3857793671
141.1000000000 -66.4485647531
141.2000000000 -66.5112693929
141.3000000000 -66.5738926838
141.4000000000 -66.6364340185
141.5000000000 -66.6988927849
141.6000000000 -66.7612683668
141.7000000000 -66.8235601432
141.8000000000 -66.8857674890
141.9000000000 -66.9478897748
142.0000000000 -67.0099263671
142.1000000000 -67.0718766284
142.2000000000 -67.1337399172
142.3000000000 -67.1955155881
142.4000000000 -67.2572029920
142.5000000000 -67.3188014762
142.6000000000 -67.3803103846
142.7000000000 -67.4417290572
142.8000000000 -67.5030568312
142.9000000000 -67.5642930403
143.0000000000 -67.6254370151
143.1000000000 -67.6864880832
143.2000000000 -67.7474455693
143.3000000000 -67.8083087952
143.4000000000 -67.8690770804
143.5000000000 -67.9297497413
143.6000000000 -67.9903260922
143.7000000000 -68.0508054449
143.8000000000 -68.1111871091
143.9000000000 -68.1714703923
144.0000000000 -68.2316545999
144.1000000000 -68.2917390357
144.2000000000 -68.3517230014
144.3000000000 -68.4116057973
144.4000000000 -68.4713867221
144.5000000000 -68.5310650730
144.6000000000 -68.5906401461
144.7000000000 -68.6501112361
144.8000000000 -68.7094776369
144.9000000000 -68.7687386413
145.0000000000 -68.8278935414
145.1000000000 -68.8869416285
145.2000000000 -68.9458821934
145.3000000000 -69.0047145265
145.4000000000 -69.0634379178
145.5000000000 -69.1220516572
145.6000000000 -69.1805550346
145.7000000000 -69.2389473397
145.8000000000 -69.2972278626
145.9000000000 -69.3553958935
146.0000000000 -69.4134507233
146.1000000000 -69.4713916433
146.2000000000 -69.5292179453
146.3000000000 -69.5869289222
146.4000000000 -69.6445238675
146.5000000000 -69.7020020761
146.6000000000 -69.7593628438
146.7000000000 -69.8166054676
146.8000000000 -69.8737292462
146.9000000000 -69.9307334796
147.0000000000 -69.9876174695
147.1000000000 -70.0443805194
147.2000000000 -70.1010219346
147.3000000000 -70.1575410225
147.4000000000 -70.2139370925
147.5000000000 -70.2702094564
147.6000000000 -70.3263574281
147.7000000000 -70.3823803243
147.8000000000 -70.4382774640
147.9000000000 -70.4940481690
148.0000000000 -70.5496917641
148.1000000000 -70.6052075766
148.2000000000 -70.6605949373
148.3000000000 -70.7158531799
148.4000000000 -70.7709816414
148.5000000000 -70.8259796621
148.6000000000 -70.8808465861
148.7000000000 -70.9355817606
148.8000000000 -70.9901845369
148.9000000000 -71.0446542699
149.0000000000 -71.0989903186
149.1000000000 -71.1531920457
149.2000000000 -71.2072588183
149.3000000000 -71.2611900075
149.4000000000 -71.3149849890
149.5000000000 -71.3686431425
149.6000000000 -71.4221638526
149.7000000000 -71.4755465083
149.8000000000 -71.5287905034
149.9000000000 -71.5818952363
150.0000000000 -71.6348601106
150.1000000000 -71.6876845346
150.2000000000 -71.7403679218
150.3000000000 -71.7929096909
150.4000000000 -71.8453092657
150.5000000000 -71.8975660755
150.6000000000 -71.9496795548
150.7000000000 -72.0016491437
150.8000000000 -72.0534742881
150.9000000000 -72.1051544392
151.0000000000 -72.1566890540
151.1000000000 -72.2080775956
151.2000000000 -72.2593195326
151.3000000000 -72.3104143398
151.4000000000 -72.3613614980
151.5000000000 -72.4121604940
151.6000000000 -72.4628108209
151.7000000000 -72.5133119779
151.8000000000 -72.5636634707
151.9000000000 -72.6138648111
152.0000000000 -72.6639155176
152.1000000000 -72.7138151150
152.2000000000 -72.7635631346
152.3000000000 -72.8131591146
152.4000000000 -72.8626025996
152.5000000000 -72.9118931410
152.6000000000 -72.9610302969
152.7000000000 -73.0100136323
152.8000000000 -73.0588427191
152.9000000000 -73.1075171360
153.0000000000 -73.1560364688
153.1000000000 -73.2044003102
153.2000000000 -73.2526082599
153.3000000000 -73.3006599249
153.4000000000 -73.3485549191
153.5000000000 -73.3962928636
153.6000000000 -73.4438733870
153.7000000000 -73.4912961247
153.8000000000 -73.5385607197
153.9000000000 -73.5856668220
154.0000000000 -73.6326140894
154.1000000000 -73.6794021865
154.2000000000 -73.7260307856
154.3000000000 -73.7724995665
154.4000000000 -73.8188082161
154.5000000000 -73.8649564291
154.6000000000 -73.9109439075
154.7000000000 -73.9567703608
154.8000000000 -74.0024355059
154.9000000000 -74.0479390676
155.0000000000 -74.0932807778
155.1000000000 -74.1384603762
155.2000000000 -74.1834776099
155.3000000000 -74.2283322339
155.4000000000 -74.2730240104
155.5000000000 -74.3175527093
155.6000000000 -74.3619181082
155.7000000000 -74.4061199922
155.8000000000 -74.4501581540
155.9000000000 -74.4940323939
156.0000000000 -74.5377425198
156.1000000000 -74.5812883471
156.2000000000 -74.6246696991
156.3000000000 -74.6678864063
156.4000000000 -74.7109383069
156.5000000000 -74.7538252468
156.6000000000 -74.7965470793
156.7000000000 -74.8391036654
156.8000000000 -74.8814948733
156.9000000000 -74.9237205792
157.0000000000 -74.9657806665
157.1000000000 -75.0076750262
157.2000000000 -75.0494035566
157.3000000000 -75.0909661636
157.4000000000 -75.1323627607
157.5000000000 -75.1735932686
157.6000000000 -75.2146576153
157.7000000000 -75.2555557364
157.8000000000 -75.2962875748
157.9000000000 -75.3368530806
158.0000000000 -75.3772522114
158.1000000000 -75.4174849318
158.2000000000 -75.4575512139
158.3000000000 -75.4974510368
158.4000000000 -75.5371843870
158.5000000000 -75.5767512580
158.6000000000 -75.6161516504
158.7000000000 -75.6553855720
158.8000000000 -75.6944530376
158.9000000000 -75.7333540689
159.0000000000 -75.7720886947
159.1000000000 -75.8106569508
159.2000000000 -75.8490588798
159.3000000000 -75.8872945311
159.4000000000 -75.9253639612
159.5000000000 -75.9632672330
159.6000000000 -76.0010044164
159.7000000000 -76.0385755880
159.8000000000 -76.0759808311
159.9000000000 -76.1132202353
160.0000000000 -76.1502938971
160.1000000000 -76.1872019195
160.2000000000 -76.2239444117
160.3000000000 -76.2605214898
160.4000000000 -76.2969332758
160.5000000000 -76.3331798985
160.6000000000 -76.3692614925
160.7000000000 -76.4051781990
160.8000000000 -76.4409301649
160.9000000000 -76.4765175433
161.0000000000 -76.5119404921
161.1000000000 -76.5471991740
161.2000000000 -76.5822937540
161.3000000000 -76.6172243980
161.4000000000 -76.6519912681
161.5000000000 -76.6865945177
161.6000000000 -76.7210342839
161.7000000000 -76.7553106773
161.8000000000 -76.7894237697
161.9000000000 -76.8233735781
162.0000000000 -76.8571600458
162.1000000000 -76.8907830210
162.2000000000 -76.9242422311
162.3000000000 -76.9575372557
162.4000000000 -76.9906674958
162.5000000000 -77.0236321417
162.6000000000 -77.0564301385
162.7000000000 -77.0890601499
162.8000000000 -77.1215205207
162.9000000000 -77.1538092372
163.0000000000 -77.1859238857
163.1000000000 -77.2178616087
163.2000000000 -77.2496190571
163.3000000000 -77.2811923376
163.4000000000 -77.3125769537
163.5000000000 -77.3437677379
163.6000000000 -77.3747587722
163.7000000000 -77.4055432942
163.8000000000 -77.4361135846
163.9000000000 -77.4664608322
164.0000000000 -77.4965749700
164.1000000000 -77.5264444788
164.2000000000 -77.5560561489
164.3000000000 -77.5853947946
164.4000000000 -77.6144429104
164.5000000000 -77.6431802615
164.6000000000 -77.6715833938
164.7000000000 -77.6996250530
164.8000000000 -77.7272734951
164.9000000000 -77.7544916705
165.0000000000 -77.7812362622
165.1000000000 -77.8074565507
165.2000000000 -77.8330930785
165.3000000000 -77.8580760799
165.4000000000 -77.8823236357
165.5000000000 -77.9057395055
165.6000000000 -77.9282105833
165.7000000000 -77.9496039110
165.8000000000 -77.9697631726
165.9000000000 -77.9885045806
166.0000000000 -78.0056120477
166.1000000000 -78.0208315205
166.2000000000 -78.0338643277
166.3000000000 -78.0443593732
166.4000000000 -78.0519039708
166.5000000000 -78.0560130833
166.6000000000 -78.0561166895
166.7000000000 -78.0515449506
166.8000000000 -78.0415107917
166.9000000000 -78.0250894498
167.0000000000 -78.0011944580
167.1000000000 -77.9685494442
167.2000000000 -77.9256550195
167.3000000000 -77.8707498981
167.4000000000 -77.8017652512
167.5000000000 -77.7162711196
167.6000000000 -77.6114135107
167.7000000000 -77.4838405715
167.8000000000 -77.3296159537
167.9000000000 -77.1441171681
168.0000000000 -76.9219163540
168.1000000000 -76.6566404556
168.2000000000 -76.3408072910
168.3000000000 -75.9656334108
168.4000000000 -75.5208089501
168.5000000000 -74.9942338551
168.6000000000 -74.3717088809
168.7000000000 -73.6365735318
168.8000000000 -72.7692815421
168.9000000000 -71.7469023440
169.0000000000 -70.5425338107
169.1000000000 -69.1246065509
169.2000000000 -67.4560514733
169.3000000000 -65.4932868655
169.4000000000 -63.1849520818
169.5000000000 -60.4702588209
169.6000000000 -57.2767226143
169.7000000000 -53.5168319014
169.8000000000 -49.0828435484
169.9000000000 -43.8383029858
170.0000000000 -37.6041406837
170.1000000000 -30.1366957609
170.2000000000 -21.0958901976
170.3000000000 -10.0134489307
170.4000000000 3.6187534907
170.5000000000 19.3981913392
170.6000000000 33.1549392966
170.7000000000 39.3143793445
170.8000000000 39.6691776660
170.9000000000 38.8796935323
171.0000000000 38.4378294689
171.1000000000 38.2723087261
171.2000000000 38.2295847759
171.3000000000 38.2295556326
171.4000000000 38.2350123413
171.5000000000 38.2295164908
171.6000000000 38.2064226351
171.7000000000 38.1636103798
171.8000000000 38.1009625890
171.9000000000 38.0191666199
172.0000000000 37.9191573904
172.1000000000 37.8018722823
172.2000000000 37.6681562338
172.3000000000 37.5187373199
172.4000000000 37.3542335257
172.5000000000 37.1751715272
172.6000000000 36.9820083476
172.7000000000 36.7751517789
172.8000000000 36.5549779367
172.9000000000 36.3218455158
173.0000000000 36.0761068643
173.1000000000 35.8181162197
173.2000000000 35.5482355235
173.3000000000 35.2668382255
173.4000000000 34.9743114555
173.5000000000 34.6710568949
173.6000000000 34.3574906341
173.7000000000 34.0340422588
173.8000000000 33.7011533684
173.9000000000 33.3592756968
174.0000000000 33.0088689759
174.1000000000 32.6503986561
174.2000000000 32.2843335759
174.3000000000 31.9111436548
174.4000000000 31.5312976666
174.5000000000 31.1452611343
174.6000000000 30.7534943816
174.7000000000 30.3564507580
174.8000000000 29.9545750543
174.9000000000 29.5483021124
175.0000000000 29.1380556301
175.1000000000 28.7242471592
175.2000000000 28.3072752860
175.3000000000 27.8875249886
175.4000000000 27.4653671551
175.5000000000 27.0411582536
175.6000000000 26.6152401374
175.7000000000 26.1879399727
175.8000000000 25.7595702760
175.9000000000 25.3304290449
176.0000000000 24.9007999715
176.1000000000 24.4709527258
176.2000000000 24.0411432963
176.3000000000 23.6116143781
176.4000000000 23.1825957985
176.5000000000 22.7543049711
176.6000000000 22.3269473703
176.7000000000 21.9007170192
176.8000000000 21.4757969847
176.9000000000 21.0523598743
177.0000000000 20.6305683294
177.1000000000 20.2105755126
177.2000000000 19.7925255828
177.3000000000 19.3765541590
177.4000000000 18.9627887674
177.5000000000 18.5513492715
177.6000000000 18.1423482839
177.7000000000 17.7358915580
177.8000000000 17.3320783606
177.9000000000 16.9310018225
178.0000000000 16.5327492697
178.1000000000 16.1374025339
178.2000000000 15.7450382423
178.3000000000 15.3557280883
178.4000000000 14.9695390832
178.5000000000 14.5865337892
178.6000000000 14.2067705352
178.7000000000 13.8303036156
178.8000000000 13.4571834734
178.9000000000 13.0874568694
179.0000000000 12.7211670360
179.1000000000 12.3583538195
179.2000000000 11.9990538098
179.3000000000 11.6433004600
179.4000000000 11.2911241951
179.5000000000 10.9425525126
179.6000000000 10.5976100750
179.7000000000 10.2563187944
179.8000000000 9.9186979117
179.9000000000 9.5847640700
180.0000000000 9.2545313829
180.1000000000 8.9280114996
180.2000000000 8.6052136658
180.3000000000 8.2861447823
180.4000000000 7.9708094615
180.5000000000 7.6592100824
180.6000000000 7.3513468437
180.7000000000 7.0472178171
180.8000000000 6.7468189996
180.9000000000 6.4501443661
181.0000000000 6.1571859217
181.1000000000 5.8679337554
181.2000000000 5.5823760932
181.3000000000 5.3004993530
181.4000000000 5.0222881999
181.5000000000 4.7477256024
181.6000000000 4.4767928898
181.7000000000 4.2094698105
181.8000000000 3.9457345908
181.9000000000 3.6855639957
182.0000000000 3.4289333891
182.1000000000 3.1758167959
182.2000000000 2.9261869639
182.3000000000 2.6800154270
182.4000000000 2.4372725676
182.5000000000 2.1979276806
182.6000000000 1.9619490362
182.7000000000 1.7293039436
182.8000000000 1.4999588136
182.9000000000 1.2738792215
183.0000000000 1.0510299690
183.1000000000 0.8313751456
183.2000000000 0.6148781893
183.3000000000 0.4015019458
183.4000000000 0.1912087272
183.5000000000 -0.0160396309
183.6000000000 -0.2202817135
183.7000000000 -0.4215564717
183.8000000000 -0.6199031699
183.9000000000 -0.8153613340
184.0000000000 -1.0079707027
184.1000000000 -1.1977711784
184.2000000000 -1.3848027821
184.3000000000 -1.5691056082
184.4000000000 -1.7507197827
184.5000000000 -1.9296854224
184.6000000000 -2.1060425957
184.7000000000 -2.2798312866
184.8000000000 -2.4510913591
184.9000000000 -2.6198625243
185.0000000000 -2.7861843092
185.1000000000 -2.9500960274
185.2000000000 -3.1116367514
185.3000000000 -3.2708452867
185.4000000000 -3.4277601479
185.5000000000 -3.5824195360
185.6000000000 -3.7348613181
185.7000000000 -3.8851230077
185.8000000000 -4.0332417474
185.9000000000 -4.1792542929
186.0000000000 -4.3231969978
186.1000000000 -4.4651058007
186.2000000000 -4.6050162133
186.3000000000 -4.7429633093
186.4000000000 -4.8789817151
186.5000000000 -5.0131056015
186.6000000000 -5.1453686765
186.7000000000 -5.2758041790
186.8000000000 -5.4044448736
186.9000000000 -5.5313230465
187.0000000000 -5.6564705019
187.1000000000 -5.7799185597
187.2000000000 -5.9016980534
187.3000000000 -6.0218393297
187.4000000000 -6.1403722474
187.5000000000 -6.2573261786
187.6000000000 -6.3727300087
187.7000000000 -6.4866121388
187.8000000000 -6.5990004868
187.9000000000 -6.7099224908
188.0000000000 -6.8194051113
188.1000000000 -6.9274748351
188.2000000000 -7.0341576784
188.3000000000 -7.1394791917
188.4000000000 -7.2434644633
188.5000000000 -7.3461381245
188.6000000000 -7.4475243546
188.7000000000 -7.5476468857
188.8000000000 -7.6465290080
188.9000000000 -7.7441935760
189.0000000000 -7.8406630135
189.1000000000 -7.9359593196
189.2000000000 -8.0301040752
189.3000000000 -8.1231184483
189.4000000000 -8.2150232007
189.5000000000 -8.3058386942
189.6000000000 -8.3955848966
189.7000000000 -8.4842813882
189.8000000000 -8.5719473686
189.9000000000 -8.6586016623
190.0000000000 -8.7442627258
190.1000000000 -8.8289486535
190.2000000000 -8.9126771846
190.3000000000 -8.9954657091
190.4000000000 -9.0773312743
190.5000000000 -9.1582905909
190.6000000000 -9.2383600399
190.7000000000 -9.3175556780
190.8000000000 -9.3958932444
190.9000000000 -9.4733881667
191.0000000000 -9.5500555668
191.1000000000 -9.6259102674
191.2000000000 -9.7009667972
191.3000000000 -9.7752393975
191.4000000000 -9.8487420274
191.5000000000 -9.9214883698
191.6000000000 -9.9934918370
191.7000000000 -10.0647655759
191.8000000000 -10.1353224741
191.9000000000 -10.2051751645
192.0000000000 -10.2743360312
192.1000000000 -10.3428172144
192.2000000000 -10.4106306154
192.3000000000 -10.4777879018
192.4000000000 -10.5443005123
192.5000000000 -10.6101796618
192.6000000000 -10.6754363456
192.7000000000 -10.7400813444
192.8000000000 -10.8041252291
192.9000000000 -10.8675783645
193.0000000000 -10.9304509145
193.1000000000 -10.9927528460
193.2000000000 -11.0544939329
193.3000000000 -11.1156837607
193.4000000000 -11.1763317300
193.5000000000 -11.2364470611
193.6000000000 -11.2960387970
193.7000000000 -11.3551158080
193.8000000000 -11.4136867949
193.9000000000 -11.4717602928
194.0000000000 -11.5293446745
194.1000000000 -11.5864481540
194.2000000000 -11.6430787902
194.3000000000 -11.6992444895
194.4000000000 -11.7549530099
194.5000000000 -11.8102119633
194.6000000000 -11.8650288193
194.7000000000 -11.9194109078
194.8000000000 -11.9733654221
194.9000000000 -12.0268994217
195.0000000000 -12.0800198352
195.1000000000 -12.1327334629
195.2000000000 -12.1850469799
195.3000000000 -12.2369669382
195.4000000000 -12.2884997697
195.5000000000 -12.3396517882
195.6000000000 -12.3904291925
195.7000000000 -12.4408380684
195.8000000000 -12.4908843911
195.9000000000 -12.5405740275
196.0000000000 -12.5899127385
196.1000000000 -12.6389061811
196.2000000000 -12.6875599107
196.3000000000 -12.7358793830
196.4000000000 -12.7838699562
196.5000000000 -12.8315368928
196.6000000000 -12.8788853619
196.7000000000 -12.9259204407
196.8000000000 -12.9726471168
196.9000000000 -13.0190702895
197.0000000000 -13.0651947722
197.1000000000 -13.1110252938
197.2000000000 -13.1565665002
197.3000000000 -13.2018229567
197.4000000000 -13.2467991487
197.5000000000 -13.2914994842
197.6000000000 -13.3359282946
197.7000000000 -13.3800898368
197.8000000000 -13.4239882945
197.9000000000 -13.4676277795
198.0000000000 -13.5110123335
198.1000000000 -13.5541459293
198.2000000000 -13.5970324720
198.3000000000 -13.6396758007
198.4000000000 -13.6820796897
198.5000000000 -13.7242478496
198.6000000000 -13.7661839290
198.7000000000 -13.8078915153
198.8000000000 -13.8493741360
198.9000000000 -13.8906352602
199.0000000000 -13.9316782993
199.1000000000 -13.9725066087
199.2000000000 -14.0131234884
199.3000000000 -14.0535321844
199.4000000000 -14.0937358896
199.5000000000 -14.1337377449
199.6000000000 -14.1735408404
199.7000000000 -14.2131482162
199.8000000000 -14.2525628634
199.9000000000 -14.2917877254
200.0000000000 -14.3308256981
200.1000000000 -14.3696796318
200.2000000000 -14.4083523314
200.3000000000 -14.4468465573
200.4000000000 -14.4851650269
200.5000000000 -14.5233104147
200.6000000000 -14.5612853538
200.7000000000 -14.5990924361
200.8000000000 -14.6367342135
200.9000000000 -14.6742131987
201.0000000000 -14.7115318658
201.1000000000 -14.7486926511
201.2000000000 -14.7856979539
201.3000000000 -14.8225501373
201.4000000000 -14.8592515285
201.5000000000 -14.8958044203
201.6000000000 -14.9322110708
201.7000000000 -14.9684737049
201.8000000000 -15.0045945143
201.9000000000 -15.0405756589
202.0000000000 -15.0764192667
202.1000000000 -15.1121274347
202.2000000000 -15.1477022295
202.3000000000 -15.1831456882
202.4000000000 -15.2184598182
202.5000000000 -15.2536465988
202.6000000000 -15.2887079807
202.7000000000 -15.3236458874
202.8000000000 -15.3584622154
202.9000000000 -15.3931588344
203.0000000000 -15.4277375884
203.1000000000 -15.4622002960
203.2000000000 -15.4965487505
203.3000000000 -15.5307847210
203.4000000000 -15.5649099524
203.5000000000 -15.5989261662
203.6000000000 -15.6328350607
203.7000000000 -15.6666383115
203.8000000000 -15.7003375719
203.9000000000 -15.7339344738
204.0000000000 -15.7674306272
204.1000000000 -15.8008276214
204.2000000000 -15.8341270251
204.3000000000 -15.8673303868
204.4000000000 -15.9004392351
204.5000000000 -15.9334550794
204.6000000000 -15.9663794099
204.7000000000 -15.9992136981
204.8000000000 -16.0319593971
204.9000000000 -16.0646179422
205.0000000000 -16.0971907508
205.1000000000 -16.1296792233
205.2000000000 -16.1620847427
205.3000000000 -16.1944086758
205.4000000000 -16.2266523725
205.5000000000 -16.2588171671
205.6000000000 -16.2909043780
205.7000000000 -16.3229153079
205.8000000000 -16.3548512447
205.9000000000 -16.3867134611
206.0000000000 -16.4185032154
206.1000000000 -16.4502217515
206.2000000000 -16.4818702991
206.3000000000 -16.5134500743
206.4000000000 -16.5449622793
206.5000000000 -16.5764081035
206.6000000000 -16.6077887226
206.7000000000 -16.6391053001
206.8000000000 -16.6703589865
206.9000000000 -16.7015509199
207.0000000000 -16.7326822267
207.1000000000 -16.7637540209
207.2000000000 -16.7947674051
207.3000000000 -16.8257234703
207.4000000000 -16.8566232962
207.5000000000 -16.8874679516
207.6000000000 -16.9182584943
207.7000000000 -16.9489959714
207.8000000000 -16.9796814196
207.9000000000 -17.0103158653
208.0000000000 -17.0409003249
208.1000000000 -17.0714358046
208.2000000000 -17.1019233012
208.3000000000 -17.1323638016
208.4000000000 -17.1627582837
208.5000000000 -17.1931077159
208.6000000000 -17.2234130576
208.7000000000 -17.2536752593
208.8000000000 -17.2838952628
208.9000000000 -17.3140740013
209.0000000000 -17.3442123998
209.1000000000 -17.3743113746
209.2000000000 -17.4043718342
209.3000000000 -17.4343946791
209.4000000000 -17.4643808018
209.5000000000 -17.4943310873
209.6000000000 -17.5242464129
209.7000000000 -17.5541276487
209.8000000000 -17.5839756572
209.9000000000 -17.6137912939
210.0000000000 -17.6435754075
210.1000000000 -17.6733288393
210.2000000000 -17.7030524244
210.3000000000 -17.7327469907
210.4000000000 -17.7624133600
210.5000000000 -17.7920523475
210.6000000000 -17.8216647621
210.7000000000 -17.8512514064
210.8000000000 -17.8808130773
210.9000000000 -17.9103505653
211.0000000000 -17.9398646553
211.1000000000 -17.9693561263
211.2000000000 -17.9988257519
211.3000000000 -18.0282742999
211.4000000000 -18.0577025327
211.5000000000 -18.0871112075
211.6000000000 -18.1165010761
211.7000000000 -18.1458728853
211.8000000000 -18.1752273766
211.9000000000 -18.2045652869
212.0000000000 -18.2338873479
212.1000000000 -18.2631942867
212.2000000000 -18.2924868257
212.3000000000 -18.3217656825
212.4000000000 -18.3510315705
212.5000000000 -18.3802851984
212.6000000000 -18.4095272706
212.7000000000 -18.4387584875
212.8000000000 -18.4679795449
212.9000000000 -18.4971911347
213.0000000000 -18.5263939449
213.1000000000 -18.5555886592
213.2000000000 -18.5847759578
213.3000000000 -18.6139565169
213.4000000000 -18.6431310088
213.5000000000 -18.6723001026
213.6000000000 -18.7014644634
213.7000000000 -18.7306247530
213.8000000000 -18.7597816297
213.9000000000 -18.7889357483
214.0000000000 -18.8180877605
214.1000000000 -18.8472383147
214.2000000000 -18.8763880560
214.3000000000 -18.9055376266
214.4000000000 -18.9346876653
214.5000000000 -18.9638388084
214.6000000000 -18.9929916888
214.7000000000 -19.0221469368
214.8000000000 -19.0513051799
214.9000000000 -19.0804670427
215.0000000000 -19.1096331474
215.1000000000 -19.1388041132
215.2000000000 -19.1679805569
215.3000000000 -19.1971630930
215.4000000000 -19.2263523331
215.5000000000 -19.2555488868
215.6000000000 -19.2847533610
215.7000000000 -19.3139663607
215.8000000000 -19.3431884882
215.9000000000 -19.3724203440
216.0000000000 -19.4016625263
216.1000000000 -19.4309156311
216.2000000000 -19.4601802525
216.3000000000 -19.4894569826
216.4000000000 -19.5187464114
216.5000000000 -19.5480491272
216.6000000000 -19.5773657164
216.7000000000 -19.6066967636
216.8000000000 -19.6360428514
216.9000000000 -19.6654045610
217.0000000000 -19.6947824719
217.1000000000 -19.7241771618
217.2000000000 -19.7535892070
217.3000000000 -19.7830191820
217.4000000000 -19.8124676602
217.5000000000 -19.8419352132
217.6000000000 -19.8714224113
217.7000000000 -19.9009298235
217.8000000000 -19.9304580174
217.9000000000 -19.9600075593
218.0000000000 -19.9895790144
218.1000000000 -20.0191729464
218.2000000000 -20.0487899180
218.3000000000 -20.0784304908
218.4000000000 -20.1080952253
218.5000000000 -20.1377846809
218.6000000000 -20.1674994158
218.7000000000 -20.1972399876
218.8000000000 -20.2270069525
218.9000000000 -20.2568008662
219.0000000000 -20.2866222833
219.1000000000 -20.3164717574
219.2000000000 -20.3463498417
219.3000000000 -20.3762570882
219.4000000000 -20.4061940485
219.5000000000 -20.4361612731
219.6000000000 -20.4661593122
219.7000000000 -20.4961887152
219.8000000000 -20.5262500307
219.9000000000 -20.5563438070
220.0000000000 -20.5864705917
220.1000000000 -20.6166309319
220.2000000000 -20.6468253741
220.3000000000 -20.6770544645
220.4000000000 -20.7073187488
220.5000000000 -20.7376187722
220.6000000000 -20.7679550795
220.7000000000 -20.7983282154
220.8000000000 -20.8287387241
220.9000000000 -20.8591871494
221.0000000000 -20.8896740349
221.1000000000 -20.9201999240
221.2000000000 -20.9507653600
221.3000000000 -20.9813708857
221.4000000000 -21.0120170440
221.5000000000 -21.0427043775
221.6000000000 -21.0734334287
221.7000000000 -21.1042047400
221.8000000000 -21.1350188539
221.9000000000 -21.1658763126
222.0000000000 -21.1967776585
222.1000000000 -21.2277234337
222.2000000000 -21.2587141807
222.3000000000 -21.2897504417
222.4000000000 -21.3208327592
222.5000000000 -21.3519616757
222.6000000000 -21.3831377337
222.7000000000 -21.4143614760
222.8000000000 -21.4456334456
222.9000000000 -21.4769541854
223.0000000000 -21.5083242386
223.1000000000 -21.5397441488
223.2000000000 -21.5712144596
223.3000000000 -21.6027357150
223.4000000000 -21.6343084590
223.5000000000 -21.6659332362
223.6000000000 -21.6976105914
223.7000000000 -21.7293410696
223.8000000000 -21.7611252163
223.9000000000 -21.7929635772
224.0000000000 -21.8248566985
224.1000000000 -21.8568051267
224.2000000000 -21.8888094087
224.3000000000 -21.9208700919
224.4000000000 -21.9529877240
224.5000000000 -21.9851628533
224.6000000000 -22.0173960285
224.7000000000 -22.0496877986
224.8000000000 -22.0820387133
224.9000000000 -22.1144493228
225.0000000000 -22.1469201777
225.1000000000 -22.1794518292
225.2000000000 -22.2120448290
225.3000000000 -22.2446997293
225.4000000000 -22.2774170831
225.5000000000 -22.3101974436
225.6000000000 -22.3430413649
225.7000000000 -22.3759494015
225.8000000000 -22.4089221086
225.9000000000 -22.4419600421
226.0000000000 -22.4750637582
226.1000000000 -22.5082338141
226.2000000000 -22.5414707675
226.3000000000 -22.5747751766
226.4000000000 -22.6081476005
226.5000000000 -22.6415885988
226.6000000000 -22.6750987318
226.7000000000 -22.7086785605
226.8000000000 -22.7423286467
226.9000000000 -22.7760495526
227.0000000000 -22.8098418413
227.1000000000 -22.8437060766
227.2000000000 -22.8776428229
227.3000000000 -22.9116526455
227.4000000000 -22.9457361101
227.5000000000 -22.9798937834
227.6000000000 -23.0141262326
227.7000000000 -23.0484340259
227.8000000000 -23.0828177319
227.9000000000 -23.1172779202
228.0000000000 -23.1518151609
228.1000000000 -23.1864300248
228.2000000000 -23.2211230838
228.3000000000 -23.2558949101
228.4000000000 -23.2907460768
228.5000000000 -23.3256771578
228.6000000000 -23.3606887276
228.7000000000 -23.3957813613
228.8000000000 -23.4309556350
228.9000000000 -23.4662121254
229.0000000000 -23.5015514099
229.1000000000 -23.5369740664
229.2000000000 -23.5724806739
229.3000000000 -23.6080718118
229.4000000000 -23.6437480603
229.5000000000 -23.6795100002
229.6000000000 -23.7153582131
229.7000000000 -23.7512932812
229.8000000000 -23.7873157873
229.9000000000 -23.8234263150
230.0000000000 -23.8596254484
230.1000000000 -23.8959137724
230.2000000000 -23.9322918723
230.3000000000 -23.9687603342
230.4000000000 -24.0053197448
230.5000000000 -24.0419706912
230.6000000000 -24.0787137614
230.7000000000 -24.1155495436
230.8000000000 -24.1524786269
230.9000000000 -24.1895016007
231.0000000000 -24.2266190551
231.1000000000 -24.2638315805
231.2000000000 -24.3011397680
231.3000000000 -24.3385442091
231.4000000000 -24.3760454957
231.5000000000 -24.4136442203
231.6000000000 -24.4513409756
231.7000000000 -24.4891363551
231.8000000000 -24.5270309522
231.9000000000 -24.5650253609
232.0000000000 -24.6031201758
232.1000000000 -24.6413159914
232.2000000000 -24.6796134026
232.3000000000 -24.7180130049
232.4000000000 -24.7565153938
232.5000000000 -24.7951211649
232.6000000000 -24.8338309144
232.7000000000 -24.8726452383
232.8000000000 -24.9115647330
232.9000000000 -24.9505899950
233.0000000000 -24.9897216209
233.1000000000 -25.0289602072
233.2000000000 -25.0683063507
233.3000000000 -25.1077606482
233.4000000000 -25.1473236963
233.5000000000 -25.1869960918
233.6000000000 -25.2267784311
233.7000000000 -25.2666713109
233.8000000000 -25.3066753275
233.9000000000 -25.3467910770
234.0000000000 -25.3870191555
234.1000000000 -25.4273601586
234.2000000000 -25.4678146820
234.3000000000 -25.5083833206
234.4000000000 -25.5490666694
234.5000000000 -25.5898653226
234.6000000000 -25.6307798744
234.7000000000 -25.6718109181
234.8000000000 -25.7129590468
234.9000000000 -25.7542248530
235.0000000000 -25.7956089284
235.1000000000 -25.8371118643
235.2000000000 -25.8787342513
235.3000000000 -25.9204766790
235.4000000000 -25.9623397366
235.5000000000 -26.0043240122
235.6000000000 -26.0464300933
235.7000000000 -26.0886585661
235.8000000000 -26.1310100163
235.9000000000 -26.1734850282
236.0000000000 -26.2160841851
236.1000000000 -26.2588080695
236.2000000000 -26.3016572624
236.3000000000 -26.3446323437
236.4000000000 -26.3877338920
236.5000000000 -26.4309624845
236.6000000000 -26.4743186972
236.7000000000 -26.5178031046
236.8000000000 -26.5614162795
236.9000000000 -26.6051587934
237.0000000000 -26.6490312160
237.1000000000 -26.6930341155
237.2000000000 -26.7371680583
237.3000000000 -26.7814336089
237.4000000000 -26.8258313300
237.5000000000 -26.8703617825
237.6000000000 -26.9150255250
237.7000000000 -26.9598231145
237.8000000000 -27.0047551055
237.9000000000 -27.0498220504
238.0000000000 -27.0950244995
238.1000000000 -27.1403630007
238.2000000000 -27.1858380994
238.3000000000 -27.2314503387
238.4000000000 -27.2772002591
238.5000000000 -27.3230883984
238.6000000000 -27.3691152920
238.7000000000 -27.4152814722
238.8000000000 -27.4615874689
238.9000000000 -27.5080338086
239.0000000000 -27.5546210153
239.1000000000 -27.6013496097
239.2000000000 -27.6482201094
239.3000000000 -27.6952330288
239.4000000000 -27.7423888791
239.5000000000 -27.7896881682
239.6000000000 -27.8371314002
239.7000000000 -27.8847190761
239.8000000000 -27.9324516932
239.9000000000 -27.9803297448
240.0000000000 -28.0283537209
240.1000000000 -28.0765241073
240.2000000000 -28.1248413861
240.3000000000 -28.1733060352
240.4000000000 -28.2219185285
240.5000000000 -28.2706793356
240.6000000000 -28.3195889221
240.7000000000 -28.3686477488
240.8000000000 -28.4178562723
240.9000000000 -28.4672149448
241.0000000000 -28.5167242136
241.1000000000 -28.5663845213
241.2000000000 -28.6161963059
241.3000000000 -28.6661600003
241.4000000000 -28.7162760324
241.5000000000 -28.7665448252
241.6000000000 -28.8169667963
241.7000000000 -28.8675423581
241.8000000000 -28.9182719177
241.9000000000 -28.9691558767
242.0000000000 -29.0201946311
242.1000000000 -29.0713885712
242.2000000000 -29.1227380818
242.3000000000 -29.1742435415
242.4000000000 -29.2259053233
242.5000000000 -29.2777237940
242.6000000000 -29.3296993143
242.7000000000 -29.3818322385
242.8000000000 -29.4341229149
242.9000000000 -29.4865716852
243.0000000000 -29.5391788845
243.1000000000 -29.5919448415
243.2000000000 -29.6448698780
243.3000000000 -29.6979543090
243.4000000000 -29.7511984428
243.5000000000 -29.8046025803
243.6000000000 -29.8581670158
243.7000000000 -29.9118920359
243.8000000000 -29.9657779203
243.9000000000 -30.0198249409
244.0000000000 -30.0740333626
244.1000000000 -30.1284034422
244.2000000000 -30.1829354292
244.3000000000 -30.2376295650
244.4000000000 -30.2924860834
244.5000000000 -30.3475052100
244.6000000000 -30.4026871624
244.7000000000 -30.4580321501
244.8000000000 -30.5135403741
244.9000000000 -30.5692120272
245.0000000000 -30.6250472938
245.1000000000 -30.6810463497
245.2000000000 -30.7372093618
245.3000000000 -30.7935364885
245.4000000000 -30.8500278795
245.5000000000 -30.9066836751
245.6000000000 -30.9635040071
245.7000000000 -31.0204889977
245.8000000000 -31.0776387603
245.9000000000 -31.1349533988
246.0000000000 -31.1924330076
246.1000000000 -31.2500776720
246.2000000000 -31.3078874673
246.3000000000 -31.3658624594
246.4000000000 -31.4240027045
246.5000000000 -31.4823082488
246.6000000000 -31.5407791288
246.7000000000 -31.5994153708
246.8000000000 -31.6582169911
246.9000000000 -31.7171839960
247.0000000000 -31.7763163814
247.1000000000 -31.8356141330
247.2000000000 -31.8950772261
247.3000000000 -31.9547056254
247.4000000000 -32.0144992852
247.5000000000 -32.0744581492
247.6000000000 -32.1345821504
247.7000000000 -32.1948712110
247.8000000000 -32.2553252425
247.9000000000 -32.3159441454
248.0000000000 -32.3767278093
248.1000000000 -32.4376761127
248.2000000000 -32.4987889232
248.3000000000 -32.5600660972
248.4000000000 -32.6215074797
248.5000000000 -32.6831129048
248.6000000000 -32.7448821951
248.7000000000 -32.8068151616
248.8000000000 -32.8689116045
248.9000000000 -32.9311713118
249.0000000000 -32.9935940607
249.1000000000 -33.0561796162
249.2000000000 -33.1189277322
249.3000000000 -33.1818381507
249.4000000000 -33.2449106020
249.5000000000 -33.3081448049
249.6000000000 -33.3715404662
249.7000000000 -33.4350972810
249.8000000000 -33.4988149326
249.9000000000 -33.5626930925
250.0000000000 -33.6267314202
250.1000000000 -33.6909295634
250.2000000000 -33.7552871579
250.3000000000 -33.8198038274
250.4000000000 -33.8844791837
250.5000000000 -33.9493128269
250.6000000000 -34.0143043447
250.7000000000 -34.0794533131
250.8000000000 -34.1447592960
250.9000000000 -34.2102218452
251.0000000000 -34.2758405007
251.1000000000 -34.3416147903
251.2000000000 -34.4075442300
251.3000000000 -34.4736283236
251.4000000000 -34.5398665630
251.5000000000 -34.6062584282
251.6000000000 -34.6728033870
251.7000000000 -34.7395008956
251.8000000000 -34.8063503980
251.9000000000 -34.8733513264
252.0000000000 -34.9405031011
252.1000000000 -35.0078051307
252.2000000000 -35.0752568116
252.3000000000 -35.1428575288
252.4000000000 -35.2106066555
252.5000000000 -35.2785035529
252.6000000000 -35.3465475708
252.7000000000 -35.4147380474
252.8000000000 -35.4830743091
252.9000000000 -35.5515556710
253.0000000000 -35.6201814367
253.1000000000 -35.6889508981
253.2000000000 -35.7578633362
253.3000000000 -35.8269180203
253.4000000000 -35.8961142087
253.5000000000 -35.9654511485
253.6000000000 -36.0349280757
253.7000000000 -36.1045442153
253.8000000000 -36.1742987813
253.9000000000 -36.2441909768
254.0000000000 -36.3142199943
254.1000000000 -36.3843850154
254.2000000000 -36.4546852113
254.3000000000 -36.5251197425
254.4000000000 -36.5956877592
254.5000000000 -36.6663884011
254.6000000000 -36.7372207980
254.7000000000 -36.8081840691
254.8000000000 -36.8792773241
254.9000000000 -36.9504996624
255.0000000000 -37.0218501737
255.1000000000 -37.0933279380
255.2000000000 -37.1649320258
255.3000000000 -37.2366614980
255.4000000000 -37.3085154062
255.5000000000 -37.3804927929
255.6000000000 -37.4525926914
255.7000000000 -37.5248141259
255.8000000000 -37.5971561120
255.9000000000 -37.6696176564
256.0000000000 -37.7421977574
256.1000000000 -37.8148954046
256.2000000000 -37.8877095795
256.3000000000 -37.9606392555
256.4000000000 -38.0336833978
256.5000000000 -38.1068409638
256.6000000000 -38.1801109031
256.7000000000 -38.2534921579
256.8000000000 -38.3269836629
256.9000000000 -38.4005843454
257.0000000000 -38.4742931257
257.1000000000 -38.5481089171
257.2000000000 -38.6220306262
257.3000000000 -38.6960571528
257.4000000000 -38.7701873903
257.5000000000 -38.8444202259
257.6000000000 -38.9187545404
257.7000000000 -38.9931892088
257.8000000000 -39.0677231003
257.9000000000 -39.1423550783
258.0000000000 -39.2170840008
258.1000000000 -39.2919087206
258.2000000000 -39.3668280853
258.3000000000 -39.4418409375
258.4000000000 -39.5169461151
258.5000000000 -39.5921424513
258.6000000000 -39.6674287751
258.7000000000 -39.7428039110
258.8000000000 -39.8182666795
258.9000000000 -39.8938158974
259.0000000000 -39.9694503777
259.1000000000 -40.0451689297
259.2000000000 -40.1209703596
259.3000000000 -40.1968534705
259.4000000000 -40.2728170623
259.5000000000 -40.3488599323
259.6000000000 -40.4249808752
259.7000000000 -40.5011786831
259.8000000000 -40.5774521462
259.9000000000 -40.6538000525
260.0000000000 -40.7302211880
260.1000000000 -40.8067143372
260.2000000000 -40.8832782833
260.3000000000 -40.9599118079
260.4000000000 -41.0366136916
260.5000000000 -41.1133827142
260.6000000000 -41.1902176546
260.7000000000 -41.2671172912
260.8000000000 -41.3440804023
260.9000000000 -41.4211057655
261.0000000000 -41.4981921590
261.1000000000 -41.5753383608
261.2000000000 -41.6525431494
261.3000000000 -41.7298053039
261.4000000000 -41.8071236040
261.5000000000 -41.8844968305
261.6000000000 -41.9619237653
261.7000000000 -42.0394031915
261.8000000000 -42.1169338937
261.9000000000 -42.1945146581
262.0000000000 -42.2721442728
262.1000000000 -42.3498215278
262.2000000000 -42.4275452155
262.3000000000 -42.5053141303
262.4000000000 -42.5831270694
262.5000000000 -42.6609828326
262.6000000000 -42.7388802225
262.7000000000 -42.8168180448
262.8000000000 -42.8947951084
262.9000000000 -42.9728102255
263.0000000000 -43.0508622119
263.1000000000 -43.1289498871
263.2000000000 -43.2070720742
263.3000000000 -43.2852276008
263.4000000000 -43.3634152981
263.5000000000 -43.4416340020
263.6000000000 -43.5198825528
263.7000000000 -43.5981597953
263.8000000000 -43.6764645793
263.9000000000 -43.7547957593
264.0000000000 -43.8331521950
264.1000000000 -43.9115327513
264.2000000000 -43.9899362984
264.3000000000 -44.0683617121
264.4000000000 -44.1468078737
264.5000000000 -44.2252736704
264.6000000000 -44.3037579953
264.7000000000 -44.3822597474
264.8000000000 -44.4607778321
264.9000000000 -44.5393111609
265.0000000000 -44.6178586517
265.1000000000 -44.6964192292
265.2000000000 -44.7749918245
265.3000000000 -44.8535753757
265.4000000000 -44.9321688275
265.5000000000 -45.0107711319
265.6000000000 -45.0893812480
265.7000000000 -45.1679981420
265.8000000000 -45.2466207874
265.9000000000 -45.3252481655
266.0000000000 -45.4038792646
266.1000000000 -45.4825130812
266.2000000000 -45.5611486192
266.3000000000 -45.6397848903
266.4000000000 -45.7184209145
266.5000000000 -45.7970557193
266.6000000000 -45.8756883408
266.7000000000 -45.9543178230
266.8000000000 -46.0329432182
266.9000000000 -46.1115635871
267.0000000000 -46.1901779989
267.1000000000 -46.2687855312
267.2000000000 -46.3473852701
267.3000000000 -46.4259763105
267.4000000000 -46.5045577560
267.5000000000 -46.5831287188
267.6000000000 -46.6616883202
267.7000000000 -46.7402356902
267.8000000000 -46.8187699677
267.9000000000 -46.8972903009
268.0000000000 -46.9757958467
268.1000000000 -47.0542857714
268.2000000000 -47.1327592502
268.3000000000 -47.2112154676
268.4000000000 -47.2896536175
268.5000000000 -47.3680729028
268.6000000000 -47.4464725360
268.7000000000 -47.5248517385
268.8000000000 -47.6032097416
268.9000000000 -47.6815457857
269.0000000000 -47.7598591207
269.1000000000 -47.8381490060
269.2000000000 -47.9164147103
269.3000000000 -47.9946555121
269.4000000000 -48.0728706991
269.5000000000 -48.1510595688
269.6000000000 -48.2292214280
269.7000000000 -48.3073555933
269.8000000000 -48.3854613906
269.9000000000 -48.4635381556
270.0000000000 -48.5415852335
270.1000000000 -48.6196019789
270.2000000000 -48.6975877561
270.3000000000 -48.7755419390
270.4000000000 -48.8534639111
270.5000000000 -48.9313530653
270.6000000000 -49.0092088040
270.7000000000 -49.0870305393
270.8000000000 -49.1648176928
270.9000000000 -49.2425696955
271.0000000000 -49.3202859879
271.1000000000 -49.3979660198
271.2000000000 -49.4756092509
271.3000000000 -49.5532151497
271.4000000000 -49.6307831945
271.5000000000 -49.7083128728
271.6000000000 -49.7858036815
271.7000000000 -49.8632551267
271.8000000000 -49.9406667237
271.9000000000 -50.0180379971
272.0000000000 -50.0953684807
272.1000000000 -50.1726577174
272.2000000000 -50.2499052591
272.3000000000 -50.3271106670
272.4000000000 -50.4042735109
272.5000000000 -50.4813933700
272.6000000000 -50.5584698320
272.7000000000 -50.6355024938
272.8000000000 -50.7124909608
272.9000000000 -50.7894348474
273.0000000000 -50.8663337765
273.1000000000 -50.9431873797
273.2000000000 -51.0199952971
273.3000000000 -51.0967571775
273.4000000000 -51.1734726779
273.5000000000 -51.2501414640
273.6000000000 -51.3267632093
273.7000000000 -51.4033375962
273.8000000000 -51.4798643147
273.9000000000 -51.5563430633
274.0000000000 -51.6327735483
274.1000000000 -51.7091554841
274.2000000000 -51.7854885929
274.3000000000 -51.8617726049
274.4000000000 -51.9380072577
274.5000000000 -52.0141922970
274.6000000000 -52.0903274756
274.7000000000 -52.1664125542
274.8000000000 -52.2424473007
274.9000000000 -52.3184314904
275.0000000000 -52.3943649059
275.1000000000 -52.4702473367
275.2000000000 -52.5460785798
275.3000000000 -52.6218584389
275.4000000000 -52.6975867246
275.5000000000 -52.7732632544
275.6000000000 -52.8488878525
275.7000000000 -52.9244603498
275.8000000000 -52.9999805835
275.9000000000 -53.0754483975
276.0000000000 -53.1508636418
276.1000000000 -53.2262261730
276.2000000000 -53.3015358534
276.3000000000 -53.3767925517
276.4000000000 -53.4519961424
276.5000000000 -53.5271465058
276.6000000000 -53.6022435282
276.7000000000 -53.6772871012
276.8000000000 -53.7522771223
276.9000000000 -53.8272134942
277.0000000000 -53.9020961249
277.1000000000 -53.9769249280
277.2000000000 -54.0516998217
277.3000000000 -54.1264207298
277.4000000000 -54.2010875805
277.5000000000 -54.2757003071
277.6000000000 -54.3502588475
277.7000000000 -54.4247631444
277.8000000000 -54.4992131446
277.9000000000 -54.5736087997
278.0000000000 -54.6479500652
278.1000000000 -54.7222369010
278.2000000000 -54.7964692709
278.3000000000 -54.8706471427
278.4000000000 -54.9447704880
278.5000000000 -55.0188392821
278.6000000000 -55.0928535039
278.7000000000 -55.1668131358
278.8000000000 -55.2407181636
278.9000000000 -55.3145685761
279.0000000000 -55.3883643655
279.1000000000 -55.4621055271
279.2000000000 -55.5357920587
279.3000000000 -55.6094239612
279.4000000000 -55.6830012382
279.5000000000 -55.7565238957
279.6000000000 -55.8299919421
279.7000000000 -55.9034053882
279.8000000000 -55.9767642472
279.9000000000 -56.0500685340
280.0000000000 -56.1233182658
280.1000000000 -56.1965134614
280.2000000000 -56.2696541415
280.3000000000 -56.3427403283
280.4000000000 -56.4157720456
280.5000000000 -56.4887493186
280.6000000000 -56.5616721736
280.7000000000 -56.6345406381
280.8000000000 -56.7073547407
280.9000000000 -56.7801145109
281.0000000000 -56.8528199788
281.1000000000 -56.9254711755
281.2000000000 -56.9980681324
281.3000000000 -57.0706108813
281.4000000000 -57.1430994545
281.5000000000 -57.2155338844
281.6000000000 -57.2879142035
281.7000000000 -57.3602404441
281.8000000000 -57.4325126387
281.9000000000 -57.5047308192
282.0000000000 -57.5768950172
282.1000000000 -57.6490052639
282.2000000000 -57.7210615898
282.3000000000 -57.7930640246
282.4000000000 -57.8650125973
282.5000000000 -57.9369073357
282.6000000000 -58.0087482668
282.7000000000 -58.0805354162
282.8000000000 -58.1522688082
282.9000000000 -58.2239484659
283.0000000000 -58.2955744105
283.1000000000 -58.3671466618
283.2000000000 -58.4386652379
283.3000000000 -58.5101301547
283.4000000000 -58.5815414264
283.5000000000 -58.6528990651
283.6000000000 -58.7242030806
283.7000000000 -58.7954534803
283.8000000000 -58.8666502694
283.9000000000 -58.9377934504
284.0000000000 -59.0088830233
284.1000000000 -59.0799189853
284.2000000000 -59.1509013306
284.3000000000 -59.2218300506
284.4000000000 -59.2927051338
284.5000000000 -59.3635265653
284.6000000000 -59.4342943269
284.7000000000 -59.5050083973
284.8000000000 -59.5756687516
284.9000000000 -59.6462753612
285.0000000000 -59.7168281941
285.1000000000 -59.7873272144
285.2000000000 -59.8577723824
285.3000000000 -59.9281636543
285.4000000000 -59.9985009826
285.5000000000 -60.0687843152
285.6000000000 -60.1390135963
285.7000000000 -60.2091887653
285.8000000000 -60.2793097574
285.9000000000 -60.3493765035
286.0000000000 -60.4193889297
286.1000000000 -60.4893469573
286.2000000000 -60.5592505033
286.3000000000 -60.6290994793
286.4000000000 -60.6988937924
286.5000000000 -60.7686333447
286.6000000000 -60.8383180329
286.7000000000 -60.9079477489
286.8000000000 -60.9775223792
286.9000000000 -61.0470418050
287.0000000000 -61.1165059022
287.1000000000 -61.1859145412
287.2000000000 -61.2552675868
287.3000000000 -61.3245648984
287.4000000000 -61.3938063297
287.5000000000 -61.4629917285
287.6000000000 -61.5321209371
287.7000000000 -61.6011937917
287.8000000000 -61.6702101228
287.9000000000 -61.7391697547
288.0000000000 -61.8080725061
288.1000000000 -61.8769181891
288.2000000000 -61.9457066101
288.3000000000 -62.0144375691
288.4000000000 -62.0831108599
288.5000000000 -62.1517262701
288.6000000000 -62.2202835810
288.7000000000 -62.2887825673
288.8000000000 -62.3572229976
288.9000000000 -62.4256046339
289.0000000000 -62.4939272317
289.1000000000 -62.5621905401
289.2000000000 -62.6303943014
289.3000000000 -62.6985382516
289.4000000000 -62.7666221198
289.5000000000 -62.8346456288
289.6000000000 -62.9026084944
289.7000000000 -62.9705104258
289.8000000000 -63.0383511257
289.9000000000 -63.1061302897
290.0000000000 -63.1738476069
290.1000000000 -63.2415027595
290.2000000000 -63.3090954230
290.3000000000 -63.3766252660
290.4000000000 -63.4440919505
290.5000000000 -63.5114951314
290.6000000000 -63.5788344570
290.7000000000 -63.6461095687
290.8000000000 -63.7133201011
290.9000000000 -63.7804656819
291.0000000000 -63.8475459321
291.1000000000 -63.9145604658
291.2000000000 -63.9815088903
291.3000000000 -64.0483908062
291.4000000000 -64.1152058073
291.5000000000 -64.1819534805
291.6000000000 -64.2486334062
291.7000000000 -64.3152451577
291.8000000000 -64.3817883020
291.9000000000 -64.4482623991
292.0000000000 -64.5146670026
292.1000000000 -64.5810016593
292.2000000000 -64.6472659094
292.3000000000 -64.7134592867
292.4000000000 -64.7795813182
292.5000000000 -64.8456315247
292.6000000000 -64.9116094203
292.7000000000 -64.9775145129
292.8000000000 -65.0433463038
292.9000000000 -65.1091042882
293.0000000000 -65.1747879550
293.1000000000 -65.2403967866
293.2000000000 -65.3059302596
293.3000000000 -65.3713878442
293.4000000000 -65.4367690047
293.5000000000 -65.5020731994
293.6000000000 -65.5672998805
293.7000000000 -65.6324484945
293.8000000000 -65.6975184819
293.9000000000 -65.7625092778
294.0000000000 -65.8274203111
294.1000000000 -65.8922510056
294.2000000000 -65.9570007792
294.3000000000 -66.0216690445
294.4000000000 -66.0862552088
294.5000000000 -66.1507586738
294.6000000000 -66.2151788363
294.7000000000 -66.2795150878
294.8000000000 -66.3437668147
294.9000000000 -66.4079333986
295.0000000000 -66.4720142160
295.1000000000 -66.5360086388
295.2000000000 -66.5999160340
295.3000000000 -66.6637357641
295.4000000000 -66.7274671871
295.5000000000 -66.7911096566
295.6000000000 -66.8546625218
295.7000000000 -66.9181251277
295.8000000000 -66.9814968152
295.9000000000 -67.0447769211
296.0000000000 -67.1079647784
296.1000000000 -67.1710597162
296.2000000000 -67.2340610599
296.3000000000 -67.2969681314
296.4000000000 -67.3597802490
296.5000000000 -67.4224967277
296.6000000000 -67.4851168792
296.7000000000 -67.5476400119
296.8000000000 -67.6100654315
296.9000000000 -67.6723924405
297.0000000000 -67.7346203387
297.1000000000 -67.7967484232
297.2000000000 -67.8587759884
297.3000000000 -67.9207023265
297.4000000000 -67.9825267271
297.5000000000 -68.0442484778
297.6000000000 -68.1058668641
297.7000000000 -68.1673811693
297.8000000000 -68.2287906752
297.9000000000 -68.2900946616
298.0000000000 -68.3512924068
298.1000000000 -68.4123831877
298.2000000000 -68.4733662798
298.3000000000 -68.5342409573
298.4000000000 -68.5950064935
298.5000000000 -68.6556621607
298.6000000000 -68.7162072302
298.7000000000 -68.7766409727
298.8000000000 -68.8369626584
298.9000000000 -68.8971715570
299.0000000000 -68.9572669377
299.1000000000 -69.0172480699
299.2000000000 -69.0771142227
299.3000000000 -69.1368646651
299.4000000000 -69.1964986667
299.5000000000 -69.2560154972
299.6000000000 -69.3154144267
299.7000000000 -69.3746947261
299.8000000000 -69.4338556667
299.9000000000 -69.4928965211
300.0000000000 -69.5518165625
300.1000000000 -69.6106150653
300.2000000000 -69.6692913053
300.3000000000 -69.7278445594
300.4000000000 -69.7862741062
300.5000000000 -69.8445792258
300.6000000000 -69.9027592001
300.7000000000 -69.9608133129
300.8000000000 -70.0187408500
300.9000000000 -70.0765410992
301.0000000000 -70.1342133506
301.1000000000 -70.1917568968
301.2000000000 -70.2491710327
301.3000000000 -70.3064550560
301.4000000000 -70.3636082671
301.5000000000 -70.4206299691
301.6000000000 -70.4775194683
301.7000000000 -70.5342760739
301.8000000000 -70.5908990985
301.9000000000 -70.6473878580
302.0000000000 -70.7037416716
302.1000000000 -70.7599598622
302.2000000000 -70.8160417564
302.3000000000 -70.8719866846
302.4000000000 -70.9277939810
302.5000000000 -70.9834629839
302.6000000000 -71.0389930357
302.7000000000 -71.0943834831
302.8000000000 -71.1496336771
302.9000000000 -71.2047429731
303.0000000000 -71.2597107312
303.1000000000 -71.3145363159
303.2000000000 -71.3692190969
303.3000000000 -71.4237584483
303.4000000000 -71.4781537494
303.5000000000 -71.5324043846
303.6000000000 -71.5865097432
303.7000000000 -71.6404692202
303.8000000000 -71.6942822155
303.9000000000 -71.7479481347
304.0000000000 -71.8014663889
304.1000000000 -71.8548363946
304.2000000000 -71.9080575744
304.3000000000 -71.9611293564
304.4000000000 -72.0140511746
304.5000000000 -72.0668224691
304.6000000000 -72.1194426860
304.7000000000 -72.1719112773
304.8000000000 -72.2242277016
304.9000000000 -72.2763914235
305.0000000000 -72.3284019140
305.1000000000 -72.3802586506
305.2000000000 -72.4319611171
305.3000000000 -72.4835088042
305.4000000000 -72.5349012089
305.5000000000 -72.5861378351
305.6000000000 -72.6372181934
305.7000000000 -72.6881418013
305.8000000000 -72.7389081830
305.9000000000 -72.7895168699
306.0000000000 -72.8399674003
306.1000000000 -72.8902593194
306.2000000000 -72.9403921798
306.3000000000 -72.9903655410
306.4000000000 -73.0401789700
306.5000000000 -73.0898320409
306.6000000000 -73.1393243350
306.7000000000 -73.1886554412
306.8000000000 -73.2378249556
306.9000000000 -73.2868324820
307.0000000000 -73.3356776314
307.1000000000 -73.3843600225
307.2000000000 -73.4328792816
307.3000000000 -73.4812350423
307.4000000000 -73.5294269463
307.5000000000 -73.5774546424
307.6000000000 -73.6253177877
307.7000000000 -73.6730160465
307.8000000000 -73.7205490911
307.9000000000 -73.7679166015
308.0000000000 -73.8151182655
308.1000000000 -73.8621537788
308.2000000000 -73.9090228448
308.3000000000 -73.9557251747
308.4000000000 -74.0022604879
308.5000000000 -74.0486285112
308.6000000000 -74.0948289797
308.7000000000 -74.1408616362
308.8000000000 -74.1867262314
308.9000000000 -74.2324225240
309.0000000000 -74.2779502806
309.1000000000 -74.3233092758
309.2000000000 -74.3684992920
309.3000000000 -74.4135201196
309.4000000000 -74.4583715570
309.5000000000 -74.5030534104
309.6000000000 -74.5475654941
309.7000000000 -74.5919076301
309.8000000000 -74.6360796487
309.9000000000 -74.6800813876
310.0000000000 -74.7239126929
310.1000000000 -74.7675734183
310.2000000000 -74.8110634255
310.3000000000 -74.8543825840
310.4000000000 -74.8975307712
310.5000000000 -74.9405078724
310.6000000000 -74.9833137806
310.7000000000 -75.0259483967
310.8000000000 -75.0684116293
310.9000000000 -75.1107033950
311.0000000000 -75.1528236178
311.1000000000 -75.1947722296
311.2000000000 -75.2365491701
311.3000000000 -75.2781543866
311.4000000000 -75.3195878338
311.5000000000 -75.3608494744
311.6000000000 -75.4019392785
311.7000000000 -75.4428572236
311.8000000000 -75.4836032951
311.9000000000 -75.5241774856
312.0000000000 -75.5645797952
312.1000000000 -75.6048102316
312.2000000000 -75.6448688096
312.3000000000 -75.6847555516
312.4000000000 -75.7244704872
312.5000000000 -75.7640136533
312.6000000000 -75.8033850941
312.7000000000 -75.8425848608
312.8000000000 -75.8816130121
312.9000000000 -75.9204696134
313.0000000000 -75.9591547374
313.1000000000 -75.9976684639
313.2000000000 -76.0360108795
313.3000000000 -76.0741820778
313.4000000000 -76.1121821594
313.5000000000 -76.1500112316
313.6000000000 -76.1876694085
313.7000000000 -76.2251568110
313.8000000000 -76.2624735667
313.9000000000 -76.2996198098
314.0000000000 -76.3365956813
314.1000000000 -76.3734013283
314.2000000000 -76.4100369049
314.3000000000 -76.4465025713
314.4000000000 -76.4827984943
314.5000000000 -76.5189248468
314.6000000000 -76.5548818082
314.7000000000 -76.5906695640
314.8000000000 -76.6262883060
314.9000000000 -76.6617382319
315.0000000000 -76.6970195458
315.1000000000 -76.7321324574
315.2000000000 -76.7670771827
315.3000000000 -76.8018539433
315.4000000000 -76.8364629669
315.5000000000 -76.8709044868
315.6000000000 -76.9051787420
315.7000000000 -76.9392859774
315.8000000000 -76.9732264432
315.9000000000 -77.0070003952
316.0000000000 -77.0406080949
316.1000000000 -77.0740498090
316.2000000000 -77.1073258096
316.3000000000 -77.1404363741
316.4000000000 -77.1733817853
316.5000000000 -77.2061623310
316.6000000000 -77.2387783041
316.7000000000 -77.2712300027
316.8000000000 -77.3035177298
316.9000000000 -77.3356417933
317.0000000000 -77.3676025062
317.1000000000 -77.3994001860
317.2000000000 -77.4310351551
317.3000000000 -77.4625077407
317.4000000000 -77.4938182744
317.5000000000 -77.5249670926
317.6000000000 -77.5559545360
317.7000000000 -77.5867809498
317.8000000000 -77.6174466838
317.9000000000 -77.6479520917
318.0000000000 -77.6782975318
318.1000000000 -77.7084833665
318.2000000000 -77.7385099623
318.3000000000 -77.7683776898
318.4000000000 -77.7980869236
318.5000000000 -77.8276380422
318.6000000000 -77.8570314280
318.7000000000 -77.8862674674
318.8000000000 -77.9153465503
318.9000000000 -77.9442690706
319.0000000000 -77.9730354254
319.1000000000 -78.0016460160
319.2000000000 -78.0301012466
319.3000000000 -78.0584015252
319.4000000000 -78.0865472632
319.5000000000 -78.1145388753
319.6000000000 -78.1423767794
319.7000000000 -78.1700613967
319.8000000000 -78.1975931515
319.9000000000 -78.2249724713
