0.0000000000 -63.3030222069
0.1000000000 -63.3944600355
0.2000000000 -63.4857483828
0.3000000000 -63.5768861721
0.4000000000 -63.6678723180
0.5000000000 -63.7587057266
0.6000000000 -63.8493852954
0.7000000000 -63.9399099135
0.8000000000 -64.0302784619
0.9000000000 -64.1204898136
1.0000000000 -64.2105428334
1.1000000000 -64.3004363788
1.2000000000 -64.3901692995
1.3000000000 -64.4797404381
1.4000000000 -64.5691486296
1.5000000000 -64.6583927023
1.6000000000 -64.7474714778
1.7000000000 -64.8363837710
1.8000000000 -64.9251283903
1.9000000000 -65.0137041382
2.0000000000 -65.1021098110
2.1000000000 -65.1903441995
2.2000000000 -65.2784060888
2.3000000000 -65.3662942590
2.4000000000 -65.4540074850
2.5000000000 -65.5415445370
2.6000000000 -65.6289041806
2.7000000000 -65.7160851772
2.8000000000 -65.8030862841
2.9000000000 -65.8899062550
3.0000000000 -65.9765438399
3.1000000000 -66.0629977857
3.2000000000 -66.1492668363
3.3000000000 -66.2353497330
3.4000000000 -66.3212452144
3.5000000000 -66.4069520173
3.6000000000 -66.4924688765
3.7000000000 -66.5777945253
3.8000000000 -66.6629276955
3.9000000000 -66.7478671181
4.0000000000 -66.8326115235
4.1000000000 -66.9171596414
4.2000000000 -67.0015102016
4.3000000000 -67.0856619340
4.4000000000 -67.1696135691
4.5000000000 -67.2533638378
4.6000000000 -67.3369114726
4.7000000000 -67.4202552070
4.8000000000 -67.5033937762
4.9000000000 -67.5863259175
5.0000000000 -67.6690503705
5.1000000000 -67.7515658771
5.2000000000 -67.8338711824
5.3000000000 -67.9159650344
5.4000000000 -67.9978461846
5.5000000000 -68.0795133883
5.6000000000 -68.1609654049
5.7000000000 -68.2422009979
5.8000000000 -68.3232189355
5.9000000000 -68.4040179908
6.0000000000 -68.4845969419
6.1000000000 -68.5649545724
6.2000000000 -68.6450896716
6.3000000000 -68.7250010344
6.4000000000 -68.8046874621
6.5000000000 -68.8841477622
6.6000000000 -68.9633807487
6.7000000000 -69.0423852425
6.8000000000 -69.1211600712
6.9000000000 -69.1997040695
7.0000000000 -69.2780160792
7.1000000000 -69.3560949495
7.2000000000 -69.4339395369
7.3000000000 -69.5115487051
7.4000000000 -69.5889213253
7.5000000000 -69.6660562760
7.6000000000 -69.7429524427
7.7000000000 -69.8196087182
7.8000000000 -69.8960240019
7.9000000000 -69.9721971997
8.0000000000 -70.0481272234
8.1000000000 -70.1238129908
8.2000000000 -70.1992534242
8.3000000000 -70.2744474504
8.4000000000 -70.3493939992
8.5000000000 -70.4240920028
8.6000000000 -70.4985403944
8.7000000000 -70.5727381065
8.8000000000 -70.6466840693
8.9000000000 -70.7203772085
9.0000000000 -70.7938164431
9.1000000000 -70.8670006823
9.2000000000 -70.9399288224
9.3000000000 -71.0125997430
9.4000000000 -71.0850123023
9.5000000000 -71.1571653324
9.6000000000 -71.2290576330
9.7000000000 -71.3006879647
9.8000000000 -71.3720550410
9.9000000000 -71.4431575190
10.0000000000 -71.5139939889
10.1000000000 -71.5845629616
10.2000000000 -71.6548628547
10.3000000000 -71.7248919757
10.4000000000 -71.7946485036
10.5000000000 -71.8641304662
10.6000000000 -71.9333357158
10.7000000000 -72.0022618991
10.8000000000 -72.0709064239
10.9000000000 -72.1392664202
11.0000000000 -72.2073386947
11.1000000000 -72.2751196795
11.2000000000 -72.3426053713
11.3000000000 -72.4097912625
11.4000000000 -72.4766722608
11.5000000000 -72.5432425966
11.6000000000 -72.6094957158
11.7000000000 -72.6754241566
11.8000000000 -72.7410194057
11.9000000000 -72.8062717340
12.0000000000 -72.8711700049
12.1000000000 -72.9357014540
12.2000000000 -72.9998514339
12.3000000000 -73.0636031189
12.4000000000 -73.1269371644
12.5000000000 -73.1898313121
12.6000000000 -73.2522599344
12.7000000000 -73.3141935068
12.8000000000 -73.3755979981
12.9000000000 -73.4364341651
13.0000000000 -73.4966567365
13.1000000000 -73.5562134692
13.2000000000 -73.6150440562
13.3000000000 -73.6730788633
13.4000000000 -73.7302374672
13.5000000000 -73.7864269640
13.6000000000 -73.8415400119
13.7000000000 -73.8954525647
13.8000000000 -73.9480212506
13.9000000000 -73.9990803359
14.0000000000 -74.0484382114
14.1000000000 -74.0958733242
14.2000000000 -74.1411294676
14.3000000000 -74.1839103273
14.4000000000 -74.2238731657
14.5000000000 -74.2606215083
14.6000000000 -74.2936966733
14.7000000000 -74.3225679609
14.8000000000 -74.3466212897
14.9000000000 -74.3651460334
15.0000000000 -74.3773197723
15.1000000000 -74.3821906288
15.2000000000 -74.3786568018
15.3000000000 -74.3654428577
15.4000000000 -74.3410722621
15.5000000000 -74.3038355561
15.6000000000 -74.2517534884
15.7000000000 -74.1825343047
15.8000000000 -74.0935242709
15.9000000000 -73.9816503644
16.0000000000 -73.8433538999
16.1000000000 -73.6745136666
16.2000000000 -73.4703569340
16.3000000000 -73.2253564320
16.4000000000 -72.9331111203
16.5000000000 -72.5862082262
16.6000000000 -72.1760636436
16.7000000000 -71.6927373275
16.8000000000 -71.1247197773
16.9000000000 -70.4586850341
17.0000000000 -69.6792047690
17.1000000000 -68.7684168986
17.2000000000 -67.7056405262
17.3000000000 -66.4669265131
17.4000000000 -65.0245289319
17.5000000000 -63.3462757826
17.6000000000 -61.3948053432
17.7000000000 -59.1266132882
17.8000000000 -56.4908183703
17.9000000000 -53.4274907549
18.0000000000 -49.8652851618
18.1000000000 -45.7179775449
18.2000000000 -40.8793512413
18.3000000000 -35.2158223721
18.4000000000 -28.5564498393
18.5000000000 -20.6815083048
18.6000000000 -11.3217540337
18.7000000000 -0.2481254182
18.8000000000 12.2040574224
18.9000000000 23.8070952738
19.0000000000 31.0812220815
19.1000000000 33.8080865889
19.2000000000 34.5530085711
19.3000000000 34.9181827313
19.4000000000 35.2478154741
19.5000000000 35.5494087605
19.6000000000 35.8041213468
19.7000000000 36.0038541414
19.8000000000 36.1483349113
19.9000000000 36.2409343885
20.0000000000 36.2863059365
20.1000000000 36.2892434040
20.2000000000 36.2541845428
20.3000000000 36.1850362811
20.4000000000 36.0851531078
20.5000000000 35.9573826533
20.6000000000 35.8041356013
20.7000000000 35.6274593012
20.8000000000 35.4291058364
20.9000000000 35.2105910566
21.0000000000 34.9732438795
21.1000000000 34.7182464585
21.2000000000 34.4466663181
21.3000000000 34.1594816858
21.4000000000 33.8576011956
21.5000000000 33.5418790145
21.6000000000 33.2131262906
21.7000000000 32.8721196816
21.8000000000 32.5196075880
21.9000000000 32.1563146054
22.0000000000 31.7829446102
22.1000000000 31.4001828162
22.2000000000 31.0086970682
22.3000000000 30.6091385801
22.4000000000 30.2021422713
22.5000000000 29.7883267936
22.6000000000 29.3682942487
22.7000000000 28.9426294461
22.8000000000 28.5118983363
22.9000000000 28.0766453212
23.0000000000 27.6373897455
23.1000000000 27.1946225721
23.2000000000 26.7488043788
23.3000000000 26.3003653029
23.4000000000 25.8497068258
23.5000000000 25.3972047717
23.6000000000 24.9432127452
23.7000000000 24.4880653764
23.8000000000 24.0320809936
23.9000000000 23.5755635963
24.0000000000 23.1188041674
24.1000000000 22.6620814558
24.2000000000 22.2056623834
24.3000000000 21.7498022198
24.4000000000 21.2947446391
24.5000000000 20.8407217369
24.6000000000 20.3879540631
24.7000000000 19.9366506952
24.8000000000 19.4870093676
24.9000000000 19.0392166581
25.0000000000 18.5934482272
25.1000000000 18.1498691036
25.2000000000 17.7086340056
25.3000000000 17.2698876927
25.4000000000 16.8337653352
25.5000000000 16.4003928994
25.6000000000 15.9698875382
25.7000000000 15.5423579854
25.8000000000 15.1179049480
25.9000000000 14.6966214941
26.0000000000 14.2785934338
26.1000000000 13.8638996912
26.2000000000 13.4526126662
26.3000000000 13.0447985848
26.4000000000 12.6405178379
26.5000000000 12.2398253062
26.6000000000 11.8427706731
26.7000000000 11.4493987235
26.8000000000 11.0597496285
26.9000000000 10.6738592169
27.0000000000 10.2917592324
27.1000000000 9.9134775763
27.2000000000 9.5390385370
27.3000000000 9.1684630054
27.4000000000 8.8017686763
27.5000000000 8.4389702369
27.6000000000 8.0800795423
27.7000000000 7.7251057772
27.8000000000 7.3740556074
27.9000000000 7.0269333173
28.0000000000 6.6837409383
28.1000000000 6.3444783648
28.2000000000 6.0091434619
28.3000000000 5.6777321625
28.4000000000 5.3502385570
28.5000000000 5.0266549739
28.6000000000 4.7069720546
28.7000000000 4.3911788206
28.8000000000 4.0792627354
28.9000000000 3.7712097618
29.0000000000 3.4670044137
29.1000000000 3.1666298051
29.2000000000 2.8700676955
29.3000000000 2.5772985321
29.4000000000 2.2883014912
29.5000000000 2.0030545161
29.6000000000 1.7215343555
29.7000000000 1.4437165994
29.8000000000 1.1695757159
29.9000000000 0.8990850862
30.0000000000 0.6322170411
30.1000000000 0.3689428963
30.2000000000 0.1092329888
30.3000000000 -0.1469432867
30.4000000000 -0.3996174402
30.5000000000 -0.6488218492
30.6000000000 -0.8945897202
30.7000000000 -1.1369550496
30.8000000000 -1.3759525844
30.9000000000 -1.6116177820
31.0000000000 -1.8439867693
31.1000000000 -2.0730963024
31.2000000000 -2.2989837240
31.3000000000 -2.5216869230
31.4000000000 -2.7412442915
31.5000000000 -2.9576946834
31.6000000000 -3.1710773723
31.7000000000 -3.3814320100
31.8000000000 -3.5887985841
31.9000000000 -3.7932173778
32.0000000000 -3.9947289281
32.1000000000 -4.1933739865
32.2000000000 -4.3891934785
32.3000000000 -4.5822284653
32.4000000000 -4.7725201053
32.5000000000 -4.9601096175
32.6000000000 -5.1450382445
32.7000000000 -5.3273472179
32.8000000000 -5.5070777237
32.9000000000 -5.6842708699
33.0000000000 -5.8589676541
33.1000000000 -6.0312089333
33.2000000000 -6.2010353947
33.3000000000 -6.3684875272
33.4000000000 -6.5336055950
33.5000000000 -6.6964296124
33.6000000000 -6.8569993191
33.7000000000 -7.0153541581
33.8000000000 -7.1715332539
33.9000000000 -7.3255753923
34.0000000000 -7.4775190021
34.1000000000 -7.6274021371
34.2000000000 -7.7752624599
34.3000000000 -7.9211372272
34.4000000000 -8.0650632758
34.5000000000 -8.2070770101
34.6000000000 -8.3472143905
34.7000000000 -8.4855109235
34.8000000000 -8.6220016520
34.9000000000 -8.7567211476
35.0000000000 -8.8897035033
35.1000000000 -9.0209823272
35.2000000000 -9.1505907374
35.3000000000 -9.2785613579
35.4000000000 -9.4049263147
35.5000000000 -9.5297172337
35.6000000000 -9.6529652381
35.7000000000 -9.7747009482
35.8000000000 -9.8949544801
35.9000000000 -10.0137554464
36.0000000000 -10.1311329571
36.1000000000 -10.2471156206
36.2000000000 -10.3617315459
36.3000000000 -10.4750083454
36.4000000000 -10.5869731371
36.5000000000 -10.6976525487
36.6000000000 -10.8070727208
36.7000000000 -10.9152593118
36.8000000000 -11.0222375014
36.9000000000 -11.1280319962
37.0000000000 -11.2326670347
37.1000000000 -11.3361663923
37.2000000000 -11.4385533873
37.3000000000 -11.5398508864
37.4000000000 -11.6400813108
37.5000000000 -11.7392666425
37.6000000000 -11.8374284306
37.7000000000 -11.9345877975
37.8000000000 -12.0307654455
37.9000000000 -12.1259816637
38.0000000000 -12.2202563344
38.1000000000 -12.3136089401
38.2000000000 -12.4060585701
38.3000000000 -12.4976239274
38.4000000000 -12.5883233357
38.5000000000 -12.6781747461
38.6000000000 -12.7671957440
38.7000000000 -12.8554035561
38.8000000000 -12.9428150569
38.9000000000 -13.0294467758
39.0000000000 -13.1153149037
39.1000000000 -13.2004352998
39.2000000000 -13.2848234981
39.3000000000 -13.3684947143
39.4000000000 -13.4514638519
39.5000000000 -13.5337455090
39.6000000000 -13.6153539845
39.7000000000 -13.6963032847
39.8000000000 -13.7766071291
39.9000000000 -13.8562789569
40.0000000000 -13.9353319327
40.1000000000 -14.0137789531
40.2000000000 -14.0916326519
40.3000000000 -14.1689054061
40.4000000000 -14.2456093418
40.5000000000 -14.3217563398
40.6000000000 -14.3973580406
40.7000000000 -14.4724258503
40.8000000000 -14.5469709459
40.9000000000 -14.6210042802
41.0000000000 -14.6945365872
41.1000000000 -14.7675783869
41.2000000000 -14.8401399904
41.3000000000 -14.9122315044
41.4000000000 -14.9838628365
41.5000000000 -15.0550436992
41.6000000000 -15.1257836148
41.7000000000 -15.1960919197
41.8000000000 -15.2659777689
41.9000000000 -15.3354501401
42.0000000000 -15.4045178377
42.1000000000 -15.4731894973
42.2000000000 -15.5414735894
42.3000000000 -15.6093784232
42.4000000000 -15.6769121507
42.5000000000 -15.7440827702
42.6000000000 -15.8108981301
42.7000000000 -15.8773659321
42.8000000000 -15.9434937352
42.9000000000 -16.0092889587
43.0000000000 -16.0747588857
43.1000000000 -16.1399106662
43.2000000000 -16.2047513204
43.3000000000 -16.2692877417
43.4000000000 -16.3335267000
43.5000000000 -16.3974748439
43.6000000000 -16.4611387046
43.7000000000 -16.5245246978
43.8000000000 -16.5876391271
43.9000000000 -16.6504881863
44.0000000000 -16.7130779621
44.1000000000 -16.7754144368
44.2000000000 -16.8375034905
44.3000000000 -16.8993509037
44.4000000000 -16.9609623599
44.5000000000 -17.0223434475
44.6000000000 -17.0834996623
44.7000000000 -17.1444364096
44.8000000000 -17.2051590065
44.9000000000 -17.2656726837
45.0000000000 -17.3259825881
45.1000000000 -17.3860937841
45.2000000000 -17.4460112561
45.3000000000 -17.5057399101
45.4000000000 -17.5652845759
45.5000000000 -17.6246500083
45.6000000000 -17.6838408896
45.7000000000 -17.7428618307
45.8000000000 -17.8017173733
45.9000000000 -17.8604119911
46.0000000000 -17.9189500917
46.1000000000 -17.9773360181
46.2000000000 -18.0355740500
46.3000000000 -18.0936684058
46.4000000000 -18.1516232435
46.5000000000 -18.2094426624
46.6000000000 -18.2671307045
46.7000000000 -18.3246913557
46.8000000000 -18.3821285473
46.9000000000 -18.4394461572
47.0000000000 -18.4966480111
47.1000000000 -18.5537378838
47.2000000000 -18.6107195002
47.3000000000 -18.6675965370
47.4000000000 -18.7243726232
47.5000000000 -18.7810513416
47.6000000000 -18.8376362297
47.7000000000 -18.8941307808
47.8000000000 -18.9505384453
47.9000000000 -19.0068626311
48.0000000000 -19.0631067053
48.1000000000 -19.1192739946
48.2000000000 -19.1753677866
48.3000000000 -19.2313913304
48.4000000000 -19.2873478378
48.5000000000 -19.3432404840
48.6000000000 -19.3990724085
48.7000000000 -19.4548467158
48.8000000000 -19.5105664765
48.9000000000 -19.5662347277
49.0000000000 -19.6218544742
49.1000000000 -19.6774286890
49.2000000000 -19.7329603139
49.3000000000 -19.7884522607
49.4000000000 -19.8439074112
49.5000000000 -19.8993286186
49.6000000000 -19.9547187077
49.7000000000 -20.0100804757
49.8000000000 -20.0654166930
49.9000000000 -20.1207301034
50.0000000000 -20.1760234251
50.1000000000 -20.2312993511
50.2000000000 -20.2865605498
50.3000000000 -20.3418096657
50.4000000000 -20.3970493196
50.5000000000 -20.4522821098
50.6000000000 -20.5075106117
50.7000000000 -20.5627373790
50.8000000000 -20.6179649441
50.9000000000 -20.6731958183
51.0000000000 -20.7284324926
51.1000000000 -20.7836774379
51.2000000000 -20.8389331056
51.3000000000 -20.8942019279
51.4000000000 -20.9494863186
51.5000000000 -21.0047886730
51.6000000000 -21.0601113685
51.7000000000 -21.1154567652
51.8000000000 -21.1708272060
51.9000000000 -21.2262250171
52.0000000000 -21.2816525085
52.1000000000 -21.3371119740
52.2000000000 -21.3926056919
52.3000000000 -21.4481359252
52.4000000000 -21.5037049217
52.5000000000 -21.5593149148
52.6000000000 -21.6149681234
52.7000000000 -21.6706667524
52.8000000000 -21.7264129928
52.9000000000 -21.7822090222
53.0000000000 -21.8380570050
53.1000000000 -21.8939590927
53.2000000000 -21.9499174240
53.3000000000 -22.0059341252
53.4000000000 -22.0620113103
53.5000000000 -22.1181510815
53.6000000000 -22.1743555292
53.7000000000 -22.2306267322
53.8000000000 -22.2869667581
53.9000000000 -22.3433776632
54.0000000000 -22.3998614932
54.1000000000 -22.4564202827
54.2000000000 -22.5130560561
54.3000000000 -22.5697708273
54.4000000000 -22.6265665999
54.5000000000 -22.6834453676
54.6000000000 -22.7404091143
54.7000000000 -22.7974598138
54.8000000000 -22.8545994308
54.9000000000 -22.9118299202
55.0000000000 -22.9691532278
55.1000000000 -23.0265712900
55.2000000000 -23.0840860342
55.3000000000 -23.1416993789
55.4000000000 -23.1994132336
55.5000000000 -23.2572294991
55.6000000000 -23.3151500677
55.7000000000 -23.3731768227
55.8000000000 -23.4313116392
55.9000000000 -23.4895563838
56.0000000000 -23.5479129147
56.1000000000 -23.6063830817
56.2000000000 -23.6649687266
56.3000000000 -23.7236716827
56.4000000000 -23.7824937754
56.5000000000 -23.8414368217
56.6000000000 -23.9005026309
56.7000000000 -23.9596930039
56.8000000000 -24.0190097337
56.9000000000 -24.0784546053
57.0000000000 -24.1380293957
57.1000000000 -24.1977358738
57.2000000000 -24.2575758007
57.3000000000 -24.3175509293
57.4000000000 -24.3776630046
57.5000000000 -24.4379137636
57.6000000000 -24.4983049350
57.7000000000 -24.5588382398
57.8000000000 -24.6195153906
57.9000000000 -24.6803380921
58.0000000000 -24.7413080406
58.1000000000 -24.8024269243
58.2000000000 -24.8636964231
58.3000000000 -24.9251182084
58.4000000000 -24.9866939436
58.5000000000 -25.0484252832
58.6000000000 -25.1103138733
58.7000000000 -25.1723613516
58.8000000000 -25.2345693468
58.9000000000 -25.2969394790
59.0000000000 -25.3594733593
59.1000000000 -25.4221725900
59.2000000000 -25.4850387642
59.3000000000 -25.5480734659
59.4000000000 -25.6112782696
59.5000000000 -25.6746547407
59.6000000000 -25.7382044349
59.7000000000 -25.8019288984
59.8000000000 -25.8658296673
59.9000000000 -25.9299082681
60.0000000000 -25.9941662172
60.1000000000 -26.0586050208
60.2000000000 -26.1232261746
60.3000000000 -26.1880311640
60.4000000000 -26.2530214637
60.5000000000 -26.3181985376
60.6000000000 -26.3835638386
60.7000000000 -26.4491188085
60.8000000000 -26.5148648778
60.9000000000 -26.5808034654
61.0000000000 -26.6469359788
61.1000000000 -26.7132638134
61.2000000000 -26.7797883526
61.3000000000 -26.8465109677
61.4000000000 -26.9134330174
61.5000000000 -26.9805558480
61.6000000000 -27.0478807927
61.7000000000 -27.1154091720
61.8000000000 -27.1831422929
61.9000000000 -27.2510814489
62.0000000000 -27.3192279201
62.1000000000 -27.3875829726
62.2000000000 -27.4561478582
62.3000000000 -27.5249238147
62.4000000000 -27.5939120650
62.5000000000 -27.6631138174
62.6000000000 -27.7325302651
62.7000000000 -27.8021625861
62.8000000000 -27.8720119428
62.9000000000 -27.9420794820
63.0000000000 -28.0123663343
63.1000000000 -28.0828736142
63.2000000000 -28.1536024196
63.3000000000 -28.2245538319
63.4000000000 -28.2957289152
63.5000000000 -28.3671287165
63.6000000000 -28.4387542654
63.7000000000 -28.5106065736
63.8000000000 -28.5826866348
63.9000000000 -28.6549954245
64.0000000000 -28.7275338996
64.1000000000 -28.8003029981
64.2000000000 -28.8733036391
64.3000000000 -28.9465367224
64.4000000000 -29.0200031280
64.5000000000 -29.0937037162
64.6000000000 -29.1676393272
64.7000000000 -29.2418107807
64.8000000000 -29.3162188758
64.9000000000 -29.3908643906
65.0000000000 -29.4657480823
65.1000000000 -29.5408706862
65.2000000000 -29.6162329164
65.3000000000 -29.6918354645
65.4000000000 -29.7676790002
65.5000000000 -29.8437641707
65.6000000000 -29.9200916003
65.7000000000 -29.9966618904
65.8000000000 -30.0734756189
65.9000000000 -30.1505333405
66.0000000000 -30.2278355860
66.1000000000 -30.3053828619
66.2000000000 -30.3831756508
66.3000000000 -30.4612144106
66.4000000000 -30.5394995744
66.5000000000 -30.6180315504
66.6000000000 -30.6968107214
66.7000000000 -30.7758374448
66.8000000000 -30.8551120524
66.9000000000 -30.9346348498
67.0000000000 -31.0144061167
67.1000000000 -31.0944261062
67.2000000000 -31.1746950450
67.3000000000 -31.2552131328
67.4000000000 -31.3359805425
67.5000000000 -31.4169974195
67.6000000000 -31.4982638821
67.7000000000 -31.5797800207
67.8000000000 -31.6615458982
67.9000000000 -31.7435615493
68.0000000000 -31.8258269806
68.1000000000 -31.9083421706
68.2000000000 -31.9911070690
68.3000000000 -32.0741215970
68.4000000000 -32.1573856471
68.5000000000 -32.2408990829
68.6000000000 -32.3246617386
68.7000000000 -32.4086734196
68.8000000000 -32.4929339018
68.9000000000 -32.5774429316
69.0000000000 -32.6622002261
69.1000000000 -32.7472054725
69.2000000000 -32.8324583283
69.3000000000 -32.9179584214
69.4000000000 -33.0037053496
69.5000000000 -33.0896986807
69.6000000000 -33.1759379526
69.7000000000 -33.2624226730
69.8000000000 -33.3491523197
69.9000000000 -33.4361263400
70.0000000000 -33.5233441513
70.1000000000 -33.6108051406
70.2000000000 -33.6985086649
70.3000000000 -33.7864540508
70.4000000000 -33.8746405947
70.5000000000 -33.9630675631
70.6000000000 -34.0517341919
70.7000000000 -34.1406396874
70.8000000000 -34.2297832253
70.9000000000 -34.3191639518
71.0000000000 -34.4087809828
71.1000000000 -34.4986334046
71.2000000000 -34.5887202734
71.3000000000 -34.6790406162
71.4000000000 -34.7695934301
71.5000000000 -34.8603776828
71.6000000000 -34.9513923128
71.7000000000 -35.0426362293
71.8000000000 -35.1341083127
71.9000000000 -35.2258074141
72.0000000000 -35.3177323565
72.1000000000 -35.4098819338
72.2000000000 -35.5022549120
72.3000000000 -35.5948500288
72.4000000000 -35.6876659940
72.5000000000 -35.7807014897
72.6000000000 -35.8739551706
72.7000000000 -35.9674256641
72.8000000000 -36.0611115707
72.9000000000 -36.1550114641
73.0000000000 -36.2491238917
73.1000000000 -36.3434473746
73.2000000000 -36.4379804082
73.3000000000 -36.5327214622
73.4000000000 -36.6276689810
73.5000000000 -36.7228213843
73.6000000000 -36.8181770669
73.7000000000 -36.9137343995
73.8000000000 -37.0094917289
73.9000000000 -37.1054473783
74.0000000000 -37.2015996476
74.1000000000 -37.2979468139
74.2000000000 -37.3944871320
74.3000000000 -37.4912188345
74.4000000000 -37.5881401324
74.5000000000 -37.6852492155
74.6000000000 -37.7825442525
74.7000000000 -37.8800233920
74.8000000000 -37.9776847624
74.9000000000 -38.0755264728
75.0000000000 -38.1735466129
75.1000000000 -38.2717432539
75.2000000000 -38.3701144488
75.3000000000 -38.4686582328
75.4000000000 -38.5673726238
75.5000000000 -38.6662556231
75.6000000000 -38.7653052156
75.7000000000 -38.8645193702
75.8000000000 -38.9638960407
75.9000000000 -39.0634331660
76.0000000000 -39.1631286707
76.1000000000 -39.2629804653
76.2000000000 -39.3629864474
76.3000000000 -39.4631445016
76.4000000000 -39.5634525002
76.5000000000 -39.6639083037
76.6000000000 -39.7645097615
76.7000000000 -39.8652547122
76.8000000000 -39.9661409842
76.9000000000 -40.0671663963
77.0000000000 -40.1683287581
77.1000000000 -40.2696258708
77.2000000000 -40.3710555274
77.3000000000 -40.4726155134
77.4000000000 -40.5743036074
77.5000000000 -40.6761175816
77.6000000000 -40.7780552022
77.7000000000 -40.8801142301
77.8000000000 -40.9822924214
77.9000000000 -41.0845875280
78.0000000000 -41.1869972980
78.1000000000 -41.2895194763
78.2000000000 -41.3921518053
78.3000000000 -41.4948920249
78.4000000000 -41.5977378739
78.5000000000 -41.7006870896
78.6000000000 -41.8037374090
78.7000000000 -41.9068865692
78.8000000000 -42.0101323075
78.9000000000 -42.1134723625
79.0000000000 -42.2169044742
79.1000000000 -42.3204263846
79.2000000000 -42.4240358385
79.3000000000 -42.5277305836
79.4000000000 -42.6315083711
79.5000000000 -42.7353669564
79.6000000000 -42.8393040993
79.7000000000 -42.9433175648
79.8000000000 -43.0474051233
79.9000000000 -43.1515645510
80.0000000000 -43.2557936308
80.1000000000 -43.3600901525
80.2000000000 -43.4644519130
80.3000000000 -43.5688767171
80.4000000000 -43.6733623780
80.5000000000 -43.7779067172
80.6000000000 -43.8825075658
80.7000000000 -43.9871627638
80.8000000000 -44.0918701616
80.9000000000 -44.1966276196
81.0000000000 -44.3014330092
81.1000000000 -44.4062842125
81.2000000000 -44.5111791234
81.3000000000 -44.6161156476
81.4000000000 -44.7210917027
81.5000000000 -44.8261052192
81.6000000000 -44.9311541404
81.7000000000 -45.0362364226
81.8000000000 -45.1413500360
81.9000000000 -45.2464929644
82.0000000000 -45.3516632059
82.1000000000 -45.4568587730
82.2000000000 -45.5620776930
82.3000000000 -45.6673180081
82.4000000000 -45.7725777761
82.5000000000 -45.8778550701
82.6000000000 -45.9831479791
82.7000000000 -46.0884546080
82.8000000000 -46.1937730783
82.9000000000 -46.2991015278
83.0000000000 -46.4044381109
83.1000000000 -46.5097809990
83.2000000000 -46.6151283808
83.3000000000 -46.7204784619
83.4000000000 -46.8258294657
83.5000000000 -46.9311796330
83.6000000000 -47.0365272223
83.7000000000 -47.1418705102
83.8000000000 -47.2472077912
83.9000000000 -47.3525373780
84.0000000000 -47.4578576015
84.1000000000 -47.5631668109
84.2000000000 -47.6684633739
84.3000000000 -47.7737456769
84.4000000000 -47.8790121245
84.5000000000 -47.9842611404
84.6000000000 -48.0894911666
84.7000000000 -48.1947006641
84.8000000000 -48.2998881127
84.9000000000 -48.4050520107
85.0000000000 -48.5101908754
85.1000000000 -48.6153032431
85.2000000000 -48.7203876685
85.3000000000 -48.8254427255
85.4000000000 -48.9304670064
85.5000000000 -49.0354591224
85.6000000000 -49.1404177033
85.7000000000 -49.2453413978
85.8000000000 -49.3502288728
85.9000000000 -49.4550788139
86.0000000000 -49.5598899251
86.1000000000 -49.6646609286
86.2000000000 -49.7693905651
86.3000000000 -49.8740775932
86.4000000000 -49.9787207896
86.5000000000 -50.0833189489
86.6000000000 -50.1878708835
86.7000000000 -50.2923754233
86.8000000000 -50.3968314160
86.9000000000 -50.5012377262
87.0000000000 -50.6055932362
87.1000000000 -50.7098968448
87.2000000000 -50.8141474680
87.3000000000 -50.9183440383
87.4000000000 -51.0224855048
87.5000000000 -51.1265708328
87.6000000000 -51.2305990037
87.7000000000 -51.3345690148
87.8000000000 -51.4384798790
87.9000000000 -51.5423306248
88.0000000000 -51.6461202956
88.1000000000 -51.7498479503
88.2000000000 -51.8535126621
88.3000000000 -51.9571135189
88.4000000000 -52.0606496229
88.5000000000 -52.1641200902
88.6000000000 -52.2675240509
88.7000000000 -52.3708606483
88.8000000000 -52.4741290391
88.9000000000 -52.5773283930
89.0000000000 -52.6804578923
89.1000000000 -52.7835167316
89.2000000000 -52.8865041178
89.3000000000 -52.9894192697
89.4000000000 -53.0922614175
89.5000000000 -53.1950298025
89.6000000000 -53.2977236774
89.7000000000 -53.4003423051
89.8000000000 -53.5028849590
89.9000000000 -53.6053509228
90.0000000000 -53.7077394895
90.1000000000 -53.8100499617
90.2000000000 -53.9122816513
90.3000000000 -54.0144338787
90.4000000000 -54.1165059729
90.5000000000 -54.2184972710
90.6000000000 -54.3204071180
90.7000000000 -54.4222348663
90.8000000000 -54.5239798755
90.9000000000 -54.6256415122
91.0000000000 -54.7272191494
91.1000000000 -54.8287121661
91.2000000000 -54.9301199475
91.3000000000 -55.0314418843
91.4000000000 -55.1326773720
91.5000000000 -55.2338258116
91.6000000000 -55.3348866081
91.7000000000 -55.4358591710
91.8000000000 -55.5367429136
91.9000000000 -55.6375372528
92.0000000000 -55.7382416088
92.1000000000 -55.8388554044
92.2000000000 -55.9393780654
92.3000000000 -56.0398090195
92.4000000000 -56.1401476964
92.5000000000 -56.2403935277
92.6000000000 -56.3405459458
92.7000000000 -56.4406043843
92.8000000000 -56.5405682777
92.9000000000 -56.6404370603
93.0000000000 -56.7402101668
93.1000000000 -56.8398870315
93.2000000000 -56.9394670881
93.3000000000 -57.0389497694
93.4000000000 -57.1383345070
93.5000000000 -57.2376207308
93.6000000000 -57.3368078693
93.7000000000 -57.4358953485
93.8000000000 -57.5348825922
93.9000000000 -57.6337690216
94.0000000000 -57.7325540547
94.1000000000 -57.8312371065
94.2000000000 -57.9298175885
94.3000000000 -58.0282949081
94.4000000000 -58.1266684690
94.5000000000 -58.2249376705
94.6000000000 -58.3231019073
94.7000000000 -58.4211605693
94.8000000000 -58.5191130413
94.9000000000 -58.6169587029
95.0000000000 -58.7146969280
95.1000000000 -58.8123270849
95.2000000000 -58.9098485359
95.3000000000 -59.0072606368
95.4000000000 -59.1045627373
95.5000000000 -59.2017541803
95.6000000000 -59.2988343019
95.7000000000 -59.3958024311
95.8000000000 -59.4926578896
95.9000000000 -59.5893999920
96.0000000000 -59.6860280448
96.1000000000 -59.7825413471
96.2000000000 -59.8789391899
96.3000000000 -59.9752208562
96.4000000000 -60.0713856205
96.5000000000 -60.1674327492
96.6000000000 -60.2633614998
96.7000000000 -60.3591711216
96.8000000000 -60.4548608546
96.9000000000 -60.5504299300
97.0000000000 -60.6458775703
97.1000000000 -60.7412029883
97.2000000000 -60.8364053879
97.3000000000 -60.9314839637
97.4000000000 -61.0264379006
97.5000000000 -61.1212663741
97.6000000000 -61.2159685503
97.7000000000 -61.3105435855
97.8000000000 -61.4049906263
97.9000000000 -61.4993088095
98.0000000000 -61.5934972624
98.1000000000 -61.6875551021
98.2000000000 -61.7814814361
98.3000000000 -61.8752753621
98.4000000000 -61.9689359676
98.5000000000 -62.0624623305
98.6000000000 -62.1558535189
98.7000000000 -62.2491085907
98.8000000000 -62.3422265943
98.9000000000 -62.4352065680
99.0000000000 -62.5280475407
99.1000000000 -62.6207485311
99.2000000000 -62.7133085485
99.3000000000 -62.8057265925
99.4000000000 -62.8980016531
99.5000000000 -62.9901327108
99.6000000000 -63.0821187368
99.7000000000 -63.1739586928
99.8000000000 -63.2656515314
99.9000000000 -63.3571961958
100.0000000000 -63.4485916204
100.1000000000 -63.5398367307
100.2000000000 -63.6309304431
100.3000000000 -63.7218716657
100.4000000000 -63.8126592978
100.5000000000 -63.9032922303
100.6000000000 -63.9937693460
100.7000000000 -64.0840895194
100.8000000000 -64.1742516172
100.9000000000 -64.2642544983
101.0000000000 -64.3540970140
101.1000000000 -64.4437780079
101.2000000000 -64.5332963169
101.3000000000 -64.6226507702
101.4000000000 -64.7118401908
101.5000000000 -64.8008633945
101.6000000000 -64.8897191908
101.7000000000 -64.9784063832
101.8000000000 -65.0669237690
101.9000000000 -65.1552701395
102.0000000000 -65.2434442807
102.1000000000 -65.3314449733
102.2000000000 -65.4192709926
102.3000000000 -65.5069211093
102.4000000000 -65.5943940894
102.5000000000 -65.6816886946
102.6000000000 -65.7688036822
102.7000000000 -65.8557378061
102.8000000000 -65.9424898162
102.9000000000 -66.0290584593
103.0000000000 -66.1154424791
103.1000000000 -66.2016406164
103.2000000000 -66.2876516097
103.3000000000 -66.3734741952
103.4000000000 -66.4591071069
103.5000000000 -66.5445490774
103.6000000000 -66.6297988379
103.7000000000 -66.7148551185
103.8000000000 -66.7997166483
103.9000000000 -66.8843821561
104.0000000000 -66.9688503705
104.1000000000 -67.0531200200
104.2000000000 -67.1371898336
104.3000000000 -67.2210585409
104.4000000000 -67.3047248726
104.5000000000 -67.3881875606
104.6000000000 -67.4714453383
104.7000000000 -67.5544969411
104.8000000000 -67.6373411065
104.9000000000 -67.7199765744
105.0000000000 -67.8024020876
105.1000000000 -67.8846163920
105.2000000000 -67.9666182368
105.3000000000 -68.0484063747
105.4000000000 -68.1299795626
105.5000000000 -68.2113365616
105.6000000000 -68.2924761373
105.7000000000 -68.3733970599
105.8000000000 -68.4540981051
105.9000000000 -68.5345780536
106.0000000000 -68.6148356919
106.1000000000 -68.6948698124
106.2000000000 -68.7746792135
106.3000000000 -68.8542627000
106.4000000000 -68.9336190835
106.5000000000 -69.0127471821
106.6000000000 -69.0916458212
106.7000000000 -69.1703138333
106.8000000000 -69.2487500580
106.9000000000 -69.3269533429
107.0000000000 -69.4049225429
107.1000000000 -69.4826565206
107.2000000000 -69.5601541467
107.3000000000 -69.6374142992
107.4000000000 -69.7144358645
107.5000000000 -69.7912177362
107.6000000000 -69.8677588159
107.7000000000 -69.9440580123
107.8000000000 -70.0201142417
107.9000000000 -70.0959264269
108.0000000000 -70.1714934974
108.1000000000 -70.2468143887
108.2000000000 -70.3218880415
108.3000000000 -70.3967134011
108.4000000000 -70.4712894165
108.5000000000 -70.5456150392
108.6000000000 -70.6196892221
108.7000000000 -70.6935109178
108.8000000000 -70.7670790768
108.9000000000 -70.8403926454
109.0000000000 -70.9134505637
109.1000000000 -70.9862517619
109.2000000000 -71.0587951577
109.3000000000 -71.1310796522
109.4000000000 -71.2031041255
109.5000000000 -71.2748674311
109.6000000000 -71.3463683908
109.7000000000 -71.4176057868
109.8000000000 -71.4885783541
109.9000000000 -71.5592847713
110.0000000000 -71.6297236497
110.1000000000 -71.6998935209
110.2000000000 -71.7697928224
110.3000000000 -71.8394198811
110.4000000000 -71.9087728939
110.5000000000 -71.9778499059
110.6000000000 -72.0466487846
110.7000000000 -72.1151671905
110.8000000000 -72.1834025424
110.9000000000 -72.2513519787
111.0000000000 -72.3190123113
111.1000000000 -72.3863799730
111.2000000000 -72.4534509568
111.3000000000 -72.5202207452
111.4000000000 -72.5866842292
111.5000000000 -72.6528356143
111.6000000000 -72.7186683117
111.7000000000 -72.7841748128
111.8000000000 -72.8493465442
111.9000000000 -72.9141737001
112.0000000000 -72.9786450478
112.1000000000 -73.0427477039
112.2000000000 -73.1064668750
112.3000000000 -73.1697855573
112.4000000000 -73.2326841905
112.5000000000 -73.2951402562
112.6000000000 -73.3571278142
112.7000000000 -73.4186169658
112.8000000000 -73.4795732326
112.9000000000 -73.5399568391
113.0000000000 -73.5997218806
113.1000000000 -73.6588153623
113.2000000000 -73.7171760863
113.3000000000 -73.7747333635
113.4000000000 -73.8314055234
113.5000000000 -73.8870981889
113.6000000000 -73.9417022788
113.7000000000 -73.9950916961
113.8000000000 -74.0471206513
113.9000000000 -74.0976205631
114.0000000000 -74.1463964700
114.1000000000 -74.1932228743
114.2000000000 -74.2378389292
114.3000000000 -74.2799428651
114.4000000000 -74.3191855328
114.5000000000 -74.3551629247
114.6000000000 -74.3874075107
114.7000000000 -74.4153782016
114.8000000000 -74.4384487191
114.9000000000 -74.4558941229
115.0000000000 -74.4668751979
115.1000000000 -74.4704203633
115.2000000000 -74.4654047101
115.3000000000 -74.4505257076
115.4000000000 -74.4242750536
115.5000000000 -74.3849060526
115.6000000000 -74.3303958149
115.7000000000 -74.2584014550
115.8000000000 -74.1662093404
115.9000000000 -74.0506762932
116.0000000000 -73.9081614764
116.1000000000 -73.7344475000
116.2000000000 -73.5246490572
116.3000000000 -73.2731071390
116.4000000000 -72.9732665794
116.5000000000 -72.6175343334
116.6000000000 -72.1971154935
116.7000000000 -71.7018235737
116.8000000000 -71.1198610279
116.9000000000 -70.4375652730
117.0000000000 -69.6391145944
117.1000000000 -68.7061870994
117.2000000000 -67.6175641318
117.3000000000 -66.3486668607
117.4000000000 -64.8710103328
117.5000000000 -63.1515517339
117.6000000000 -61.1518963521
117.7000000000 -58.8273012519
117.8000000000 -56.1253754007
117.9000000000 -52.9843048360
118.0000000000 -49.3303203217
118.1000000000 -45.0739719525
118.2000000000 -40.1046210749
118.3000000000 -34.2825262534
118.4000000000 -27.4282374149
118.5000000000 -19.3110745167
118.6000000000 -9.6534168514
118.7000000000 1.7440079708
118.8000000000 14.3427349027
118.9000000000 25.5044132393
119.0000000000 31.9366560446
119.1000000000 34.1329401451
119.2000000000 34.7271129289
119.3000000000 35.0629836810
119.4000000000 35.3782570449
119.5000000000 35.6651661219
119.6000000000 35.9050772846
119.7000000000 36.0909028364
119.8000000000 36.2228438337
119.9000000000 36.3043750167
120.0000000000 36.3400747375
120.1000000000 36.3345901998
120.2000000000 36.2921944299
120.3000000000 36.2166363148
120.4000000000 36.1111290917
120.5000000000 35.9783988046
120.6000000000 35.8207537090
120.7000000000 35.6401559495
120.8000000000 35.4382872468
120.9000000000 35.2166055623
121.0000000000 34.9763922520
121.1000000000 34.7187903733
121.2000000000 34.4448352498
121.3000000000 34.1554785023
121.4000000000 33.8516066845
121.5000000000 33.5340555395
121.6000000000 33.2036207437
121.7000000000 32.8610658655
121.8000000000 32.5071281411
121.9000000000 32.1425225580
122.0000000000 31.7679446467
122.1000000000 31.3840722999
122.2000000000 30.9915668770
122.3000000000 30.5910737891
122.4000000000 30.1832227082
122.5000000000 29.7686274788
122.6000000000 29.3478857129
122.7000000000 28.9215778773
122.8000000000 28.4902654896
122.9000000000 28.0544881998
123.0000000000 27.6147602140
123.1000000000 27.1715671424
123.2000000000 26.7253643477
123.3000000000 26.2765772674
123.4000000000 25.8256034722
123.5000000000 25.3728157693
123.6000000000 24.9185655941
123.7000000000 24.4631861059
123.8000000000 24.0069946710
123.9000000000 23.5502946484
124.0000000000 23.0933765461
124.1000000000 22.6365186869
124.2000000000 22.1799875392
124.3000000000 21.7240378484
124.4000000000 21.2689126746
124.5000000000 20.8148434085
124.6000000000 20.3620498126
124.7000000000 19.9107401090
124.8000000000 19.4611111259
124.9000000000 19.0133484998
125.0000000000 18.5676269315
125.1000000000 18.1241104838
125.2000000000 17.6829529162
125.3000000000 17.2442980442
125.4000000000 16.8082801184
125.5000000000 16.3750242135
125.6000000000 15.9446466254
125.7000000000 15.5172552673
125.8000000000 15.0929500648
125.9000000000 14.6718233452
126.0000000000 14.2539602187
126.1000000000 13.8394389512
126.2000000000 13.4283313251
126.3000000000 13.0207029900
126.4000000000 12.6166137991
126.5000000000 12.2161181346
126.6000000000 11.8192652182
126.7000000000 11.4260994084
126.8000000000 11.0366604844
126.9000000000 10.6509839153
127.0000000000 10.2691011154
127.1000000000 9.8910396855
127.2000000000 9.5168236406
127.3000000000 9.1464736228
127.4000000000 8.7800071017
127.5000000000 8.4174385600
127.6000000000 8.0587796680
127.7000000000 7.7040394433
127.8000000000 7.3532244001
127.9000000000 7.0063386857
128.0000000000 6.6633842063
128.1000000000 6.3243607429
128.2000000000 5.9892660558
128.3000000000 5.6580959819
128.4000000000 5.3308445218
128.5000000000 5.0075039202
128.6000000000 4.6880647392
128.7000000000 4.3725159244
128.8000000000 4.0608448663
128.9000000000 3.7530374566
129.0000000000 3.4490781393
129.1000000000 3.1489499592
129.2000000000 2.8526346068
129.3000000000 2.5601124601
129.4000000000 2.2713626257
129.5000000000 1.9863629765
129.6000000000 1.7050901896
129.7000000000 1.4275197829
129.8000000000 1.1536261508
129.9000000000 0.8833826002
130.0000000000 0.6167613863
130.1000000000 0.3537337482
130.2000000000 0.0942699458
130.3000000000 -0.1616607039
130.4000000000 -0.4140897894
130.5000000000 -0.6630497665
130.6000000000 -0.9085739205
130.7000000000 -1.1506963259
130.8000000000 -1.3894518077
130.9000000000 -1.6248759006
131.0000000000 -1.8570048079
131.1000000000 -2.0858753607
131.2000000000 -2.3115249759
131.3000000000 -2.5339916144
131.4000000000 -2.7533137391
131.5000000000 -2.9695302726
131.6000000000 -3.1826805548
131.7000000000 -3.3928043017
131.8000000000 -3.5999415627
131.9000000000 -3.8041326801
132.0000000000 -4.0054182476
132.1000000000 -4.2038390701
132.2000000000 -4.3994361240
132.3000000000 -4.5922505182
132.4000000000 -4.7823234562
132.5000000000 -4.9696961985
132.6000000000 -5.1544100264
132.7000000000 -5.3365062071
132.8000000000 -5.5160259592
132.9000000000 -5.6930104199
133.0000000000 -5.8675006133
133.1000000000 -6.0395374197
133.2000000000 -6.2091615464
133.3000000000 -6.3764135000
133.4000000000 -6.5413335592
133.5000000000 -6.7039617499
133.6000000000 -6.8643378210
133.7000000000 -7.0225012217
133.8000000000 -7.1784910804
133.9000000000 -7.3323461844
134.0000000000 -7.4841049614
134.1000000000 -7.6338054619
134.2000000000 -7.7814853432
134.3000000000 -7.9271818543
134.4000000000 -8.0709318227
134.5000000000 -8.2127716413
134.6000000000 -8.3527372576
134.7000000000 -8.4908641631
134.8000000000 -8.6271873845
134.9000000000 -8.7617414756
135.0000000000 -8.8945605101
135.1000000000 -9.0256780757
135.2000000000 -9.1551272689
135.3000000000 -9.2829406910
135.4000000000 -9.4091504443
135.5000000000 -9.5337881299
135.6000000000 -9.6568848459
135.7000000000 -9.7784711860
135.8000000000 -9.8985772396
135.9000000000 -10.0172325919
136.0000000000 -10.1344663247
136.1000000000 -10.2503070180
136.2000000000 -10.3647827520
136.3000000000 -10.4779211096
136.4000000000 -10.5897491797
136.5000000000 -10.7002935600
136.6000000000 -10.8095803614
136.7000000000 -10.9176352119
136.8000000000 -11.0244832615
136.9000000000 -11.1301491866
137.0000000000 -11.2346571954
137.1000000000 -11.3380310333
137.2000000000 -11.4402939886
137.3000000000 -11.5414688979
137.4000000000 -11.6415781529
137.5000000000 -11.7406437060
137.6000000000 -11.8386870767
137.7000000000 -11.9357293582
137.8000000000 -12.0317912239
137.9000000000 -12.1268929343
138.0000000000 -12.2210543433
138.1000000000 -12.3142949050
138.2000000000 -12.4066336811
138.3000000000 -12.4980893471
138.4000000000 -12.5886801994
138.5000000000 -12.6784241623
138.6000000000 -12.7673387948
138.7000000000 -12.8554412974
138.8000000000 -12.9427485188
138.9000000000 -13.0292769630
139.0000000000 -13.1150427960
139.1000000000 -13.2000618523
139.2000000000 -13.2843496416
139.3000000000 -13.3679213556
139.4000000000 -13.4507918745
139.5000000000 -13.5329757732
139.6000000000 -13.6144873278
139.7000000000 -13.6953405223
139.8000000000 -13.7755490543
139.9000000000 -13.8551263412
140.0000000000 -13.9340855266
140.1000000000 -14.0124394861
140.2000000000 -14.0902008330
140.3000000000 -14.1673819243
140.4000000000 -14.2439948664
140.5000000000 -14.3200515205
140.6000000000 -14.3955635082
140.7000000000 -14.4705422169
140.8000000000 -14.5449988053
140.9000000000 -14.6189442081
141.0000000000 -14.6923891417
141.1000000000 -14.7653441087
141.2000000000 -14.8378194032
141.3000000000 -14.9098251153
141.4000000000 -14.9813711361
141.5000000000 -15.0524671620
141.6000000000 -15.1231226997
141.7000000000 -15.1933470701
141.8000000000 -15.2631494129
141.9000000000 -15.3325386908
142.0000000000 -15.4015236939
142.1000000000 -15.4701130432
142.2000000000 -15.5383151951
142.3000000000 -15.6061384452
142.4000000000 -15.6735909318
142.5000000000 -15.7406806400
142.6000000000 -15.8074154049
142.7000000000 -15.8738029156
142.8000000000 -15.9398507184
142.9000000000 -16.0055662203
143.0000000000 -16.0709566922
143.1000000000 -16.1360292723
143.2000000000 -16.2007909691
143.3000000000 -16.2652486644
143.4000000000 -16.3294091167
143.5000000000 -16.3932789638
143.6000000000 -16.4568647258
143.7000000000 -16.5201728079
143.8000000000 -16.5832095029
143.9000000000 -16.6459809945
144.0000000000 -16.7084933590
144.1000000000 -16.7707525689
144.2000000000 -16.8327644944
144.3000000000 -16.8945349064
144.4000000000 -16.9560694788
144.5000000000 -17.0173737907
144.6000000000 -17.0784533287
144.7000000000 -17.1393134890
144.8000000000 -17.1999595798
144.9000000000 -17.2603968231
145.0000000000 -17.3206303570
145.1000000000 -17.3806652376
145.2000000000 -17.4405064409
145.3000000000 -17.5001588645
145.4000000000 -17.5596273301
145.5000000000 -17.6189165846
145.6000000000 -17.6780313023
145.7000000000 -17.7369760865
145.8000000000 -17.7957554709
145.9000000000 -17.8543739219
146.0000000000 -17.9128358395
146.1000000000 -17.9711455594
146.2000000000 -18.0293073541
146.3000000000 -18.0873254347
146.4000000000 -18.1452039522
146.5000000000 -18.2029469989
146.6000000000 -18.2605586098
146.7000000000 -18.3180427642
146.8000000000 -18.3754033866
146.9000000000 -18.4326443481
147.0000000000 -18.4897694679
147.1000000000 -18.5467825144
147.2000000000 -18.6036872061
147.3000000000 -18.6604872132
147.4000000000 -18.7171861585
147.5000000000 -18.7737876186
147.6000000000 -18.8302951249
147.7000000000 -18.8867121646
147.8000000000 -18.9430421821
147.9000000000 -18.9992885793
148.0000000000 -19.0554547175
148.1000000000 -19.1115439176
148.2000000000 -19.1675594612
148.3000000000 -19.2235045920
148.4000000000 -19.2793825160
148.5000000000 -19.3351964027
148.6000000000 -19.3909493862
148.7000000000 -19.4466445654
148.8000000000 -19.5022850055
148.9000000000 -19.5578737382
149.0000000000 -19.6134137629
149.1000000000 -19.6689080473
149.2000000000 -19.7243595279
149.3000000000 -19.7797711113
149.4000000000 -19.8351456742
149.5000000000 -19.8904860646
149.6000000000 -19.9457951022
149.7000000000 -20.0010755792
149.8000000000 -20.0563302609
149.9000000000 -20.1115618861
150.0000000000 -20.1667731681
150.1000000000 -20.2219667950
150.2000000000 -20.2771454305
150.3000000000 -20.3323117140
150.4000000000 -20.3874682617
150.5000000000 -20.4426176669
150.6000000000 -20.4977625005
150.7000000000 -20.5529053115
150.8000000000 -20.6080486276
150.9000000000 -20.6631949554
151.0000000000 -20.7183467814
151.1000000000 -20.7735065718
151.2000000000 -20.8286767737
151.3000000000 -20.8838598147
151.4000000000 -20.9390581041
151.5000000000 -20.9942740326
151.6000000000 -21.0495099735
151.7000000000 -21.1047682824
151.8000000000 -21.1600512978
151.9000000000 -21.2153613417
152.0000000000 -21.2707007197
152.1000000000 -21.3260717215
152.2000000000 -21.3814766210
152.3000000000 -21.4369176770
152.4000000000 -21.4923971333
152.5000000000 -21.5479172191
152.6000000000 -21.6034801492
152.7000000000 -21.6590881243
152.8000000000 -21.7147433315
152.9000000000 -21.7704479444
153.0000000000 -21.8262041234
153.1000000000 -21.8820140160
153.2000000000 -21.9378797570
153.3000000000 -21.9938034687
153.4000000000 -22.0497872615
153.5000000000 -22.1058332336
153.6000000000 -22.1619434716
153.7000000000 -22.2181200506
153.8000000000 -22.2743650344
153.9000000000 -22.3306804758
154.0000000000 -22.3870684166
154.1000000000 -22.4435308879
154.2000000000 -22.5000699105
154.3000000000 -22.5566874947
154.4000000000 -22.6133856407
154.5000000000 -22.6701663386
154.6000000000 -22.7270315687
154.7000000000 -22.7839833018
154.8000000000 -22.8410234990
154.9000000000 -22.8981541119
155.0000000000 -22.9553770829
155.1000000000 -23.0126943452
155.2000000000 -23.0701078232
155.3000000000 -23.1276194319
155.4000000000 -23.1852310780
155.5000000000 -23.2429446591
155.6000000000 -23.3007620643
155.7000000000 -23.3586851741
155.8000000000 -23.4167158606
155.9000000000 -23.4748559874
156.0000000000 -23.5331074100
156.1000000000 -23.5914719755
156.2000000000 -23.6499515226
156.3000000000 -23.7085478822
156.4000000000 -23.7672628769
156.5000000000 -23.8260983213
156.6000000000 -23.8850560219
156.7000000000 -23.9441377772
156.8000000000 -24.0033453778
156.9000000000 -24.0626806064
157.0000000000 -24.1221452375
157.1000000000 -24.1817410380
157.2000000000 -24.2414697666
157.3000000000 -24.3013331741
157.4000000000 -24.3613330034
157.5000000000 -24.4214709895
157.6000000000 -24.4817488594
157.7000000000 -24.5421683319
157.8000000000 -24.6027311180
157.9000000000 -24.6634389206
158.0000000000 -24.7242934343
158.1000000000 -24.7852963457
158.2000000000 -24.8464493332
158.3000000000 -24.9077540670
158.4000000000 -24.9692122086
158.5000000000 -25.0308254117
158.6000000000 -25.0925953210
158.7000000000 -25.1545235730
158.8000000000 -25.2166117954
158.9000000000 -25.2788616074
159.0000000000 -25.3412746193
159.1000000000 -25.4038524323
159.2000000000 -25.4665966391
159.3000000000 -25.5295088228
159.4000000000 -25.5925905577
159.5000000000 -25.6558434085
159.6000000000 -25.7192689307
159.7000000000 -25.7828686701
159.8000000000 -25.8466441628
159.9000000000 -25.9105969353
160.0000000000 -25.9747285039
160.1000000000 -26.0390403749
160.2000000000 -26.1035340445
160.3000000000 -26.1682109983
160.4000000000 -26.2330727114
160.5000000000 -26.2981206484
160.6000000000 -26.3633562628
160.7000000000 -26.4287809973
160.8000000000 -26.4943962832
160.9000000000 -26.5602035405
161.0000000000 -26.6262041777
161.1000000000 -26.6923995915
161.2000000000 -26.7587911667
161.3000000000 -26.8253802761
161.4000000000 -26.8921682801
161.5000000000 -26.9591565265
161.6000000000 -27.0263463506
161.7000000000 -27.0937390746
161.8000000000 -27.1613360079
161.9000000000 -27.2291384461
162.0000000000 -27.2971476716
162.1000000000 -27.3653649531
162.2000000000 -27.4337915451
162.3000000000 -27.5024286879
162.4000000000 -27.5712776076
162.5000000000 -27.6403395153
162.6000000000 -27.7096156076
162.7000000000 -27.7791070657
162.8000000000 -27.8488150554
162.9000000000 -27.9187407271
163.0000000000 -27.9888852153
163.1000000000 -28.0592496381
163.2000000000 -28.1298350978
163.3000000000 -28.2006426796
163.4000000000 -28.2716734522
163.5000000000 -28.3429284670
163.6000000000 -28.4144087581
163.7000000000 -28.4861153420
163.8000000000 -28.5580492174
163.9000000000 -28.6302113648
164.0000000000 -28.7026027463
164.1000000000 -28.7752243053
164.2000000000 -28.8480769666
164.3000000000 -28.9211616354
164.4000000000 -28.9944791977
164.5000000000 -29.0680305197
164.6000000000 -29.1418164478
164.7000000000 -29.2158378080
164.8000000000 -29.2900954058
164.9000000000 -29.3645900261
165.0000000000 -29.4393224325
165.1000000000 -29.5142933676
165.2000000000 -29.5895035524
165.3000000000 -29.6649536857
165.4000000000 -29.7406444448
165.5000000000 -29.8165764842
165.6000000000 -29.8927504360
165.7000000000 -29.9691669095
165.8000000000 -30.0458264907
165.9000000000 -30.1227297423
166.0000000000 -30.1998772033
166.1000000000 -30.2772693891
166.2000000000 -30.3549067907
166.3000000000 -30.4327898748
166.4000000000 -30.5109190834
166.5000000000 -30.5892948338
166.6000000000 -30.6679175180
166.7000000000 -30.7467875030
166.8000000000 -30.8259051299
166.9000000000 -30.9052707141
167.0000000000 -30.9848845450
167.1000000000 -31.0647468859
167.2000000000 -31.1448579733
167.3000000000 -31.2252180175
167.4000000000 -31.3058272014
167.5000000000 -31.3866856813
167.6000000000 -31.4677935858
167.7000000000 -31.5491510165
167.8000000000 -31.6307580469
167.9000000000 -31.7126147228
168.0000000000 -31.7947210622
168.1000000000 -31.8770770546
168.2000000000 -31.9596826613
168.3000000000 -32.0425378151
168.4000000000 -32.1256424200
168.5000000000 -32.2089963514
168.6000000000 -32.2925994555
168.7000000000 -32.3764515496
168.8000000000 -32.4605524217
168.9000000000 -32.5449018305
169.0000000000 -32.6294995053
169.1000000000 -32.7143451457
169.2000000000 -32.7994384219
169.3000000000 -32.8847789741
169.4000000000 -32.9703664128
169.5000000000 -33.0562003186
169.6000000000 -33.1422802423
169.7000000000 -33.2286057046
169.8000000000 -33.3151761959
169.9000000000 -33.4019911769
170.0000000000 -33.4890500779
170.1000000000 -33.5763522992
170.2000000000 -33.6638972109
170.3000000000 -33.7516841530
170.4000000000 -33.8397124352
170.5000000000 -33.9279813371
170.6000000000 -34.0164901085
170.7000000000 -34.1052379686
170.8000000000 -34.1942241071
170.9000000000 -34.2834476832
171.0000000000 -34.3729078266
171.1000000000 -34.4626036370
171.2000000000 -34.5525341843
171.3000000000 -34.6426985089
171.4000000000 -34.7330956215
171.5000000000 -34.8237245034
171.6000000000 -34.9145841065
171.7000000000 -35.0056733537
171.8000000000 -35.0969911387
171.9000000000 -35.1885363263
172.0000000000 -35.2803077528
172.1000000000 -35.3723042258
172.2000000000 -35.4645245243
172.3000000000 -35.5569673997
172.4000000000 -35.6496315749
172.5000000000 -35.7425157453
172.6000000000 -35.8356185788
172.7000000000 -35.9289387160
172.8000000000 -36.0224747703
172.9000000000 -36.1162253287
173.0000000000 -36.2101889512
173.1000000000 -36.3043641720
173.2000000000 -36.3987494990
173.3000000000 -36.4933434147
173.4000000000 -36.5881443761
173.5000000000 -36.6831508152
173.6000000000 -36.7783611394
173.7000000000 -36.8737737315
173.8000000000 -36.9693869504
173.9000000000 -37.0651991313
174.0000000000 -37.1612085860
174.1000000000 -37.2574136035
174.2000000000 -37.3538124501
174.3000000000 -37.4504033699
174.4000000000 -37.5471845852
174.5000000000 -37.6441542969
174.6000000000 -37.7413106849
174.7000000000 -37.8386519087
174.8000000000 -37.9361761074
174.9000000000 -38.0338814005
175.0000000000 -38.1317658882
175.1000000000 -38.2298276519
175.2000000000 -38.3280647547
175.3000000000 -38.4264752415
175.4000000000 -38.5250571400
175.5000000000 -38.6238084610
175.6000000000 -38.7227271985
175.7000000000 -38.8218113307
175.8000000000 -38.9210588203
175.9000000000 -39.0204676147
176.0000000000 -39.1200356471
176.1000000000 -39.2197608365
176.2000000000 -39.3196410882
176.3000000000 -39.4196742949
176.4000000000 -39.5198583365
176.5000000000 -39.6201910809
176.6000000000 -39.7206703847
176.7000000000 -39.8212940935
176.8000000000 -39.9220600425
176.9000000000 -40.0229660569
177.0000000000 -40.1240099529
177.1000000000 -40.2251895374
177.2000000000 -40.3265026094
177.3000000000 -40.4279469601
177.4000000000 -40.5295203734
177.5000000000 -40.6312206265
177.6000000000 -40.7330454907
177.7000000000 -40.8349927315
177.8000000000 -40.9370601094
177.9000000000 -41.0392453804
178.0000000000 -41.1415462967
178.1000000000 -41.2439606068
178.2000000000 -41.3464860564
178.3000000000 -41.4491203890
178.4000000000 -41.5518613460
178.5000000000 -41.6547066676
178.6000000000 -41.7576540934
178.7000000000 -41.8607013624
178.8000000000 -41.9638462142
178.9000000000 -42.0670863891
179.0000000000 -42.1704196286
179.1000000000 -42.2738436760
179.2000000000 -42.3773562772
179.3000000000 -42.4809551806
179.4000000000 -42.5846381381
179.5000000000 -42.6884029054
179.6000000000 -42.7922472424
179.7000000000 -42.8961689140
179.8000000000 -43.0001656902
179.9000000000 -43.1042353468
180.0000000000 -43.2083756657
180.1000000000 -43.3125844358
180.2000000000 -43.4168594528
180.3000000000 -43.5211985200
180.4000000000 -43.6255994489
180.5000000000 -43.7300600592
180.6000000000 -43.8345781798
180.7000000000 -43.9391516485
180.8000000000 -44.0437783131
180.9000000000 -44.1484560315
181.0000000000 -44.2531826719
181.1000000000 -44.3579561136
181.2000000000 -44.4627742471
181.3000000000 -44.5676349744
181.4000000000 -44.6725362099
181.5000000000 -44.7774758799
181.6000000000 -44.8824519237
181.7000000000 -44.9874622937
181.8000000000 -45.0925049554
181.9000000000 -45.1975778883
182.0000000000 -45.3026790856
182.1000000000 -45.4078065552
182.2000000000 -45.5129583192
182.3000000000 -45.6181324149
182.4000000000 -45.7233268944
182.5000000000 -45.8285398257
182.6000000000 -45.9337692921
182.7000000000 -46.0390133929
182.8000000000 -46.1442702436
182.9000000000 -46.2495379760
183.0000000000 -46.3548147387
183.1000000000 -46.4600986967
183.2000000000 -46.5653880324
183.3000000000 -46.6706809450
183.4000000000 -46.7759756514
183.5000000000 -46.8812703858
183.6000000000 -46.9865634001
183.7000000000 -47.0918529639
183.8000000000 -47.1971373649
183.9000000000 -47.3024149089
184.0000000000 -47.4076839198
184.1000000000 -47.5129427396
184.2000000000 -47.6181897290
184.3000000000 -47.7234232670
184.4000000000 -47.8286417511
184.5000000000 -47.9338435976
184.6000000000 -48.0390272411
184.7000000000 -48.1441911353
184.8000000000 -48.2493337524
184.9000000000 -48.3544535834
185.0000000000 -48.4595491382
185.1000000000 -48.5646189452
185.2000000000 -48.6696615519
185.3000000000 -48.7746755245
185.4000000000 -48.8796594478
185.5000000000 -48.9846119255
185.6000000000 -49.0895315799
185.7000000000 -49.1944170519
185.8000000000 -49.2992670010
185.9000000000 -49.4040801054
186.0000000000 -49.5088550614
186.1000000000 -49.6135905839
186.2000000000 -49.7182854061
186.3000000000 -49.8229382791
186.4000000000 -49.9275479724
186.5000000000 -50.0321132731
186.6000000000 -50.1366329864
186.7000000000 -50.2411059350
186.8000000000 -50.3455309592
186.9000000000 -50.4499069169
187.0000000000 -50.5542326829
187.1000000000 -50.6585071493
187.2000000000 -50.7627292250
187.3000000000 -50.8668978358
187.4000000000 -50.9710119239
187.5000000000 -51.0750704480
187.6000000000 -51.1790723828
187.7000000000 -51.2830167192
187.8000000000 -51.3869024636
187.9000000000 -51.4907286381
188.0000000000 -51.5944942801
188.1000000000 -51.6981984422
188.2000000000 -51.8018401916
188.3000000000 -51.9054186103
188.4000000000 -52.0089327948
188.5000000000 -52.1123818555
188.6000000000 -52.2157649167
188.7000000000 -52.3190811165
188.8000000000 -52.4223296063
188.9000000000 -52.5255095504
189.0000000000 -52.6286201261
189.1000000000 -52.7316605233
189.2000000000 -52.8346299439
189.3000000000 -52.9375276020
189.4000000000 -53.0403527234
189.5000000000 -53.1431045451
189.6000000000 -53.2457823153
189.7000000000 -53.3483852931
189.8000000000 -53.4509127479
189.9000000000 -53.5533639594
190.0000000000 -53.6557382172
190.1000000000 -53.7580348204
190.2000000000 -53.8602530775
190.3000000000 -53.9623923057
190.4000000000 -54.0644518311
190.5000000000 -54.1664309879
190.6000000000 -54.2683291184
190.7000000000 -54.3701455726
190.8000000000 -54.4718797077
190.9000000000 -54.5735308879
191.0000000000 -54.6750984844
191.1000000000 -54.7765818743
191.2000000000 -54.8779804411
191.3000000000 -54.9792935739
191.4000000000 -55.0805206671
191.5000000000 -55.1816611202
191.6000000000 -55.2827143374
191.7000000000 -55.3836797274
191.8000000000 -55.4845567027
191.9000000000 -55.5853446797
192.0000000000 -55.6860430784
192.1000000000 -55.7866513214
192.2000000000 -55.8871688344
192.3000000000 -55.9875950455
192.4000000000 -56.0879293847
192.5000000000 -56.1881712840
192.6000000000 -56.2883201768
192.7000000000 -56.3883754974
192.8000000000 -56.4883366812
192.9000000000 -56.5882031640
193.0000000000 -56.6879743818
193.1000000000 -56.7876497704
193.2000000000 -56.8872287652
193.3000000000 -56.9867108010
193.4000000000 -57.0860953113
193.5000000000 -57.1853817284
193.6000000000 -57.2845694830
193.7000000000 -57.3836580038
193.8000000000 -57.4826467172
193.9000000000 -57.5815350472
194.0000000000 -57.6803224149
194.1000000000 -57.7790082385
194.2000000000 -57.8775919326
194.3000000000 -57.9760729084
194.4000000000 -58.0744505729
194.5000000000 -58.1727243294
194.6000000000 -58.2708935763
194.7000000000 -58.3689577076
194.8000000000 -58.4669161124
194.9000000000 -58.5647681744
195.0000000000 -58.6625132722
195.1000000000 -58.7601507786
195.2000000000 -58.8576800604
195.3000000000 -58.9551004786
195.4000000000 -59.0524113876
195.5000000000 -59.1496121355
195.6000000000 -59.2467020635
195.7000000000 -59.3436805060
195.8000000000 -59.4405467901
195.9000000000 -59.5373002359
196.0000000000 -59.6339401556
196.1000000000 -59.7304658540
196.2000000000 -59.8268766279
196.3000000000 -59.9231717663
196.4000000000 -60.0193505497
196.5000000000 -60.1154122505
196.6000000000 -60.2113561326
196.7000000000 -60.3071814514
196.8000000000 -60.4028874533
196.9000000000 -60.4984733760
197.0000000000 -60.5939384483
197.1000000000 -60.6892818897
197.2000000000 -60.7845029107
197.3000000000 -60.8796007125
197.4000000000 -60.9745744868
197.5000000000 -61.0694234159
197.6000000000 -61.1641466726
197.7000000000 -61.2587434201
197.8000000000 -61.3532128118
197.9000000000 -61.4475539917
198.0000000000 -61.5417660938
198.1000000000 -61.6358482422
198.2000000000 -61.7297995515
198.3000000000 -61.8236191263
198.4000000000 -61.9173060612
198.5000000000 -62.0108594411
198.6000000000 -62.1042783410
198.7000000000 -62.1975618260
198.8000000000 -62.2907089515
198.9000000000 -62.3837187628
199.0000000000 -62.4765902955
199.1000000000 -62.5693225757
199.2000000000 -62.6619146194
199.3000000000 -62.7543654331
199.4000000000 -62.8466740138
199.5000000000 -62.9388393488
199.6000000000 -63.0308604161
199.7000000000 -63.1227361841
199.8000000000 -63.2144656120
199.9000000000 -63.3060476499
