0.0000000000 -71.3927472946
0.1000000000 -71.4553731276
0.2000000000 -71.3010939671
0.3000000000 -70.8137952185
0.4000000000 -70.0034474768
0.5000000000 -68.9229664046
0.6000000000 -67.6164380998
0.7000000000 -66.1010073368
0.8000000000 -64.3623671959
0.9000000000 -62.3522270673
1.0000000000 -59.9892553764
1.1000000000 -57.1844967986
1.2000000000 -53.8997564885
1.3000000000 -50.1585064952
1.4000000000 -45.9641618594
1.5000000000 -41.2360942244
1.6000000000 -35.8411384528
1.7000000000 -29.6440566427
1.8000000000 -22.5065850236
1.9000000000 -14.2708093845
2.0000000000 -4.8031733964
2.1000000000 5.7476073644
2.2000000000 16.2460462318
2.3000000000 24.2327179238
2.4000000000 28.5453264784
2.5000000000 30.4065298382
2.6000000000 31.3505303600
2.7000000000 32.0235499313
2.8000000000 32.5739989930
2.9000000000 33.0285065961
3.0000000000 33.3960730505
3.1000000000 33.6848960316
3.2000000000 33.9034997820
3.3000000000 34.0601114372
3.4000000000 34.1622290668
3.5000000000 34.2164601764
3.6000000000 34.2285181349
3.7000000000 34.2032934648
3.8000000000 34.1449534945
3.9000000000 34.0570466064
4.0000000000 33.9425998750
4.1000000000 33.8042055434
4.2000000000 33.6440951885
4.3000000000 33.4642020781
4.4000000000 33.2662129281
4.5000000000 33.0516105009
4.6000000000 32.8217084634
4.7000000000 32.5776798063
4.8000000000 32.3205799542
4.9000000000 32.0513655315
5.0000000000 31.7709095903
5.1000000000 31.4800139644
5.2000000000 31.1794193006
5.3000000000 30.8698132109
5.4000000000 30.5518369126
5.5000000000 30.2260906501
5.6000000000 29.8931381399
5.7000000000 29.5535102313
5.8000000000 29.2077079400
5.9000000000 28.8562049811
6.0000000000 28.4994499020
6.1000000000 28.1378678977
6.2000000000 27.7718623734
6.3000000000 27.4018163055
6.4000000000 27.0280934437
6.5000000000 26.6510393859
6.6000000000 26.2709825517
6.7000000000 25.8882350744
6.8000000000 25.5030936282
6.9000000000 25.1158402008
7.0000000000 24.7267428223
7.1000000000 24.3360562561
7.2000000000 23.9440226573
7.3000000000 23.5508722029
7.4000000000 23.1568236953
7.5000000000 22.7620851427
7.6000000000 22.3668543159
7.7000000000 21.9713192838
7.8000000000 21.5756589270
7.9000000000 21.1800434314
8.0000000000 20.7846347602
8.1000000000 20.3895871054
8.2000000000 19.9950473194
8.3000000000 19.6011553254
8.4000000000 19.2080445077
8.5000000000 18.8158420823
8.6000000000 18.4246694472
8.7000000000 18.0346425125
8.8000000000 17.6458720117
8.9000000000 17.2584637937
9.0000000000 16.8725190960
9.1000000000 16.4881347996
9.2000000000 16.1054036660
9.3000000000 15.7244145574
9.4000000000 15.3452526396
9.5000000000 14.9679995689
9.6000000000 14.5927336639
9.7000000000 14.2195300616
9.8000000000 13.8484608602
9.9000000000 13.4795952475
10.0000000000 13.1129996171
10.1000000000 12.7487376718
10.2000000000 12.3868705162
10.3000000000 12.0274567378
10.4000000000 11.6705524788
10.5000000000 11.3162114979
10.6000000000 10.9644852238
10.7000000000 10.6154228008
10.8000000000 10.2690711273
10.9000000000 9.9254748874
11.0000000000 9.5846765771
11.1000000000 9.2467165251
11.2000000000 8.9116329094
11.3000000000 8.5794617699
11.4000000000 8.2502370182
11.5000000000 7.9239904442
11.6000000000 7.6007517213
11.7000000000 7.2805484105
11.8000000000 6.9634059631
11.9000000000 6.6493477231
12.0000000000 6.3383949308
12.1000000000 6.0305667258
12.2000000000 5.7258801520
12.3000000000 5.4243501641
12.4000000000 5.1259896351
12.5000000000 4.8308093671
12.6000000000 4.5388181040
12.7000000000 4.2500225468
12.8000000000 3.9644273721
12.9000000000 3.6820352533
13.0000000000 3.4028468855
13.1000000000 3.1268610131
13.2000000000 2.8540744608
13.3000000000 2.5844821679
13.4000000000 2.3180772262
13.5000000000 2.0548509207
13.6000000000 1.7947927728
13.7000000000 1.5378905880
13.8000000000 1.2841305047
13.9000000000 1.0334970465
14.0000000000 0.7859731770
14.1000000000 0.5415403563
14.2000000000 0.3001785996
14.3000000000 0.0618665379
14.4000000000 -0.1734185203
14.5000000000 -0.4057005258
14.6000000000 -0.6350046247
14.7000000000 -0.8613570933
14.8000000000 -1.0847852735
14.9000000000 -1.3053175063
15.0000000000 -1.5229830673
15.1000000000 -1.7378121007
15.2000000000 -1.9498355550
15.3000000000 -2.1590851187
15.4000000000 -2.3655931570
15.5000000000 -2.5693926499
15.6000000000 -2.7705171307
15.7000000000 -2.9690006272
15.8000000000 -3.1648776026
15.9000000000 -3.3581828998
16.0000000000 -3.5489516863
16.1000000000 -3.7372194012
16.2000000000 -3.9230217044
16.3000000000 -4.1063944273
16.4000000000 -4.2873735259
16.5000000000 -4.4659950356
16.6000000000 -4.6422950284
16.7000000000 -4.8163095719
16.8000000000 -4.9880746906
16.9000000000 -5.1576263292
17.0000000000 -5.3250003178
17.1000000000 -5.4902323397
17.2000000000 -5.6533579004
17.3000000000 -5.8144122990
17.4000000000 -5.9734306020
17.5000000000 -6.1304476178
17.6000000000 -6.2854978745
17.7000000000 -6.4386155979
17.8000000000 -6.5898346927
17.9000000000 -6.7391887242
18.0000000000 -6.8867109025
18.1000000000 -7.0324340671
18.2000000000 -7.1763906747
18.3000000000 -7.3186127862
18.4000000000 -7.4591320571
18.5000000000 -7.5979797276
18.6000000000 -7.7351866152
18.7000000000 -7.8707831070
18.8000000000 -8.0047991545
18.9000000000 -8.1372642685
19.0000000000 -8.2682075155
19.1000000000 -8.3976575140
19.2000000000 -8.5256424335
19.3000000000 -8.6521899920
19.4000000000 -8.7773274564
19.5000000000 -8.9010816416
19.6000000000 -9.0234789121
19.7000000000 -9.1445451826
19.8000000000 -9.2643059204
19.9000000000 -9.3827861471
20.0000000000 -9.5000104421
20.1000000000 -9.6160029451
20.2000000000 -9.7307873604
20.3000000000 -9.8443869603
20.4000000000 -9.9568245894
20.5000000000 -10.0681226698
20.6000000000 -10.1783032049
20.7000000000 -10.2873877853
20.8000000000 -10.3953975937
20.9000000000 -10.5023534100
21.0000000000 -10.6082756176
21.1000000000 -10.7131842084
21.2000000000 -10.8170987892
21.3000000000 -10.9200385873
21.4000000000 -11.0220224565
21.5000000000 -11.1230688832
21.6000000000 -11.2231959927
21.7000000000 -11.3224215553
21.8000000000 -11.4207629922
21.9000000000 -11.5182373819
22.0000000000 -11.6148614665
22.1000000000 -11.7106516578
22.2000000000 -11.8056240432
22.3000000000 -11.8997943922
22.4000000000 -11.9931781623
22.5000000000 -12.0857905052
22.6000000000 -12.1776462726
22.7000000000 -12.2687600221
22.8000000000 -12.3591460237
22.9000000000 -12.4488182648
23.0000000000 -12.5377904566
23.1000000000 -12.6260760392
23.2000000000 -12.7136881880
23.3000000000 -12.8006398185
23.4000000000 -12.8869435923
23.5000000000 -12.9726119220
23.6000000000 -13.0576569768
23.7000000000 -13.1420906879
23.8000000000 -13.2259247531
23.9000000000 -13.3091706423
24.0000000000 -13.3918396021
24.1000000000 -13.4739426611
24.2000000000 -13.5554906342
24.3000000000 -13.6364941275
24.4000000000 -13.7169635431
24.5000000000 -13.7969090833
24.6000000000 -13.8763407550
24.7000000000 -13.9552683744
24.8000000000 -14.0337015709
24.9000000000 -14.1116497914
25.0000000000 -14.1891223043
25.1000000000 -14.2661282037
25.2000000000 -14.3426764130
25.3000000000 -14.4187756889
25.4000000000 -14.4944346252
25.5000000000 -14.5696616565
25.6000000000 -14.6444650613
25.7000000000 -14.7188529662
25.8000000000 -14.7928333489
25.9000000000 -14.8664140417
26.0000000000 -14.9396027347
26.1000000000 -15.0124069790
26.2000000000 -15.0848341899
26.3000000000 -15.1568916500
26.4000000000 -15.2285865121
26.5000000000 -15.2999258020
26.6000000000 -15.3709164217
26.7000000000 -15.4415651519
26.8000000000 -15.5118786548
26.9000000000 -15.5818634769
27.0000000000 -15.6515260513
27.1000000000 -15.7208727007
27.2000000000 -15.7899096393
27.3000000000 -15.8586429758
27.4000000000 -15.9270787154
27.5000000000 -15.9952227622
27.6000000000 -16.0630809214
27.7000000000 -16.1306589019
27.8000000000 -16.1979623178
27.9000000000 -16.2649966911
28.0000000000 -16.3317674531
28.1000000000 -16.3982799473
28.2000000000 -16.4645394306
28.3000000000 -16.5305510755
28.4000000000 -16.5963199719
28.5000000000 -16.6618511290
28.6000000000 -16.7271494771
28.7000000000 -16.7922198692
28.8000000000 -16.8570670829
28.9000000000 -16.9216958218
29.0000000000 -16.9861107172
29.1000000000 -17.0503163301
29.2000000000 -17.1143171519
29.3000000000 -17.1781176067
29.4000000000 -17.2417220523
29.5000000000 -17.3051347820
29.6000000000 -17.3683600255
29.7000000000 -17.4314019508
29.8000000000 -17.4942646651
29.9000000000 -17.5569522167
30.0000000000 -17.6194685953
30.1000000000 -17.6818177344
30.2000000000 -17.7440035115
30.3000000000 -17.8060297501
30.4000000000 -17.8679002201
30.5000000000 -17.9296186398
30.6000000000 -17.9911886761
30.7000000000 -18.0526139462
30.8000000000 -18.1138980186
30.9000000000 -18.1750444138
31.0000000000 -18.2360566056
31.1000000000 -18.2969380219
31.2000000000 -18.3576920459
31.3000000000 -18.4183220169
31.4000000000 -18.4788312310
31.5000000000 -18.5392229425
31.6000000000 -18.5995003642
31.7000000000 -18.6596666686
31.8000000000 -18.7197249889
31.9000000000 -18.7796784194
32.0000000000 -18.8395300164
32.1000000000 -18.8992827993
32.2000000000 -18.9589397508
32.3000000000 -19.0185038184
32.4000000000 -19.0779779142
32.5000000000 -19.1373649166
32.6000000000 -19.1966676701
32.7000000000 -19.2558889866
32.8000000000 -19.3150316457
32.9000000000 -19.3740983955
33.0000000000 -19.4330919534
33.1000000000 -19.4920150062
33.2000000000 -19.5508702114
33.3000000000 -19.6096601972
33.4000000000 -19.6683875632
33.5000000000 -19.7270548813
33.6000000000 -19.7856646958
33.7000000000 -19.8442195245
33.8000000000 -19.9027218584
33.9000000000 -19.9611741629
34.0000000000 -20.0195788783
34.1000000000 -20.0779384196
34.2000000000 -20.1362551780
34.3000000000 -20.1945315203
34.4000000000 -20.2527697902
34.5000000000 -20.3109723083
34.6000000000 -20.3691413727
34.7000000000 -20.4272792595
34.8000000000 -20.4853882227
34.9000000000 -20.5434704955
35.0000000000 -20.6015282898
35.1000000000 -20.6595637972
35.2000000000 -20.7175791891
35.3000000000 -20.7755766171
35.4000000000 -20.8335582134
35.5000000000 -20.8915260913
35.6000000000 -20.9494823451
35.7000000000 -21.0074290509
35.8000000000 -21.0653682667
35.9000000000 -21.1233020327
36.0000000000 -21.1812323719
36.1000000000 -21.2391612900
36.2000000000 -21.2970907757
36.3000000000 -21.3550228016
36.4000000000 -21.4129593236
36.5000000000 -21.4709022820
36.6000000000 -21.5288536010
36.7000000000 -21.5868151898
36.8000000000 -21.6447889419
36.9000000000 -21.7027767363
37.0000000000 -21.7607804370
37.1000000000 -21.8188018936
37.2000000000 -21.8768429415
37.3000000000 -21.9349054021
37.4000000000 -21.9929910829
37.5000000000 -22.0511017778
37.6000000000 -22.1092392674
37.7000000000 -22.1674053191
37.8000000000 -22.2256016871
37.9000000000 -22.2838301131
38.0000000000 -22.3420923260
38.1000000000 -22.4003900423
38.2000000000 -22.4587249661
38.3000000000 -22.5170987895
38.4000000000 -22.5755131927
38.5000000000 -22.6339698440
38.6000000000 -22.6924704000
38.7000000000 -22.7510165061
38.8000000000 -22.8096097959
38.9000000000 -22.8682518923
39.0000000000 -22.9269444067
39.1000000000 -22.9856889397
39.2000000000 -23.0444870811
39.3000000000 -23.1033404099
39.4000000000 -23.1622504946
39.5000000000 -23.2212188932
39.6000000000 -23.2802471532
39.7000000000 -23.3393368120
39.8000000000 -23.3984893967
39.9000000000 -23.4577064243
40.0000000000 -23.5169894019
40.1000000000 -23.5763398265
40.2000000000 -23.6357591855
40.3000000000 -23.6952489564
40.4000000000 -23.7548106071
40.5000000000 -23.8144455957
40.6000000000 -23.8741553709
40.7000000000 -23.9339413720
40.8000000000 -23.9938050287
40.9000000000 -24.0537477614
41.0000000000 -24.1137709812
41.1000000000 -24.1738760898
41.2000000000 -24.2340644798
41.3000000000 -24.2943375346
41.4000000000 -24.3546966282
41.5000000000 -24.4151431259
41.6000000000 -24.4756783836
41.7000000000 -24.5363037482
41.8000000000 -24.5970205575
41.9000000000 -24.6578301403
42.0000000000 -24.7187338165
42.1000000000 -24.7797328969
42.2000000000 -24.8408286833
42.3000000000 -24.9020224684
42.4000000000 -24.9633155363
42.5000000000 -25.0247091617
42.6000000000 -25.0862046105
42.7000000000 -25.1478031396
42.8000000000 -25.2095059969
42.9000000000 -25.2713144213
43.0000000000 -25.3332296426
43.1000000000 -25.3952528816
43.2000000000 -25.4573853501
43.3000000000 -25.5196282507
43.4000000000 -25.5819827769
43.5000000000 -25.6444501131
43.6000000000 -25.7070314346
43.7000000000 -25.7697279072
43.8000000000 -25.8325406877
43.9000000000 -25.8954709236
44.0000000000 -25.9585197530
44.1000000000 -26.0216883046
44.2000000000 -26.0849776976
44.3000000000 -26.1483890420
44.4000000000 -26.2119234379
44.5000000000 -26.2755819761
44.6000000000 -26.3393657377
44.7000000000 -26.4032757939
44.8000000000 -26.4673132063
44.9000000000 -26.5314790267
45.0000000000 -26.5957742969
45.1000000000 -26.6602000488
45.2000000000 -26.7247573041
45.3000000000 -26.7894470746
45.4000000000 -26.8542703618
45.5000000000 -26.9192281570
45.6000000000 -26.9843214410
45.7000000000 -27.0495511842
45.8000000000 -27.1149183466
45.9000000000 -27.1804238776
46.0000000000 -27.2460687158
46.1000000000 -27.3118537890
46.2000000000 -27.3777800142
46.3000000000 -27.4438482975
46.4000000000 -27.5100595337
46.5000000000 -27.5764146068
46.6000000000 -27.6429143893
46.7000000000 -27.7095597423
46.8000000000 -27.7763515157
46.9000000000 -27.8432905475
47.0000000000 -27.9103776643
47.1000000000 -27.9776136809
47.2000000000 -28.0449994002
47.3000000000 -28.1125356130
47.4000000000 -28.1802230982
47.5000000000 -28.2480626223
47.6000000000 -28.3160549397
47.7000000000 -28.3842007922
47.8000000000 -28.4525009093
47.9000000000 -28.5209560075
48.0000000000 -28.5895667908
48.1000000000 -28.6583339503
48.2000000000 -28.7272581639
48.3000000000 -28.7963400967
48.4000000000 -28.8655804003
48.5000000000 -28.9349797130
48.6000000000 -29.0045386598
48.7000000000 -29.0742578520
48.8000000000 -29.1441378871
48.9000000000 -29.2141793489
49.0000000000 -29.2843828073
49.1000000000 -29.3547488179
49.2000000000 -29.4252779224
49.3000000000 -29.4959706480
49.4000000000 -29.5668275075
49.5000000000 -29.6378489993
49.6000000000 -29.7090356070
49.7000000000 -29.7803877995
49.8000000000 -29.8519060306
49.9000000000 -29.9235907393
50.0000000000 -29.9954423494
50.1000000000 -30.0674612694
50.2000000000 -30.1396478925
50.3000000000 -30.2120025964
50.4000000000 -30.2845257432
50.5000000000 -30.3572176792
50.6000000000 -30.4300787349
50.7000000000 -30.5031092249
50.8000000000 -30.5763094478
50.9000000000 -30.6496796860
51.0000000000 -30.7232202055
51.1000000000 -30.7969312560
51.2000000000 -30.8708130709
51.3000000000 -30.9448658668
51.4000000000 -31.0190898437
51.5000000000 -31.0934851847
51.6000000000 -31.1680520561
51.7000000000 -31.2427906073
51.8000000000 -31.3177009705
51.9000000000 -31.3927832607
52.0000000000 -31.4680375757
52.1000000000 -31.5434639960
52.2000000000 -31.6190625846
52.3000000000 -31.6948333869
52.4000000000 -31.7707764308
52.5000000000 -31.8468917266
52.6000000000 -31.9231792666
52.7000000000 -31.9996390254
52.8000000000 -32.0762709598
52.9000000000 -32.1530750084
53.0000000000 -32.2300510918
53.1000000000 -32.3071991128
53.2000000000 -32.3845189556
53.3000000000 -32.4620104865
53.4000000000 -32.5396735534
53.5000000000 -32.6175079859
53.6000000000 -32.6955135952
53.7000000000 -32.7736901741
53.8000000000 -32.8520374970
53.9000000000 -32.9305553198
54.0000000000 -33.0092433799
54.1000000000 -33.0881013960
54.2000000000 -33.1671290684
54.3000000000 -33.2463260788
54.4000000000 -33.3256920902
54.5000000000 -33.4052267471
54.6000000000 -33.4849296751
54.7000000000 -33.5648004815
54.8000000000 -33.6448387547
54.9000000000 -33.7250440647
55.0000000000 -33.8054159627
55.1000000000 -33.8859539813
55.2000000000 -33.9666576345
55.3000000000 -34.0475264177
55.4000000000 -34.1285598080
55.5000000000 -34.2097572636
55.6000000000 -34.2911182244
55.7000000000 -34.3726421119
55.8000000000 -34.4543283289
55.9000000000 -34.5361762603
56.0000000000 -34.6181852724
56.1000000000 -34.7003547131
56.2000000000 -34.7826839125
56.3000000000 -34.8651721822
56.4000000000 -34.9478188161
56.5000000000 -35.0306230898
56.6000000000 -35.1135842612
56.7000000000 -35.1967015703
56.8000000000 -35.2799742394
56.9000000000 -35.3634014733
57.0000000000 -35.4469824590
57.1000000000 -35.5307163664
57.2000000000 -35.6146023479
57.3000000000 -35.6986395387
57.4000000000 -35.7828270569
57.5000000000 -35.8671640039
57.6000000000 -35.9516494640
57.7000000000 -36.0362825050
57.8000000000 -36.1210621779
57.9000000000 -36.2059875176
58.0000000000 -36.2910575426
58.1000000000 -36.3762712553
58.2000000000 -36.4616276422
58.3000000000 -36.5471256739
58.4000000000 -36.6327643056
58.5000000000 -36.7185424769
58.6000000000 -36.8044591122
58.7000000000 -36.8905131208
58.8000000000 -36.9767033970
58.9000000000 -37.0630288206
59.0000000000 -37.1494882568
59.1000000000 -37.2360805565
59.2000000000 -37.3228045564
59.3000000000 -37.4096590794
59.4000000000 -37.4966429346
59.5000000000 -37.5837549179
59.6000000000 -37.6709938116
59.7000000000 -37.7583583852
59.8000000000 -37.8458473953
59.9000000000 -37.9334595859
60.0000000000 -38.0211936889
60.1000000000 -38.1090484237
60.2000000000 -38.1970224982
60.3000000000 -38.2851146086
60.4000000000 -38.3733234396
60.5000000000 -38.4616476650
60.6000000000 -38.5500859476
60.7000000000 -38.6386369397
60.8000000000 -38.7272992832
60.9000000000 -38.8160716099
61.0000000000 -38.9049525420
61.1000000000 -38.9939406921
61.2000000000 -39.0830346633
61.3000000000 -39.1722330500
61.4000000000 -39.2615344379
61.5000000000 -39.3509374042
61.6000000000 -39.4404405178
61.7000000000 -39.5300423402
61.8000000000 -39.6197414248
61.9000000000 -39.7095363181
62.0000000000 -39.7994255594
62.1000000000 -39.8894076816
62.2000000000 -39.9794812108
62.3000000000 -40.0696446672
62.4000000000 -40.1598965653
62.5000000000 -40.2502354139
62.6000000000 -40.3406597166
62.7000000000 -40.4311679721
62.8000000000 -40.5217586747
62.9000000000 -40.6124303140
63.0000000000 -40.7031813758
63.1000000000 -40.7940103422
63.2000000000 -40.8849156919
63.3000000000 -40.9758959003
63.4000000000 -41.0669494402
63.5000000000 -41.1580747817
63.6000000000 -41.2492703929
63.7000000000 -41.3405347398
63.8000000000 -41.4318662868
63.9000000000 -41.5232634972
64.0000000000 -41.6147248331
64.1000000000 -41.7062487558
64.2000000000 -41.7978337264
64.3000000000 -41.8894782058
64.4000000000 -41.9811806549
64.5000000000 -42.0729395354
64.6000000000 -42.1647533094
64.7000000000 -42.2566204403
64.8000000000 -42.3485393927
64.9000000000 -42.4405086330
65.0000000000 -42.5325266291
65.1000000000 -42.6245918516
65.2000000000 -42.7167027732
65.3000000000 -42.8088578694
65.4000000000 -42.9010556189
65.5000000000 -42.9932945035
65.6000000000 -43.0855730087
65.7000000000 -43.1778896237
65.8000000000 -43.2702428419
65.9000000000 -43.3626311610
66.0000000000 -43.4550530834
66.1000000000 -43.5475071163
66.2000000000 -43.6399917719
66.3000000000 -43.7325055681
66.4000000000 -43.8250470281
66.5000000000 -43.9176146812
66.6000000000 -44.0102070626
66.7000000000 -44.1028227141
66.8000000000 -44.1954601838
66.9000000000 -44.2881180268
67.0000000000 -44.3807948051
67.1000000000 -44.4734890880
67.2000000000 -44.5661994523
67.3000000000 -44.6589244824
67.4000000000 -44.7516627707
67.5000000000 -44.8444129175
67.6000000000 -44.9371735316
67.7000000000 -45.0299432301
67.8000000000 -45.1227206390
67.9000000000 -45.2155043929
68.0000000000 -45.3082931357
68.1000000000 -45.4010855203
68.2000000000 -45.4938802093
68.3000000000 -45.5866758745
68.4000000000 -45.6794711977
68.5000000000 -45.7722648705
68.6000000000 -45.8650555947
68.7000000000 -45.9578420820
68.8000000000 -46.0506230547
68.9000000000 -46.1433972457
69.0000000000 -46.2361633981
69.1000000000 -46.3289202661
69.2000000000 -46.4216666148
69.3000000000 -46.5144012201
69.4000000000 -46.6071228693
69.5000000000 -46.6998303607
69.6000000000 -46.7925225040
69.7000000000 -46.8851981205
69.8000000000 -46.9778560430
69.9000000000 -47.0704951158
70.0000000000 -47.1631141950
70.1000000000 -47.2557121487
70.2000000000 -47.3482878568
70.3000000000 -47.4408402110
70.4000000000 -47.5333681152
70.5000000000 -47.6258704855
70.6000000000 -47.7183462500
70.7000000000 -47.8107943491
70.8000000000 -47.9032137355
70.9000000000 -47.9956033741
71.0000000000 -48.0879622424
71.1000000000 -48.1802893300
71.2000000000 -48.2725836391
71.3000000000 -48.3648441845
71.4000000000 -48.4570699932
71.5000000000 -48.5492601048
71.6000000000 -48.6414135714
71.7000000000 -48.7335294578
71.8000000000 -48.8256068411
71.9000000000 -48.9176448110
72.0000000000 -49.0096424698
72.1000000000 -49.1015989321
72.2000000000 -49.1935133252
72.3000000000 -49.2853847888
72.4000000000 -49.3772124752
72.5000000000 -49.4689955489
72.6000000000 -49.5607331869
72.7000000000 -49.6524245786
72.8000000000 -49.7440689258
72.9000000000 -49.8356654425
73.0000000000 -49.9272133548
73.1000000000 -50.0187119013
73.2000000000 -50.1101603326
73.3000000000 -50.2015579112
73.4000000000 -50.2929039119
73.5000000000 -50.3841976214
73.6000000000 -50.4754383380
73.7000000000 -50.5666253723
73.8000000000 -50.6577580461
73.9000000000 -50.7488356933
74.0000000000 -50.8398576591
74.1000000000 -50.9308233004
74.2000000000 -51.0217319853
74.3000000000 -51.1125830932
74.4000000000 -51.2033760148
74.5000000000 -51.2941101520
74.6000000000 -51.3847849176
74.7000000000 -51.4753997351
74.8000000000 -51.5659540391
74.9000000000 -51.6564472748
75.0000000000 -51.7468788978
75.1000000000 -51.8372483743
75.2000000000 -51.9275551807
75.3000000000 -52.0177988038
75.4000000000 -52.1079787404
75.5000000000 -52.1980944970
75.6000000000 -52.2881455902
75.7000000000 -52.3781315462
75.8000000000 -52.4680519008
75.9000000000 -52.5579061991
76.0000000000 -52.6476939955
76.1000000000 -52.7374148535
76.2000000000 -52.8270683457
76.3000000000 -52.9166540535
76.4000000000 -53.0061715669
76.5000000000 -53.0956204844
76.6000000000 -53.1850004130
76.7000000000 -53.2743109680
76.8000000000 -53.3635517725
76.9000000000 -53.4527224577
77.0000000000 -53.5418226626
77.1000000000 -53.6308520337
77.2000000000 -53.7198102249
77.3000000000 -53.8086968974
77.4000000000 -53.8975117196
77.5000000000 -53.9862543666
77.6000000000 -54.0749245205
77.7000000000 -54.1635218699
77.8000000000 -54.2520461097
77.9000000000 -54.3404969413
78.0000000000 -54.4288740720
78.1000000000 -54.5171772150
78.2000000000 -54.6054060893
78.3000000000 -54.6935604195
78.4000000000 -54.7816399354
78.5000000000 -54.8696443721
78.6000000000 -54.9575734697
78.7000000000 -55.0454269733
78.8000000000 -55.1332046323
78.9000000000 -55.2209062010
79.0000000000 -55.3085314376
79.1000000000 -55.3960801048
79.2000000000 -55.4835519689
79.3000000000 -55.5709468002
79.4000000000 -55.6582643724
79.5000000000 -55.7455044627
79.6000000000 -55.8326668516
79.7000000000 -55.9197513223
79.8000000000 -56.0067576612
79.9000000000 -56.0936856571
80.0000000000 -56.1805351015
80.1000000000 -56.2673057881
80.2000000000 -56.3539975126
80.3000000000 -56.4406100728
80.4000000000 -56.5271432682
80.5000000000 -56.6135969000
80.6000000000 -56.6999707704
80.7000000000 -56.7862646833
80.8000000000 -56.8724784433
80.9000000000 -56.9586118559
81.0000000000 -57.0446647276
81.1000000000 -57.1306368649
81.2000000000 -57.2165280749
81.3000000000 -57.3023381650
81.4000000000 -57.3880669421
81.5000000000 -57.4737142134
81.6000000000 -57.5592797855
81.7000000000 -57.6447634644
81.8000000000 -57.7301650554
81.9000000000 -57.8154843631
82.0000000000 -57.9007211908
82.1000000000 -57.9858753407
82.2000000000 -58.0709466137
82.3000000000 -58.1559348090
82.4000000000 -58.2408397241
82.5000000000 -58.3256611547
82.6000000000 -58.4103988945
82.7000000000 -58.4950527348
82.8000000000 -58.5796224647
82.9000000000 -58.6641078709
83.0000000000 -58.7485087373
83.1000000000 -58.8328248449
83.2000000000 -58.9170559720
83.3000000000 -59.0012018936
83.4000000000 -59.0852623814
83.5000000000 -59.1692372040
83.6000000000 -59.2531261261
83.7000000000 -59.3369289089
83.8000000000 -59.4206453099
83.9000000000 -59.5042750824
84.0000000000 -59.5878179758
84.1000000000 -59.6712737353
84.2000000000 -59.7546421016
84.3000000000 -59.8379228110
84.4000000000 -59.9211155953
84.5000000000 -60.0042201815
84.6000000000 -60.0872362917
84.7000000000 -60.1701636433
84.8000000000 -60.2530019484
84.9000000000 -60.3357509140
85.0000000000 -60.4184102419
85.1000000000 -60.5009796284
85.2000000000 -60.5834587643
85.3000000000 -60.6658473349
85.4000000000 -60.7481450199
85.5000000000 -60.8303514930
85.6000000000 -60.9124664222
85.7000000000 -60.9944894694
85.8000000000 -61.0764202906
85.9000000000 -61.1582585356
86.0000000000 -61.2400038481
86.1000000000 -61.3216558652
86.2000000000 -61.4032142181
86.3000000000 -61.4846785313
86.4000000000 -61.5660484227
86.5000000000 -61.6473235040
86.6000000000 -61.7285033799
86.7000000000 -61.8095876488
86.8000000000 -61.8905759020
86.9000000000 -61.9714677244
87.0000000000 -62.0522626937
87.1000000000 -62.1329603810
87.2000000000 -62.2135603504
87.3000000000 -62.2940621591
87.4000000000 -62.3744653572
87.5000000000 -62.4547694879
87.6000000000 -62.5349740873
87.7000000000 -62.6150786844
87.8000000000 -62.6950828014
87.9000000000 -62.7749859529
88.0000000000 -62.8547876469
88.1000000000 -62.9344873839
88.2000000000 -63.0140846575
88.3000000000 -63.0935789540
88.4000000000 -63.1729697526
88.5000000000 -63.2522565256
88.6000000000 -63.3314387379
88.7000000000 -63.4105158474
88.8000000000 -63.4894873049
88.9000000000 -63.5683525542
89.0000000000 -63.6471110318
89.1000000000 -63.7257621674
89.2000000000 -63.8043053836
89.3000000000 -63.8827400962
89.4000000000 -63.9610657137
89.5000000000 -64.0392816381
89.6000000000 -64.1173872643
89.7000000000 -64.1953819805
89.8000000000 -64.2732651680
89.9000000000 -64.3510362016
90.0000000000 -64.4286944492
90.1000000000 -64.5062392724
90.2000000000 -64.5836700259
90.3000000000 -64.6609860583
90.4000000000 -64.7381867115
90.5000000000 -64.8152713214
90.6000000000 -64.8922392172
90.7000000000 -64.9690897223
90.8000000000 -65.0458221539
90.9000000000 -65.1224358231
91.0000000000 -65.1989300351
91.1000000000 -65.2753040895
91.2000000000 -65.3515572797
91.3000000000 -65.4276888939
91.4000000000 -65.5036982145
91.5000000000 -65.5795845185
91.6000000000 -65.6553470777
91.7000000000 -65.7309851584
91.8000000000 -65.8064980220
91.9000000000 -65.8818849249
92.0000000000 -65.9571451183
92.1000000000 -66.0322778490
92.2000000000 -66.1072823590
92.3000000000 -66.1821578857
92.4000000000 -66.2569036621
92.5000000000 -66.3315189170
92.6000000000 -66.4060028749
92.7000000000 -66.4803547565
92.8000000000 -66.5545737784
92.9000000000 -66.6286591535
93.0000000000 -66.7026100913
93.1000000000 -66.7764257974
93.2000000000 -66.8501054744
93.3000000000 -66.9236483217
93.4000000000 -66.9970535355
93.5000000000 -67.0703203091
93.6000000000 -67.1434478333
93.7000000000 -67.2164352960
93.8000000000 -67.2892818828
93.9000000000 -67.3619867771
94.0000000000 -67.4345491599
94.1000000000 -67.5069682106
94.2000000000 -67.5792431063
94.3000000000 -67.6513730229
94.4000000000 -67.7233571345
94.5000000000 -67.7951946139
94.6000000000 -67.8668846329
94.7000000000 -67.9384263620
94.8000000000 -68.0098189711
94.9000000000 -68.0810616293
95.0000000000 -68.1521535051
95.1000000000 -68.2230937668
95.2000000000 -68.2938815823
95.3000000000 -68.3645161198
95.4000000000 -68.4349965473
95.5000000000 -68.5053220333
95.6000000000 -68.5754917466
95.7000000000 -68.6455048570
95.8000000000 -68.7153605346
95.9000000000 -68.7850579510
96.0000000000 -68.8545962787
96.1000000000 -68.9239746914
96.2000000000 -68.9931923644
96.3000000000 -69.0622484749
96.4000000000 -69.1311422014
96.5000000000 -69.1998727249
96.6000000000 -69.2684392282
96.7000000000 -69.3368408967
96.8000000000 -69.4050769180
96.9000000000 -69.4731464825
97.0000000000 -69.5410487835
97.1000000000 -69.6087830172
97.2000000000 -69.6763483829
97.3000000000 -69.7437440833
97.4000000000 -69.8109693245
97.5000000000 -69.8780233162
97.6000000000 -69.9449052719
97.7000000000 -70.0116144093
97.8000000000 -70.0781499498
97.9000000000 -70.1445111192
98.0000000000 -70.2106971480
98.1000000000 -70.2767072708
98.2000000000 -70.3425407273
98.3000000000 -70.4081967618
98.4000000000 -70.4736746239
98.5000000000 -70.5389735681
98.6000000000 -70.6040928544
98.7000000000 -70.6690317481
98.8000000000 -70.7337895202
98.9000000000 -70.7983654475
99.0000000000 -70.8627588126
99.1000000000 -70.9269689040
99.2000000000 -70.9909950167
99.3000000000 -71.0548364516
99.4000000000 -71.1184925163
99.5000000000 -71.1819625248
99.6000000000 -71.2452457978
99.7000000000 -71.3083416629
99.8000000000 -71.3712494546
99.9000000000 -71.4339685143
100.0000000000 -71.4964981907
100.1000000000 -71.5588378399
100.2000000000 -71.4042741425
100.3000000000 -70.9167006466
100.4000000000 -70.1061184337
100.5000000000 -69.0255043392
100.6000000000 -67.7190118417
100.7000000000 -66.2038294109
100.8000000000 -64.4656305357
100.9000000000 -62.4559452874
101.0000000000 -60.0928680110
101.1000000000 -57.2863035348
101.2000000000 -53.9971511529
101.3000000000 -50.2492140522
101.4000000000 -46.0465618293
101.5000000000 -41.3080288323
101.6000000000 -35.8989442209
101.7000000000 -29.6824697164
101.8000000000 -22.5183799929
101.9000000000 -14.2456635296
102.0000000000 -4.7266293114
102.1000000000 5.8908764791
102.2000000000 16.4527397646
102.3000000000 24.4600981496
102.4000000000 28.7486952003
102.5000000000 30.5778125606
102.6000000000 31.4998365868
102.7000000000 32.1587837164
102.8000000000 32.6991797631
102.9000000000 33.1458648404
103.0000000000 33.5070690599
103.1000000000 33.7905970881
103.2000000000 34.0047373501
103.3000000000 34.1575591711
103.4000000000 34.2564467460
103.5000000000 34.3079206362
103.6000000000 34.3176249203
103.7000000000 34.2903931254
103.8000000000 34.2303446327
103.9000000000 34.1409868614
104.0000000000 34.0253115232
104.1000000000 33.8858801221
104.2000000000 33.7248973959
104.3000000000 33.5442731120
104.4000000000 33.3456733753
104.5000000000 33.1305628550
104.6000000000 32.9002393329
104.7000000000 32.6558618558
104.8000000000 32.3984736174
104.9000000000 32.1290205255
105.0000000000 31.8483662555
105.1000000000 31.5573044526
105.2000000000 31.2565686272
105.3000000000 30.9468401891
105.4000000000 30.6287549808
105.5000000000 30.3029086060
105.6000000000 29.9698607904
105.7000000000 29.6301389677
105.8000000000 29.2842412461
105.9000000000 28.9326388817
106.0000000000 28.5757783582
106.1000000000 28.2140831538
106.2000000000 27.8479552613
106.3000000000 27.4777765109
106.4000000000 27.1039097381
106.5000000000 26.7266998278
106.6000000000 26.3464746610
106.7000000000 25.9635459826
106.8000000000 25.5782102066
106.9000000000 25.1907491708
107.0000000000 24.8014308476
107.1000000000 24.4105100211
107.2000000000 24.0182289319
107.3000000000 23.6248178962
107.4000000000 23.2304958996
107.5000000000 22.8354711681
107.6000000000 22.4399417185
107.7000000000 22.0440958866
107.8000000000 21.6481128359
107.9000000000 21.2521630466
108.0000000000 20.8564087831
108.1000000000 20.4610045431
108.2000000000 20.0660974860
108.3000000000 19.6718278413
108.4000000000 19.2783292975
108.5000000000 18.8857293709
108.6000000000 18.4941497553
108.7000000000 18.1037066513
108.8000000000 17.7145110773
108.9000000000 17.3266691613
109.0000000000 16.9402824139
109.1000000000 16.5554479836
109.2000000000 16.1722588941
109.3000000000 15.7908042645
109.4000000000 15.4111695131
109.5000000000 15.0334365447
109.6000000000 14.6576839225
109.7000000000 14.2839870259
109.8000000000 13.9124181927
109.9000000000 13.5430468491
110.0000000000 13.1759396257
110.1000000000 12.8111604623
110.2000000000 12.4487707006
110.3000000000 12.0888291660
110.4000000000 11.7313922398
110.5000000000 11.3765139218
110.6000000000 11.0242458840
110.7000000000 10.6746375165
110.8000000000 10.3277359666
110.9000000000 9.9835861703
111.0000000000 9.6422308793
111.1000000000 9.3037106812
111.2000000000 8.9680640168
111.3000000000 8.6353271926
111.4000000000 8.3055343901
111.5000000000 7.9787176728
111.6000000000 7.6549069912
111.7000000000 7.3341301863
111.8000000000 7.0164129925
111.9000000000 6.7017790394
112.0000000000 6.3902498547
112.1000000000 6.0818448675
112.2000000000 5.7765814123
112.3000000000 5.4744747348
112.4000000000 5.1755379995
112.5000000000 4.8797822995
112.6000000000 4.5872166686
112.7000000000 4.2978480958
112.8000000000 4.0116815438
112.9000000000 3.7287199691
113.0000000000 3.4489643460
113.1000000000 3.1724136941
113.2000000000 2.8990651085
113.3000000000 2.6289137937
113.4000000000 2.3619531003
113.5000000000 2.0981745655
113.6000000000 1.8375679562
113.7000000000 1.5801213153
113.8000000000 1.3258210109
113.9000000000 1.0746517876
114.0000000000 0.8265968211
114.1000000000 0.5816377745
114.2000000000 0.3397548563
114.3000000000 0.1009268812
114.4000000000 -0.1348686688
114.5000000000 -0.3676555811
114.6000000000 -0.5974588486
114.7000000000 -0.8243046051
114.8000000000 -1.0482200599
114.9000000000 -1.2692334321
115.0000000000 -1.4873738858
115.1000000000 -1.7026714638
115.2000000000 -1.9151570235
115.3000000000 -2.1248621722
115.4000000000 -2.3318192039
115.5000000000 -2.5360610367
115.6000000000 -2.7376211519
115.7000000000 -2.9365335336
115.8000000000 -3.1328326111
115.9000000000 -3.3265532014
116.0000000000 -3.5177304543
116.1000000000 -3.7063997995
116.2000000000 -3.8925968948
116.3000000000 -4.0763575770
116.4000000000 -4.2577178141
116.5000000000 -4.4367136604
116.6000000000 -4.6133812127
116.7000000000 -4.7877565696
116.8000000000 -4.9598757920
116.9000000000 -5.1297748662
117.0000000000 -5.2974896687
117.1000000000 -5.4630559337
117.2000000000 -5.6265092218
117.3000000000 -5.7878848914
117.4000000000 -5.9472180713
117.5000000000 -6.1045436360
117.6000000000 -6.2598961823
117.7000000000 -6.4133100076
117.8000000000 -6.5648190905
117.9000000000 -6.7144570727
118.0000000000 -6.8622572420
118.1000000000 -7.0082525180
118.2000000000 -7.1524754384
118.3000000000 -7.2949581469
118.4000000000 -7.4357323823
118.5000000000 -7.5748294695
118.6000000000 -7.7122803107
118.7000000000 -7.8481153789
118.8000000000 -7.9823647116
118.9000000000 -8.1150579058
119.0000000000 -8.2462241140
119.1000000000 -8.3758920412
119.2000000000 -8.5040899427
119.3000000000 -8.6308456225
119.4000000000 -8.7561864324
119.5000000000 -8.8801392724
119.6000000000 -9.0027305913
119.7000000000 -9.1239863873
119.8000000000 -9.2439322105
119.9000000000 -9.3625931646
120.0000000000 -9.4799939102
120.1000000000 -9.5961586674
120.2000000000 -9.7111112195
120.3000000000 -9.8248749174
120.4000000000 -9.9374726829
120.5000000000 -10.0489270141
120.6000000000 -10.1592599898
120.7000000000 -10.2684932742
120.8000000000 -10.3766481228
120.9000000000 -10.4837453874
121.0000000000 -10.5898055215
121.1000000000 -10.6948485865
121.2000000000 -10.7988942569
121.3000000000 -10.9019618269
121.4000000000 -11.0040702159
121.5000000000 -11.1052379747
121.6000000000 -11.2054832916
121.7000000000 -11.3048239989
121.8000000000 -11.4032775784
121.9000000000 -11.5008611682
122.0000000000 -11.5975915687
122.1000000000 -11.6934852487
122.2000000000 -11.7885583516
122.3000000000 -11.8828267017
122.4000000000 -11.9763058100
122.5000000000 -12.0690108808
122.6000000000 -12.1609568169
122.7000000000 -12.2521582265
122.8000000000 -12.3426294284
122.9000000000 -12.4323844582
123.0000000000 -12.5214370739
123.1000000000 -12.6098007618
123.2000000000 -12.6974887420
123.3000000000 -12.7845139740
123.4000000000 -12.8708891621
123.5000000000 -12.9566267609
123.6000000000 -13.0417389807
123.7000000000 -13.1262377925
123.8000000000 -13.2101349332
123.9000000000 -13.2934419109
124.0000000000 -13.3761700095
124.1000000000 -13.4583302938
124.2000000000 -13.5399336144
124.3000000000 -13.6209906122
124.4000000000 -13.7015117229
124.5000000000 -13.7815071820
124.6000000000 -13.8609870288
124.7000000000 -13.9399611108
124.8000000000 -14.0184390883
124.9000000000 -14.0964304381
125.0000000000 -14.1739444580
125.1000000000 -14.2509902707
125.2000000000 -14.3275768274
125.3000000000 -14.4037129121
125.4000000000 -14.4794071452
125.5000000000 -14.5546679870
125.6000000000 -14.6295037417
125.7000000000 -14.7039225602
125.8000000000 -14.7779324445
125.9000000000 -14.8515412504
126.0000000000 -14.9247566907
126.1000000000 -14.9975863390
126.2000000000 -15.0700376325
126.3000000000 -15.1421178750
126.4000000000 -15.2138342399
126.5000000000 -15.2851937735
126.6000000000 -15.3562033974
126.7000000000 -15.4268699116
126.8000000000 -15.4971999971
126.9000000000 -15.5672002188
127.0000000000 -15.6368770276
127.1000000000 -15.7062367635
127.2000000000 -15.7752856580
127.3000000000 -15.8440298362
127.4000000000 -15.9124753195
127.5000000000 -15.9806280278
127.6000000000 -16.0484937818
127.7000000000 -16.1160783052
127.8000000000 -16.1833872269
127.9000000000 -16.2504260830
128.0000000000 -16.3172003189
128.1000000000 -16.3837152917
128.2000000000 -16.4499762713
128.3000000000 -16.5159884433
128.4000000000 -16.5817569101
128.5000000000 -16.6472866933
128.6000000000 -16.7125827350
128.7000000000 -16.7776499001
128.8000000000 -16.8424929773
128.9000000000 -16.9071166815
129.0000000000 -16.9715256548
129.1000000000 -17.0357244686
129.2000000000 -17.0997176248
129.3000000000 -17.1635095574
129.4000000000 -17.2271046340
129.5000000000 -17.2905071573
129.6000000000 -17.3537213665
129.7000000000 -17.4167514386
129.8000000000 -17.4796014896
129.9000000000 -17.5422755763
130.0000000000 -17.6047776970
130.1000000000 -17.6671117931
130.2000000000 -17.7292817504
130.3000000000 -17.7912913998
130.4000000000 -17.8531445192
130.5000000000 -17.9148448338
130.6000000000 -17.9763960180
130.7000000000 -18.0378016960
130.8000000000 -18.0990654429
130.9000000000 -18.1601907861
131.0000000000 -18.2211812057
131.1000000000 -18.2820401361
131.2000000000 -18.3427709664
131.3000000000 -18.4033770421
131.4000000000 -18.4638616650
131.5000000000 -18.5242280951
131.6000000000 -18.5844795508
131.7000000000 -18.6446192100
131.8000000000 -18.7046502111
131.9000000000 -18.7645756535
132.0000000000 -18.8243985985
132.1000000000 -18.8841220703
132.2000000000 -18.9437490565
132.3000000000 -19.0032825089
132.4000000000 -19.0627253444
132.5000000000 -19.1220804454
132.6000000000 -19.1813506610
132.7000000000 -19.2405388069
132.8000000000 -19.2996476670
132.9000000000 -19.3586799931
133.0000000000 -19.4176385065
133.1000000000 -19.4765258978
133.2000000000 -19.5353448278
133.3000000000 -19.5940979284
133.4000000000 -19.6527878026
133.5000000000 -19.7114170257
133.6000000000 -19.7699881452
133.7000000000 -19.8285036818
133.8000000000 -19.8869661298
133.9000000000 -19.9453779575
134.0000000000 -20.0037416080
134.1000000000 -20.0620594993
134.2000000000 -20.1203340251
134.3000000000 -20.1785675551
134.4000000000 -20.2367624354
134.5000000000 -20.2949209892
134.6000000000 -20.3530455170
134.7000000000 -20.4111382972
134.8000000000 -20.4692015864
134.9000000000 -20.5272376196
135.0000000000 -20.5852486113
135.1000000000 -20.6432367550
135.2000000000 -20.7012042242
135.3000000000 -20.7591531725
135.4000000000 -20.8170857342
135.5000000000 -20.8750040242
135.6000000000 -20.9329101389
135.7000000000 -20.9908061561
135.8000000000 -21.0486941356
135.9000000000 -21.1065761194
136.0000000000 -21.1644541319
136.1000000000 -21.2223301804
136.2000000000 -21.2802062555
136.3000000000 -21.3380843311
136.4000000000 -21.3959663646
136.5000000000 -21.4538542978
136.6000000000 -21.5117500564
136.7000000000 -21.5696555507
136.8000000000 -21.6275726758
136.9000000000 -21.6855033119
137.0000000000 -21.7434493244
137.1000000000 -21.8014125640
137.2000000000 -21.8593948675
137.3000000000 -21.9173980572
137.4000000000 -21.9754239421
137.5000000000 -22.0334743170
137.6000000000 -22.0915509638
137.7000000000 -22.1496556508
137.8000000000 -22.2077901336
137.9000000000 -22.2659561546
138.0000000000 -22.3241554439
138.1000000000 -22.3823897190
138.2000000000 -22.4406606851
138.3000000000 -22.4989700351
138.4000000000 -22.5573194504
138.5000000000 -22.6157106001
138.6000000000 -22.6741451418
138.7000000000 -22.7326247219
138.8000000000 -22.7911509749
138.9000000000 -22.8497255245
139.0000000000 -22.9083499832
139.1000000000 -22.9670259524
139.2000000000 -23.0257550229
139.3000000000 -23.0845387746
139.4000000000 -23.1433787768
139.5000000000 -23.2022765884
139.6000000000 -23.2612337580
139.7000000000 -23.3202518237
139.8000000000 -23.3793323136
139.9000000000 -23.4384767455
140.0000000000 -23.4976866275
140.1000000000 -23.5569634576
140.2000000000 -23.6163087240
140.3000000000 -23.6757239051
140.4000000000 -23.7352104698
140.5000000000 -23.7947698772
140.6000000000 -23.8544035769
140.7000000000 -23.9141130092
140.8000000000 -23.9738996048
140.9000000000 -24.0337647850
141.0000000000 -24.0937099620
141.1000000000 -24.1537365385
141.2000000000 -24.2138459082
141.3000000000 -24.2740394554
141.4000000000 -24.3343185555
141.5000000000 -24.3946845746
141.6000000000 -24.4551388697
141.7000000000 -24.5156827891
141.8000000000 -24.5763176716
141.9000000000 -24.6370448473
142.0000000000 -24.6978656372
142.1000000000 -24.7587813534
142.2000000000 -24.8197932990
142.3000000000 -24.8809027680
142.4000000000 -24.9421110457
142.5000000000 -25.0034194083
142.6000000000 -25.0648291231
142.7000000000 -25.1263414483
142.8000000000 -25.1879576334
142.9000000000 -25.2496789186
143.0000000000 -25.3115065354
143.1000000000 -25.3734417061
143.2000000000 -25.4354856441
143.3000000000 -25.4976395536
143.4000000000 -25.5599046299
143.5000000000 -25.6222820590
143.6000000000 -25.6847730178
143.7000000000 -25.7473786743
143.8000000000 -25.8101001868
143.9000000000 -25.8729387049
144.0000000000 -25.9358953684
144.1000000000 -25.9989713082
144.2000000000 -26.0621676454
144.3000000000 -26.1254854921
144.4000000000 -26.1889259505
144.5000000000 -26.2524901137
144.6000000000 -26.3161790647
144.7000000000 -26.3799938772
144.8000000000 -26.4439356152
144.9000000000 -26.5080053327
145.0000000000 -26.5722040740
145.1000000000 -26.6365328734
145.2000000000 -26.7009927553
145.3000000000 -26.7655847339
145.4000000000 -26.8303098135
145.5000000000 -26.8951689880
145.6000000000 -26.9601632410
145.7000000000 -27.0252935458
145.8000000000 -27.0905608652
145.9000000000 -27.1559661516
146.0000000000 -27.2215103465
146.1000000000 -27.2871943809
146.2000000000 -27.3530191749
146.3000000000 -27.4189856377
146.4000000000 -27.4850946676
146.5000000000 -27.5513471517
146.6000000000 -27.6177439659
146.7000000000 -27.6842859749
146.8000000000 -27.7509740319
146.9000000000 -27.8178089788
147.0000000000 -27.8847916458
147.1000000000 -27.9519228512
147.2000000000 -28.0192034019
147.3000000000 -28.0866340925
147.4000000000 -28.1542157058
147.5000000000 -28.2219490125
147.6000000000 -28.2898347709
147.7000000000 -28.3578737271
147.8000000000 -28.4260666147
147.9000000000 -28.4944141545
148.0000000000 -28.5629170550
148.1000000000 -28.6315760117
148.2000000000 -28.7003917070
148.3000000000 -28.7693648106
148.4000000000 -28.8384959788
148.5000000000 -28.9077858548
148.6000000000 -28.9772350681
148.7000000000 -29.0468442351
148.8000000000 -29.1166139582
148.9000000000 -29.1865448264
149.0000000000 -29.2566374145
149.1000000000 -29.3268922836
149.2000000000 -29.3973099804
149.3000000000 -29.4678910376
149.4000000000 -29.5386359734
149.5000000000 -29.6095452917
149.6000000000 -29.6806194817
149.7000000000 -29.7518590179
149.8000000000 -29.8232643600
149.9000000000 -29.8948359527
150.0000000000 -29.9665742258
150.1000000000 -30.0384795936
150.2000000000 -30.1105524555
150.3000000000 -30.1827931951
150.4000000000 -30.2552021809
150.5000000000 -30.3277797653
150.6000000000 -30.4005262853
150.7000000000 -30.4734420619
150.8000000000 -30.5465274001
150.9000000000 -30.6197825889
151.0000000000 -30.6932079009
151.1000000000 -30.7668035927
151.2000000000 -30.8405699041
151.3000000000 -30.9145070589
151.4000000000 -30.9886152637
151.5000000000 -31.0628947089
151.6000000000 -31.1373455677
151.7000000000 -31.2119679966
151.8000000000 -31.2867621350
151.9000000000 -31.3617281052
152.0000000000 -31.4368660123
152.1000000000 -31.5121759442
152.2000000000 -31.5876579713
152.3000000000 -31.6633121466
152.4000000000 -31.7391385054
152.5000000000 -31.8151370657
152.6000000000 -31.8913078276
152.7000000000 -31.9676507734
152.8000000000 -32.0441658675
152.9000000000 -32.1208530566
153.0000000000 -32.1977122692
153.1000000000 -32.2747434159
153.2000000000 -32.3519463891
153.3000000000 -32.4293210630
153.4000000000 -32.5068672936
153.5000000000 -32.5845849188
153.6000000000 -32.6624737580
153.7000000000 -32.7405336121
153.8000000000 -32.8187642640
153.9000000000 -32.8971654777
154.0000000000 -32.9757369991
154.1000000000 -33.0544785552
154.2000000000 -33.1333898550
154.3000000000 -33.2124705884
154.4000000000 -33.2917204269
154.5000000000 -33.3711390236
154.6000000000 -33.4507260129
154.7000000000 -33.5304810103
154.8000000000 -33.6104036131
154.9000000000 -33.6904933998
155.0000000000 -33.7707499302
155.1000000000 -33.8511727456
155.2000000000 -33.9317613689
155.3000000000 -34.0125153040
155.4000000000 -34.0934340367
155.5000000000 -34.1745170339
155.6000000000 -34.2557637444
155.7000000000 -34.3371735982
155.8000000000 -34.4187460071
155.9000000000 -34.5004803645
156.0000000000 -34.5823760455
156.1000000000 -34.6644324069
156.2000000000 -34.7466487872
156.3000000000 -34.8290245070
156.4000000000 -34.9115588688
156.5000000000 -34.9942511568
156.6000000000 -35.0771006377
156.7000000000 -35.1601065601
156.8000000000 -35.2432681550
156.9000000000 -35.3265846356
157.0000000000 -35.4100551978
157.1000000000 -35.4936790198
157.2000000000 -35.5774552625
157.3000000000 -35.6613830698
157.4000000000 -35.7454615683
157.5000000000 -35.8296898675
157.6000000000 -35.9140670602
157.7000000000 -35.9985922226
157.8000000000 -36.0832644140
157.9000000000 -36.1680826775
158.0000000000 -36.2530460398
158.1000000000 -36.3381535114
158.2000000000 -36.4234040868
158.3000000000 -36.5087967448
158.4000000000 -36.5943304485
158.5000000000 -36.6800041453
158.6000000000 -36.7658167675
158.7000000000 -36.8517672321
158.8000000000 -36.9378544413
158.9000000000 -37.0240772823
159.0000000000 -37.1104346279
159.1000000000 -37.1969253364
159.2000000000 -37.2835482521
159.3000000000 -37.3703022049
159.4000000000 -37.4571860115
159.5000000000 -37.5441984746
159.6000000000 -37.6313383836
159.7000000000 -37.7186045151
159.8000000000 -37.8059956324
159.9000000000 -37.8935104865
160.0000000000 -37.9811478156
160.1000000000 -38.0689063460
160.2000000000 -38.1567847918
160.3000000000 -38.2447818558
160.4000000000 -38.3328962288
160.5000000000 -38.4211265907
160.6000000000 -38.5094716105
160.7000000000 -38.5979299463
160.8000000000 -38.6865002459
160.9000000000 -38.7751811467
161.0000000000 -38.8639712766
161.1000000000 -38.9528692535
161.2000000000 -39.0418736860
161.3000000000 -39.1309831737
161.4000000000 -39.2201963072
161.5000000000 -39.3095116689
161.6000000000 -39.3989278325
161.7000000000 -39.4884433640
161.8000000000 -39.5780568217
161.9000000000 -39.6677667564
162.0000000000 -39.7575717118
162.1000000000 -39.8474702249
162.2000000000 -39.9374608258
162.3000000000 -40.0275420389
162.4000000000 -40.1177123821
162.5000000000 -40.2079703682
162.6000000000 -40.2983145041
162.7000000000 -40.3887432920
162.8000000000 -40.4792552293
162.9000000000 -40.5698488089
163.0000000000 -40.6605225194
163.1000000000 -40.7512748458
163.2000000000 -40.8421042693
163.3000000000 -40.9330092680
163.4000000000 -41.0239883170
163.5000000000 -41.1150398888
163.6000000000 -41.2061624534
163.7000000000 -41.2973544788
163.8000000000 -41.3886144314
163.9000000000 -41.4799407760
164.0000000000 -41.5713319761
164.1000000000 -41.6627864947
164.2000000000 -41.7543027940
164.3000000000 -41.8458793359
164.4000000000 -41.9375145824
164.5000000000 -42.0292069959
164.6000000000 -42.1209550392
164.7000000000 -42.2127571763
164.8000000000 -42.3046118722
164.9000000000 -42.3965175932
165.0000000000 -42.4884728079
165.1000000000 -42.5804759863
165.2000000000 -42.6725256012
165.3000000000 -42.7646201279
165.4000000000 -42.8567580444
165.5000000000 -42.9489378320
165.6000000000 -43.0411579755
165.7000000000 -43.1334169633
165.8000000000 -43.2257132876
165.9000000000 -43.3180454452
166.0000000000 -43.4104119371
166.1000000000 -43.5028112691
166.2000000000 -43.5952419520
166.3000000000 -43.6877025020
166.4000000000 -43.7801914406
166.5000000000 -43.8727072950
166.6000000000 -43.9652485987
166.7000000000 -44.0578138910
166.8000000000 -44.1504017180
166.9000000000 -44.2430106323
167.0000000000 -44.3356391934
167.1000000000 -44.4282859680
167.2000000000 -44.5209495302
167.3000000000 -44.6136284615
167.4000000000 -44.7063213514
167.5000000000 -44.7990267972
167.6000000000 -44.8917434043
167.7000000000 -44.9844697869
167.8000000000 -45.0772045672
167.9000000000 -45.1699463766
168.0000000000 -45.2626938554
168.1000000000 -45.3554456527
168.2000000000 -45.4482004274
168.3000000000 -45.5409568475
168.4000000000 -45.6337135908
168.5000000000 -45.7264693448
168.6000000000 -45.8192228072
168.7000000000 -45.9119726855
168.8000000000 -46.0047176978
168.9000000000 -46.0974565724
169.0000000000 -46.1901880481
169.1000000000 -46.2829108747
169.2000000000 -46.3756238124
169.3000000000 -46.4683256326
169.4000000000 -46.5610151178
169.5000000000 -46.6536910614
169.6000000000 -46.7463522685
169.7000000000 -46.8389975553
169.8000000000 -46.9316257495
169.9000000000 -47.0242356905
170.0000000000 -47.1168262293
170.1000000000 -47.2093962288
170.2000000000 -47.3019445635
170.3000000000 -47.3944701201
170.4000000000 -47.4869717972
170.5000000000 -47.5794485054
170.6000000000 -47.6718991674
170.7000000000 -47.7643227184
170.8000000000 -47.8567181053
170.9000000000 -47.9490842879
171.0000000000 -48.0414202378
171.1000000000 -48.1337249393
171.2000000000 -48.2259973890
171.3000000000 -48.3182365959
171.4000000000 -48.4104415816
171.5000000000 -48.5026113799
171.6000000000 -48.5947450374
171.7000000000 -48.6868416130
171.8000000000 -48.7789001783
171.9000000000 -48.8709198172
172.0000000000 -48.9628996262
172.1000000000 -49.0548387145
172.2000000000 -49.1467362034
172.3000000000 -49.2385912271
172.4000000000 -49.3304029319
172.5000000000 -49.4221704769
172.6000000000 -49.5138930332
172.7000000000 -49.6055697846
172.8000000000 -49.6971999272
172.9000000000 -49.7887826692
173.0000000000 -49.8803172312
173.1000000000 -49.9718028461
173.2000000000 -50.0632387589
173.3000000000 -50.1546242265
173.4000000000 -50.2459585180
173.5000000000 -50.3372409147
173.6000000000 -50.4284707093
173.7000000000 -50.5196472069
173.8000000000 -50.6107697239
173.9000000000 -50.7018375888
174.0000000000 -50.7928501413
174.1000000000 -50.8838067328
174.2000000000 -50.9747067264
174.3000000000 -51.0655494960
174.4000000000 -51.1563344272
174.5000000000 -51.2470609166
174.6000000000 -51.3377283718
174.7000000000 -51.4283362115
174.8000000000 -51.5188838649
174.9000000000 -51.6093707723
175.0000000000 -51.6997963844
175.1000000000 -51.7901601626
175.2000000000 -51.8804615784
175.3000000000 -51.9707001137
175.4000000000 -52.0608752606
175.5000000000 -52.1509865212
175.6000000000 -52.2410334073
175.7000000000 -52.3310154406
175.8000000000 -52.4209321525
175.9000000000 -52.5107830836
176.0000000000 -52.6005677840
176.1000000000 -52.6902858131
176.2000000000 -52.7799367391
176.3000000000 -52.8695201394
176.4000000000 -52.9590355999
176.5000000000 -53.0484827153
176.6000000000 -53.1378610885
176.7000000000 -53.2271703311
176.8000000000 -53.3164100625
176.9000000000 -53.4055799103
177.0000000000 -53.4946795098
177.1000000000 -53.5837085040
177.2000000000 -53.6726665435
177.3000000000 -53.7615532862
177.4000000000 -53.8503683972
177.5000000000 -53.9391115484
177.6000000000 -54.0277824190
177.7000000000 -54.1163806945
177.8000000000 -54.2049060671
177.9000000000 -54.2933582351
178.0000000000 -54.3817369034
178.1000000000 -54.4700417824
178.2000000000 -54.5582725887
178.3000000000 -54.6464290444
178.4000000000 -54.7345108770
178.5000000000 -54.8225178195
178.6000000000 -54.9104496097
178.7000000000 -54.9983059905
178.8000000000 -55.0860867098
178.9000000000 -55.1737915196
179.0000000000 -55.2614201767
179.1000000000 -55.3489724418
179.2000000000 -55.4364480800
179.3000000000 -55.5238468599
179.4000000000 -55.6111685539
179.5000000000 -55.6984129381
179.6000000000 -55.7855797914
179.7000000000 -55.8726688965
179.8000000000 -55.9596800384
179.9000000000 -56.0466130053
180.0000000000 -56.1334675879
180.1000000000 -56.2202435790
180.2000000000 -56.3069407741
180.3000000000 -56.3935589704
180.4000000000 -56.4800979669
180.5000000000 -56.5665575646
180.6000000000 -56.6529375658
180.7000000000 -56.7392377740
180.8000000000 -56.8254579940
180.9000000000 -56.9115980316
181.0000000000 -56.9976576932
181.1000000000 -57.0836367859
181.2000000000 -57.1695351173
181.3000000000 -57.2553524950
181.4000000000 -57.3410887270
181.5000000000 -57.4267436209
181.6000000000 -57.5123169843
181.7000000000 -57.5978086241
181.8000000000 -57.6832183467
181.9000000000 -57.7685459577
182.0000000000 -57.8537912618
182.1000000000 -57.9389540625
182.2000000000 -58.0240341620
182.3000000000 -58.1090313611
182.4000000000 -58.1939454590
182.5000000000 -58.2787762530
182.6000000000 -58.3635235386
182.7000000000 -58.4481871091
182.8000000000 -58.5327667556
182.9000000000 -58.6172622667
183.0000000000 -58.7016734286
183.1000000000 -58.7860000247
183.2000000000 -58.8702418353
183.3000000000 -58.9543986381
183.4000000000 -59.0384702073
183.5000000000 -59.1224563140
183.6000000000 -59.2063567257
183.7000000000 -59.2901712064
183.8000000000 -59.3738995164
183.9000000000 -59.4575414119
184.0000000000 -59.5410966454
184.1000000000 -59.6245649650
184.2000000000 -59.7079461149
184.3000000000 -59.7912398345
184.4000000000 -59.8744458589
184.5000000000 -59.9575639185
184.6000000000 -60.0405937390
184.7000000000 -60.1235350412
184.8000000000 -60.2063875409
184.9000000000 -60.2891509488
185.0000000000 -60.3718249703
185.1000000000 -60.4544093057
185.2000000000 -60.5369036497
185.3000000000 -60.6193076915
185.4000000000 -60.7016211147
185.5000000000 -60.7838435971
185.6000000000 -60.8659748109
185.7000000000 -60.9480144222
185.8000000000 -61.0299620912
185.9000000000 -61.1118174720
186.0000000000 -61.1935802125
186.1000000000 -61.2752499544
186.2000000000 -61.3568263332
186.3000000000 -61.4383089779
186.4000000000 -61.5196975110
186.5000000000 -61.6009915486
186.6000000000 -61.6821907003
186.7000000000 -61.7632945688
186.8000000000 -61.8443027504
186.9000000000 -61.9252148344
187.0000000000 -62.0060304035
187.1000000000 -62.0867490335
187.2000000000 -62.1673702933
187.3000000000 -62.2478937449
187.4000000000 -62.3283189433
187.5000000000 -62.4086454366
187.6000000000 -62.4888727658
187.7000000000 -62.5690004648
187.8000000000 -62.6490280606
187.9000000000 -62.7289550731
188.0000000000 -62.8087810149
188.1000000000 -62.8885053917
188.2000000000 -62.9681277020
188.3000000000 -63.0476474371
188.4000000000 -63.1270640813
188.5000000000 -63.2063771116
188.6000000000 -63.2855859982
188.7000000000 -63.3646902038
188.8000000000 -63.4436891844
188.9000000000 -63.5225823884
189.0000000000 -63.6013692577
189.1000000000 -63.6800492267
189.2000000000 -63.7586217231
189.3000000000 -63.8370861674
189.4000000000 -63.9154419733
189.5000000000 -63.9936885476
189.6000000000 -64.0718252899
189.7000000000 -64.1498515934
189.8000000000 -64.2277668443
189.9000000000 -64.3055704219
190.0000000000 -64.3832616993
190.1000000000 -64.4608400424
190.2000000000 -64.5383048109
190.3000000000 -64.6156553579
190.4000000000 -64.6928910301
190.5000000000 -64.7700111676
190.6000000000 -64.8470151046
190.7000000000 -64.9239021687
190.8000000000 -65.0006716817
190.9000000000 -65.0773229590
191.0000000000 -65.1538553102
191.1000000000 -65.2302680391
191.2000000000 -65.3065604435
191.3000000000 -65.3827318157
191.4000000000 -65.4587814422
191.5000000000 -65.5347086041
191.6000000000 -65.6105125771
191.7000000000 -65.6861926317
191.8000000000 -65.7617480329
191.9000000000 -65.8371780410
192.0000000000 -65.9124819110
192.1000000000 -65.9876588934
192.2000000000 -66.0627082336
192.3000000000 -66.1376291726
192.4000000000 -66.2124209469
192.5000000000 -66.2870827886
192.6000000000 -66.3616139256
192.7000000000 -66.4360135816
192.8000000000 -66.5102809766
192.9000000000 -66.5844153263
193.0000000000 -66.6584158432
193.1000000000 -66.7322817358
193.2000000000 -66.8060122096
193.3000000000 -66.8796064664
193.4000000000 -66.9530637053
193.5000000000 -67.0263831220
193.6000000000 -67.0995639095
193.7000000000 -67.1726052584
193.8000000000 -67.2455063563
193.9000000000 -67.3182663887
194.0000000000 -67.3908845388
194.1000000000 -67.4633599876
194.2000000000 -67.5356919145
194.3000000000 -67.6078794967
194.4000000000 -67.6799219102
194.5000000000 -67.7518183293
194.6000000000 -67.8235679271
194.7000000000 -67.8951698756
194.8000000000 -67.9666233457
194.9000000000 -68.0379275077
195.0000000000 -68.1090815312
195.1000000000 -68.1800845853
195.2000000000 -68.2509358388
195.3000000000 -68.3216344604
195.4000000000 -68.3921796188
195.5000000000 -68.4625704829
195.6000000000 -68.5328062221
195.7000000000 -68.6028860060
195.8000000000 -68.6728090054
195.9000000000 -68.7425743914
196.0000000000 -68.8121813367
196.1000000000 -68.8816290148
196.2000000000 -68.9509166007
196.3000000000 -69.0200432711
196.4000000000 -69.0890082041
196.5000000000 -69.1578105799
196.6000000000 -69.2264495808
196.7000000000 -69.2949243912
196.8000000000 -69.3632341977
196.9000000000 -69.4313781898
197.0000000000 -69.4993555595
197.1000000000 -69.5671655017
197.2000000000 -69.6348072144
197.3000000000 -69.7022798987
197.4000000000 -69.7695827590
197.5000000000 -69.8367150036
197.6000000000 -69.9036758439
197.7000000000 -69.9704644957
197.8000000000 -70.0370801784
197.9000000000 -70.1035221158
198.0000000000 -70.1697895359
198.1000000000 -70.2358816711
198.2000000000 -70.3017977585
198.3000000000 -70.3675370401
198.4000000000 -70.4330987626
198.5000000000 -70.4984821777
198.6000000000 -70.5636865427
198.7000000000 -70.6287111199
198.8000000000 -70.6935551773
198.9000000000 -70.7582179883
199.0000000000 -70.8226988325
199.1000000000 -70.8869969950
199.2000000000 -70.9511117671
199.3000000000 -71.0150424465
199.4000000000 -71.0787883369
199.5000000000 -71.1423487488
199.6000000000 -71.2057229990
199.7000000000 -71.2689104111
199.8000000000 -71.3319103157
199.9000000000 -71.3947220501
