0 -27.46611553 0.5373575464
1 -27.87410003 0.5299910306
2 -28.2961541 0.5224177504
3 -28.73276565 0.5146358286
4 -29.18439932 0.5066444738
5 -29.65148855 0.4984441389
6 -30.13442697 0.4900366817
7 -30.63355911 0.4814255202
8 -31.14917073 0.4726157801
9 -31.68147889 0.4636144257
10 -32.23062207 0.4544303673
11 -32.79665058 0.4450745394
12 -33.37951772 0.4355599406
13 -33.97907203 0.4259016285
14 -34.59505094 0.4161166659
15 -35.22707643 0.4062240114
16 -35.87465281 0.3962443547
17 -36.53716703 0.3861998968
18 -37.21389187 0.3761140781
19 -37.90399177 0.3660112611
20 -38.6065316 0.3559163776
21 -39.32048812 0.3458545512
22 -40.04476369 0.3358507087
23 -40.77820202 0.3259291942
24 -41.51960542 0.3161133999
25 -42.2677528 0.3064254281
26 -43.02141806 0.2968857929
27 -43.77938812 0.287513174
28 -44.54047996 0.2783242252
29 -45.30355638 0.2693334439
30 -46.06753983 0.2605530994
31 -46.83142417 0.2519932178
32 -47.59428405 0.2436616199
33 -48.35528182 0.2355640044
34 -49.11367207 0.2277040695
35 -49.86880371 0.2200836643
36 -50.62011984 0.212702963
37 -51.36715552 0.2055606529
38 -52.10953369 0.1986541309
39 -52.84695951 0.1919797009
40 -53.57921316 0.1855327682
41 -54.30614157 0.1793080262
42 -55.02764906 0.1732996327
43 -55.74368731 0.167501373
44 -56.4542446 0.1619068085
45 -57.1593348 0.1565094094
46 -57.85898609 0.1513026717
47 -58.55322965 0.1462802164
48 -59.24208861 0.1414358732
49 -59.92556741 0.1367637466
50 -60.60364181 0.1322582665
51 -61.27624977 0.1279142224
52 -61.94328354 0.1237267828
53 -62.60458309 0.1196915002
54 -63.25993109 0.1158043029
55 -63.90904975 0.1120614748
56 -64.55159957 0.1084596253
57 -65.18718006 0.1049956505
58 -65.8153325 0.101666688
59 -66.43554471 0.0984700676
60 -67.04725757 0.09540326037
61 -67.64987321 0.09246382733
62 -68.24276453 0.08964937088
63 -68.82528569 0.08695749022
64 -69.39678325 0.08438574231
65 -69.95660759 0.08193160959
66 -70.50412414 0.07959247499
67 -71.03872423 0.07736560467
68 -71.55983506 0.07524813822
69 -72.06692861 0.07323708607
70 -72.55952937 0.0713293332
71 -73.03722056 0.06952164835
72 -73.49964894 0.06781069771
73 -73.94652812 0.06619306195
74 -74.37764041 0.06466525569
75 -74.79283724 0.06322374815
76 -75.19203844 0.06186498446
77 -75.57523033 0.06058540656
78 -75.94246288 0.05938147329
79 -76.29384609 0.05824967904
80 -76.62954576 0.05718657082
81 -76.94977883 0.0561887633
82 -77.25480834 0.05525295186
83 -77.54493835 0.05437592362
84 -77.82050871 0.05355456641
85 -78.08188992 0.05278587581
86 -78.32947814 0.05206696045
87 -78.56369042 0.05139504562
88 -78.78496019 0.05076747547
89 -78.99373303 0.05018171387
90 -79.19046281 0.04963534422
91 -79.37560813 0.04912606822
92 -79.54962918 0.04865170394
93 -79.71298484 0.0482101832
94 -79.86613023 0.0477995484
95 -80.00951455 0.047417949
96 -80.14357914 0.04706363768
97 -80.268756 0.04673496628
98 -80.38546639 0.04643038158
99 -80.49411984 0.04614842104
100 -80.59511327 0.04588770855
101 -80.68883035 0.04564695009
102 -80.77564105 0.04542492958
103 -80.85590131 0.04522050473
104 -80.92995291 0.04503260308
105 -80.99812338 0.04486021803
106 -81.06072608 0.0447024052
107 -81.11806037 0.04455827879
108 -81.17041175 0.04442700813
109 -81.21805222 0.04430781447
110 -81.26124057 0.04419996779
111 -81.30022266 0.04410278404
112 -81.33523136 0.04401562334
113 -81.3664823 0.04393789666
114 -81.39413308 0.04386914666
115 -81.41791616 0.04380978643
116 -81.43386454 0.04376769604
117 -81.4051427 0.0438170444
118 -81.00236989 0.04462916324
119 -77.29950577 0.05280358557
120 -45.11701018 0.191503267
121 35.82624367 0.9959114123
122 38.504137 0.9999408631
123 37.27702168 0.9999285007
124 34.93338132 0.9998911689
125 31.72946099 0.9998049355
126 27.99496528 0.9996137055
127 24.05581341 0.9992078546
128 20.14805055 0.9983967662
129 16.41696209 0.9968913393
130 12.9456032 0.9943206348
131 9.778883725 0.9903032938
132 6.936824797 0.9845644163
133 4.42085141 0.9770454963
134 2.217717953 0.9679426578
135 0.3034835471 0.9576509357
136 -1.352156437 0.9466522906
137 -2.781859919 0.9354073357
138 -4.017588913 0.9242883519
139 -5.088719873 0.9135574882
140 -6.02114931 0.9033752198
141 -6.837089012 0.8938220579
142 -7.555261741 0.8849220861
143 -8.191286501 0.8766629372
144 -8.758122404 0.8690107365
145 -9.266500186 0.8619204146
146 -9.725308749 0.8553424045
147 -10.141926 0.8492267565
148 -10.52249455 0.8435255131
149 -10.87214779 0.8381939566
150 -11.19519371 0.8331911555
151 -11.49526358 0.8284800886
152 -11.77543209 0.8240275278
153 -12.0383144 0.8198037932
154 -12.2861448 0.8157824492
155 -12.52084055 0.8119399837
156 -12.74405387 0.8082554932
157 -12.95721454 0.8047103872
158 -13.16156487 0.8012881173
159 -13.3581885 0.7979739329
160 -13.54803438 0.7947546641
161 -13.73193661 0.7916185294
162 -13.91063108 0.7885549659
163 -14.08476946 0.7855544808
164 -14.25493093 0.7826085209
165 -14.42163217 0.7797093585
166 -14.58533582 0.7768499909
167 -14.74645767 0.7740240528
168 -14.90537291 0.7712257394
169 -15.06242135 0.7684497382
170 -15.21791211 0.7656911696
171 -15.37212751 0.7629455345
172 -15.52532657 0.7602086672
173 -15.67774799 0.7574766944
174 -15.82961281 0.7547459987
175 -15.98112674 0.7520131858
176 -16.13248215 0.749275055
177 -16.28385995 0.7465285734
178 -16.43543118 0.743770852
179 -16.58735845 0.7409991246
180 -16.73979723 0.7382107282
181 -16.89289706 0.7354030854
182 -17.04680256 0.7325736883
183 -17.20165446 0.7297200837
184 -17.35759048 0.726839859
185 -17.51474614 0.7239306295
186 -17.67325554 0.7209900265
187 -17.83325212 0.7180156859
188 -17.99486931 0.7150052371
189 -18.1582412 0.7119562936
190 -18.32350318 0.7088664423
191 -18.49079253 0.7057332345
192 -18.66024905 0.7025541766
193 -18.83201561 0.6993267213
194 -19.00623877 0.6960482585
195 -19.18306929 0.6927161072
196 -19.36266281 0.6893275068
197 -19.54518032 0.6858796086
198 -19.73078885 0.682369468
199 -19.91966197 0.6787940362
200 -20.1119805 0.6751501522
201 -20.30793301 0.6714345351
202 -20.50771654 0.6676437766
203 -20.71153721 0.663774334
204 -20.91961083 0.6598225225
205 -21.13216363 0.6557845095
206 -21.34943287 0.6516563085
207 -21.57166754 0.6474337738
208 -21.799129 0.6431125967
209 -22.03209167 0.638688302
210 -22.27084368 0.6341562468
211 -22.51568743 0.6295116205
212 -22.76694028 0.6247494467
213 -23.02493496 0.6198645887
214 -23.29002013 0.6148517564
215 -23.5625607 0.609705518
216 -23.84293808 0.6044203152
217 -24.13155034 0.5989904834
218 -24.42881204 0.5934102773
219 -24.73515406 0.5876739027
220 -25.05102297 0.5817755558
221 -25.37688018 0.5757094699
222 -25.71320077 0.5694699714
223 -26.0604718 0.5630515447
224 -26.41919025 0.5564489088
225 -26.78986032 0.549657103
226 -27.17299024 0.5426715857
227 -27.56908832 0.5354883434
228 -27.97865839 0.5281040118
229 -28.40219443 0.5205160067
230 -28.84017444 0.5127226645
231 -29.29305357 0.5047233895
232 -29.76125647 0.4965188061
233 -30.245169 0.4881109113
234 -30.74512928 0.4795032236
235 -31.26141838 0.470700923
236 -31.79425073 0.4617109757
237 -32.3437645 0.4525422371
238 -32.91001234 0.443205526
239 -33.49295269 0.4337136635
240 -34.09244213 0.4240814691
241 -34.70822905 0.4143257098
242 -35.33994914 0.4044649978
243 -35.98712297 0.3945196337
244 -36.64915592 0.3845113977
245 -37.32534086 0.37446329
246 -38.01486346 0.3643992272
247 -38.71681031 0.3543437026
248 -39.43017969 0.3443214218
249 -40.15389471 0.3343569256
250 -40.8868184 0.3244742138
251 -41.62777044 0.3146963834
252 -42.37554475 0.3050452947
253 -43.12892758 0.2955412754
254 -43.88671531 0.2862028728
255 -44.64773152 0.2770466602
256 -45.41084276 0.2680871012
257 -46.17497254 0.2593364718
258 -46.93911337 0.2508048391
259 -47.70233642 0.2425000917
260 -48.46379878 0.2344280162
261 -49.22274836 0.2265924122
262 -49.97852627 0.2189952382
263 -50.73056709 0.2116367808
264 -51.47839692 0.2045158384
265 -52.2216296 0.1976299148
266 -52.95996125 0.190975414
267 -53.6931633 0.1845478324
268 -54.42107442 0.1783419453
269 -55.14359128 0.1723519813
270 -55.86065863 0.1665717859
271 -56.57225866 0.16099497
272 -57.27840001 0.1556150426
273 -57.97910654 0.1504255285
274 -58.67440605 0.1454200683
275 -59.36431914 0.1405925027
276 -60.04884856 0.1359369401
277 -60.72796905 0.1314478081
278 -61.40161815 0.1271198891
279 -62.06968804 0.1229483412
280 -62.73201874 0.1189287049
281 -63.38839291 0.115056896
282 -64.03853233 0.1113291873
283 -64.68209641 0.1077421795
284 -65.31868262 0.1042927637
285 -65.94782905 0.1009780767
286 -66.56901891 0.09779545279
287 -67.18168697 0.09474237244
288 -67.78522768 0.09181641105
289 -68.37900467 0.0890151899
290 -68.96236138 0.08633633071
291 -69.53463241 0.08377741571
292 -70.09515515 0.08133595419
293 -70.64328141 0.07900935637
294 -71.17838858 0.07679491501
295 -71.69989002 0.07468979456
296 -72.20724436 0.07269102769
297 -72.69996365 0.07079551827
298 -73.17761988 0.06900005009
299 -73.63985014 0.06730130026
300 -74.08636013 0.06569585617
301 -74.51692621 0.06418023497
302 -74.93139596 0.06275090457
303 -75.32968747 0.06140430517
304 -75.71178739 0.0601368707
305 -76.07774808 0.05894504931
306 -76.42768382 0.05782532262
307 -76.76176647 0.0567742232
308 -77.08022054 0.05578835019
309 -77.38331804 0.05486438275
310 -77.67137311 0.05399909152
311 -77.94473656 0.05318934793
312 -78.20379058 0.05243213159
313 -78.44894346 0.05172453581
314 -78.68062469 0.05106377142
315 -78.8992802 0.05044716915
316 -79.105368 0.04987218059
317 -79.2993542 0.04933637804
318 -79.48170928 0.04883745341
319 -79.65290486 0.04837321622
320 -79.81341076 0.04794159102
321 -79.96369242 0.04754061417
322 -80.10420868 0.04716843031
323 -80.23540992 0.04682328841
324 -80.35773643 0.04650353769
325 -80.47161708 0.04620762333
326 -80.57746829 0.04593408214
327 -80.67569319 0.04568153819
328 -80.76668099 0.04544869845
329 -80.85080654 0.04523434855
330 -80.92843006 0.04503734856
331 -80.99989699 0.04485662891
332 -81.065538 0.04469118646
333 -81.12566907 0.04454008069
334 -81.18059164 0.04440243006
335 -81.23059294 0.0442774085
336 -81.27594623 0.04416424211
337 -81.31691119 0.04406220598
338 -81.35373434 0.04397062116
339 -81.38664945 0.04388885189
340 -81.415878 0.04381630283
341 -81.44162965 0.04375241662
342 -81.46410243 0.04369667193
343 -81.48348128 0.04364858523
344 -81.4999207 0.04360774445
345 -81.51338623 0.04357412614
346 -81.52223709 0.04355093872
347 -81.51057787 0.04357001052
348 -81.33541903 0.04391964472
349 -79.72125609 0.04728916756
350 -65.42903034 0.08817634485
351 26.19265376 0.9087545881
352 38.53439029 0.9999238732
353 37.91965567 0.9999360534
354 35.98572647 0.9999099856
355 33.10088304 0.9998481073
356 29.55572247 0.9997095366
357 25.69013774 0.9994112351
358 21.77584403 0.9988025134
359 17.98843285 0.9976423609
360 14.4304248 0.9955993848
361 11.15877 0.9922976196
362 8.202025143 0.987413937
363 5.568678103 0.9807936737
364 3.251458141 0.9725222323
365 1.230982939 0.9629093173
366 -0.5201827299 0.9523986891
367 -2.033434389 0.9414568171
368 -3.340715572 0.9304887629
369 -4.472179956 0.9197985684
370 -5.454908478 0.9095859799
371 -6.312430454 0.8999629424
372 -7.064754316 0.8909762396
373 -7.728668788 0.8826286386
374 -8.318154242 0.8748956186
375 -8.844810921 0.867737378
376 -9.318256762 0.8611068874
377 -9.746475404 0.8549549973
378 -10.13611025 0.8492334987
379 -10.49270783 0.8438968285
380 -10.82091682 0.8389029098
381 -11.12464963 0.83421346
382 -11.40721331 0.8297939847
383 -11.67141545 0.8256135966
384 -11.91965 0.8216447451
385 -12.15396692 0.8178629108
386 -12.376129 0.814246294
387 -12.58765823 0.8107755166
388 -12.78987391 0.8074333446
389 -12.983924 0.8042044359
390 -13.17081117 0.8010751144
391 -13.35141435 0.7980331685
392 -13.52650676 0.7950676741
393 -13.69677104 0.792168838
394 -13.86281198 0.7893278604
395 -14.02516723 0.7865368149
396 -14.18431648 0.783788543
397 -14.34068915 0.7810765612
398 -14.4946711 0.77839498
399 -14.64661032 0.7757384326
400 -14.79682178 0.7731020123
401 -14.94559173 0.7704812168
402 -15.09318134 0.7678718997
403 -15.23982992 0.7652702274
404 -15.38575771 0.7626726405
405 -15.53116831 0.7600758201
406 -15.67625085 0.7574766571
407 -15.82118189 0.7548722253
408 -15.9661271 0.7522597572
409 -16.11124277 0.7496366218
410 -16.25667712 0.747000305
411 -16.40257156 0.7443483915
412 -16.54906172 0.7416785488
413 -16.69627847 0.7389885117
414 -16.8443488 0.7362760692
415 -16.99339667 0.733539051
416 -17.14354375 0.7307753164
417 -17.29491014 0.7279827427
418 -17.44761503 0.7251592151
419 -17.60177733 0.7223026166
420 -17.75751628 0.7194108187
421 -17.91495199 0.7164816724
422 -18.07420603 0.7135129994
423 -18.23540195 0.7105025836
424 -18.39866581 0.7074481629
425 -18.56412668 0.7043474213
426 -18.73191723 0.7011979804
427 -18.90217415 0.697997392
428 -19.07503875 0.6947431298
429 -19.25065748 0.6914325819
430 -19.42918242 0.6880630426
431 -19.6107719 0.6846317051
432 -19.795591 0.6811356533
433 -19.98381217 0.6775718543
434 -20.17561579 0.6739371504
435 -20.37119082 0.6702282521
436 -20.57073536 0.6664417302
437 -20.77445736 0.6625740087
438 -20.98257522 0.6586213582
439 -21.19531849 0.6545798895
440 -21.41292852 0.6504455473
441 -21.63565917 0.6462141061
442 -21.86377746 0.641881165
443 -22.09756427 0.6374421461
444 -22.33731497 0.6328922922
445 -22.58334008 0.628226668
446 -22.83596583 0.6234401627
447 -23.09553469 0.6185274958
448 -23.36240584 0.6134832258
449 -23.63695549 0.6083017629
450 -23.91957708 0.6029773868
451 -24.21068137 0.5975042684
452 -24.51069624 0.5918764992
453 -24.8200663 0.5860881264
454 -25.13925221 0.5801331967
455 -25.46872962 0.574005808
456 -25.80898768 0.5677001717
457 -26.1605272 0.5612106847
458 -26.52385814 0.5545320134
459 -26.89949656 0.5476591891
460 -27.28796095 0.5405877155
461 -27.68976777 0.533313689
462 -28.10542624 0.52583393
463 -28.53543241 0.518146125
464 -28.9802623 0.5102489777
465 -29.44036431 0.5021423664
466 -29.91615089 0.4938275039
467 -30.40798953 0.4853070966
468 -30.91619322 0.476585496
469 -31.44101058 0.4676688379
470 -31.98261594 0.4585651615
471 -32.54109957 0.4492845016
472 -33.11645844 0.4398389459
473 -33.70858794 0.4302426509
474 -34.3172749 0.4205118103
475 -34.94219229 0.4106645698
476 -35.58289599 0.4007208871
477 -36.23882408 0.3907023359
478 -36.90929863 0.3806318559
479 -37.59353045 0.3705334542
480 -38.29062656 0.3604318666
481 -38.99960053 0.3503521895
482 -39.71938523 0.3403194934
483 -40.44884779 0.3303584346
484 -41.18680622 0.3204928763
485 -41.93204721 0.3107455356
486 -42.6833444 0.3011376661
487 -43.43947664 0.2916887877
488 -44.19924554 0.2824164709
489 -44.96149185 0.2733361794
490 -45.72511018 0.2644611719
491 -46.48906169 0.2558024635
492 -47.25238451 0.247368841
493 -48.01420179 0.2391669268
494 -48.77372723 0.2312012846
495 -49.5302682 0.223474559
496 -50.28322663 0.2159876406
497 -51.0320976 0.208739849
498 -51.77646612 0.201729126
499 -52.51600207 0.1949522336
500 -53.2504537 0.1884049501
501 -53.97963977 0.1820822608
502 -54.70344069 0.1759785392
503 -55.4217887 0.1700877159
504 -56.13465747 0.164403434
505 -56.84205117 0.1589191888
506 -57.54399324 0.153628452
507 -58.24051515 0.1485247781
508 -58.93164515 0.143601896
509 -59.61739745 0.1388537817
510 -60.29776192 0.1342747165
511 -60.97269455 0.1298593282
512 -61.64210901 0.1256026166
513 -62.30586942 0.1214999651
514 -62.96378462 0.117547138
515 -63.61560426 0.1137402656
516 -64.26101656 0.1100758181
517 -64.89964825 0.1065505703
518 -65.5310664 0.1031615595
519 -66.15478231 0.09990603704
520 -66.77025726 0.09678141845
521 -67.37691002 0.0937852316
522 -67.97412576 0.09091506696
523 -68.56126618 0.08816853098
524 -69.1376804 0.08554320447
525 -69.70271625 0.08303660721
526 -70.25573166 0.08064616971
527 -70.79610569 0.0783692125
528 -71.32324888 0.07620293312
529 -71.83661271 0.07414440033
530 -72.33569781 0.0721905552
531 -72.82006087 0.07033821791
532 -73.28932011 0.06858409964
533 -73.74315918 0.06692481822
534 -74.18132971 0.06535691659
535 -74.60365231 0.06387688304
536 -75.0100164 0.06248117232
537 -75.40037876 0.06116622677
538 -75.7747611 0.05992849682
539 -76.1332468 0.05876446031
540 -76.47597691 0.05767064028
541 -76.8031457 0.05664362093
542 -77.11499578 0.05568006153
543 -77.41181298 0.05477670835
544 -77.69392126 0.05393040456
545 -77.96167746 0.05313809803
546 -78.21546631 0.05239684748
547 -78.45569549 0.05170382674
548 -78.68279106 0.05105632764
549 -78.89719308 0.05045176135
550 -79.09935161 0.04988765872
551 -79.28972299 0.04936166945
552 -79.46876654 0.04887156049
553 -79.63694157 0.0484152137
554 -79.79470468 0.04799062288
555 -79.94250752 0.04759589049
556 -80.08079474 0.04722922385
557 -80.21000231 0.04688893122
558 -80.3305561 0.04657341763
559 -80.44287067 0.04628118069
560 -80.54734839 0.04601080625
561 -80.64437867 0.04576096414
562 -80.7343374 0.04553040396
563 -80.81758665 0.04531795091
564 -80.89447434 0.0451225017
565 -80.96533425 0.04494302068
566 -81.03048591 0.04477853598
567 -81.09023483 0.04462813591
568 -81.14487258 0.0444909654
569 -81.19467709 0.04436622272
570 -81.23991295 0.04425315626
571 -81.2808317 0.04415106163
572 -81.31767167 0.04405927988
573 -81.35065374 0.04397720421
574 -81.37994012 0.04390436152
575 -81.40526374 0.04384115873
576 -81.42262411 0.04379554281
577 -81.39486325 0.04384236635
578 -80.98981546 0.04465900305
579 -77.25783116 0.05290695961
580 -44.83096721 0.1934083963
581 35.87164526 0.9960314583
582 38.4997042 0.9999408408
583 37.26597156 0.9999283608
584 34.91570089 0.9998908222
585 31.70545401 0.9998040863
586 27.96569726 0.9996116585
587 24.02248866 0.9992031158
588 20.11174716 0.9983864684
589 16.37862151 0.9968706707
590 12.90607128 0.9942826808
591 9.738918445 0.9902397652
592 6.897067034 0.9844673244
593 4.381785505 0.9769091042
594 2.179649594 0.9677646869
595 0.2665471767 0.9574324861
596 -1.387965812 0.946396778
597 -2.816644332 0.9351191638
598 -4.051507013 0.9239718699
599 -5.12195518 0.913216411
600 -6.05388862 0.9030124332
601 -6.869509444 0.8934396531
602 -7.587524086 0.884521496
603 -8.223532662 0.8762450936
604 -8.790475268 0.8685762121
605 -9.299064814 0.861469536
606 -9.758174165 0.8548753362
607 -10.17516718 0.8487435614
608 -10.55617435 0.8430261926
609 -10.9063188 0.8376784784
610 -11.22989982 0.8326594706
611 -11.53054141 0.8279321419
612 -11.81131219 0.8234632641
613 -12.07482234 0.8192231601
614 -12.32330202 0.8151853981
615 -12.55866511 0.8113264693
616 -12.78256112 0.8076254725
617 -12.99641766 0.804063818
618 -13.20147532 0.8006249564
619 -13.39881645 0.7972941346
620 -13.589389 0.794058178
621 -13.7740264 0.790905299
622 -13.95346411 0.7878249268
623 -14.12835359 0.7848075591
624 -14.29927399 0.7818446322
625 -14.46674213 0.7789284058
626 -14.63122093 0.776051864
627 -14.79312662 0.7732086269
628 -14.95283487 0.7703928738
629 -15.11068616 0.7675992756
630 -15.26699033 0.7648229349
631 -15.4220305 0.7620593336
632 -15.57606659 0.7593042863
633 -15.72933828 0.7565538991
634 -15.88206766 0.7538045327
635 -16.03446155 0.7510527702
636 -16.18671353 0.7482953873
637 -16.33900576 0.7455293264
638 -16.49151063 0.7427516728
639 -16.64439214 0.7399596334
640 -16.79780726 0.7371505172
641 -16.95190708 0.7343217179
642 -17.10683789 0.731470697
643 -17.26274215 0.7285949696
644 -17.41975937 0.72569209
645 -17.57802701 0.7227596389
646 -17.73768118 0.7197952117
647 -17.89885744 0.7167964063
648 -18.06169145 0.7137608129
649 -18.22631966 0.7106860036
650 -18.39287993 0.7075695222
651 -18.56151217 0.704408875
652 -18.73235892 0.7012015211
653 -18.90556597 0.697944864
654 -19.08128293 0.6946362419
655 -19.25966383 0.6912729199
656 -19.4408677 0.6878520811
657 -19.62505916 0.684370818
658 -19.81240903 0.6808261246
659 -20.00309493 0.6772148883
660 -20.19730189 0.6735338816
661 -20.39522296 0.6697797547
662 -20.59705991 0.6659490279
663 -20.80302379 0.6620380844
664 -21.01333566 0.6580431635
665 -21.22822722 0.6539603543
666 -21.44794148 0.6497855904
667 -21.67273346 0.6455146448
668 -21.90287082 0.6411431265
669 -22.13863453 0.6366664778
670 -22.38031954 0.6320799737
671 -22.62823532 0.6273787226
672 -22.88270651 0.6225576699
673 -23.14407333 0.6176116039
674 -23.41269207 0.612535165
675 -23.68893539 0.607322859
676 -23.97319249 0.6019690741
677 -24.26586917 0.5964681039
678 -24.56738766 0.5908141757
679 -24.8781862 0.5850014851
680 -25.19871839 0.5790242394
681 -25.52945212 0.5728767077
682 -25.87086825 0.5665532813
683 -26.22345869 0.5600485437
684 -26.5877241 0.5533573512
685 -26.96417096 0.5464749246
686 -27.35330805 0.5393969527
687 -27.75564222 0.5321197065
688 -28.17167347 0.5246401652
689 -28.60188923 0.5169561511
690 -29.04675793 0.5090664742
