0 -17.0658994 0.7321937028
1 -17.21364563 0.7294716749
2 -17.36277164 0.7267180953
3 -17.51338467 0.7239310454
4 -17.66559275 0.7211085882
5 -17.81950515 0.71824876
6 -17.9752329 0.7153495632
7 -18.13288924 0.7124089588
8 -18.29259008 0.7094248591
9 -18.45445446 0.7063951207
10 -18.618605 0.7033175369
11 -18.7851684 0.700189831
12 -18.95427588 0.6970096491
13 -19.12606365 0.6937745531
14 -19.30067342 0.6904820131
15 -19.47825288 0.6871294008
16 -19.65895624 0.6837139818
17 -19.84294474 0.6802329088
18 -20.03038719 0.6766832141
19 -20.22146056 0.6730618025
20 -20.41635052 0.6693654443
21 -20.61525208 0.6655907682
22 -20.81837017 0.6617342547
23 -21.02592031 0.6577922298
24 -21.23812918 0.6537608586
25 -21.45523538 0.6496361404
26 -21.67748997 0.6454139039
27 -21.90515723 0.6410898034
28 -22.13851526 0.6366593165
29 -22.3778566 0.6321177432
30 -22.62348889 0.6274602069
31 -22.8757354 0.6226816573
32 -23.13493552 0.6177768766
33 -23.40144526 0.6127404884
34 -23.67563748 0.6075669711
35 -23.95790216 0.6022506745
36 -24.2486464 0.5967858434
37 -24.54829427 0.5911666455
38 -24.85728639 0.5853872068
39 -25.17607923 0.5794416551
40 -25.50514409 0.5733241715
41 -25.84496565 0.5670290513
42 -26.19604007 0.5605507759
43 -26.55887261 0.5538840949
44 -26.93397458 0.5470241203
45 -27.32185973 0.5399664326
46 -27.7230399 0.5327071988
47 -28.13801991 0.5252433011
48 -28.56729168 0.5175724771
49 -29.01132757 0.5096934678
50 -29.47057287 0.5016061722
51 -29.94543768 0.4933118048
52 -30.43628798 0.4848130513
53 -30.94343629 0.4761142185
54 -31.46713196 0.4672213714
55 -32.00755134 0.4581424511
56 -32.56478808 0.4488873669
57 -33.13884406 0.4394680539
58 -33.72962102 0.4298984914
59 -34.3369136 0.4201946738
60 -34.96040391 0.4103745304
61 -35.59965823 0.4004577902
62 -36.25412594 0.3904657923
63 -36.9231412 0.380421243
64 -37.60592723 0.370347924
65 -38.30160362 0.3602703611
66 -39.00919612 0.350213462
67 -39.7276492 0.340202136
68 -40.45584056 0.3302609095
69 -41.19259756 0.3204135503
70 -41.93671473 0.3106827155
71 -42.68697187 0.3010896344
72 -43.44215223 0.2916538365
73 -44.20106006 0.2823929327
74 -44.96253697 0.2733224541
75 -45.72547677 0.2644557492
76 -46.48883832 0.2558039408
77 -47.25165615 0.2473759355
78 -48.01304867 0.2391784837
79 -48.77222399 0.2312162804
80 -49.52848325 0.2234921007
81 -50.28122172 0.2160069619
82 -51.02992763 0.2087603035
83 -51.77417915 0.2017501785
84 -52.51363953 0.19497345
85 -53.24805074 0.1884259857
86 -53.97722579 0.1821028487
87 -54.70103996 0.175998478
88 -55.41942114 0.170106858
89 -56.13233949 0.1644216739
90 -56.83979658 0.1589364526
91 -57.54181421 0.1536446867
92 -58.2384232 0.1485399432
93 -58.92965214 0.1436159549
94 -59.61551655 0.1388666954
95 -60.29600848 0.1342864379
96 -60.97108696 0.1298697977
97 -61.64066931 0.1256117599
98 -62.30462388 0.1215076915
99 -62.96276406 0.1175533406
100 -63.61484417 0.1137448228
101 -64.260557 0.1100785959
102 -64.89953352 0.1065514262
103 -65.53134445 0.1031603464
104 -66.15550395 0.09990260866
105 -66.77147519 0.09677563389
106 -67.37867768 0.09377696075
107 -67.97649609 0.09090419525
108 -68.56429033 0.08815496368
109 -69.14140638 0.08552687028
110 -69.70718772 0.08301746099
111 -70.26098677 0.08062419431
112 -70.80217605 0.07834441958
113 -71.33015879 0.07617536307
114 -71.84437847 0.07411412132
115 -72.34432739 0.07215766146
116 -72.8295537 0.07030282744
117 -73.29966713 0.0685463514
118 -73.75434309 0.06688486903
119 -74.19332539 0.06531493781
120 -74.61642742 0.06383305726
121 -75.02353205 0.06243569006
122 -75.4145903 0.06111928336
123 -75.789619 0.0598802895
124 -76.14869752 0.0587151856
125 -76.49196382 0.05762049167
126 -76.81960991 0.05659278689
127 -77.131877 0.05562872383
128 -77.42905033 0.05472504073
129 -77.71145395 0.05387857161
130 -77.97944549 0.05308625449
131 -78.233411 0.05234513763
132 -78.47376001 0.05165238413
133 -78.70092084 0.05100527491
134 -78.91533614 0.05040121033
135 -79.11745884 0.04983771053
136 -79.30774836 0.04931241483
137 -79.48666722 0.04882308012
138 -79.654678 0.04836757865
139 -79.81224065 0.04794389512
140 -79.95981013 0.04755012333
141 -80.09783436 0.04718446254
142 -80.22675248 0.04684521347
143 -80.34699346 0.04653077418
144 -80.45897483 0.04623963579
145 -80.56310177 0.04597037823
146 -80.65976634 0.04572166594
147 -80.74934699 0.04549224359
148 -80.83220809 0.0452809319
149 -80.90869978 0.0450866236
150 -80.97915783 0.04490827943
151 -81.04390364 0.04474492432
152 -81.1032444 0.04459564376
153 -81.15747315 0.04445958033
154 -81.2068686 0.04433593136
155 -81.25169111 0.04422395455
156 -81.29214455 0.04412304286
157 -81.32803546 0.04403341297
158 -81.35574452 0.04396222945
159 -81.34134792 0.04397798234
160 -80.9821808 0.04469872234
161 -77.59813088 0.05212877318
162 -48.14732914 0.1724154258
163 35.12867988 0.9941561604
164 38.49977886 0.9999404404
165 37.31823305 0.9999290121
166 34.99210516 0.9998923367
167 31.78836974 0.9998070906
168 28.03790521 0.9996169239
169 24.07219592 0.9992107263
170 20.13330214 0.9983937475
171 16.37087 0.9968686567
172 12.87059379 0.9942521387
173 9.678777853 0.9901492341
174 6.815970748 0.9842758348
175 4.283492628 0.9765736638
176 2.067557808 0.9672491017
177 0.1434565319 0.9567131513
178 -1.519924211 0.9454635687
179 -2.955959147 0.9339726472
180 -4.197174943 0.9226192358
181 -5.273354287 0.9116678879
182 -6.210664439 0.9012788603
183 -7.03148466 0.8915311496
184 -7.754632377 0.8824469015
185 -8.395772893 0.8740118587
186 -8.967881158 0.8661905081
187 -9.481685644 0.8589364465
188 -9.94606306 0.8521990595
189 -10.36837442 0.8459275908
190 -10.75474393 0.8400734655
191 -11.11028703 0.8345914928
192 -11.43929521 0.8294403739
193 -11.74538525 0.8245827968
194 -12.03161957 0.8199852967
195 -12.30060328 0.8156179941
196 -12.55456275 0.8114542794
197 -12.79540931 0.8074704826
198 -13.02479107 0.8036455528
199 -13.2441353 0.7999607577
200 -13.45468328 0.7963994097
201 -13.65751893 0.7929466199
202 -13.85359261 0.7895890787
203 -14.04374087 0.786314863
204 -14.22870297 0.7831132656
205 -14.40913476 0.779974646
206 -14.58562035 0.7768903001
207 -14.758682 0.7738523451
208 -14.92878856 0.7708536193
209 -15.09636257 0.7678875941
210 -15.26178651 0.7649482971
211 -15.42540799 0.7620302435
212 -15.58754437 0.7591283766
213 -15.74848671 0.7562380148
214 -15.90850321 0.753354805
215 -16.0678422 0.7504746805
216 -16.22673483 0.7475938247
217 -16.38539735 0.7447086372
218 -16.54403321 0.7418157049
219 -16.70283486 0.7389117748
220 -16.86198542 0.7359937302
221 -17.02166011 0.7330585688
222 -17.18202764 0.7301033823
223 -17.34325136 0.7271253388
224 -17.50549039 0.7241216657
225 -17.66890066 0.7210896338
226 -17.8336358 0.7180265433
227 -17.99984808 0.7149297099
228 -18.16768918 0.7117964522
229 -18.33731104 0.7086240792
230 -18.50886655 0.7054098793
231 -18.6825103 0.7021511087
232 -18.85839929 0.6988449813
233 -19.0366936 0.6954886578
234 -19.21755707 0.692079236
235 -19.40115795 0.6886137414
236 -19.58766958 0.6850891169
237 -19.77727106 0.6815022144
238 -19.9701479 0.6778497852
239 -20.1664927 0.6741284714
240 -20.36650581 0.6703347972
241 -20.57039604 0.6664651611
242 -20.77838135 0.6625158275
243 -20.99068952 0.65848292
244 -21.2075589 0.6543624138
245 -21.42923906 0.6501501305
246 -21.65599156 0.6458417323
247 -21.88809059 0.6414327182
248 -22.1258237 0.6369184214
249 -22.36949245 0.632294008
250 -22.61941303 0.6275544781
251 -22.87591682 0.6226946691
252 -23.13935098 0.6177092618
253 -23.41007879 0.6125927899
254 -23.68848005 0.6073396538
255 -23.97495121 0.6019441382
256 -24.26990541 0.5964004358
257 -24.57377232 0.5907026767
258 -24.88699763 0.5848449648
259 -25.2100424 0.5788214221
260 -25.54338193 0.5726262414
261 -25.88750428 0.5662537486
262 -26.24290834 0.5596984756
263 -26.61010137 0.5529552436
264 -26.98959591 0.5460192585
265 -27.38190611 0.5388862174
266 -27.78754328 0.5315524277
267 -28.20701081 0.5240149356
268 -28.64079815 0.5162716667
269 -29.08937418 0.5083215726
270 -29.55317966 0.500164785
271 -30.03261904 0.4918027703
272 -30.52805163 0.4832384838
273 -31.03978222 0.4744765151
274 -31.56805145 0.4655232215
275 -32.11302604 0.4563868408
276 -32.67478924 0.4470775776
277 -33.25333183 0.4376076552
278 -33.84854396 0.4279913271
279 -34.46020835 0.4182448413
280 -35.08799507 0.4083863531
281 -35.73145842 0.3984357847
282 -36.39003619 0.3884146288
283 -37.06305146 0.3783457012
284 -37.74971719 0.3682528459
285 -38.44914367 0.358160601
286 -39.16034865 0.348093835
287 -39.8822699 0.3380773679
288 -40.61378005 0.3281355877
289 -41.35370298 0.3182920789
290 -42.10083149 0.3085692743
291 -42.85394542 0.2989881432
292 -43.6118298 0.2895679265
293 -44.37329232 0.2803259239
294 -45.13717962 0.2712773402
295 -45.902392 0.2624351895
296 -46.66789604 0.2538102584
297 -47.43273507 0.2454111226
298 -48.19603711 0.2372442116
299 -48.95702047 0.2293139148
300 -49.71499679 0.2216227214
301 -50.46937193 0.2141713852
302 -51.21964449 0.2069591071
303 -51.96540257 0.1999837282
304 -52.70631861 0.1932419265
305 -53.44214285 0.186729413
306 -54.1726954 0.1804411205
307 -54.89785727 0.1743713842
308 -55.61756052 0.1685141095
309 -56.33177778 0.1628629257
310 -57.0405112 0.1574113249
311 -57.74378126 0.1521527843
312 -58.44161538 0.1470808717
313 -59.1340367 0.1421893351
314 -59.82105323 0.1374721746
315 -60.5026475 0.1329236988
316 -61.17876707 0.1285385648
317 -61.84931607 0.1243118028
318 -62.51414806 0.1202388262
319 -63.17306036 0.116315428
320 -63.82579015 0.1125377649
321 -64.47201252 0.1089023308
322 -65.11134037 0.1054059205
323 -65.74332654 0.1020455868
324 -66.36746788 0.09881859275
325 -66.98321121 0.09572236008
326 -67.58996113 0.09275441828
327 -68.18708919 0.0899123544
328 -68.77394429 0.08719376668
329 -69.34986387 0.08459622309
330 -69.91418551 0.08211722635
331 -70.46625854 0.07975418612
332 -71.00545527 0.07750439881
333 -71.5311816 0.07536503516
334 -72.04288653 0.07333313517
335 -72.5400705 0.07140560972
336 -73.02229233 0.0695792482
337 -73.48917463 0.06785073093
338 -73.94040765 0.06621664545
339 -74.37575167 0.06467350554
340 -74.79503786 0.06321777193
341 -75.19816788 0.06184587381
342 -75.5851122 0.06055423028
343 -75.95590743 0.05933927106
344 -76.31065283 0.05819745604
345 -76.64950601 0.05712529312
346 -76.97267824 0.05611935415
347 -77.28042932 0.0551762889
348 -77.57306231 0.05429283683
349 -77.85091814 0.05346583689
350 -78.11437022 0.05269223523
351 -78.36381932 0.05196909109
352 -78.59968845 0.05129358097
353 -78.82241824 0.05066300122
354 -79.0324624 0.05007476931
355 -79.23028373 0.0495264239
356 -79.41635034 0.04901562382
357 -79.59113229 0.04854014636
358 -79.75509861 0.04809788465
359 -79.90871467 0.04768684468
360 -80.05243986 0.04730514172
361 -80.18672564 0.04695099648
362 -80.31201387 0.04662273106
363 -80.42873541 0.04631876462
364 -80.53730905 0.04603760914
365 -80.63814054 0.04577786495
366 -80.731622 0.04553821644
367 -80.81813138 0.04531742775
368 -80.89803215 0.0451143385
369 -80.97167313 0.04492785974
370 -81.03938845 0.04475696994
371 -81.10149759 0.04460071117
372 -81.15830555 0.04445818539
373 -81.21010308 0.04432855093
374 -81.25716696 0.04421101913
375 -81.29976037 0.04410485114
376 -81.33813326 0.04400935485
377 -81.37252278 0.04392388205
378 -81.40315371 0.04384782565
379 -81.43023893 0.04378061716
380 -81.45397992 0.04372172421
381 -81.47456717 0.04367064832
382 -81.49218071 0.0436269227
383 -81.50699056 0.0435901103
384 -81.51915692 0.04355980239
385 -81.5288286 0.0435356209
386 -81.53612499 0.04351725383
387 -81.54097097 0.04350478541
388 -81.54161565 0.04350166485
389 -81.5213667 0.04354131669
390 -81.32983658 0.0439269425
391 -79.62137833 0.04750296176
392 -64.50635799 0.09157425827
393 27.65882166 0.9255057474
394 38.56653424 0.9999278332
395 37.90557655 0.9999359112
396 35.96293325 0.9999096057
397 33.0828567 0.9998475632
398 29.55512333 0.9997093698
399 25.71564181 0.9994136026
400 21.83115469 0.9988135214
401 18.07337698 0.9976757077
402 14.54237812 0.9956802788
403 11.29376986 0.9924644613
404 8.355583215 0.9877149992
405 5.736402579 0.9812784584
406 3.429510139 0.9732310848
407 1.416339259 0.963866432
408 -0.3296648588 0.9536111384
409 -1.83910392 0.9429183767
410 -3.143292907 0.9321854806
411 -4.27193727 0.9217136309
412 -5.251827339 0.9117029062
413 -6.106322734 0.9022671927
414 -6.855346921 0.8934557341
415 -7.515658875 0.8852736754
416 -8.101242794 0.8776985304
417 -8.623721505 0.8706921246
418 -9.092744641 0.8642086776
419 -9.516330677 0.8581999744
420 -9.90115744 0.8526184963
421 -10.25280354 0.8474191878
422 -10.57594639 0.842560347
423 -10.87452347 0.8380039726
424 -11.15186319 0.8337157871
425 -11.41079101 0.8296650765
426 -11.65371547 0.8258244349
427 -11.88269826 0.8221694696
428 -12.09951127 0.8186784976
429 -12.30568331 0.8153322518
430 -12.50253851 0.8121136073
431 -12.69122793 0.8090073315
432 -12.87275579 0.8059998592
433 -13.04800129 0.8030790927
434 -13.21773675 0.8002342244
435 -13.38264295 0.7974555809
436 -13.54332193 0.7947344857
437 -13.70030785 0.7920631391
438 -13.85407623 0.7894345124
439 -14.00505177 0.7868422552
440 -14.15361508 0.7842806145
441 -14.3001084 0.7817443631
442 -14.44484058 0.7792287368
443 -14.58809132 0.7767293794
444 -14.7301149 0.7742422938
445 -14.87114339 0.771763799
446 -15.01138945 0.7692904917
447 -15.15104878 0.7668192131
448 -15.2903023 0.7643470181
449 -15.42931801 0.7618711487
450 -15.56825271 0.7593890103
451 -15.70725345 0.7568981496
452 -15.8464589 0.7543962356
453 -15.98600048 0.7518810419
454 -16.12600348 0.7493504308
455 -16.26658797 0.746802339
456 -16.40786973 0.7442347642
457 -16.54996099 0.7416457529
458 -16.69297118 0.7390333891
459 -16.83700761 0.7363957843
460 -16.9821761 0.7337310671
461 -17.12858154 0.7310373743
462 -17.27632845 0.7283128424
463 -17.4255215 0.7255555989
464 -17.57626602 0.7227637548
465 -17.72866849 0.7199353967
466 -17.88283695 0.7170685794
467 -18.03888155 0.7141613184
468 -18.19691491 0.7112115834
469 -18.35705263 0.7082172907
470 -18.5194137 0.7051762964
471 -18.68412099 0.7020863894
472 -18.85130167 0.6989452845
473 -19.02108769 0.6957506153
474 -19.19361624 0.6924999273
475 -19.36903027 0.689190671
476 -19.54747894 0.6858201944
477 -19.72911818 0.6823857361
478 -19.91411119 0.6788844182
479 -20.10262899 0.6753132393
480 -20.294851 0.6716690669
481 -20.49096562 0.6679486312
482 -20.6911708 0.6641485174
483 -20.8956747 0.6602651598
484 -21.1046963 0.6562948354
485 -21.31846605 0.6522336579
486 -21.53722651 0.648077573
487 -21.76123304 0.6438223537
488 -21.9907544 0.6394635975
489 -22.22607345 0.6349967241
490 -22.46748776 0.6304169756
491 -22.71531017 0.6257194176
492 -22.96986939 0.6208989439
493 -23.23151043 0.615950283
494 -23.50059503 0.610868009
495 -23.77750192 0.6056465558
496 -24.06262696 0.6002802362
497 -24.35638314 0.594763267
498 -24.65920029 0.5890897992
499 -24.97152459 0.5832539569
500 -25.29381778 0.5772498827
501 -25.62655593 0.5710717927
502 -25.97022792 0.5647140417
503 -26.32533331 0.5581711979
504 -26.69237975 0.5514381302
505 -27.07187974 0.5445101056
506 -27.46434678 0.5373829002
507 -27.8702907 0.5300529209
508 -28.29021233 0.5225173387
509 -28.72459732 0.5147742311
510 -29.17390918 0.5068227338
511 -29.63858154 0.498663196
512 -30.11900972 0.4902973379
513 -30.61554167 0.4817284056
514 -31.12846842 0.4729613165
515 -31.65801436 0.4640027906
516 -32.20432736 0.4548614601
517 -32.76746933 0.4455479497
518 -33.34740726 0.4360749218
519 -33.9440054 0.426457078
520 -34.55701876 0.4167111121
521 -35.1860884 0.4068556113
522 -35.83073888 0.3969109008
523 -36.49037818 0.3868988356
524 -37.16430028 0.3768425385
525 -37.85169052 0.3667660944
526 -38.5516338 0.3566942058
527 -39.26312542 0.3466518233
528 -39.98508433 0.3366637618
529 -40.71636846 0.3267543178
530 -41.4557915 0.3169469009
531 -42.20214073 0.3072636926
532 -42.95419527 0.2977253444
533 -43.710744 0.2883507238
534 -44.47060278 0.2791567162
535 -45.23263034 0.270158084
536 -45.99574242 0.2613673858
537 -46.75892385 0.2527949519
538 -47.52123831 0.2444489131
539 -48.2818357 0.2363352758
540 -49.03995707 0.2284580359
541 -49.79493715 0.2208193249
542 -50.54620458 0.213419579
543 -51.29328011 0.2062577239
544 -52.03577288 0.1993313686
545 -52.77337498 0.1926370017
546 -53.50585466 0.1861701854
547 -54.23304817 0.1799257424
548 -54.95485071 0.1738979332
549 -55.67120648 0.1680806204
550 -56.38209814 0.162467419
551 -57.08753584 0.1570518318
552 -57.78754598 0.1518273676
553 -58.48215997 0.1467876439
554 -59.17140315 0.1419264724
555 -59.85528401 0.1372379281
556 -60.53378411 0.1327164025
557 -61.2068488 0.1283566409
558 -61.87437903 0.1241537639
559 -62.53622444 0.1201032755
560 -63.19217814 0.1162010572
561 -63.84197303 0.1124433503
562 -64.4852802 0.1088267273
563 -65.12170922 0.1053480549
564 -65.75081052 0.1020044505
565 -66.37207971 0.09879323291
566 -66.98496384 0.09571187196
567 -67.58886922 0.09275793706
568 -68.18317078 0.08992904798
569 -68.76722241 0.08722282918
570 -69.34036807 0.08463686957
571 -69.90195323 0.08216868863
572 -70.45133628 0.07981570986
573 -70.98789953 0.07757524187
574 -71.51105943 0.07544446698
575 -72.02027584 0.07342043718
576 -72.51506003 0.07150007658
577 -72.99498129 0.06968018958
578 -73.45967206 0.06795747373
579 -73.90883159 0.06632853627
580 -74.34222803 0.06478991315
581 -74.75969921 0.06333808968
582 -75.16115209 0.06196952182
583 -75.54656103 0.06068065733
584 -75.91596511 0.05946795614
585 -76.26946461 0.05832790949
586 -76.60721687 0.05725705737
587 -76.92943156 0.05625200412
588 -77.23636575 0.05530943197
589 -77.52831873 0.05442611254
590 -77.80562672 0.05359891627
591 -78.06865769 0.05282481996
592 -78.31780628 0.05210091239
593 -78.55348892 0.05142439834
594 -78.77613926 0.05079260106
595 -78.9862038 0.05020296347
596 -79.18413794 0.04965304809
597 -79.37040239 0.04914053611
598 -79.54545983 0.04866322557
599 -79.70977203 0.04821902884
600 -79.86379729 0.04780596958
601 -80.00798815 0.04742217928
602 -80.14278949 0.04706589349
603 -80.26863692 0.04673544773
604 -80.38595537 0.04642927336
605 -80.49515804 0.04614589331
606 -80.59664547 0.04588391773
607 -80.69080491 0.0456420398
608 -80.77800983 0.0454190314
609 -80.85861953 0.04521373906
610 -80.93297907 0.04502507984
611 -81.0014191 0.04485203746
612 -81.06425597 0.04469365854
613 -81.12179179 0.04454904909
614 -81.17431415 0.044417372
615 -81.22209207 0.04429785259
616 -81.2653379 0.04418985354
617 -81.30386679 0.04409356318
618 -81.33407347 0.0440161153
619 -81.32211804 0.04402588727
620 -80.9662121 0.04473964548
621 -77.59562723 0.05214330161
622 -48.26123929 0.1717508708
623 35.08712695 0.9940599809
624 38.49579318 0.9999403754
625 37.31442079 0.9999289631
626 34.98540233 0.9998922091
627 31.77722945 0.9998067097
628 28.02147653 0.9996158087
629 24.05028742 0.9992076796
630 20.10622907 0.9983861748
631 16.33928082 0.9968517342
632 12.83532874 0.9942182762
633 9.64075122 0.9900884801
634 6.776063751 0.9841775467
635 4.242462563 0.9764288818
636 2.025979651 0.9670524189
637 0.1017066564 0.956463195
638 -1.561648083 0.9451621807
639 -2.997597839 0.9336234979
640 -4.238763666 0.9222265666
641 -5.314984484 0.9112356932
642 -6.252455335 0.9008105011
643 -7.073564221 0.8910292618
644 -7.79712572 0.8819134578
645 -8.438795952 0.8734482896
646 -9.011537778 0.8655978292
647 -9.526066764 0.8583153696
648 -9.991247086 0.8515500805
649 -10.41442821 0.8452510553
650 -10.80172408 0.8393696164
651 -11.15824117 0.833860503
652 -11.48826333 0.8286823688
653 -11.79540087 0.8237978688
654 -12.08271082 0.8191735148
655 -12.35279386 0.8147794093
656 -12.60787279 0.8105889277
657 -12.84985603 0.8065783861
658 -13.08038946 0.8027267201
659 -13.30089866 0.7990151831
660 -13.51262369 0.7954270723
661 -13.71664765 0.791947482
662 -13.91392045 0.7885630846
663 -14.10527847 0.7852619371
664 -14.29146111 0.7820333112
665 -14.47312459 0.7788675437
666 -14.65085357 0.775755906
667 -14.82517111 0.7726904894
668 -14.99654696 0.7696641051
669 -15.16540478 0.7666701958
670 -15.33212827 0.7637027586
671 -15.49706642 0.7607562774
672 -15.66053808 0.7578256624
673 -15.82283592 0.7549061975
674 -15.98422988 0.7519934937
675 -16.14497016 0.749083447
676 -16.30528985 0.7461722016
677 -16.46540729 0.7432561168
678 -16.62552812 0.740331737
679 -16.78584712 0.7373957654
680 -16.94654983 0.7344450392
681 -17.10781407 0.7314765084
682 -17.26981122 0.7284872151
683 -17.43270749 0.7254742751
684 -17.59666501 0.7224348616
685 -17.76184284 0.7193661888
686 -17.92839794 0.7162654977
687 -18.09648607 0.7131300421
688 -18.26626261 0.7099570759
689 -18.43788336 0.7067438405
690 -18.61150532 0.7034875534
