0 -87 0.01
5 -84.77216347 0.03618725031
10 -83.04343688 0.03991476921
15 -81.63004664 0.0432195578
20 -80.41576507 0.04625538174
25 -44.59015945 0.208444161
30 34.79113487 0.9998868944
35 22.79206942 0.9989645022
40 13.3203692 0.9944217485
45 7.266885501 0.9846398752
50 3.895859512 0.9738747612
55 2.167763144 0.9661017223
60 1.305792537 0.9615335999
65 0.8666896708 0.9590184893
70 0.6239886908 0.9575770983
75 0.4668622651 0.9566288424
80 0.3418866501 0.9558683051
85 0.2233693032 0.9551410406
90 0.09890657609 0.9543688623
95 -0.03751488456 0.9535108969
100 -0.1887890581 0.952544378
105 -0.3562400266 0.9514553918
110 -0.5403602414 0.9502344577
115 -0.7411683143 0.948874421
120 -0.9583890776 0.9473694441
125 -1.191550688 0.9457145195
130 -1.440042147 0.9439052349
135 -1.703152995 0.9419376538
140 -1.980108927 0.9398082102
145 -2.270101867 0.9375136217
150 -2.572308631 0.9350508705
155 -2.885905034 0.9324172064
160 -3.210081001 0.929610125
165 -3.544055824 0.9266273206
170 -3.887091777 0.9234666263
175 -4.238504959 0.9201259513
180 -4.597673042 0.9166032223
185 -4.964040396 0.9128963285
190 -5.337121373 0.9090030663
195 -5.716502401 0.9049210805
200 -6.101843359 0.9006478006
205 -6.492878518 0.8961803703
210 -6.889417281 0.8915155692
215 -7.291344942 0.8866497265
220 -7.698623692 0.8815786256
225 -8.111294104 0.8762973956
230 -8.529477353 0.8708003897
235 -8.953378418 0.8650810445
240 -9.383290285 0.8591317212
245 -9.81959731 0.8529435534
250 -10.26277689 0.8465063214
255 -10.71341305 0.8398081624
260 -11.17223192 0.8328349268
265 -11.64013001 0.8255695767
270 -12.11818241 0.8179918829
275 -12.60765631 0.8100780643
280 -13.11004418 0.8018001184
285 -13.6271159 0.7931248214
290 -14.16098823 0.7840124063
295 -14.71421428 0.7744148681
300 -15.28989986 0.7642737805
305 -15.89185792 0.7535174317
310 -16.52481818 0.7420569966
315 -17.19471696 0.7297813343
320 -17.90910484 0.7165498173
325 -18.67772846 0.7021823365
330 -19.51337077 0.6864453019
335 -20.43307079 0.6690321487
340 -21.45988041 0.6495369755
345 -22.62530921 0.6274216695
