0 -87 0.01
5 -84.77216347 0.0361872503
10 -83.04343724 0.03991476844
15 -81.63005191 0.04321954537
20 -80.41597895 0.04625488651
25 -79.32632536 0.04914206631
30 -78.3072126 0.05198820061
35 -77.31449376 0.05490180286
40 -76.30583815 0.05801047482
45 -75.23290918 0.06148765249
50 -74.03008258 0.06560302872
55 -72.59258924 0.07083560424
60 -70.72270019 0.07817963008
65 35.05754992 0.9967881891
70 31.5173115 0.999792676
75 19.79302883 0.9982184401
80 11.25439615 0.9920634229
85 6.036034006 0.9812959697
90 3.229104401 0.971086306
95 1.818599049 0.9643126494
100 1.11988495 0.9604862285
105 0.7605402109 0.9583934648
110 0.5547515389 0.9571611405
115 0.4128653726 0.956301159
120 0.2921422539 0.9555638924
125 0.1722578814 0.9548250289
130 0.0435313308 0.9540220705
135 -0.09864388768 0.9531222491
140 -0.2564140289 0.9521070158
145 -0.4306894067 0.950964692
150 -0.6217208657 0.9496870213
155 -0.8293767943 0.9482675549
160 -1.053282797 0.9467008937
165 -1.292898762 0.9449823266
170 -1.54756733 0.9431076522
175 -1.816548953 0.9410730829
180 -2.099050113 0.9388751866
185 -2.394247382 0.9365108429
190 -2.701308358 0.9339772048
195 -3.01940981 0.9312716604
200 -3.347753166 0.928391793
205 -3.685577428 0.9253353386
210 -4.032169665 0.92210014
215 -4.386873266 0.9186840976
220 -4.749094227 0.9150851173
225 -5.118305734 0.911301054
230 -5.494051375 0.9073296524
235 -5.875947273 0.9031684826
240 -6.263683466 0.8988148711
245 -6.657024816 0.8942658268
250 -7.055811735 0.8895179592
255 -7.459960982 0.8845673883
260 -7.869466807 0.8794096449
265 -8.28440267 0.8740395571
270 -8.704923809 0.8684511215
275 -9.131270929 0.8626373547
280 -9.563775319 0.8565901196
285 -10.00286577 0.8502999211
290 -10.44907775 0.8437556626
295 -10.90306529 0.8369443536
300 -11.36561654 0.8298507541
305 -11.83767354 0.8224569398
310 -12.32035783 0.8147417639
315 -12.81500319 0.8066801868
320 -13.32319791 0.7982424311
325 -13.84683945 0.7893929118
330 -14.38820562 0.7800888643
335 -14.95004787 0.7702785752
340 -15.5357145 0.7598990799
345 -16.14931477 0.7488731458
350 -16.79593917 0.7371052951
355 -17.48195729 0.7244765436
360 -18.21542301 0.710837438
365 -19.00662743 0.6959988977
370 -19.86885181 0.679720369
375 -20.81938168 0.6616950554
380 -21.88083616 0.6415329047
385 -23.0828094 0.6187444655
390 -24.4636403 0.5927342793
395 -26.07168006 0.562823457
400 -27.96452492 0.5283383458
405 -30.20333366 0.488816937
410 -32.83855846 0.4443617981
415 -35.88623222 0.396046875
420 -39.3036168 0.346075684
425 -42.98404622 0.297345825
430 -46.78492571 0.2525053686
435 -50.57521058 0.2131389952
440 -54.27044012 0.1796115788
445 -57.83711787 0.1514655517
450 -61.27147768 0.1279471831
455 -64.5674666 0.1083748319
460 -67.69039042 0.09227230193
465 -70.57184286 0.0793107202
470 -71.42215778 0.07497265578
475 33.17942918 0.9998492654
480 12.79385454 0.9942554046
485 -1.50758848 0.9462007619
490 -8.560868874 0.872930688
495 -12.407392 0.8150817987
500 -14.98372396 0.7709196064
505 -17.02118221 0.7339066631
510 -18.83933059 0.699894892
515 -20.6120523 0.6662625893
520 -22.45970902 0.6310976893
525 -24.48597515 0.5928067083
530 -26.79233763 0.5500323093
535 -29.47672026 0.5018721998
540 -32.61369573 0.4484055666
545 -36.21792354 0.3912904143
550 -40.21249917 0.3337893182
555 -44.43919961 0.2797205963
560 -48.71887951 0.2319226117
565 -52.91730567 0.1914773622
570 -56.96818538 0.1580576204
575 -60.84900342 0.1307366303
580 -64.53645836 0.1086005864
585 -67.97406269 0.09095649203
590 -71.0749192 0.07724607472
595 -73.7553964 0.06690198511
600 -75.97003596 0.05930818725
