0 -17.63500592 0.7216588855
1 -17.78416138 0.7188893659
2 -17.93524742 0.7160785839
3 -18.08836135 0.7132247698
4 -18.24360399 0.7103260921
5 -18.40107997 0.7073806516
6 -18.56089813 0.7043864762
7 -18.7231719 0.7013415146
8 -18.88801965 0.6982436311
9 -19.05556513 0.695090599
10 -19.22593784 0.691880095
11 -19.39927352 0.6886096925
12 -19.57571455 0.6852768558
13 -19.75541044 0.6818789331
14 -19.93851835 0.6784131505
15 -20.12520353 0.674876605
16 -20.31563991 0.6712662582
17 -20.51001064 0.6675789297
18 -20.70850866 0.6638112906
19 -20.91133727 0.6599598573
20 -21.11871079 0.6560209858
21 -21.33085512 0.6519908657
22 -21.54800843 0.6478655157
23 -21.77042179 0.6436407795
24 -21.99835979 0.6393123223
25 -22.2321012 0.634875629
26 -22.47193959 0.630326004
27 -22.7181839 0.6256585727
28 -22.97115901 0.6208682852
29 -23.23120625 0.6159499228
30 -23.49868373 0.6108981087
31 -23.77396673 0.6057073208
32 -24.05744782 0.6003719109
33 -24.34953686 0.5948861281
34 -24.65066083 0.5892441491
35 -24.96126333 0.5834401141
36 -25.28180386 0.5774681724
37 -25.61275674 0.5713225353
38 -25.95460954 0.5649975391
39 -26.30786117 0.5584877188
40 -26.67301934 0.5517878923
41 -27.05059747 0.544893257
42 -27.44111093 0.5377994981
43 -27.84507254 0.5305029083
44 -28.26298737 0.5230005196
45 -28.6953467 0.5152902448
46 -29.14262117 0.5073710273
47 -29.60525321 0.4992429973
48 -30.08364862 0.4909076294
49 -30.57816765 0.4823678991
50 -31.08911543 0.4736284313
51 -31.61673217 0.4646956356
52 -32.16118329 0.4555778215
53 -32.72254965 0.4462852854
54 -33.30081852 0.4368303641
55 -33.89587528 0.427227445
56 -34.50749659 0.4174929297
57 -35.13534521 0.4076451447
58 -35.77896694 0.3977041969
59 -36.43778996 0.3876917733
60 -37.11112686 0.377630889
61 -37.79817949 0.3675455855
62 -38.49804663 0.3574605917
63 -39.20973443 0.3474009544
64 -39.9321694 0.3373916538
65 -40.66421342 0.3274572157
66 -41.40468058 0.3176213366
67 -42.15235505 0.3079065334
68 -42.90600943 0.2983338307
69 -43.6644231 0.2889224957
70 -44.42639979 0.2796898278
71 -45.19078389 0.2706510066
72 -45.95647518 0.2618190004
73 -46.72244138 0.2532045323
74 -47.48772844 0.2448161013
75 -48.25146839 0.2366600514
76 -49.0128847 0.2287406817
77 -49.77129514 0.2210603897
78 -50.52611238 0.2136198399
79 -51.27684234 0.2064181492
80 -52.02308059 0.1994530823
81 -52.76450709 0.1927212509
82 -53.50087923 0.1862183105
83 -54.23202377 0.1799391515
84 -54.95782755 0.1738780796
85 -55.6782274 0.168028985
86 -56.39319943 0.1623854957
87 -57.10274773 0.1569411166
88 -57.80689297 0.1516893508
89 -58.50566079 0.1466238058
90 -59.19907045 0.1417382805
91 -59.88712382 0.1370268371
92 -60.56979497 0.1324838553
93 -61.24702069 0.1281040704
94 -61.9186921 0.123882596
95 -62.5846476 0.1198149316
96 -63.24466753 0.1158969564
97 -63.89847053 0.1121249109
98 -64.54571197 0.1084953676
99 -65.18598441 0.1050051924
100 -65.81882016 0.1016514992
101 -66.44369591 0.09843160049
102 -67.06003934 0.09534295446
103 -67.66723737 0.09238311295
104 -68.26464587 0.08954967109
105 -68.85160049 0.08684022103
106 -69.42742822 0.08425231136
107 -69.99145918 0.08178341326
108 -70.54303841 0.07943089428
109 -71.08153715 0.07719200004
110 -71.60636332 0.0750638438
111 -72.11697092 0.07304340347
112 -72.61286793 0.07112752568
113 -73.0936221 0.06931293792
114 -73.55885919 0.06759628252
115 -74.00821606 0.0659742796
116 -74.44096549 0.06444481145
117 -74.85319703 0.06301475291
118 -75.21670693 0.06175746572
119 -75.32074888 0.06124043782
120 -73.58632302 0.06592141953
121 -58.36704109 0.124396307
122 21.62100035 0.9163873671
123 36.77979343 0.9998919814
124 36.37031216 0.9999147113
125 33.90628613 0.9998686614
126 30.38436377 0.9997513514
127 26.28616573 0.9994755406
128 21.99790999 0.9988600142
129 17.78517131 0.9975816058
130 13.80852299 0.9951550786
131 10.15764133 0.9909949146
132 6.876529586 0.9845843358
133 3.977163799 0.9756880408
134 1.447501008 0.9644739984
135 -0.7414496467 0.9514593664
136 -2.628373611 0.9373288481
137 -4.255189503 0.9227456843
138 -5.662401402 0.9082368021
139 -6.886469816 0.8941603831
140 -7.958779896 0.8807248046
141 -8.90561163 0.8680264672
142 -9.748618457 0.8560871597
143 -10.50549433 0.8448834666
144 -11.19065452 0.8343672931
145 -11.81585006 0.824479107
146 -12.39068889 0.8151559671
147 -12.92306282 0.8063360956
148 -13.41949068 0.7979612731
149 -13.88539125 0.7899779172
150 -14.32529935 0.7823373968
151 -14.7430367 0.7749959225
152 -15.14184733 0.7679142199
153 -15.52450508 0.7610571077
154 -15.8933994 0.7543930482
155 -16.25060423 0.7478937099
156 -16.59793341 0.7415335584
157 -16.93698575 0.7352894866
158 -17.26918174 0.7291404836
159 -17.5957937 0.7230673437
160 -17.91797074 0.7170524092
161 -18.23675946 0.7110793474
162 -18.55312136 0.705132955
163 -18.86794742 0.6991989878
164 -19.18207054 0.6932640133
165 -19.49627612 0.6873152815
166 -19.81131119 0.6813406139
167 -20.12789218 0.6753283065
168 -20.44671183 0.6692670474
169 -20.76844502 0.6631458464
170 -21.09375403 0.6569539756
171 -21.42329299 0.6506809217
172 -21.7577118 0.6443163483
173 -22.09765949 0.6378500691
174 -22.44378709 0.6312720311
175 -22.79674995 0.6245723098
176 -23.15720952 0.6177411148
177 -23.5258347 0.6107688091
178 -23.90330252 0.6036459405
179 -24.29029821 0.5963632881
180 -24.68751469 0.5889119235
181 -25.09565115 0.5812832891
182 -25.51541097 0.5734692928
183 -25.94749864 0.5654624215
184 -26.3926157 0.5572558721
185 -26.85145568 0.5488437016
186 -27.32469784 0.5402209937
187 -27.81299981 0.5313840411
188 -28.31698902 0.5223305411
189 -28.83725299 0.513059799
190 -29.3743286 0.5035729354
191 -29.92869037 0.4938730896
192 -30.50073813 0.4839656113
193 -31.09078426 0.4738582301
194 -31.69904091 0.4635611939
195 -32.32560768 0.4530873638
196 -32.97046026 0.4424522548
197 -33.63344062 0.4316740138
198 -34.31424928 0.4207733246
199 -35.01244035 0.4097732374
200 -35.72741968 0.3986989182
201 -36.45844661 0.3875773229
202 -37.20463968 0.3764368023
203 -37.96498607 0.3653066494
204 -38.73835509 0.3542166046
205 -39.52351493 0.3431963382
206 -40.31915252 0.3322749292
207 -41.12389553 0.3214803644
208 -41.93633592 0.3108390741
209 -42.75505394 0.3003755258
210 -43.5786418 0.2901118868
211 -44.40572623 0.2800677673
212 -45.23498889 0.2702600476
213 -46.06518436 0.2607027907
214 -46.89515498 0.2514072345
215 -47.72384235 0.2423818576
216 -48.5502954 0.2336325078
217 -49.37367488 0.2251625821
218 -50.19325463 0.216973245
219 -51.00841964 0.2090636744
220 -51.81866135 0.2014313231
221 -52.62357046 0.1940721851
222 -53.42282759 0.1869810608
223 -54.21619221 0.1801518102
224 -55.00349014 0.1735775933
225 -55.78460002 0.167251089
226 -56.55943901 0.1611646938
227 -57.32794819 0.1553106957
228 -58.09007789 0.1496814229
229 -58.84577329 0.1442693684
230 -59.59496075 0.1390672881
231 -60.33753507 0.1340682756
232 -61.07334821 0.1292658119
233 -61.80219962 0.1246537947
234 -62.52382867 0.1202265454
235 -63.23790937 0.1159787992
236 -63.94404758 0.1119056782
237 -64.64178088 0.1080026521
238 -65.33058118 0.1042654884
239 -66.00985986 0.1006901964
240 -66.67897541 0.09727296664
241 -67.33724325 0.09401011172
242 -67.98394718 0.09089800814
243 -68.61835235 0.08793304426
244 -69.23971884 0.08511157521
245 -69.84731569 0.08242988651
246 -70.44043457 0.07988416717
247 -71.01840285 0.07747049254
248 -71.58059553 0.07518481666
249 -72.12644565 0.07302297323
250 -72.6554531 0.07098068421
251 -73.1671915 0.06905357464
252 -73.66131316 0.06723719232
253 -74.13755217 0.06552703085
254 -74.59572559 0.06391855461
255 -75.03573301 0.0624072246
256 -75.4575546 0.06098852388
257 -75.86124779 0.05965798193
258 -76.24694297 0.05841119711
259 -76.61483831 0.05724385694
260 -76.96519395 0.05615175575
261 -77.29832573 0.0551308096
262 -77.61459882 0.05417706856
263 -77.91442113 0.05328672626
264 -78.19823688 0.05245612704
265 -78.46652037 0.05168177075
266 -78.71977 0.05096031551
267 -78.95850263 0.05028857867
268 -79.18324841 0.04966353623
269 -79.39454599 0.04908232086
270 -79.59293818 0.04854221894
271 -79.77896811 0.04804066661
272 -79.95317582 0.04757524519
273 -80.11609528 0.04714367604
274 -80.26825186 0.04674381501
275 -80.41016011 0.04637364672
276 -80.54232204 0.04603127859
277 -80.66522558 0.04571493485
278 -80.77934349 0.04542295059
279 -80.88513242 0.04515376585
280 -80.98303231 0.0449059198
281 -81.07346592 0.04467804515
282 -81.15683862 0.04446886268
283 -81.23353832 0.04427717603
284 -81.30393548 0.04410186665
285 -81.36838336 0.04394188901
286 -81.42721824 0.04379626606
287 -81.48075982 0.0436640849
288 -81.52931162 0.04354449264
289 -81.57316147 0.04343669261
290 -81.612582 0.04333994064
291 -81.64783123 0.04325354167
292 -81.6791531 0.04317684651
293 -81.70677806 0.0431092488
294 -81.73092365 0.04305018219
295 -81.75179509 0.04299911768
296 -81.76958586 0.04295556112
297 -81.78447826 0.04291905087
298 -81.79664396 0.04288915565
299 -81.80624459 0.0428654725
300 -81.8134322 0.04284762487
301 -81.81834984 0.04283526086
302 -81.82113201 0.04282805156
303 -81.82190512 0.04282568952
304 -81.820788 0.0428278873
305 -81.81789228 0.04283437614
306 -81.81332281 0.04284490471
307 -81.80717809 0.04285923795
308 -81.7995506 0.04287715597
309 -81.79052717 0.04289845305
310 -81.78018933 0.04292293673
311 -81.76861358 0.04295042688
312 -81.75587173 0.04298075497
313 -81.74203092 0.04301376375
314 -81.72715183 0.0430493106
315 -81.71127071 0.04308730317
316 -81.69423469 0.04312802682
317 -81.67421701 0.04317510156
318 -81.63434071 0.04326216584
319 -81.42223355 0.04369497431
320 -79.66725296 0.04736136174
321 -64.19358345 0.09266210286
322 28.29159443 0.9319303389
323 38.60838507 0.9999297269
324 37.9412883 0.9999363259
325 36.02756763 0.999910632
326 33.19360018 0.9998505266
327 29.72240572 0.9997178753
328 25.94289858 0.9994367083
329 22.11613199 0.9988713171
330 18.40995273 0.9978069158
331 14.92207044 0.9959490154
332 11.70692904 0.9929607245
333 8.792457021 0.9885440418
334 6.188112548 0.9825402018
335 3.888808492 0.9749984751
336 1.877996801 0.9661733537
337 0.1311296212 0.9564539675
338 -1.380693162 0.9462670864
339 -2.687521733 0.9359971165
340 -3.818230147 0.9259430551
341 -4.799133874 0.9163091875
342 -5.653376623 0.9072162867
343 -6.400836531 0.8987208069
344 -7.058329681 0.8908342574
345 -7.639952177 0.883539274
346 -8.15746259 0.876801571
347 -8.620651236 0.8705782068
348 -9.03767144 0.8648229807
349 -9.415324497 0.8594897734
350 -9.759298727 0.8545344873
351 -10.07436701 0.8499160706
352 -10.3645486 0.845596964
353 -10.63324105 0.8415431951
354 -10.88332755 0.8377242683
355 -11.11726443 0.8341129451
356 -11.33715232 0.8306849722
357 -11.54479451 0.8274187942
358 -11.74174461 0.8242952695
359 -11.92934595 0.8212974034
360 -12.10876394 0.8184101016
361 -12.28101306 0.8156199471
362 -12.44697919 0.8129150015
363 -12.60743836 0.8102846273
364 -12.76307246 0.8077193318
365 -12.91448245 0.8052106291
366 -13.06219952 0.8027509191
367 -13.2066946 0.8003333808
368 -13.34838643 0.7979518797
369 -13.48764843 0.795600885
370 -13.62481464 0.7932753984
371 -13.76018477 0.7909708906
372 -13.8940286 0.7886832457
373 -14.02658976 0.7864087122
374 -14.15808905 0.7841438599
375 -14.28872722 0.7818855417
376 -14.41868757 0.77963086
377 -14.54813803 0.7773771361
378 -14.67723317 0.7751218846
379 -14.80611582 0.7728627889
380 -14.93491857 0.7705976803
381 -15.06376512 0.7683245191
382 -15.19277143 0.7660413776
383 -15.32204675 0.7637464249
384 -15.45169457 0.7614379127
385 -15.58181348 0.7591141633
386 -15.71249788 0.7567735579
387 -15.84383869 0.7544145262
388 -15.97592399 0.7520355369
389 -16.10883955 0.7496350888
390 -16.24266941 0.7472117028
391 -16.37749632 0.744763914
392 -16.51340222 0.7422902648
393 -16.65046864 0.7397892978
394 -16.78877714 0.7372595498
395 -16.92840968 0.7346995452
396 -17.06944895 0.7321077904
397 -17.2119788 0.7294827679
398 -17.35608452 0.7268229307
399 -17.5018532 0.7241266966
400 -17.64937412 0.7213924433
401 -17.79873899 0.718618502
402 -17.95004237 0.7158031531
403 -18.10338198 0.7129446199
404 -18.25885905 0.7100410633
405 -18.41657867 0.7070905765
406 -18.57665016 0.7040911791
407 -18.73918746 0.7010408112
408 -18.90430948 0.697937328
409 -19.07214053 0.6947784932
410 -19.24281074 0.6915619736
411 -19.41645647 0.6882853319
412 -19.59322079 0.6849460216
413 -19.77325395 0.6815413793
414 -19.95671382 0.6780686191
415 -20.1437665 0.6745248255
416 -20.33458675 0.6709069472
417 -20.52935863 0.6672117902
418 -20.728276 0.6634360117
419 -20.93154318 0.6595761138
420 -21.13937551 0.6556284376
421 -21.352 0.6515891578
422 -21.56965597 0.6474542776
423 -21.79259568 0.6432196253
424 -22.02108497 0.6388808506
425 -22.25540391 0.6344334229
426 -22.49584741 0.6298726315
427 -22.74272579 0.6251935871
428 -22.99636537 0.620391226
429 -23.2571089 0.6154603167
430 -23.52531597 0.6103954708
431 -23.80136334 0.6051911567
432 -24.08564502 0.5998417187
433 -24.37857232 0.5943414017
434 -24.68057359 0.5886843809
435 -24.99209376 0.5828647999
436 -25.31359354 0.5768768156
437 -25.64554828 0.5707146532
438 -25.98844646 0.564372669
439 -26.34278763 0.557845426
440 -26.70907989 0.5511277783
441 -27.0878367 0.5442149695
442 -27.47957306 0.5371027411
443 -27.884801 0.5297874543
444 -28.30402425 0.5222662214
445 -28.73773215 0.514537049
446 -29.18639276 0.506598988
447 -29.65044518 0.4984522893
448 -30.13029113 0.4900985625
449 -30.62628594 0.4815409307
450 -31.13872898 0.4727841783
451 -31.66785385 0.4638348842
452 -32.2138185 0.4547015351
453 -32.77669556 0.4453946094
454 -33.35646331 0.4359266265
455 -33.95299757 0.4263121535
456 -34.56606498 0.4165677642
457 -35.19531796 0.4067119444
458 -35.84029194 0.3967649431
459 -36.50040485 0.3867485673
460 -37.17495943 0.3766859254
461 -37.86314834 0.3666011224
462 -38.56406203 0.3565189177
463 -39.27669945 0.3464643545
464 -39.9999812 0.3364623744
465 -40.73276472 0.3265374309
466 -41.47386123 0.3167131159
467 -42.22205362 0.3070118133
468 -42.97611489 0.2974543899
469 -43.73482633 0.2880599356
470 -44.49699509 0.2788455575
471 -45.26147034 0.269826234
472 -46.02715773 0.2610147281
473 -46.79303186 0.2524215588
474 -47.55814628 0.2440550266
475 -48.32164116 0.2359212862
476 -49.08274838 0.2280244603
477 -49.84079426 0.2203667846
478 -50.59519989 0.2129487787
479 -51.34547931 0.2057694323
480 -52.09123585 0.1988264007
481 -52.83215658 0.1921162044
482 -53.56800534 0.1856344252
483 -54.29861457 0.1793758962
484 -55.02387588 0.1733348816
485 -55.74373001 0.1675052439
486 -56.45815596 0.1618805967
487 -57.16715976 0.1564544413
488 -57.870763 0.1512202875
489 -58.56899128 0.1461717573
490 -59.26186283 0.1413026711
491 -59.94937762 0.1366071179
492 -60.63150695 0.1320795077
493 -61.30818413 0.1277146089
494 -61.97929612 0.123507569
495 -62.64467668 0.1194539216
496 -63.30410111 0.1155495785
497 -63.95728286 0.111790811
498 -64.60387203 0.108174219
499 -65.24345604 0.1046966925
500 -65.87556241 0.1013553654
501 -66.4996635 0.09814756581
502 -67.11518328 0.09507076314
503 -67.7215057 0.09212251622
504 -68.31798454 0.08930042316
505 -68.90395428 0.08660207554
506 -69.47874169 0.08402501831
507 -70.04167768 0.08156671658
508 -70.59210901 0.07922453007
509 -71.12940954 0.0769956954
510 -71.65299065 0.07487731634
511 -72.16231047 0.07286636136
512 -72.65688179 0.07095966823
513 -73.13627763 0.06915395645
514 -73.60012956 0.06744586117
515 -74.04808165 0.06583209313
516 -74.47942267 0.06431050024
517 -74.89032034 0.0628877364
518 -75.25309206 0.06163562137
519 -75.36064346 0.06111073736
520 -73.65944911 0.06568684063
521 -58.67275456 0.122859546
522 21.22224947 0.9119498801
523 36.78187694 0.9998906303
524 36.39614578 0.9999150997
525 33.94392239 0.9998695552
526 30.43023317 0.9997534232
527 26.336245 0.9994802937
528 22.04889234 0.9988704143
529 17.8348368 0.9976027076
530 13.85550099 0.9951940621
531 10.2011245 0.9910598434
532 6.916107372 0.9846816271
533 4.012741325 0.9758199184
534 1.479236904 0.9646376415
535 -0.7132177293 0.951648237
536 -2.603210119 0.9375350797
537 -4.232630786 0.922962105
538 -5.642003423 0.9084579558
539 -6.867833757 0.8943826877
540 -7.941561449 0.8809462534
541 -8.889520508 0.8682462003
542 -9.733413095 0.856305073
543 -10.49097488 0.8450999146
544 -11.17665578 0.8345828839
545 -11.80223509 0.8246945709
546 -12.37734359 0.8153720767
547 -12.90989141 0.8065536198
548 -13.40641207 0.798180953
549 -13.87233608 0.7902004551
550 -14.31220766 0.7825634533
551 -14.72985605 0.7752261177
552 -15.12853123 0.7681491369
553 -15.5110118 0.7612972975
554 -15.87969099 0.7546390351
555 -16.23664566 0.7481459962
556 -16.58369193 0.7417926294
557 -16.92243032 0.7355558152
558 -17.25428254 0.7294145346
559 -17.58052177 0.7233495771
560 -17.90229758 0.7173432841
561 -18.22065678 0.7113793249
562 -18.53656078 0.7054425007
563 -18.85090025 0.6995185747
564 -19.1645076 0.6935941235
565 -19.4781675 0.6876564084
566 -19.79262608 0.6816932636
567 -20.10859876 0.6756929994
568 -20.42677707 0.669644319
569 -20.74783458 0.6635362479
570 -21.07243211 0.6573580746
571 -21.40122225 0.6510993019
572 -21.73485324 0.644749609
573 -22.07397241 0.6382988242
574 -22.41922899 0.6317369074
575 -22.77127651 0.6250539445
576 -23.13077462 0.6182401526
577 -23.4983904 0.611285898
578 -23.87479914 0.6041817269
579 -24.26068445 0.5969184102
580 -24.65673775 0.5894870045
581 -25.06365698 0.5818789278
582 -25.48214453 0.5740860537
583 -25.91290427 0.5661008231
584 -26.35663754 0.5579163735
585 -26.8140382 0.549526688
586 -27.28578648 0.5409267599
587 -27.77254168 0.5321127748
588 -28.27493372 0.5230823039
589 -28.79355351 0.5138345082
590 -29.32894232 0.5043703451
591 -29.88158013 0.4946927725
592 -30.45187333 0.4848069421
593 -31.04014201 0.474720371
594 -31.64660711 0.4644430837
595 -32.27137811 0.4539877105
596 -32.91444154 0.4433695341
597 -33.575651 0.4326064727
598 -34.25471928 0.4217189923
599 -34.95121308 0.4107299422
600 -35.66455092 0.3996643117
