0 -87 0.01
5 -84.77216347 0.03618725031
10 -83.04343688 0.03991476921
15 -81.63004664 0.0432195578
20 -80.41576507 0.04625538174
25 -44.59015945 0.208444161
30 34.79113487 0.9998868944
35 22.79206942 0.9989645022
40 13.3203692 0.9944217485
45 7.266885501 0.9846398752
50 3.895859512 0.9738747612
55 2.167763144 0.9661017223
60 1.305792537 0.9615335999
65 0.8666896708 0.9590184893
70 0.6239886908 0.9575770983
75 0.4668622651 0.9566288424
80 0.3418866501 0.9558683051
85 0.2233693032 0.9551410406
90 0.09890657609 0.9543688623
95 -0.03751488456 0.9535108969
100 -0.1887890581 0.952544378
105 -0.3562400266 0.9514553918
110 -0.5403602414 0.9502344577
115 -0.7411683143 0.948874421
120 -0.958389085 0.9473694441
125 -1.191550933 0.9457145178
130 -1.440044499 0.9439052182
135 -1.703163109 0.941937579
140 -1.980134016 0.9398080169
145 -2.270144416 0.9375132811
150 -2.572363867 0.9350504118
155 -2.885963704 0.9324167015
160 -3.210133694 0.9296096551
165 -3.544096046 0.9266269486
170 -3.887116913 0.9234663845
175 -4.238515558 0.9201258438
180 -4.597671437 0.9166032348
185 -4.964029453 0.912896439
190 -5.337103712 0.9090032527
195 -5.716480067 0.9049213246
200 -6.101817784 0.9006480894
205 -6.492850613 0.8961806952
210 -6.889387564 0.8915159255
215 -7.29131365 0.8866501126
220 -7.698590862 0.8815790421
225 -8.111259623 0.876297845
230 -8.529440984 0.8708008763
235 -8.953339818 0.8650815742
240 -9.383249315 0.8591322979
245 -9.819557125 0.8529441361
250 -10.26275354 0.8465066812
255 -10.71344222 0.8398077574
260 -11.17235416 0.8328330928
265 -11.64036561 0.8255659194
270 -12.11852115 0.8179864792
275 -12.60806291 0.8100714183
280 -13.11046374 0.8017930958
285 -13.62745795 0.7931189261
290 -14.16108779 0.7840104858
295 -14.71381941 0.7744214365
300 -15.28871093 0.7642944171
305 -15.88956737 0.7535580722
310 -16.52110548 0.742123967
315 -17.18919006 0.7298823679
320 -17.90118237 0.7166962066
325 -18.6664346 0.7023927598
330 -19.49697608 0.6867525478
335 -20.40845487 0.66949497
340 -21.42141047 0.650260591
345 -22.56293962 0.6285914184
350 -23.86871901 0.6039143399
355 -25.38503835 0.5755417273
360 -27.1697227 0.5427205562
365 -29.28930395 0.5047864337
370 -31.80790981 0.4614879801
375 -34.76387312 0.4134664841
380 -38.13873168 0.3626332143
385 -41.83963294 0.3119657882
390 -45.71930389 0.2645545823
395 -49.628287 0.2225158906
400 -53.46204143 0.1865783843
405 -57.17329174 0.1564277324
410 -60.75052883 0.1313193461
415 -64.18111255 0.1105403137
420 -67.42169618 0.09357966144
425 -70.39555348 0.0800604332
430 -73.01856432 0.06959778527
435 -75.23271944 0.06173254922
440 -77.02378926 0.05596376917
445 -78.41785769 0.05181506953
450 -79.46624779 0.0488805371
455 -80.22970724 0.04683900413
460 -80.76728153 0.04544781225
465 -81.13051864 0.04452850501
470 -81.36156554 0.04395175806
475 -81.49347134 0.0436245128
480 -81.55146112 0.04347996791
485 -81.55445868 0.04347015271
490 -81.51650887 0.0435605512
495 -81.44796901 0.0437262603
500 -81.35644973 0.04394926068
505 -81.2475325 0.04421648184
510 -81.12530531 0.04451842965
515 -80.99275745 0.044848211
520 -80.85206825 0.04520083887
525 -80.70481728 0.04557273584
530 -80.55213708 0.04596137869
535 -80.39482384 0.0463650437
540 -80.23341712 0.04678262547
545 -80.06825266 0.04721351993
550 -79.89812529 0.04766074973
555 35.85184092 0.9861461105
560 30.08400892 0.9997345216
565 13.79348226 0.995022957
570 2.895341286 0.9706085883
575 -2.794065713 0.9344253372
580 -5.642143639 0.9064793825
585 -7.201290497 0.8881594865
590 -8.178868313 0.8756363493
595 -8.88560327 0.866122007
600 -9.4633601 0.858070962
605 -9.979770111 0.8506698782
610 -10.46833872 0.8434899385
615 -10.94632459 0.8362992441
620 -11.42306914 0.8289662455
625 -11.90401472 0.8214101842
630 -12.39270275 0.8135753007
635 -12.89180057 0.8054170281
640 -13.40365413 0.7968942214
645 -13.93060995 0.7879643745
650 -14.47522896 0.7785802232
655 -15.04045791 0.7686868441
660 -15.62979684 0.7582186997
665 -16.24748955 0.7470962296
670 -16.89876075 0.7352216255
675 -17.59012582 0.7224734097
680 -18.32980494 0.7086993817
685 -19.1282823 0.6937074542
690 -19.99906112 0.6772539501
695 -20.95967084 0.6590292576
700 -22.03297042 0.6386417783
705 -23.24872587 0.6156036991
710 -24.64524633 0.5893278365
715 -26.27040787 0.5591556362
720 -28.18051193 0.5244524737
725 -30.43418933 0.4848176631
730 -33.07802558 0.4404283653
735 -36.12364361 0.3924152769
740 -39.52527091 0.3429773397
745 -43.17650688 0.2949296739
750 -46.93832615 0.2507988508
755 -50.68439552 0.2120713816
760 -54.33381693 0.1790676906
765 -57.85483859 0.151327967
770 -61.24454186 0.1281124774
775 -64.49832798 0.108752094
780 -67.58443019 0.09277834329
785 -70.43825673 0.07987108445
790 -72.98153944 0.06973130738
795 -75.15282277 0.06199863134
