0 -87 0.01
5 35.69272707 0.924069953
10 32.72205326 0.9998343342
15 20.58504163 0.9984539698
20 12.09955095 0.9931141613
25 6.751187705 0.983297732
30 3.703355377 0.9730870738
35 2.088845689 0.965702697
40 1.260309458 0.9612811416
45 0.8295738628 0.9588031092
50 0.5877619299 0.9573615192
55 0.4286424153 0.9563975666
60 0.2999302744 0.9556109342
65 0.1763854724 0.9548489723
70 0.04595895994 0.9540350042
75 -0.09704570007 0.9531295945
80 -0.2552579084 0.9521111937
85 -0.4297937119 0.9509668308
90 -0.620986818 0.9496877283
95 -0.8287360825 0.9482672539
100 -1.052676716 0.9466999656
105 -1.292271245 0.944981161
110 -1.54686399 0.9431066585
115 -1.815718601 0.9410726824
120 -2.098047147 0.9388757948
125 -2.393034325 0.936512848
130 -2.699858191 0.933980943
135 -3.017707955 0.93127739
140 -3.345799061 0.9283996685
145 -3.683385714 0.9253453839
150 -4.029771025 0.9221122222
155 -4.384314999 0.9186979001
160 -4.746440632 0.9151001131
165 -5.115638405 0.9113164783
170 -5.491469505 0.9073444735
175 -5.873568058 0.9031813707
180 -6.261642704 0.8988241648
185 -6.655477804 0.8942694942
190 -7.054934545 0.8895135537
195 -7.459952243 0.8845519969
200 -7.870550088 0.8793798259
205 -8.286829618 0.8739912661
210 -8.708978198 0.8683796206
215 -9.137273839 0.8625371014
220 10.89466063 0.9904987805
225 9.18451434 0.9889093787
230 2.757437232 0.9699668366
235 -3.313565201 0.9304925072
240 -7.517522804 0.8853851931
245 -10.2705232 0.8474647907
250 -12.20171702 0.8173773292
255 -13.7113736 0.7922052658
260 -15.0240826 0.7693571502
265 -16.27346045 0.7469414718
270 -17.55360148 0.7234444682
275 -18.94815345 0.6974083611
280 -20.54885716 0.6671882175
285 -22.46854607 0.6308144405
290 -24.84633507 0.5860990819
295 -27.83340279 0.5312946449
300 -31.54094207 0.466563269
305 -35.95141113 0.395594195
310 -40.86017846 0.3252532909
315 -45.94284195 0.2622864224
320 -50.91384942 0.2101008478
325 -55.62257757 0.1686345053
330 -60.02770347 0.1361900673
335 -64.1166516 0.1109609982
340 -67.84550634 0.09157333576
345 -71.13478697 0.07699976884
350 -73.91001966 0.06634115193
355 -76.14307666 0.05874345925
360 -77.86247592 0.05343705912
365 -79.13651957 0.04978887284
370 -80.04911366 0.04731595032
375 -80.68161577 0.04566763754
380 -81.10363356 0.04459645923
385 -81.37046849 0.0439302182
390 -81.52410576 0.04354973399
395 -81.59554944 0.04337252097
400 -81.60732399 0.04334131301
405 -81.57564928 0.04341615999
410 -81.51215897 0.04356903353
415 -81.42518994 0.04378015426
420 -81.32072192 0.04403548792
425 -81.20305112 0.04432503192
430 -81.07526882 0.04464163692
435 39.82190883 0.9994652669
440 27.40614039 0.9995688199
445 9.89747812 0.990436366
450 -0.3638265973 0.9531381666
455 -5.368673703 0.9099781684
460 -7.913243802 0.879601044
465 -9.402337043 0.8592720792
470 -10.41371045 0.8444969133
475 -11.19616541 0.8325786879
480 -11.86593063 0.822061191
485 -12.48152772 0.812148625
490 -13.07466391 0.8023838571
495 -13.66405134 0.7924825594
500 -14.26204222 0.7822465416
505 -14.87805171 0.7715161481
510 -15.52049824 0.7601416221
515 -16.19807589 0.7479630785
520 -16.92078307 0.7347933111
525 -17.70096668 0.7203997235
530 -18.55458147 0.7044825286
535 -19.50285541 0.6866468336
540 -20.5745532 0.6663672377
545 -21.80897321 0.6429470292
550 -23.25953296 0.6154841121
555 -24.99693153 0.5828801317
560 -27.10881451 0.5439756016
565 -29.68937496 0.4979448831
570 -32.81017414 0.4450330713
575 -36.47222538 0.3873565914
580 -40.56699068 0.328926421
585 -44.89348463 0.2742719698
590 -49.23755717 0.226545899
595 -53.45061603 0.1867327981
600 -57.47044144 0.1542358526
605 -61.28840751 0.1278800035
610 -64.89821184 0.1065889881
615 -68.25817096 0.08959857061
620 -71.28901077 0.07635701123
625 -73.90652548 0.06634685741
630 -76.06091687 0.05900498531
635 -77.75399131 0.05375681337
640 -79.03045049 0.0500828274
645 -79.9576277 0.04755821311
