0 -87 0.01
5 -84.77216347 0.0361872503
10 -83.04343724 0.03991476844
15 -81.63005191 0.04321954537
20 -80.41597895 0.04625488651
25 -79.32632536 0.04914206631
30 -78.3072126 0.05198820061
35 -77.31449376 0.05490180286
40 -76.30583815 0.05801047482
45 -75.23290918 0.06148765249
50 -74.03008258 0.06560302872
55 -72.59258924 0.07083560423
60 -70.72350165 0.07817682239
65 -67.97037657 0.09016730061
70 -62.89560296 0.1162720428
75 -45.0582536 0.2553832003
80 29.14898527 0.9996716044
85 18.48713212 0.9977499197
90 10.24039474 0.9905938695
95 5.343668122 0.9791460375
100 2.812386531 0.9692183724
105 1.594125069 0.9631182748
110 1.015327827 0.9598801899
115 0.7273999506 0.9581880457
120 0.5644045575 0.9572107792
125 0.4497121866 0.9565183518
130 0.3481757165 0.9559024684
135 0.2435747169 0.9552631566
140 0.1283128124 0.9545509947
145 -0.001227482214 0.9537398327
150 -0.1467701622 0.9528142911
155 -0.3090840497 0.951764098
160 -0.4884102162 0.950581529
165 -0.6846632192 0.9492602461
170 -0.8975329493 0.9477947647
175 -1.12654317 0.9461802028
180 -1.371091235 0.944412156
185 -1.630479379 0.9424866288
190 -1.903941776 0.9403999886
195 -2.190668848 0.9381489301
200 -2.489829203 0.9357304412
205 -2.800589201 0.9331417681
210 -3.122130041 0.930380378
215 -3.453662326 0.9274439193
220 -3.794438136 0.9243301778
225 -4.143760742 0.9210370303
230 -4.500992171 0.9175623941
235 -4.865558873 0.913904174
240 -5.236955796 0.910060205
245 -5.614749183 0.9060281915
250 -5.99857839 0.9018056419
255 -6.388157045 0.8973897987
260 -6.783273835 0.8927775618
265 -7.183793186 0.887965405
270 -7.589656111 0.882949284
275 -8.000881458 0.8777245322
280 -8.41756784 0.8722857445
285 -8.839896465 0.8666266429
290 -9.268135186 0.8607399219
295 -9.702644072 0.8546170674
300 -10.14388288 0.8482481429
305 -10.59242089 0.8416215344
310 -11.04894971 0.8347236429
315 -11.51429977 0.8275385107
320 -11.98946155 0.820047363
325 -12.47561265 0.8122280408
330 -12.97415276 0.8040542929
335 -13.4867485 0.7954948846
340 -14.0153915 0.7865124665
345 -14.56247393 0.7770621271
350 -15.13088753 0.7670895261
355 -15.72415413 0.7565284689
360 -16.34659946 0.7452977365
365 -17.00358575 0.7332969221
370 -17.70182545 0.720400952
375 -18.44980617 0.7064528919
380 -19.25836685 0.6912545937
385 -20.14147536 0.6745548065
390 -21.11726237 0.6560347665
395 -22.20934977 0.6352924415
400 -23.4484381 0.6118294385
405 -24.87390837 0.5850506477
410 -26.53471343 0.554297868
415 -28.48793028 0.5189544311
420 -30.7921267 0.4786667789
425 -33.49230503 0.433694964
430 -36.59656229 0.3852763424
435 -40.05417155 0.3357011507
440 -43.75412566 0.2878116389
445 -47.55530965 0.2440796447
450 -51.33266321 0.2058880477
455 -55.00863045 0.1734592526
460 -58.55428353 0.1462762008
465 -61.96650424 0.1235865771
470 -65.23620058 0.104736266
475 -68.32387234 0.08927459399
480 -71.15757111 0.07688286638
485 -73.65623327 0.06724466438
490 -75.76182454 0.05997531383
495 -77.45829745 0.05464027087
500 -78.76989671 0.05081315867
505 -79.74676393 0.04812203077
510 -80.44891478 0.04626789683
515 -80.93472342 0.04502270771
520 -81.25491697 0.04421800068
525 -81.45065594 0.04373161013
530 -81.55391707 0.04347581307
535 -81.55843202 0.04345344837
540 38.72420138 0.9999441642
545 24.01205046 0.9992022836
550 7.040536624 0.9848228652
555 -2.580012624 0.9370555944
560 -7.290649778 0.8881580832
565 -9.822371605 0.8538147297
570 -11.40440736 0.8298014015
575 -12.53762365 0.8115657093
580 -13.44476716 0.7964264194
585 -14.23565277 0.78287743
590 -14.96970677 0.7700383565
595 -15.68218172 0.7573571111
600 -16.39630843 0.7444525173
605 -17.12949837 0.7310269711
610 -17.89687504 0.71681358
615 -18.71360505 0.7015396639
620 -19.59677073 0.6848968722
625 -20.56721156 0.6665124816
630 -21.65160189 0.645919588
635 -22.88486584 0.6225285139
640 -24.31266699 0.5956115847
645 -25.99284269 0.5643336006
