0.0000000000 -44.1812207405
0.1000000000 -44.2850826575
0.2000000000 -44.3889861988
0.3000000000 -44.4929291233
0.4000000000 -44.5969092050
0.5000000000 -44.7009242332
0.6000000000 -44.8049720126
0.7000000000 -44.9090503642
0.8000000000 -45.0131571251
0.9000000000 -45.1172901493
1.0000000000 -45.2214473075
1.1000000000 -45.3256264881
1.2000000000 -45.4298255971
1.3000000000 -45.5340425582
1.4000000000 -45.6382753139
1.5000000000 -45.7425218247
1.6000000000 -45.8467800703
1.7000000000 -45.9510480493
1.8000000000 -46.0553237797
1.9000000000 -46.1596052992
2.0000000000 -46.2638906651
2.1000000000 -46.3681779549
2.2000000000 -46.4724652660
2.3000000000 -46.5767507167
2.4000000000 -46.6810324455
2.5000000000 -46.7853086118
2.6000000000 -46.8895773959
2.7000000000 -46.9938369993
2.8000000000 -47.0980856445
2.9000000000 -47.2023215754
3.0000000000 -47.3065430574
3.1000000000 -47.4107483773
3.2000000000 -47.5149358437
3.3000000000 -47.6191037869
3.4000000000 -47.7232505588
3.5000000000 -47.8273745332
3.6000000000 -47.9314741060
3.7000000000 -48.0355476947
3.8000000000 -48.1395937388
3.9000000000 -48.2436107000
4.0000000000 -48.3475970617
4.1000000000 -48.4515513294
4.2000000000 -48.5554720303
4.3000000000 -48.6593577138
4.4000000000 -48.7632069510
4.5000000000 -48.8670183348
4.6000000000 -48.9707904799
4.7000000000 -49.0745220228
4.8000000000 -49.1782116215
4.9000000000 -49.2818579554
5.0000000000 -49.3854597256
5.1000000000 -49.4890156543
5.2000000000 -49.5925244850
5.3000000000 -49.6959849824
5.4000000000 -49.7993959320
5.5000000000 -49.9027561401
5.6000000000 -50.0060644338
5.7000000000 -50.1093196607
5.8000000000 -50.2125206885
5.9000000000 -50.3156664053
6.0000000000 -50.4187557191
6.1000000000 -50.5217875579
6.2000000000 -50.6247608689
6.3000000000 -50.7276746190
6.4000000000 -50.8305277943
6.5000000000 -50.9333193995
6.6000000000 -51.0360484586
6.7000000000 -51.1387140135
6.8000000000 -51.2413151249
6.9000000000 -51.3438508712
7.0000000000 -51.4463203486
7.1000000000 -51.5487226709
7.2000000000 -51.6510569690
7.3000000000 -51.7533223911
7.4000000000 -51.8555181017
7.5000000000 -51.9576432820
7.6000000000 -52.0596971292
7.7000000000 -52.1616788563
7.8000000000 -52.2635876920
7.9000000000 -52.3654228801
8.0000000000 -52.4671836796
8.1000000000 -52.5688693637
8.2000000000 -52.6704792204
8.3000000000 -52.7720125513
8.4000000000 -52.8734686719
8.5000000000 -52.9748469111
8.6000000000 -53.0761466106
8.7000000000 -53.1773671250
8.8000000000 -53.2785078211
8.9000000000 -53.3795680780
9.0000000000 -53.4805472862
9.1000000000 -53.5814448475
9.2000000000 -53.6822601751
9.3000000000 -53.7829926924
9.4000000000 -53.8836418332
9.5000000000 -53.9842070415
9.6000000000 -54.0846877707
9.7000000000 -54.1850834832
9.8000000000 -54.2853936508
9.9000000000 -54.3856177533
10.0000000000 -54.4857552791
10.1000000000 -54.5858057239
10.2000000000 -54.6857685914
10.3000000000 -54.7856433920
10.4000000000 -54.8854296428
10.5000000000 -54.9851268675
10.6000000000 -55.0847345956
10.7000000000 -55.1842523622
10.8000000000 -55.2836797078
10.9000000000 -55.3830161778
11.0000000000 -55.4822613218
11.1000000000 -55.5814146942
11.2000000000 -55.6804758525
11.3000000000 -55.7794443583
11.4000000000 -55.8783197758
11.5000000000 -55.9771016723
11.6000000000 -56.0757896173
11.7000000000 -56.1743831823
11.8000000000 -56.2728819406
11.9000000000 -56.3712854668
12.0000000000 -56.4695933364
12.1000000000 -56.5678051256
12.2000000000 -56.6659204110
12.3000000000 -56.7639387689
12.4000000000 -56.8618597755
12.5000000000 -56.9596830059
12.6000000000 -57.0574080346
12.7000000000 -57.1550344345
12.8000000000 -57.2525617765
12.9000000000 -57.3499896301
13.0000000000 -57.4473175618
13.1000000000 -57.5445451359
13.2000000000 -57.6416719135
13.3000000000 -57.7386974524
13.4000000000 -57.8356213069
13.5000000000 -57.9324430274
13.6000000000 -58.0291621600
13.7000000000 -58.1257782465
13.8000000000 -58.2222908238
13.9000000000 -58.3186994238
14.0000000000 -58.4150035730
14.1000000000 -58.5112027925
14.2000000000 -58.6072965974
14.3000000000 -58.7032844966
14.4000000000 -58.7991659928
14.5000000000 -58.8949405820
14.6000000000 -58.9906077533
14.7000000000 -59.0861669887
14.8000000000 -59.1816177630
14.9000000000 -59.2769595432
15.0000000000 -59.3721917885
15.1000000000 -59.4673139505
15.2000000000 -59.5623254720
15.3000000000 -59.6572257878
15.4000000000 -59.7520143240
15.5000000000 -59.8466904978
15.6000000000 -59.9412537176
15.7000000000 -60.0357033823
15.8000000000 -60.1300388818
15.9000000000 -60.2242595965
16.0000000000 -60.3183648969
16.1000000000 -60.4123541439
16.2000000000 -60.5062266884
16.3000000000 -60.5999818713
16.4000000000 -60.6936190233
16.5000000000 -60.7871374646
16.6000000000 -60.8805365051
16.7000000000 -60.9738154443
16.8000000000 -61.0669735709
16.9000000000 -61.1600101630
17.0000000000 -61.2529244877
17.1000000000 -61.3457158014
17.2000000000 -61.4383833496
17.3000000000 -61.5309263667
17.4000000000 -61.6233440759
17.5000000000 -61.7156356897
17.6000000000 -61.8078004091
17.7000000000 -61.8998374242
17.8000000000 -61.9917459137
17.9000000000 -62.0835250453
18.0000000000 -62.1751739754
18.1000000000 -62.2666918492
18.2000000000 -62.3580778009
18.3000000000 -62.4493309533
18.4000000000 -62.5404504182
18.5000000000 -62.6314352963
18.6000000000 -62.7222846771
18.7000000000 -62.8129976394
18.8000000000 -62.9035732507
18.9000000000 -62.9940105679
19.0000000000 -63.0843086369
19.1000000000 -63.1744664930
19.2000000000 -63.2644831608
19.3000000000 -63.3543576544
19.4000000000 -63.4440889774
19.5000000000 -63.5336761230
19.6000000000 -63.6231180744
19.7000000000 -63.7124138046
19.8000000000 -63.8015622766
19.9000000000 -63.8905624435
20.0000000000 -63.9794132490
20.1000000000 -64.0681136271
20.2000000000 -64.1566625024
20.3000000000 -64.2450587904
20.4000000000 -64.3333013976
20.5000000000 -64.4213892215
20.6000000000 -64.5093211512
20.7000000000 -64.5970960671
20.8000000000 -64.6847128414
20.9000000000 -64.7721703384
21.0000000000 -64.8594674142
21.1000000000 -64.9466029176
21.2000000000 -65.0335756899
21.3000000000 -65.1203845651
21.4000000000 -65.2070283703
21.5000000000 -65.2935059259
21.6000000000 -65.3798160458
21.7000000000 -65.4659575378
21.8000000000 -65.5519292034
21.9000000000 -65.6377298388
22.0000000000 -65.7233582344
22.1000000000 -65.8088131756
22.2000000000 -65.8940934428
22.3000000000 -65.9791978117
22.4000000000 -66.0641250537
22.5000000000 -66.1488739362
22.6000000000 -66.2334432225
22.7000000000 -66.3178316727
22.8000000000 -66.4020380434
22.9000000000 -66.4860610886
23.0000000000 -66.5698995592
23.1000000000 -66.6535522043
23.2000000000 -66.7370177704
23.3000000000 -66.8202950028
23.4000000000 -66.9033826450
23.5000000000 -66.9862794394
23.6000000000 -67.0689841279
23.7000000000 -67.1514954516
23.8000000000 -67.2338121515
23.9000000000 -67.3159329687
24.0000000000 -67.3978566449
24.1000000000 -67.4795819223
24.2000000000 -67.5611075445
24.3000000000 -67.6424322563
24.4000000000 -67.7235548041
24.5000000000 -67.8044739365
24.6000000000 -67.8851884045
24.7000000000 -67.9656969616
24.8000000000 -68.0459983645
24.9000000000 -68.1260913728
25.0000000000 -68.2059747502
25.1000000000 -68.2856472641
25.2000000000 -68.3651076860
25.3000000000 -68.4443547922
25.4000000000 -68.5233873639
25.5000000000 -68.6022041871
25.6000000000 -68.6808040538
25.7000000000 -68.7591857613
25.8000000000 -68.8373481135
25.9000000000 -68.9152899202
26.0000000000 -68.9930099984
26.1000000000 -69.0705071716
26.2000000000 -69.1477802709
26.3000000000 -69.2248281350
26.4000000000 -69.3016496103
26.5000000000 -69.3782435516
26.6000000000 -69.4546088219
26.7000000000 -69.5307442931
26.8000000000 -69.6066488460
26.9000000000 -69.6823213708
27.0000000000 -69.7577607670
27.1000000000 -69.8329659443
27.2000000000 -69.9079358222
27.3000000000 -69.9826693305
27.4000000000 -70.0571654098
27.5000000000 -70.1314230114
27.6000000000 -70.2054410977
27.7000000000 -70.2792186424
27.8000000000 -70.3527546310
27.9000000000 -70.4260480605
28.0000000000 -70.4990979401
28.1000000000 -70.5719032911
28.2000000000 -70.6444631475
28.3000000000 -70.7167765557
28.4000000000 -70.7888425754
28.5000000000 -70.8606602790
28.6000000000 -70.9322287523
28.7000000000 -71.0035470948
28.8000000000 -71.0746144195
28.9000000000 -71.1454298533
29.0000000000 -71.2159925372
29.1000000000 -71.2863016263
29.2000000000 -71.3563562902
29.3000000000 -71.4261557130
29.4000000000 -71.4956990935
29.5000000000 -71.5649856455
29.6000000000 -71.6340145976
29.7000000000 -71.7027851937
29.8000000000 -71.7712966930
29.9000000000 -71.8395483699
30.0000000000 -71.9075395145
30.1000000000 -71.9752694325
30.2000000000 -72.0427374456
30.3000000000 -72.1099428909
30.4000000000 -72.1768851219
30.5000000000 -72.2435635079
30.6000000000 -72.3099774344
30.7000000000 -72.3761263033
30.8000000000 -72.4420095326
30.9000000000 -72.5076265567
31.0000000000 -72.5729768264
31.1000000000 -72.6380598090
31.2000000000 -72.7028749885
31.3000000000 -72.7674218650
31.4000000000 -72.8316999557
31.5000000000 -72.8957087939
31.6000000000 -72.9594479299
31.7000000000 -73.0229169303
31.8000000000 -73.0861153784
31.9000000000 -73.1490428740
32.0000000000 -73.2116990334
32.1000000000 -73.2740834893
32.2000000000 -73.3361958908
32.3000000000 -73.3980359033
32.4000000000 -73.4596032081
32.5000000000 -73.5208975029
32.6000000000 -73.5819185007
32.7000000000 -73.6426659307
32.8000000000 -73.7031395370
32.9000000000 -73.7633390790
33.0000000000 -73.8232643309
33.1000000000 -73.8829150814
33.2000000000 -73.9422911330
33.3000000000 -74.0013923016
33.4000000000 -74.0602184164
33.5000000000 -74.1187693183
33.6000000000 -74.1770448600
33.7000000000 -74.2350449046
33.8000000000 -74.2927693248
33.9000000000 -74.3502180013
34.0000000000 -74.4073908220
34.1000000000 -74.4642876800
34.2000000000 -74.5209084717
34.3000000000 -74.5772530948
34.4000000000 -74.6333214459
34.5000000000 -74.6891134172
34.6000000000 -74.7446288936
34.7000000000 -74.7998677484
34.8000000000 -74.8548298392
34.9000000000 -74.9095150024
35.0000000000 -74.9639230471
35.1000000000 -75.0180537484
35.2000000000 -75.0719068387
35.3000000000 -75.1254819989
35.4000000000 -75.1787788467
35.5000000000 -75.2317969243
35.6000000000 -75.2845356836
35.7000000000 -75.3369944688
35.8000000000 -75.3891724963
35.9000000000 -75.4410688317
36.0000000000 -75.4926823630
36.1000000000 -75.5440117686
36.2000000000 -75.5950554816
36.3000000000 -75.6458116469
36.4000000000 -75.6962780724
36.5000000000 -75.7464521715
36.6000000000 -75.7963308966
36.7000000000 -75.8459106621
36.8000000000 -75.8951872538
36.9000000000 -75.9441557252
37.0000000000 -75.9928102753
37.1000000000 -76.0411441072
37.2000000000 -76.0891492639
37.3000000000 -76.1368164367
37.4000000000 -76.1841347426
37.5000000000 -76.2310914655
37.6000000000 -76.2776717546
37.7000000000 -76.3238582740
37.8000000000 -76.3696307944
37.9000000000 -76.4149657184
38.0000000000 -76.4598355279
38.1000000000 -76.5042081403
38.2000000000 -76.5480461600
38.3000000000 -76.5913060063
38.4000000000 -76.6339368980
38.5000000000 -76.6758796716
38.6000000000 -76.7170654044
38.7000000000 -76.7574138112
38.8000000000 -76.7968313768
38.9000000000 -76.8352091805
39.0000000000 -76.8724203613
39.1000000000 -76.9083171651
39.2000000000 -76.9427275031
39.3000000000 -76.9754509409
39.4000000000 -77.0062540242
39.5000000000 -77.0348648284
39.6000000000 -77.0609666056
39.7000000000 -77.0841903748
39.8000000000 -77.1041062818
39.9000000000 -77.1202135201
40.0000000000 -77.1319285732
40.1000000000 -77.1385714949
40.2000000000 -77.1393498979
40.3000000000 -77.1333402644
40.4000000000 -77.1194661252
40.5000000000 -77.0964725769
40.6000000000 -77.0628965157
40.7000000000 -77.0170318559
40.8000000000 -76.9568888762
40.9000000000 -76.8801466832
41.0000000000 -76.7840976027
41.1000000000 -76.6655820943
41.2000000000 -76.5209125260
41.3000000000 -76.3457838327
41.4000000000 -76.1351687039
41.5000000000 -75.8831944705
41.6000000000 -75.5829982737
41.7000000000 -75.2265563406
41.8000000000 -74.8044822070
41.9000000000 -74.3057873992
42.0000000000 -73.7175962581
42.1000000000 -73.0248039709
42.2000000000 -72.2096630131
42.3000000000 -71.2512773143
42.4000000000 -70.1249741891
42.5000000000 -68.8015090441
42.6000000000 -67.2460328693
42.7000000000 -65.4167099038
42.8000000000 -63.2627987225
42.9000000000 -60.7218787989
43.0000000000 -57.7156699339
43.1000000000 -54.1434722297
43.2000000000 -49.8715199055
43.3000000000 -44.7153452213
43.4000000000 -38.4106701932
43.5000000000 -30.5677949142
43.6000000000 -20.6122499070
43.7000000000 -7.7684900240
43.8000000000 8.5418577003
43.9000000000 26.2799804055
44.0000000000 37.3020885257
44.1000000000 39.3448112891
44.2000000000 39.3725173583
44.3000000000 39.3147837802
44.4000000000 39.2423845877
44.5000000000 39.1610341941
44.6000000000 39.0711155242
44.7000000000 38.9721569179
44.8000000000 38.8635100496
44.9000000000 38.7444788545
45.0000000000 38.6143530219
45.1000000000 38.4724229991
45.2000000000 38.3179911651
45.3000000000 38.1503822137
45.4000000000 37.9689533237
45.5000000000 37.7731040975
45.6000000000 37.5622860797
45.7000000000 37.3360116282
45.8000000000 37.0938619103
45.9000000000 36.8354938175
46.0000000000 36.5606456323
46.1000000000 36.2691413214
46.2000000000 35.9608933763
46.3000000000 35.6359041726
46.4000000000 35.2942658644
46.5000000000 34.9361588740
46.6000000000 34.5618490738
46.7000000000 34.1716837887
46.8000000000 33.7660867712
46.9000000000 33.3455523167
47.0000000000 32.9106386959
47.1000000000 32.4619610841
47.2000000000 32.0001841606
47.3000000000 31.5260145465
47.4000000000 31.0401932321
47.5000000000 30.5434881312
47.6000000000 30.0366868813
47.7000000000 29.5205899896
47.8000000000 28.9960044043
47.9000000000 28.4637375725
48.0000000000 27.9245920289
48.1000000000 27.3793605403
48.2000000000 26.8288218191
48.3000000000 26.2737368043
48.4000000000 25.7148454969
48.5000000000 25.1528643297
48.6000000000 24.5884840419
48.7000000000 24.0223680250
48.8000000000 23.4551511030
48.9000000000 22.8874387055
49.0000000000 22.3198063933
49.1000000000 21.7527996951
49.2000000000 21.1869342142
49.3000000000 20.6226959677
49.4000000000 20.0605419188
49.5000000000 19.5009006695
49.6000000000 18.9441732813
49.7000000000 18.3907341943
49.8000000000 17.8409322190
49.9000000000 17.2950915775
50.0000000000 16.7535129738
50.1000000000 16.2164746754
50.2000000000 15.6842335912
50.3000000000 15.1570263340
50.4000000000 14.6350702558
50.5000000000 14.1185644494
50.6000000000 13.6076907093
50.7000000000 13.1026144469
50.8000000000 12.6034855584
50.9000000000 12.1104392426
51.0000000000 11.6235967680
51.1000000000 11.1430661910
51.2000000000 10.6689430251
51.3000000000 10.2013108640
51.4000000000 9.7402419610
51.5000000000 9.2857977676
51.6000000000 8.8380294343
51.7000000000 8.3969782786
51.8000000000 7.9626762213
51.9000000000 7.5351461975
52.0000000000 7.1144025437
52.1000000000 6.7004513656
52.2000000000 6.2932908894
52.3000000000 5.8929117999
52.4000000000 5.4992975683
52.5000000000 5.1124247708
52.6000000000 4.7322634019
52.7000000000 4.3587771839
52.8000000000 3.9919238719
52.9000000000 3.6316555586
53.0000000000 3.2779189773
53.1000000000 2.9306558049
53.2000000000 2.5898029636
53.3000000000 2.2552929239
53.4000000000 1.9270540051
53.5000000000 1.6050106764
53.6000000000 1.2890838551
53.7000000000 0.9791912033
53.8000000000 0.6752474206
53.9000000000 0.3771645334
54.0000000000 0.0848521786
54.1000000000 -0.2017821183
54.2000000000 -0.4828326720
54.3000000000 -0.7583953738
54.4000000000 -1.0285674366
54.5000000000 -1.2934471490
54.6000000000 -1.5531336392
54.7000000000 -1.8077266492
54.8000000000 -2.0573263198
54.9000000000 -2.3020329874
55.0000000000 -2.5419469908
55.1000000000 -2.7771684915
55.2000000000 -3.0077973038
55.3000000000 -3.2339327378
55.4000000000 -3.4556734537
55.5000000000 -3.6731173272
55.6000000000 -3.8863613263
55.7000000000 -4.0955013992
55.8000000000 -4.3006323721
55.9000000000 -4.5018478584
56.0000000000 -4.6992401763
56.1000000000 -4.8929002768
56.2000000000 -5.0829176801
56.3000000000 -5.2693804207
56.4000000000 -5.4523750002
56.5000000000 -5.6319863480
56.6000000000 -5.8082977886
56.7000000000 -5.9813910158
56.8000000000 -6.1513460725
56.9000000000 -6.3182413368
57.0000000000 -6.4821535128
57.1000000000 -6.6431576261
57.2000000000 -6.8013270244
57.3000000000 -6.9567333810
57.4000000000 -7.1094467028
57.5000000000 -7.2595353409
57.6000000000 -7.4070660050
57.7000000000 -7.5521037791
57.8000000000 -7.6947121410
57.9000000000 -7.8349529827
58.0000000000 -7.9728866331
58.1000000000 -8.1085718824
58.2000000000 -8.2420660071
58.3000000000 -8.3734247976
58.4000000000 -8.5027025848
58.5000000000 -8.6299522693
58.6000000000 -8.7552253501
58.7000000000 -8.8785719539
58.8000000000 -9.0000408658
58.9000000000 -9.1196795585
59.0000000000 -9.2375342232
59.1000000000 -9.3536497996
59.2000000000 -9.4680700062
59.3000000000 -9.5808373706
59.4000000000 -9.6919932592
59.5000000000 -9.8015779072
59.6000000000 -9.9096304477
59.7000000000 -10.0161889405
59.8000000000 -10.1212904015
59.9000000000 -10.2249708302
60.0000000000 -10.3272652375
60.1000000000 -10.4282076735
60.2000000000 -10.5278312534
60.3000000000 -10.6261681844
60.4000000000 -10.7232497911
60.5000000000 -10.8191065405
60.6000000000 -10.9137680668
60.7000000000 -11.0072631952
60.8000000000 -11.0996199654
60.9000000000 -11.1908656545
61.0000000000 -11.2810267992
61.1000000000 -11.3701292174
61.2000000000 -11.4581980297
61.3000000000 -11.5452576795
61.4000000000 -11.6313319535
61.5000000000 -11.7164440008
61.6000000000 -11.8006163521
61.7000000000 -11.8838709381
61.8000000000 -11.9662291072
61.9000000000 -12.0477116430
62.0000000000 -12.1283387812
62.1000000000 -12.2081302258
62.2000000000 -12.2871051654
62.3000000000 -12.3652822881
62.4000000000 -12.4426797970
62.5000000000 -12.5193154241
62.6000000000 -12.5952064451
62.7000000000 -12.6703696923
62.8000000000 -12.7448215685
62.9000000000 -12.8185780594
63.0000000000 -12.8916547461
63.1000000000 -12.9640668174
63.2000000000 -13.0358290810
63.3000000000 -13.1069559755
63.4000000000 -13.1774615805
63.5000000000 -13.2473596281
63.6000000000 -13.3166635125
63.7000000000 -13.3853863003
63.8000000000 -13.4535407403
63.9000000000 -13.5211392723
64.0000000000 -13.5881940368
64.1000000000 -13.6547168834
64.2000000000 -13.7207193792
64.3000000000 -13.7862128174
64.4000000000 -13.8512082252
64.5000000000 -13.9157163711
64.6000000000 -13.9797477730
64.7000000000 -14.0433127048
64.8000000000 -14.1064212042
64.9000000000 -14.1690830787
65.0000000000 -14.2313079127
65.1000000000 -14.2931050737
65.2000000000 -14.3544837185
65.3000000000 -14.4154527993
65.4000000000 -14.4760210693
65.5000000000 -14.5361970884
65.6000000000 -14.5959892288
65.7000000000 -14.6554056801
65.8000000000 -14.7144544544
65.9000000000 -14.7731433916
66.0000000000 -14.8314801636
66.1000000000 -14.8894722795
66.2000000000 -14.9471270899
66.3000000000 -15.0044517912
66.4000000000 -15.0614534302
66.5000000000 -15.1181389075
66.6000000000 -15.1745149825
66.7000000000 -15.2305882762
66.8000000000 -15.2863652759
66.9000000000 -15.3418523381
67.0000000000 -15.3970556925
67.1000000000 -15.4519814452
67.2000000000 -15.5066355822
67.3000000000 -15.5610239723
67.4000000000 -15.6151523707
67.5000000000 -15.6690264216
67.6000000000 -15.7226516614
67.7000000000 -15.7760335215
67.8000000000 -15.8291773310
67.9000000000 -15.8820883195
68.0000000000 -15.9347716197
68.1000000000 -15.9872322698
68.2000000000 -16.0394752162
68.3000000000 -16.0915053157
68.4000000000 -16.1433273381
68.5000000000 -16.1949459680
68.6000000000 -16.2463658074
68.7000000000 -16.2975913777
68.8000000000 -16.3486271218
68.9000000000 -16.3994774060
69.0000000000 -16.4501465221
69.1000000000 -16.5006386893
69.2000000000 -16.5509580560
69.3000000000 -16.6011087015
69.4000000000 -16.6510946378
69.5000000000 -16.7009198117
69.6000000000 -16.7505881057
69.7000000000 -16.8001033404
69.8000000000 -16.8494692752
69.9000000000 -16.8986896109
70.0000000000 -16.9477679901
70.1000000000 -16.9967079994
70.2000000000 -17.0455131704
70.3000000000 -17.0941869813
70.4000000000 -17.1427328582
70.5000000000 -17.1911541760
70.6000000000 -17.2394542605
70.7000000000 -17.2876363886
70.8000000000 -17.3357037903
70.9000000000 -17.3836596496
71.0000000000 -17.4315071054
71.1000000000 -17.4792492531
71.2000000000 -17.5268891451
71.3000000000 -17.5744297923
71.4000000000 -17.6218741650
71.5000000000 -17.6692251936
71.6000000000 -17.7164857703
71.7000000000 -17.7636587490
71.8000000000 -17.8107469472
71.9000000000 -17.8577531464
72.0000000000 -17.9046800929
72.1000000000 -17.9515304992
72.2000000000 -17.9983070439
72.3000000000 -18.0450123737
72.4000000000 -18.0916491031
72.5000000000 -18.1382198158
72.6000000000 -18.1847270653
72.7000000000 -18.2311733756
72.8000000000 -18.2775612420
72.9000000000 -18.3238931317
73.0000000000 -18.3701714846
73.1000000000 -18.4163987138
73.2000000000 -18.4625772064
73.3000000000 -18.5087093242
73.4000000000 -18.5547974041
73.5000000000 -18.6008437588
73.6000000000 -18.6468506775
73.7000000000 -18.6928204264
73.8000000000 -18.7387552492
73.9000000000 -18.7846573677
74.0000000000 -18.8305289824
74.1000000000 -18.8763722731
74.2000000000 -18.9221893991
74.3000000000 -18.9679825000
74.4000000000 -19.0137536961
74.5000000000 -19.0595050888
74.6000000000 -19.1052387612
74.7000000000 -19.1509567786
74.8000000000 -19.1966611887
74.9000000000 -19.2423540223
75.0000000000 -19.2880372935
75.1000000000 -19.3337130004
75.2000000000 -19.3793831252
75.3000000000 -19.4250496349
75.4000000000 -19.4707144815
75.5000000000 -19.5163796023
75.6000000000 -19.5620469206
75.7000000000 -19.6077183458
75.8000000000 -19.6533957738
75.9000000000 -19.6990810874
76.0000000000 -19.7447761565
76.1000000000 -19.7904828389
76.2000000000 -19.8362029799
76.3000000000 -19.8819384132
76.4000000000 -19.9276909611
76.5000000000 -19.9734624346
76.6000000000 -20.0192546338
76.7000000000 -20.0650693484
76.8000000000 -20.1109083575
76.9000000000 -20.1567734306
77.0000000000 -20.2026663271
77.1000000000 -20.2485887972
77.2000000000 -20.2945425817
77.3000000000 -20.3405294126
77.4000000000 -20.3865510132
77.5000000000 -20.4326090981
77.6000000000 -20.4787053740
77.7000000000 -20.5248415396
77.8000000000 -20.5710192856
77.9000000000 -20.6172402954
78.0000000000 -20.6635062451
78.1000000000 -20.7098188036
78.2000000000 -20.7561796330
78.3000000000 -20.8025903886
78.4000000000 -20.8490527194
78.5000000000 -20.8955682680
78.6000000000 -20.9421386710
78.7000000000 -20.9887655590
78.8000000000 -21.0354505568
78.9000000000 -21.0821952839
79.0000000000 -21.1290013542
79.1000000000 -21.1758703766
79.2000000000 -21.2228039547
79.3000000000 -21.2698036873
79.4000000000 -21.3168711686
79.5000000000 -21.3640079881
79.6000000000 -21.4112157310
79.7000000000 -21.4584959779
79.8000000000 -21.5058503056
79.9000000000 -21.5532802867
80.0000000000 -21.6007874900
80.1000000000 -21.6483734805
80.2000000000 -21.6960398195
80.3000000000 -21.7437880649
80.4000000000 -21.7916197712
80.5000000000 -21.8395364895
80.6000000000 -21.8875397679
80.7000000000 -21.9356311513
80.8000000000 -21.9838121817
80.9000000000 -22.0320843981
81.0000000000 -22.0804493371
81.1000000000 -22.1289085320
81.2000000000 -22.1774635142
81.3000000000 -22.2261158120
81.4000000000 -22.2748669516
81.5000000000 -22.3237184569
81.6000000000 -22.3726718492
81.7000000000 -22.4217286478
81.8000000000 -22.4708903699
81.9000000000 -22.5201585306
82.0000000000 -22.5695346429
82.1000000000 -22.6190202178
82.2000000000 -22.6686167646
82.3000000000 -22.7183257906
82.4000000000 -22.7681488012
82.5000000000 -22.8180873002
82.6000000000 -22.8681427895
82.7000000000 -22.9183167696
82.8000000000 -22.9686107389
82.9000000000 -23.0190261946
83.0000000000 -23.0695646320
83.1000000000 -23.1202275450
83.2000000000 -23.1710164257
83.3000000000 -23.2219327649
83.4000000000 -23.2729780518
83.5000000000 -23.3241537740
83.6000000000 -23.3754614175
83.7000000000 -23.4269024670
83.8000000000 -23.4784784055
83.9000000000 -23.5301907146
84.0000000000 -23.5820408741
84.1000000000 -23.6340303627
84.2000000000 -23.6861606571
84.3000000000 -23.7384332327
84.4000000000 -23.7908495630
84.5000000000 -23.8434111202
84.6000000000 -23.8961193746
84.7000000000 -23.9489757950
84.8000000000 -24.0019818482
84.9000000000 -24.0551389994
85.0000000000 -24.1084487119
85.1000000000 -24.1619124474
85.2000000000 -24.2155316652
85.3000000000 -24.2693078230
85.4000000000 -24.3232423763
85.5000000000 -24.3773367787
85.6000000000 -24.4315924813
85.7000000000 -24.4860109332
85.8000000000 -24.5405935813
85.9000000000 -24.5953418698
86.0000000000 -24.6502572407
86.1000000000 -24.7053411332
86.2000000000 -24.7605949842
86.3000000000 -24.8160202276
86.4000000000 -24.8716182945
86.5000000000 -24.9273906132
86.6000000000 -24.9833386088
86.7000000000 -25.0394637034
86.8000000000 -25.0957673158
86.9000000000 -25.1522508613
87.0000000000 -25.2089157520
87.1000000000 -25.2657633961
87.2000000000 -25.3227951982
87.3000000000 -25.3800125590
87.4000000000 -25.4374168752
87.5000000000 -25.4950095393
87.6000000000 -25.5527919396
87.7000000000 -25.6107654599
87.8000000000 -25.6689314793
87.9000000000 -25.7272913725
88.0000000000 -25.7858465089
88.1000000000 -25.8445982531
88.2000000000 -25.9035479643
88.3000000000 -25.9626969963
88.4000000000 -26.0220466976
88.5000000000 -26.0815984104
88.6000000000 -26.1413534715
88.7000000000 -26.2013132113
88.8000000000 -26.2614789539
88.9000000000 -26.3218520168
89.0000000000 -26.3824337110
89.1000000000 -26.4432253404
89.2000000000 -26.5042282019
89.3000000000 -26.5654435850
89.4000000000 -26.6268727716
89.5000000000 -26.6885170359
89.6000000000 -26.7503776441
89.7000000000 -26.8124558541
89.8000000000 -26.8747529156
89.9000000000 -26.9372700694
90.0000000000 -27.0000085474
90.1000000000 -27.0629695724
90.2000000000 -27.1261543578
90.3000000000 -27.1895641073
90.4000000000 -27.2532000149
90.5000000000 -27.3170632641
90.6000000000 -27.3811550284
90.7000000000 -27.4454764702
90.8000000000 -27.5100287414
90.9000000000 -27.5748129824
91.0000000000 -27.6398303222
91.1000000000 -27.7050818782
91.2000000000 -27.7705687555
91.3000000000 -27.8362920471
91.4000000000 -27.9022528334
91.5000000000 -27.9684521819
91.6000000000 -28.0348911469
91.7000000000 -28.1015707694
91.8000000000 -28.1684920765
91.9000000000 -28.2356560814
92.0000000000 -28.3030637827
92.1000000000 -28.3707161648
92.2000000000 -28.4386141967
92.3000000000 -28.5067588326
92.4000000000 -28.5751510108
92.5000000000 -28.6437916538
92.6000000000 -28.7126816683
92.7000000000 -28.7818219440
92.8000000000 -28.8512133541
92.9000000000 -28.9208567547
93.0000000000 -28.9907529844
93.1000000000 -29.0609028641
93.2000000000 -29.1313071967
93.3000000000 -29.2019667666
93.4000000000 -29.2728823396
93.5000000000 -29.3440546625
93.6000000000 -29.4154844628
93.7000000000 -29.4871724483
93.8000000000 -29.5591193067
93.9000000000 -29.6313257057
94.0000000000 -29.7037922923
94.1000000000 -29.7765196923
94.2000000000 -29.8495085106
94.3000000000 -29.9227593304
94.4000000000 -29.9962727131
94.5000000000 -30.0700491977
94.6000000000 -30.1440893010
94.7000000000 -30.2183935167
94.8000000000 -30.2929623155
94.9000000000 -30.3677961447
95.0000000000 -30.4428954277
95.1000000000 -30.5182605641
95.2000000000 -30.5938919288
95.3000000000 -30.6697898724
95.4000000000 -30.7459547204
95.5000000000 -30.8223867730
95.6000000000 -30.8990863049
95.7000000000 -30.9760535651
95.8000000000 -31.0532887763
95.9000000000 -31.1307921350
96.0000000000 -31.2085638109
96.1000000000 -31.2866039470
96.2000000000 -31.3649126588
96.3000000000 -31.4434900346
96.4000000000 -31.5223361350
96.5000000000 -31.6014509924
96.6000000000 -31.6808346112
96.7000000000 -31.7604869674
96.8000000000 -31.8404080083
96.9000000000 -31.9205976521
97.0000000000 -32.0010557881
97.1000000000 -32.0817822762
97.2000000000 -32.1627769468
97.3000000000 -32.2440396005
97.4000000000 -32.3255700081
97.5000000000 -32.4073679100
97.6000000000 -32.4894330165
97.7000000000 -32.5717650076
97.8000000000 -32.6543635323
97.9000000000 -32.7372282090
98.0000000000 -32.8203586254
98.1000000000 -32.9037543376
98.2000000000 -32.9874148711
98.3000000000 -33.0713397197
98.4000000000 -33.1555283459
98.5000000000 -33.2399801806
98.6000000000 -33.3246946233
98.7000000000 -33.4096710417
98.8000000000 -33.4949087715
98.9000000000 -33.5804071171
99.0000000000 -33.6661653505
99.1000000000 -33.7521827122
99.2000000000 -33.8384584104
99.3000000000 -33.9249916216
99.4000000000 -34.0117814904
99.5000000000 -34.0988271290
99.6000000000 -34.1861276183
99.7000000000 -34.2736820067
99.8000000000 -34.3614893110
99.9000000000 -34.4495485161
100.0000000000 -34.5378585752
100.1000000000 -34.6264184097
100.2000000000 -34.7152269095
100.3000000000 -34.8042829328
100.4000000000 -34.8935853065
100.5000000000 -34.9831328263
100.6000000000 -35.0729242565
100.7000000000 -35.1629583306
100.8000000000 -35.2532337511
100.9000000000 -35.3437491899
101.0000000000 -35.4345032883
101.1000000000 -35.5254946574
101.2000000000 -35.6167218779
101.3000000000 -35.7081835010
101.4000000000 -35.7998780480
101.5000000000 -35.8918040106
101.6000000000 -35.9839598517
101.7000000000 -36.0763440051
101.8000000000 -36.1689548758
101.9000000000 -36.2617908407
102.0000000000 -36.3548502485
102.1000000000 -36.4481314203
102.2000000000 -36.5416326496
102.3000000000 -36.6353522030
102.4000000000 -36.7292883202
102.5000000000 -36.8234392146
102.6000000000 -36.9178030738
102.7000000000 -37.0123780593
102.8000000000 -37.1071623079
102.9000000000 -37.2021539311
103.0000000000 -37.2973510163
103.1000000000 -37.3927516268
103.2000000000 -37.4883538022
103.3000000000 -37.5841555592
103.4000000000 -37.6801548917
103.5000000000 -37.7763497714
103.6000000000 -37.8727381483
103.7000000000 -37.9693179510
103.8000000000 -38.0660870875
103.9000000000 -38.1630434455
104.0000000000 -38.2601848929
104.1000000000 -38.3575092782
104.2000000000 -38.4550144315
104.3000000000 -38.5526981644
104.4000000000 -38.6505582709
104.5000000000 -38.7485925280
104.6000000000 -38.8467986959
104.7000000000 -38.9451745190
104.8000000000 -39.0437177262
104.9000000000 -39.1424260314
105.0000000000 -39.2412971343
105.1000000000 -39.3403287207
105.2000000000 -39.4395184635
105.3000000000 -39.5388640229
105.4000000000 -39.6383630470
105.5000000000 -39.7380131727
105.6000000000 -39.8378120261
105.7000000000 -39.9377572231
105.8000000000 -40.0378463700
105.9000000000 -40.1380770641
106.0000000000 -40.2384468944
106.1000000000 -40.3389534422
106.2000000000 -40.4395942816
106.3000000000 -40.5403669802
106.4000000000 -40.6412690997
106.5000000000 -40.7422981964
106.6000000000 -40.8434518222
106.7000000000 -40.9447275245
106.8000000000 -41.0461228478
106.9000000000 -41.1476353332
107.0000000000 -41.2492625201
107.1000000000 -41.3510019458
107.2000000000 -41.4528511469
107.3000000000 -41.5548076594
107.4000000000 -41.6568690198
107.5000000000 -41.7590327650
107.6000000000 -41.8612964335
107.7000000000 -41.9636575657
107.8000000000 -42.0661137047
107.9000000000 -42.1686623965
108.0000000000 -42.2713011912
108.1000000000 -42.3740276427
108.2000000000 -42.4768393102
108.3000000000 -42.5797337580
108.4000000000 -42.6827085567
108.5000000000 -42.7857612831
108.6000000000 -42.8888895212
108.7000000000 -42.9920908628
108.8000000000 -43.0953629075
108.9000000000 -43.1987032638
109.0000000000 -43.3021095493
109.1000000000 -43.4055793912
109.2000000000 -43.5091104270
109.3000000000 -43.6127003047
109.4000000000 -43.7163466838
109.5000000000 -43.8200472350
109.6000000000 -43.9237996412
109.7000000000 -44.0276015981
109.8000000000 -44.1314508140
109.9000000000 -44.2353450110
110.0000000000 -44.3392819247
110.1000000000 -44.4432593051
110.2000000000 -44.5472749171
110.3000000000 -44.6513265403
110.4000000000 -44.7554119699
110.5000000000 -44.8595290170
110.6000000000 -44.9636755088
110.7000000000 -45.0678492892
110.8000000000 -45.1720482187
110.9000000000 -45.2762701754
111.0000000000 -45.3805130546
111.1000000000 -45.4847747697
111.2000000000 -45.5890532522
111.3000000000 -45.6933464519
111.4000000000 -45.7976523376
111.5000000000 -45.9019688969
111.6000000000 -46.0062941366
111.7000000000 -46.1106260832
111.8000000000 -46.2149627828
111.9000000000 -46.3193023013
112.0000000000 -46.4236427251
112.1000000000 -46.5279821606
112.2000000000 -46.6323187350
112.3000000000 -46.7366505959
112.4000000000 -46.8409759122
112.5000000000 -46.9452928735
112.6000000000 -47.0495996906
112.7000000000 -47.1538945958
112.8000000000 -47.2581758425
112.9000000000 -47.3624417059
113.0000000000 -47.4666904827
113.1000000000 -47.5709204913
113.2000000000 -47.6751300718
113.3000000000 -47.7793175863
113.4000000000 -47.8834814187
113.5000000000 -47.9876199747
113.6000000000 -48.0917316822
113.7000000000 -48.1958149909
113.8000000000 -48.2998683725
113.9000000000 -48.4038903208
114.0000000000 -48.5078793513
114.1000000000 -48.6118340018
114.2000000000 -48.7157528316
114.3000000000 -48.8196344223
114.4000000000 -48.9234773770
114.5000000000 -49.0272803206
114.6000000000 -49.1310418998
114.7000000000 -49.2347607827
114.8000000000 -49.3384356590
114.9000000000 -49.4420652400
115.0000000000 -49.5456482578
115.1000000000 -49.6491834662
115.2000000000 -49.7526696397
115.3000000000 -49.8561055737
115.4000000000 -49.9594900846
115.5000000000 -50.0628220091
115.6000000000 -50.1661002046
115.7000000000 -50.2693235487
115.8000000000 -50.3724909389
115.9000000000 -50.4756012928
116.0000000000 -50.5786535476
116.1000000000 -50.6816466602
116.2000000000 -50.7845796065
116.3000000000 -50.8874513817
116.4000000000 -50.9902609997
116.5000000000 -51.0930074933
116.6000000000 -51.1956899133
116.7000000000 -51.2983073290
116.8000000000 -51.4008588273
116.9000000000 -51.5033435131
117.0000000000 -51.6057605082
117.1000000000 -51.7081089520
117.2000000000 -51.8103880004
117.3000000000 -51.9125968259
117.4000000000 -52.0147346175
117.5000000000 -52.1168005800
117.6000000000 -52.2187939339
117.7000000000 -52.3207139151
117.8000000000 -52.4225597747
117.9000000000 -52.5243307783
118.0000000000 -52.6260262064
118.1000000000 -52.7276453532
118.2000000000 -52.8291875271
118.3000000000 -52.9306520497
118.4000000000 -53.0320382561
118.5000000000 -53.1333454940
118.6000000000 -53.2345731237
118.7000000000 -53.3357205177
118.8000000000 -53.4367870603
118.9000000000 -53.5377721474
119.0000000000 -53.6386751858
119.1000000000 -53.7394955934
119.2000000000 -53.8402327983
119.3000000000 -53.9408862390
119.4000000000 -54.0414553634
119.5000000000 -54.1419396291
119.6000000000 -54.2423385025
119.7000000000 -54.3426514587
119.8000000000 -54.4428779814
119.9000000000 -54.5430175618
120.0000000000 -54.6430696991
120.1000000000 -54.7430338996
120.2000000000 -54.8429096762
120.3000000000 -54.9426965488
120.4000000000 -55.0423940430
120.5000000000 -55.1420016905
120.6000000000 -55.2415190281
120.7000000000 -55.3409455980
120.8000000000 -55.4402809469
120.9000000000 -55.5395246257
121.0000000000 -55.6386761895
121.1000000000 -55.7377351970
121.2000000000 -55.8367012100
121.3000000000 -55.9355737932
121.4000000000 -56.0343525139
121.5000000000 -56.1330369416
121.6000000000 -56.2316266476
121.7000000000 -56.3301212046
121.8000000000 -56.4285201866
121.9000000000 -56.5268231681
122.0000000000 -56.6250297243
122.1000000000 -56.7231394304
122.2000000000 -56.8211518612
122.3000000000 -56.9190665911
122.4000000000 -57.0168831935
122.5000000000 -57.1146012406
122.6000000000 -57.2122203029
122.7000000000 -57.3097399491
122.8000000000 -57.4071597456
122.9000000000 -57.5044792564
123.0000000000 -57.6016980425
123.1000000000 -57.6988156616
123.2000000000 -57.7958316683
123.3000000000 -57.8927456131
123.4000000000 -57.9895570425
123.5000000000 -58.0862654987
123.6000000000 -58.1828705192
123.7000000000 -58.2793716366
123.8000000000 -58.3757683782
123.9000000000 -58.4720602658
124.0000000000 -58.5682468157
124.1000000000 -58.6643275378
124.2000000000 -58.7603019359
124.3000000000 -58.8561695072
124.4000000000 -58.9519297423
124.5000000000 -59.0475821246
124.6000000000 -59.1431261303
124.7000000000 -59.2385612281
124.8000000000 -59.3338868789
124.9000000000 -59.4291025357
125.0000000000 -59.5242076437
125.1000000000 -59.6192016391
125.2000000000 -59.7140839502
125.3000000000 -59.8088539962
125.4000000000 -59.9035111873
125.5000000000 -59.9980549250
125.6000000000 -60.0924846012
125.7000000000 -60.1867995984
125.8000000000 -60.2809992895
125.9000000000 -60.3750830378
126.0000000000 -60.4690501966
126.1000000000 -60.5629001092
126.2000000000 -60.6566321087
126.3000000000 -60.7502455180
126.4000000000 -60.8437396494
126.5000000000 -60.9371138050
126.6000000000 -61.0303672761
126.7000000000 -61.1234993434
126.8000000000 -61.2165092768
126.9000000000 -61.3093963352
127.0000000000 -61.4021597669
127.1000000000 -61.4947988088
127.2000000000 -61.5873126871
127.3000000000 -61.6797006168
127.4000000000 -61.7719618018
127.5000000000 -61.8640954347
127.6000000000 -61.9561006971
127.7000000000 -62.0479767594
127.8000000000 -62.1397227807
127.9000000000 -62.2313379089
128.0000000000 -62.3228212808
128.1000000000 -62.4141720220
128.2000000000 -62.5053892469
128.3000000000 -62.5964720588
128.4000000000 -62.6874195500
128.5000000000 -62.7782308017
128.6000000000 -62.8689048841
128.7000000000 -62.9594408565
128.8000000000 -63.0498377674
128.9000000000 -63.1400946546
129.0000000000 -63.2302105450
129.1000000000 -63.3201844551
129.2000000000 -63.4100153909
129.3000000000 -63.4997023480
129.4000000000 -63.5892443117
129.5000000000 -63.6786402572
129.6000000000 -63.7678891496
129.7000000000 -63.8569899443
129.8000000000 -63.9459415869
129.9000000000 -64.0347430134
130.0000000000 -64.1233931503
130.1000000000 -64.2118909150
130.2000000000 -64.3002352157
130.3000000000 -64.3884249517
130.4000000000 -64.4764590137
130.5000000000 -64.5643362837
130.6000000000 -64.6520556355
130.7000000000 -64.7396159345
130.8000000000 -64.8270160387
130.9000000000 -64.9142547977
131.0000000000 -65.0013310542
131.1000000000 -65.0882436434
131.2000000000 -65.1749913932
131.3000000000 -65.2615731252
131.4000000000 -65.3479876541
131.5000000000 -65.4342337884
131.6000000000 -65.5203103304
131.7000000000 -65.6062160768
131.8000000000 -65.6919498186
131.9000000000 -65.7775103415
132.0000000000 -65.8628964264
132.1000000000 -65.9481068492
132.2000000000 -66.0331403814
132.3000000000 -66.1179957904
132.4000000000 -66.2026718396
132.5000000000 -66.2871672889
132.6000000000 -66.3714808947
132.7000000000 -66.4556114105
132.8000000000 -66.5395575871
132.9000000000 -66.6233181727
133.0000000000 -66.7068919135
133.1000000000 -66.7902775538
133.2000000000 -66.8734738364
133.3000000000 -66.9564795029
133.4000000000 -67.0392932940
133.5000000000 -67.1219139497
133.6000000000 -67.2043402099
133.7000000000 -67.2865708144
133.8000000000 -67.3686045032
133.9000000000 -67.4504400174
134.0000000000 -67.5320760987
134.1000000000 -67.6135114901
134.2000000000 -67.6947449365
134.3000000000 -67.7757751845
134.4000000000 -67.8566009829
134.5000000000 -67.9372210833
134.6000000000 -68.0176342401
134.7000000000 -68.0978392108
134.8000000000 -68.1778347565
134.9000000000 -68.2576196421
135.0000000000 -68.3371926367
135.1000000000 -68.4165525139
135.2000000000 -68.4956980519
135.3000000000 -68.5746280343
135.4000000000 -68.6533412498
135.5000000000 -68.7318364929
135.6000000000 -68.8101125641
135.7000000000 -68.8881682704
135.8000000000 -68.9660024251
135.9000000000 -69.0436138487
136.0000000000 -69.1210013688
136.1000000000 -69.1981638203
136.2000000000 -69.2751000464
136.3000000000 -69.3518088978
136.4000000000 -69.4282892340
136.5000000000 -69.5045399229
136.6000000000 -69.5805598416
136.7000000000 -69.6563478761
136.8000000000 -69.7319029220
136.9000000000 -69.8072238848
137.0000000000 -69.8823096798
137.1000000000 -69.9571592327
137.2000000000 -70.0317714795
137.3000000000 -70.1061453674
137.4000000000 -70.1802798541
137.5000000000 -70.2541739091
137.6000000000 -70.3278265130
137.7000000000 -70.4012366584
137.8000000000 -70.4744033497
137.9000000000 -70.5473256036
138.0000000000 -70.6200024492
138.1000000000 -70.6924329283
138.2000000000 -70.7646160954
138.3000000000 -70.8365510182
138.4000000000 -70.9082367777
138.5000000000 -70.9796724680
138.6000000000 -71.0508571973
138.7000000000 -71.1217900875
138.8000000000 -71.1924702742
138.9000000000 -71.2628969077
139.0000000000 -71.3330691522
139.1000000000 -71.4029861867
139.2000000000 -71.4726472048
139.3000000000 -71.5420514150
139.4000000000 -71.6111980406
139.5000000000 -71.6800863203
139.6000000000 -71.7487155078
139.7000000000 -71.8170848724
139.8000000000 -71.8851936988
139.9000000000 -71.9530412874
140.0000000000 -72.0206269544
140.1000000000 -72.0879500317
140.2000000000 -72.1550098673
140.3000000000 -72.2218058253
140.4000000000 -72.2883372859
140.5000000000 -72.3546036455
140.6000000000 -72.4206043168
140.7000000000 -72.4863387290
140.8000000000 -72.5518063277
140.9000000000 -72.6170065749
141.0000000000 -72.6819389493
141.1000000000 -72.7466029460
141.2000000000 -72.8109980771
141.3000000000 -72.8751238708
141.4000000000 -72.9389798725
141.5000000000 -73.0025656439
141.6000000000 -73.0658807635
141.7000000000 -73.1289248265
141.8000000000 -73.1916974448
141.9000000000 -73.2541982465
142.0000000000 -73.3164268767
142.1000000000 -73.3783829966
142.2000000000 -73.4400662840
142.3000000000 -73.5014764328
142.4000000000 -73.5626131532
142.5000000000 -73.6234761713
142.6000000000 -73.6840652289
142.7000000000 -73.7443800834
142.8000000000 -73.8044205077
142.9000000000 -73.8641862895
143.0000000000 -73.9236772315
143.1000000000 -73.9828931505
143.2000000000 -74.0418338772
143.3000000000 -74.1004992555
143.4000000000 -74.1588891424
143.5000000000 -74.2170034067
143.6000000000 -74.2748419283
143.7000000000 -74.3324045977
143.8000000000 -74.3896913144
143.9000000000 -74.4467019860
144.0000000000 -74.5034365266
144.1000000000 -74.5598948553
144.2000000000 -74.6160768940
144.3000000000 -74.6719825654
144.4000000000 -74.7276117904
144.5000000000 -74.7829644851
144.6000000000 -74.8380405573
144.7000000000 -74.8928399024
144.8000000000 -74.9473623992
144.9000000000 -75.0016079040
145.0000000000 -75.0555762446
145.1000000000 -75.1092672130
145.2000000000 -75.1626805571
145.3000000000 -75.2158159709
145.4000000000 -75.2686730830
145.5000000000 -75.3212514439
145.6000000000 -75.3735505102
145.7000000000 -75.4255696272
145.8000000000 -75.4773080083
145.9000000000 -75.5287647110
146.0000000000 -75.5799386088
146.1000000000 -75.6308283596
146.2000000000 -75.6814323674
146.3000000000 -75.7317487389
146.4000000000 -75.7817752329
146.5000000000 -75.8315092011
146.6000000000 -75.8809475193
146.7000000000 -75.9300865081
146.8000000000 -75.9789218394
146.9000000000 -76.0274484289
147.0000000000 -76.0756603106
147.1000000000 -76.1235504901
147.2000000000 -76.1711107755
147.3000000000 -76.2183315789
147.4000000000 -76.2652016867
147.5000000000 -76.3117079921
147.6000000000 -76.3578351831
147.7000000000 -76.4035653801
147.8000000000 -76.4488777139
147.9000000000 -76.4937478344
148.0000000000 -76.5381473388
148.1000000000 -76.5820431058
148.2000000000 -76.6253965203
148.3000000000 -76.6681625709
148.4000000000 -76.7102887985
148.5000000000 -76.7517140724
148.6000000000 -76.7923671642
148.7000000000 -76.8321650866
148.8000000000 -76.8710111585
148.9000000000 -76.9087927503
149.0000000000 -76.9453786570
149.1000000000 -76.9806160360
149.2000000000 -77.0143268393
149.3000000000 -77.0463036535
149.4000000000 -77.0763048512
149.5000000000 -77.1040489367
149.6000000000 -77.1292079534
149.7000000000 -77.1513997941
149.8000000000 -77.1701792324
149.9000000000 -77.1850274587
150.0000000000 -77.1953398711
150.1000000000 -77.2004118269
150.2000000000 -77.1994220108
150.3000000000 -77.1914130175
150.4000000000 -77.1752686778
150.5000000000 -77.1496875735
150.6000000000 -77.1131520953
150.7000000000 -77.0638922798
150.8000000000 -76.9998435326
150.9000000000 -76.9185971836
151.0000000000 -76.8173426326
151.1000000000 -76.6927996186
151.2000000000 -76.5411388749
151.3000000000 -76.3578891038
151.4000000000 -76.1378278024
151.5000000000 -75.8748529735
151.6000000000 -75.5618321285
151.7000000000 -75.1904241829
151.8000000000 -74.7508687862
151.9000000000 -74.2317361996
152.0000000000 -73.6196288371
152.1000000000 -72.8988227235
152.2000000000 -72.0508328502
152.3000000000 -71.0538798514
152.4000000000 -69.8822250189
152.5000000000 -68.5053236933
152.6000000000 -66.8867186331
152.7000000000 -64.9825462157
152.8000000000 -62.7394430794
152.9000000000 -60.0914893578
153.0000000000 -56.9555531552
153.1000000000 -53.2239160382
153.2000000000 -48.7522189204
153.3000000000 -43.3394375513
153.4000000000 -36.6950166046
153.5000000000 -28.3886300756
153.6000000000 -17.7911180857
153.7000000000 -4.0991822288
153.8000000000 12.9904707984
153.9000000000 30.0204183121
154.0000000000 38.3884399355
154.1000000000 39.3851858197
154.2000000000 39.3641982436
154.3000000000 39.3014443442
154.4000000000 39.2269666101
154.5000000000 39.1438902818
154.6000000000 39.0522100182
154.7000000000 38.9513781338
154.8000000000 38.8407272820
154.9000000000 38.7195556435
155.0000000000 38.5871518085
155.1000000000 38.4428078618
155.2000000000 38.2858300800
155.3000000000 38.1155491717
155.4000000000 37.9313303694
155.5000000000 37.7325832758
155.6000000000 37.5187712551
155.7000000000 37.2894201341
155.8000000000 37.0441259870
155.9000000000 36.7825618053
156.0000000000 36.5044828916
156.1000000000 36.2097308628
156.2000000000 35.8982361918
156.3000000000 35.5700192693
156.4000000000 35.2251900112
156.5000000000 34.8639460782
156.6000000000 34.4865698130
156.7000000000 34.0934240275
156.8000000000 33.6849467956
156.9000000000 33.2616454226
157.0000000000 32.8240897674
157.1000000000 32.3729050976
157.2000000000 31.9087646493
157.3000000000 31.4323820563
157.4000000000 30.9445037985
157.5000000000 30.4459018018
157.6000000000 29.9373663052
157.7000000000 29.4196990909
157.8000000000 28.8937071531
157.9000000000 28.3601968633
158.0000000000 27.8199686716
158.1000000000 27.2738123683
158.2000000000 26.7225029140
158.3000000000 26.1667968345
158.4000000000 25.6074291673
158.5000000000 25.0451109362
158.6000000000 24.4805271241
158.7000000000 23.9143351099
158.8000000000 23.3471635307
158.9000000000 22.7796115288
159.0000000000 22.2122483435
159.1000000000 21.6456132041
159.2000000000 21.0802154868
159.3000000000 20.5165350938
159.4000000000 19.9550230208
159.5000000000 19.3961020768
159.6000000000 18.8401677264
159.7000000000 18.2875890241
159.8000000000 17.7387096181
159.9000000000 17.1938487972
160.0000000000 16.6533025650
160.1000000000 16.1173447204
160.2000000000 15.5862279337
160.3000000000 15.0601848029
160.4000000000 14.5394288830
160.5000000000 14.0241556795
160.6000000000 13.5145435995
160.7000000000 13.0107548577
160.8000000000 12.5129363339
160.9000000000 12.0212203801
161.0000000000 11.5357255779
161.1000000000 11.0565574460
161.2000000000 10.5838090999
161.3000000000 10.1175618657
161.4000000000 9.6578858508
161.5000000000 9.2048404741
161.6000000000 8.7584749602
161.7000000000 8.3188287996
161.8000000000 7.8859321800
161.9000000000 7.4598063911
162.0000000000 7.0404642078
162.1000000000 6.6279102534
162.2000000000 6.2221413480
162.3000000000 5.8231468433
162.4000000000 5.4309089479
162.5000000000 5.0454030442
162.6000000000 4.6665980005
162.7000000000 4.2944564776
162.8000000000 3.9289352347
162.9000000000 3.5699854317
163.0000000000 3.2175529324
163.1000000000 2.8715786058
163.2000000000 2.5319986280
163.3000000000 2.1987447836
163.4000000000 1.8717447664
163.5000000000 1.5509224783
163.6000000000 1.2361983276
163.7000000000 0.9274895242
163.8000000000 0.6247103706
163.9000000000 0.3277725506
164.0000000000 0.0365854106
164.1000000000 -0.2489437633
164.2000000000 -0.5289094760
164.3000000000 -0.8034077625
164.4000000000 -1.0725359337
164.5000000000 -1.3363923338
164.6000000000 -1.5950761054
164.7000000000 -1.8486869667
164.8000000000 -2.0973249988
164.9000000000 -2.3410904439
165.0000000000 -2.5800835158
165.1000000000 -2.8144042212
165.2000000000 -3.0441521930
165.3000000000 -3.2694265353
165.4000000000 -3.4903256796
165.5000000000 -3.7069472528
165.6000000000 -3.9193879558
165.7000000000 -4.1277434535
165.8000000000 -4.3321082747
165.9000000000 -4.5325757224
166.0000000000 -4.7292377942
166.1000000000 -4.9221851111
166.2000000000 -5.1115068558
166.3000000000 -5.2972907191
166.4000000000 -5.4796228543
166.5000000000 -5.6585878389
166.6000000000 -5.8342686431
166.7000000000 -6.0067466051
166.8000000000 -6.1761014121
166.9000000000 -6.3424110868
167.0000000000 -6.5057519795
167.1000000000 -6.6661987642
167.2000000000 -6.8238244396
167.3000000000 -6.9787003337
167.4000000000 -7.1308961116
167.5000000000 -7.2804797877
167.6000000000 -7.4275177390
167.7000000000 -7.5720747226
167.8000000000 -7.7142138947
167.9000000000 -7.8539968314
168.0000000000 -7.9914835517
168.1000000000 -8.1267325420
168.2000000000 -8.2598007816
168.3000000000 -8.3907437695
168.4000000000 -8.5196155524
168.5000000000 -8.6464687528
168.6000000000 -8.7713545981
168.7000000000 -8.8943229506
168.8000000000 -9.0154223369
168.9000000000 -9.1346999780
169.0000000000 -9.2522018201
169.1000000000 -9.3679725640
169.2000000000 -9.4820556961
169.3000000000 -9.5944935179
169.4000000000 -9.7053271761
169.5000000000 -9.8145966920
169.6000000000 -9.9223409910
169.7000000000 -10.0285979314
169.8000000000 -10.1334043330
169.9000000000 -10.2367960048
170.0000000000 -10.3388077733
170.1000000000 -10.4394735088
170.2000000000 -10.5388261529
170.3000000000 -10.6368977436
170.4000000000 -10.7337194417
170.5000000000 -10.8293215554
170.6000000000 -10.9237335647
170.7000000000 -11.0169841452
170.8000000000 -11.1091011917
170.9000000000 -11.2001118408
171.0000000000 -11.2900424927
171.1000000000 -11.3789188334
171.2000000000 -11.4667658552
171.3000000000 -11.5536078776
171.4000000000 -11.6394685666
171.5000000000 -11.7243709549
171.6000000000 -11.8083374599
171.7000000000 -11.8913899027
171.8000000000 -11.9735495255
171.9000000000 -12.0548370087
172.0000000000 -12.1352724883
172.1000000000 -12.2148755715
172.2000000000 -12.2936653528
172.3000000000 -12.3716604297
172.4000000000 -12.4488789166
172.5000000000 -12.5253384604
172.6000000000 -12.6010562536
172.7000000000 -12.6760490482
172.8000000000 -12.7503331689
172.9000000000 -12.8239245259
173.0000000000 -12.8968386268
173.1000000000 -12.9690905893
173.2000000000 -13.0406951523
173.3000000000 -13.1116666870
173.4000000000 -13.1820192084
173.5000000000 -13.2517663854
173.6000000000 -13.3209215510
173.7000000000 -13.3894977126
173.8000000000 -13.4575075611
173.9000000000 -13.5249634806
174.0000000000 -13.5918775572
174.1000000000 -13.6582615877
174.2000000000 -13.7241270881
174.3000000000 -13.7894853019
174.4000000000 -13.8543472079
174.5000000000 -13.9187235277
174.6000000000 -13.9826247335
174.7000000000 -14.0460610553
174.8000000000 -14.1090424872
174.9000000000 -14.1715787953
175.0000000000 -14.2336795231
175.1000000000 -14.2953539987
175.2000000000 -14.3566113403
175.3000000000 -14.4174604628
175.4000000000 -14.4779100830
175.5000000000 -14.5379687254
175.6000000000 -14.5976447279
175.7000000000 -14.6569462465
175.8000000000 -14.7158812608
175.9000000000 -14.7744575788
176.0000000000 -14.8326828417
176.1000000000 -14.8905645284
176.2000000000 -14.9481099602
176.3000000000 -15.0053263052
176.4000000000 -15.0622205820
176.5000000000 -15.1187996646
176.6000000000 -15.1750702856
176.7000000000 -15.2310390405
176.8000000000 -15.2867123915
176.9000000000 -15.3420966706
177.0000000000 -15.3971980837
177.1000000000 -15.4520227138
177.2000000000 -15.5065765240
177.3000000000 -15.5608653611
177.4000000000 -15.6148949587
177.5000000000 -15.6686709399
177.6000000000 -15.7221988205
177.7000000000 -15.7754840119
177.8000000000 -15.8285318235
177.9000000000 -15.8813474659
178.0000000000 -15.9339360528
178.1000000000 -15.9863026044
178.2000000000 -16.0384520492
178.3000000000 -16.0903892264
178.4000000000 -16.1421188888
178.5000000000 -16.1936457042
178.6000000000 -16.2449742585
178.7000000000 -16.2961090570
178.8000000000 -16.3470545269
178.9000000000 -16.3978150193
179.0000000000 -16.4483948110
179.1000000000 -16.4987981066
179.2000000000 -16.5490290400
179.3000000000 -16.5990916766
179.4000000000 -16.6489900146
179.5000000000 -16.6987279873
179.6000000000 -16.7483094641
179.7000000000 -16.7977382523
179.8000000000 -16.8470180991
179.9000000000 -16.8961526924
180.0000000000 -16.9451456628
180.1000000000 -16.9940005849
180.2000000000 -17.0427209786
180.3000000000 -17.0913103105
180.4000000000 -17.1397719953
180.5000000000 -17.1881093970
180.6000000000 -17.2363258302
180.7000000000 -17.2844245614
180.8000000000 -17.3324088098
180.9000000000 -17.3802817492
181.0000000000 -17.4280465083
181.1000000000 -17.4757061724
181.2000000000 -17.5232637842
181.3000000000 -17.5707223450
181.4000000000 -17.6180848153
181.5000000000 -17.6653541165
181.6000000000 -17.7125331312
181.7000000000 -17.7596247047
181.8000000000 -17.8066316452
181.9000000000 -17.8535567256
182.0000000000 -17.9004026835
182.1000000000 -17.9471722228
182.2000000000 -17.9938680139
182.3000000000 -18.0404926950
182.4000000000 -18.0870488726
182.5000000000 -18.1335391223
182.6000000000 -18.1799659896
182.7000000000 -18.2263319909
182.8000000000 -18.2726396135
182.9000000000 -18.3188913171
183.0000000000 -18.3650895342
183.1000000000 -18.4112366703
183.2000000000 -18.4573351052
183.3000000000 -18.5033871936
183.4000000000 -18.5493952650
183.5000000000 -18.5953616253
183.6000000000 -18.6412885567
183.7000000000 -18.6871783182
183.8000000000 -18.7330331470
183.9000000000 -18.7788552581
184.0000000000 -18.8246468453
184.1000000000 -18.8704100817
184.2000000000 -18.9161471201
184.3000000000 -18.9618600938
184.4000000000 -19.0075511165
184.5000000000 -19.0532222835
184.6000000000 -19.0988756714
184.7000000000 -19.1445133395
184.8000000000 -19.1901373292
184.9000000000 -19.2357496652
185.0000000000 -19.2813523557
185.1000000000 -19.3269473927
185.2000000000 -19.3725367526
185.3000000000 -19.4181223964
185.4000000000 -19.4637062703
185.5000000000 -19.5092903059
185.6000000000 -19.5548764207
185.7000000000 -19.6004665184
185.8000000000 -19.6460624893
185.9000000000 -19.6916662106
186.0000000000 -19.7372795467
186.1000000000 -19.7829043497
186.2000000000 -19.8285424596
186.3000000000 -19.8741957047
186.4000000000 -19.9198659018
186.5000000000 -19.9655548565
186.6000000000 -20.0112643636
186.7000000000 -20.0569962076
186.8000000000 -20.1027521623
186.9000000000 -20.1485339919
187.0000000000 -20.1943434508
187.1000000000 -20.2401822838
187.2000000000 -20.2860522268
187.3000000000 -20.3319550065
187.4000000000 -20.3778923412
187.5000000000 -20.4238659405
187.6000000000 -20.4698775062
187.7000000000 -20.5159287317
187.8000000000 -20.5620213030
187.9000000000 -20.6081568986
188.0000000000 -20.6543371894
188.1000000000 -20.7005638397
188.2000000000 -20.7468385067
188.3000000000 -20.7931628408
188.4000000000 -20.8395384861
188.5000000000 -20.8859670807
188.6000000000 -20.9324502561
188.7000000000 -20.9789896384
188.8000000000 -21.0255868476
188.9000000000 -21.0722434986
189.0000000000 -21.1189612004
189.1000000000 -21.1657415574
189.2000000000 -21.2125861686
189.3000000000 -21.2594966282
189.4000000000 -21.3064745257
189.5000000000 -21.3535214461
189.6000000000 -21.4006389700
189.7000000000 -21.4478286736
189.8000000000 -21.4950921290
189.9000000000 -21.5424309045
190.0000000000 -21.5898465643
190.1000000000 -21.6373406690
190.2000000000 -21.6849147755
190.3000000000 -21.7325704373
190.4000000000 -21.7803092044
190.5000000000 -21.8281326237
190.6000000000 -21.8760422389
190.7000000000 -21.9240395905
190.8000000000 -21.9721262162
190.9000000000 -22.0203036509
191.0000000000 -22.0685734266
191.1000000000 -22.1169370727
191.2000000000 -22.1653961161
191.3000000000 -22.2139520812
191.4000000000 -22.2626064898
191.5000000000 -22.3113608616
191.6000000000 -22.3602167139
191.7000000000 -22.4091755620
191.8000000000 -22.4582389188
191.9000000000 -22.5074082954
192.0000000000 -22.5566852008
192.1000000000 -22.6060711419
192.2000000000 -22.6555676242
192.3000000000 -22.7051761507
192.4000000000 -22.7548982232
192.5000000000 -22.8047353414
192.6000000000 -22.8546890035
192.7000000000 -22.9047607059
192.8000000000 -22.9549519433
192.9000000000 -23.0052642091
193.0000000000 -23.0556989949
193.1000000000 -23.1062577906
193.2000000000 -23.1569420849
193.3000000000 -23.2077533647
193.4000000000 -23.2586931157
193.5000000000 -23.3097628217
193.6000000000 -23.3609639654
193.7000000000 -23.4122980277
193.8000000000 -23.4637664882
193.9000000000 -23.5153708249
194.0000000000 -23.5671125145
194.1000000000 -23.6189930319
194.2000000000 -23.6710138507
194.3000000000 -23.7231764428
194.4000000000 -23.7754822786
194.5000000000 -23.8279328269
194.6000000000 -23.8805295549
194.7000000000 -23.9332739282
194.8000000000 -23.9861674105
194.9000000000 -24.0392114639
195.0000000000 -24.0924075489
195.1000000000 -24.1457571239
195.2000000000 -24.1992616456
195.3000000000 -24.2529225686
195.4000000000 -24.3067413457
195.5000000000 -24.3607194276
195.6000000000 -24.4148582629
195.7000000000 -24.4691592980
195.8000000000 -24.5236239770
195.9000000000 -24.5782537418
196.0000000000 -24.6330500318
196.1000000000 -24.6880142839
196.2000000000 -24.7431479325
196.3000000000 -24.7984524092
196.4000000000 -24.8539291430
196.5000000000 -24.9095795600
196.6000000000 -24.9654050831
196.7000000000 -25.0214071326
196.8000000000 -25.0775871251
196.9000000000 -25.1339464742
197.0000000000 -25.1904865900
197.1000000000 -25.2472088792
197.2000000000 -25.3041147446
197.3000000000 -25.3612055853
197.4000000000 -25.4184827966
197.5000000000 -25.4759477696
197.6000000000 -25.5336018911
197.7000000000 -25.5914465439
197.8000000000 -25.6494831058
197.9000000000 -25.7077129504
198.0000000000 -25.7661374462
198.1000000000 -25.8247579568
198.2000000000 -25.8835758407
198.3000000000 -25.9425924511
198.4000000000 -26.0018091357
198.5000000000 -26.0612272363
198.6000000000 -26.1208480893
198.7000000000 -26.1806730248
198.8000000000 -26.2407033666
198.9000000000 -26.3009404323
199.0000000000 -26.3613855328
199.1000000000 -26.4220399722
199.2000000000 -26.4829050476
199.3000000000 -26.5439820487
199.4000000000 -26.6052722582
199.5000000000 -26.6667769506
199.6000000000 -26.7284973930
199.7000000000 -26.7904348441
199.8000000000 -26.8525905544
199.9000000000 -26.9149657659
200.0000000000 -26.9775617117
200.1000000000 -27.0403796159
200.2000000000 -27.1034206934
200.3000000000 -27.1666861495
200.4000000000 -27.2301771798
200.5000000000 -27.2938949698
200.6000000000 -27.3578406949
200.7000000000 -27.4220155199
200.8000000000 -27.4864205986
200.9000000000 -27.5510570740
201.0000000000 -27.6159260777
201.1000000000 -27.6810287297
201.2000000000 -27.7463661381
201.3000000000 -27.8119393989
201.4000000000 -27.8777495955
201.5000000000 -27.9437977989
201.6000000000 -28.0100850668
201.7000000000 -28.0766124438
201.8000000000 -28.1433809608
201.9000000000 -28.2103916349
202.0000000000 -28.2776454689
202.1000000000 -28.3451434513
202.2000000000 -28.4128865557
202.3000000000 -28.4808757407
202.4000000000 -28.5491119496
202.5000000000 -28.6175961097
202.6000000000 -28.6863291327
202.7000000000 -28.7553119136
202.8000000000 -28.8245453312
202.9000000000 -28.8940302470
203.0000000000 -28.9637675056
203.1000000000 -29.0337579336
203.2000000000 -29.1040023401
203.3000000000 -29.1745015159
203.4000000000 -29.2452562332
203.5000000000 -29.3162672455
203.6000000000 -29.3875352871
203.7000000000 -29.4590610727
203.8000000000 -29.5308452974
203.9000000000 -29.6028886362
204.0000000000 -29.6751917434
204.1000000000 -29.7477552529
204.2000000000 -29.8205797774
204.3000000000 -29.8936659081
204.4000000000 -29.9670142147
204.5000000000 -30.0406252447
204.6000000000 -30.1144995234
204.7000000000 -30.1886375535
204.8000000000 -30.2630398146
204.9000000000 -30.3377067631
205.0000000000 -30.4126388320
205.1000000000 -30.4878364301
205.2000000000 -30.5632999423
205.3000000000 -30.6390297289
205.4000000000 -30.7150261254
205.5000000000 -30.7912894425
205.6000000000 -30.8678199651
205.7000000000 -30.9446179528
205.8000000000 -31.0216836392
205.9000000000 -31.0990172317
206.0000000000 -31.1766189110
206.1000000000 -31.2544888314
206.2000000000 -31.3326271199
206.3000000000 -31.4110338764
206.4000000000 -31.4897091731
206.5000000000 -31.5686530545
206.6000000000 -31.6478655372
206.7000000000 -31.7273466091
206.8000000000 -31.8070962301
206.9000000000 -31.8871143310
207.0000000000 -31.9674008137
207.1000000000 -32.0479555510
207.2000000000 -32.1287783862
207.3000000000 -32.2098691332
207.4000000000 -32.2912275758
207.5000000000 -32.3728534680
207.6000000000 -32.4547465338
207.7000000000 -32.5369064665
207.8000000000 -32.6193329291
207.9000000000 -32.7020255540
208.0000000000 -32.7849839427
208.1000000000 -32.8682076656
208.2000000000 -32.9516962624
208.3000000000 -33.0354492413
208.4000000000 -33.1194660793
208.5000000000 -33.2037462219
208.6000000000 -33.2882890831
208.7000000000 -33.3730940454
208.8000000000 -33.4581604595
208.9000000000 -33.5434876444
209.0000000000 -33.6290748875
209.1000000000 -33.7149214440
209.2000000000 -33.8010265374
209.3000000000 -33.8873893595
209.4000000000 -33.9740090699
209.5000000000 -34.0608847963
209.6000000000 -34.1480156348
209.7000000000 -34.2354006493
209.8000000000 -34.3230388720
209.9000000000 -34.4109293032
210.0000000000 -34.4990709116
210.1000000000 -34.5874626342
210.2000000000 -34.6761033762
210.3000000000 -34.7649920115
210.4000000000 -34.8541273825
210.5000000000 -34.9435083003
210.6000000000 -35.0331335448
210.7000000000 -35.1230018649
210.8000000000 -35.2131119787
210.9000000000 -35.3034625734
211.0000000000 -35.3940523058
211.1000000000 -35.4848798023
211.2000000000 -35.5759436590
211.3000000000 -35.6672424423
211.4000000000 -35.7587746886
211.5000000000 -35.8505389050
211.6000000000 -35.9425335692
211.7000000000 -36.0347571301
211.8000000000 -36.1272080078
211.9000000000 -36.2198845937
212.0000000000 -36.3127852515
212.1000000000 -36.4059083167
212.2000000000 -36.4992520974
212.3000000000 -36.5928148746
212.4000000000 -36.6865949024
212.5000000000 -36.7805904082
212.6000000000 -36.8747995936
212.7000000000 -36.9692206342
212.8000000000 -37.0638516802
212.9000000000 -37.1586908570
213.0000000000 -37.2537362653
213.1000000000 -37.3489859816
213.2000000000 -37.4444380589
213.3000000000 -37.5400905265
213.4000000000 -37.6359413911
213.5000000000 -37.7319886372
213.6000000000 -37.8282302269
213.7000000000 -37.9246641012
213.8000000000 -38.0212881801
213.9000000000 -38.1181003629
214.0000000000 -38.2150985291
214.1000000000 -38.3122805388
214.2000000000 -38.4096442330
214.3000000000 -38.5071874342
214.4000000000 -38.6049079473
214.5000000000 -38.7028035595
214.6000000000 -38.8008720415
214.7000000000 -38.8991111475
214.8000000000 -38.9975186161
214.9000000000 -39.0960921708
215.0000000000 -39.1948295205
215.1000000000 -39.2937283599
215.2000000000 -39.3927863707
215.3000000000 -39.4920012215
215.4000000000 -39.5913705687
215.5000000000 -39.6908920570
215.6000000000 -39.7905633202
215.7000000000 -39.8903819815
215.8000000000 -39.9903456543
215.9000000000 -40.0904519429
216.0000000000 -40.1906984427
216.1000000000 -40.2910827412
216.2000000000 -40.3916024185
216.3000000000 -40.4922550479
216.4000000000 -40.5930381965
216.5000000000 -40.6939494258
216.6000000000 -40.7949862923
216.7000000000 -40.8961463482
216.8000000000 -40.9974271418
216.9000000000 -41.0988262187
217.0000000000 -41.2003411214
217.1000000000 -41.3019693909
217.2000000000 -41.4037085668
217.3000000000 -41.5055561878
217.4000000000 -41.6075097928
217.5000000000 -41.7095669210
217.6000000000 -41.8117251128
217.7000000000 -41.9139819101
217.8000000000 -42.0163348573
217.9000000000 -42.1187815016
218.0000000000 -42.2213193935
218.1000000000 -42.3239460876
218.2000000000 -42.4266591431
218.3000000000 -42.5294561244
218.4000000000 -42.6323346013
218.5000000000 -42.7352921503
218.6000000000 -42.8383263543
218.7000000000 -42.9414348037
218.8000000000 -43.0446150968
218.9000000000 -43.1478648402
219.0000000000 -43.2511816494
219.1000000000 -43.3545631495
219.2000000000 -43.4580069752
219.3000000000 -43.5615107719
219.4000000000 -43.6650721957
219.5000000000 -43.7686889142
219.6000000000 -43.8723586067
219.7000000000 -43.9760789649
219.8000000000 -44.0798476933
219.9000000000 -44.1836625095
