0.0000000000 -57.8273182020
0.1000000000 -57.9151412919
0.2000000000 -58.0028770503
0.3000000000 -58.0905252080
0.4000000000 -58.1780854926
0.5000000000 -58.2655576278
0.6000000000 -58.3529413335
0.7000000000 -58.4402363254
0.8000000000 -58.5274423151
0.9000000000 -58.6145590095
1.0000000000 -58.7015861114
1.1000000000 -58.7885233184
1.2000000000 -58.8753703235
1.3000000000 -58.9621268143
1.4000000000 -59.0487924736
1.5000000000 -59.1353669785
1.6000000000 -59.2218500007
1.7000000000 -59.3082412063
1.8000000000 -59.3945402555
1.9000000000 -59.4807468027
2.0000000000 -59.5668604962
2.1000000000 -59.6528809778
2.2000000000 -59.7388078835
2.3000000000 -59.8246408425
2.4000000000 -59.9103794775
2.5000000000 -59.9960234046
2.6000000000 -60.0815722331
2.7000000000 -60.1670255654
2.8000000000 -60.2523829969
2.9000000000 -60.3376441160
3.0000000000 -60.4228085037
3.1000000000 -60.5078757340
3.2000000000 -60.5928453734
3.3000000000 -60.6777169811
3.4000000000 -60.7624901085
3.5000000000 -60.8471642997
3.6000000000 -60.9317390910
3.7000000000 -61.0162140112
3.8000000000 -61.1005885810
3.9000000000 -61.1848623136
4.0000000000 -61.2690347140
4.1000000000 -61.3531052796
4.2000000000 -61.4370734996
4.3000000000 -61.5209388553
4.4000000000 -61.6047008200
4.5000000000 -61.6883588588
4.6000000000 -61.7719124288
4.7000000000 -61.8553609790
4.8000000000 -61.9387039504
4.9000000000 -62.0219407756
5.0000000000 -62.1050708792
5.1000000000 -62.1880936778
5.2000000000 -62.2710085796
5.3000000000 -62.3538149849
5.4000000000 -62.4365122858
5.5000000000 -62.5190998663
5.6000000000 -62.6015771023
5.7000000000 -62.6839433617
5.8000000000 -62.7661980044
5.9000000000 -62.8483403822
6.0000000000 -62.9303698391
6.1000000000 -63.0122857111
6.2000000000 -63.0940873263
6.3000000000 -63.1757740053
6.4000000000 -63.2573450605
6.5000000000 -63.3387997969
6.6000000000 -63.4201375119
6.7000000000 -63.5013574953
6.8000000000 -63.5824590292
6.9000000000 -63.6634413887
7.0000000000 -63.7443038412
7.1000000000 -63.8250456472
7.2000000000 -63.9056660597
7.3000000000 -63.9861643250
7.4000000000 -64.0665396823
7.5000000000 -64.1467913638
7.6000000000 -64.2269185951
7.7000000000 -64.3069205952
7.8000000000 -64.3867965765
7.9000000000 -64.4665457450
8.0000000000 -64.5461673004
8.1000000000 -64.6256604362
8.2000000000 -64.7050243399
8.3000000000 -64.7842581931
8.4000000000 -64.8633611716
8.5000000000 -64.9423324455
8.6000000000 -65.0211711794
8.7000000000 -65.0998765326
8.8000000000 -65.1784476592
8.9000000000 -65.2568837081
9.0000000000 -65.3351838234
9.1000000000 -65.4133471443
9.2000000000 -65.4913728056
9.3000000000 -65.5692599375
9.4000000000 -65.6470076659
9.5000000000 -65.7246151126
9.6000000000 -65.8020813955
9.7000000000 -65.8794056286
9.8000000000 -65.9565869223
9.9000000000 -66.0336243837
10.0000000000 -66.1105171164
10.1000000000 -66.1872642211
10.2000000000 -66.2638647955
10.3000000000 -66.3403179345
10.4000000000 -66.4166227306
10.5000000000 -66.4927782738
10.6000000000 -66.5687836519
10.7000000000 -66.6446379509
10.8000000000 -66.7203402547
10.9000000000 -66.7958896459
11.0000000000 -66.8712852053
11.1000000000 -66.9465260128
11.2000000000 -67.0216111470
11.3000000000 -67.0965396859
11.4000000000 -67.1713107065
11.5000000000 -67.2459232858
11.6000000000 -67.3203765000
11.7000000000 -67.3946694256
11.8000000000 -67.4688011391
11.9000000000 -67.5427707173
12.0000000000 -67.6165772376
12.1000000000 -67.6902197779
12.2000000000 -67.7636974173
12.3000000000 -67.8370092357
12.4000000000 -67.9101543145
12.5000000000 -67.9831317366
12.6000000000 -68.0559405864
12.7000000000 -68.1285799504
12.8000000000 -68.2010489170
12.9000000000 -68.2733465770
13.0000000000 -68.3454720235
13.1000000000 -68.4174243524
13.2000000000 -68.4892026623
13.3000000000 -68.5608060551
13.4000000000 -68.6322336355
13.5000000000 -68.7034845118
13.6000000000 -68.7745577961
13.7000000000 -68.8454526037
13.8000000000 -68.9161680545
13.9000000000 -68.9867032719
14.0000000000 -69.0570573839
14.1000000000 -69.1272295230
14.2000000000 -69.1972188261
14.3000000000 -69.2670244349
14.4000000000 -69.3366454962
14.5000000000 -69.4060811617
14.6000000000 -69.4753305883
14.7000000000 -69.5443929383
14.8000000000 -69.6132673796
14.9000000000 -69.6819530854
15.0000000000 -69.7504492349
15.1000000000 -69.8187550130
15.2000000000 -69.8868696104
15.3000000000 -69.9547922238
15.4000000000 -70.0225220560
15.5000000000 -70.0900583158
15.6000000000 -70.1574002181
15.7000000000 -70.2245469838
15.8000000000 -70.2914978398
15.9000000000 -70.3582520190
16.0000000000 -70.4248087602
16.1000000000 -70.4911673078
16.2000000000 -70.5573269118
16.3000000000 -70.6232868273
16.4000000000 -70.6890463144
16.5000000000 -70.7546046378
16.6000000000 -70.8199610661
16.7000000000 -70.8851148714
16.8000000000 -70.9500653285
16.9000000000 -71.0148117143
17.0000000000 -71.0793533064
17.1000000000 -71.1436893823
17.2000000000 -71.2078192177
17.3000000000 -71.2717420850
17.4000000000 -71.3354572515
17.5000000000 -71.3989639770
17.6000000000 -71.4622615112
17.7000000000 -71.5253490905
17.8000000000 -71.5882259346
17.9000000000 -71.6508912424
18.0000000000 -71.7133441865
18.1000000000 -71.7755839084
18.2000000000 -71.8376095109
18.3000000000 -71.8994200511
18.4000000000 -71.9610145312
18.5000000000 -72.0223918875
18.6000000000 -72.0835509791
18.7000000000 -72.1444905729
18.8000000000 -72.2052093275
18.9000000000 -72.2657057737
19.0000000000 -72.3259782925
19.1000000000 -72.3860250889
19.2000000000 -72.4458441616
19.3000000000 -72.5054332680
19.4000000000 -72.5647898831
19.5000000000 -72.6239111523
19.6000000000 -72.6827938358
19.7000000000 -72.7414342444
19.8000000000 -72.7998281649
19.9000000000 -72.8579707730
20.0000000000 -72.9158565322
20.1000000000 -72.9734790762
20.2000000000 -73.0308310725
20.3000000000 -73.0879040630
20.4000000000 -73.1446882795
20.5000000000 -73.2011724282
20.6000000000 -73.2573434400
20.7000000000 -73.3131861796
20.8000000000 -73.3686831069
20.9000000000 -73.4238138839
21.0000000000 -73.4785549168
21.1000000000 -73.5328788240
21.2000000000 -73.5867538164
21.3000000000 -73.6401429776
21.4000000000 -73.6930034261
21.5000000000 -73.7452853407
21.6000000000 -73.7969308267
21.7000000000 -73.8478725974
21.8000000000 -73.8980324395
21.9000000000 -73.9473194293
22.0000000000 -73.9956278553
22.1000000000 -74.0428348037
22.2000000000 -74.0887973482
22.3000000000 -74.1333492802
22.4000000000 -74.1762973066
22.5000000000 -74.2174166241
22.6000000000 -74.2564457718
22.7000000000 -74.2930806425
22.8000000000 -74.3269675150
22.9000000000 -74.3576949487
23.0000000000 -74.3847843536
23.1000000000 -74.4076790208
23.2000000000 -74.4257313613
23.3000000000 -74.4381880620
23.4000000000 -74.4441728188
23.5000000000 -74.4426662543
23.6000000000 -74.4324825605
23.7000000000 -74.4122423371
23.8000000000 -74.3803410066
23.9000000000 -74.3349120926
24.0000000000 -74.2737845315
24.1000000000 -74.1944330555
24.2000000000 -74.0939205350
24.3000000000 -73.9688309915
24.4000000000 -73.8151917933
24.5000000000 -73.6283833113
24.6000000000 -73.4030340505
24.7000000000 -73.1328989655
24.8000000000 -72.8107183173
24.9000000000 -72.4280540252
25.0000000000 -71.9750999970
25.1000000000 -71.4404623634
25.2000000000 -70.8109048785
25.3000000000 -70.0710539060
25.4000000000 -69.2030563134
25.5000000000 -68.1861820514
25.6000000000 -66.9963608656
25.7000000000 -65.6056388487
25.8000000000 -63.9815341783
25.9000000000 -62.0862601892
26.0000000000 -59.8757638340
26.1000000000 -57.2984915522
26.2000000000 -54.2937313133
26.3000000000 -50.7892742437
26.4000000000 -46.6979812767
26.5000000000 -41.9126497835
26.6000000000 -36.2984509496
26.7000000000 -29.6823715823
26.8000000000 -21.8402982617
26.9000000000 -12.4910343553
27.0000000000 -1.3643828129
27.1000000000 11.3331176980
27.2000000000 23.5295477399
27.3000000000 31.4446136817
27.4000000000 34.4104294787
27.5000000000 35.1135783179
27.6000000000 35.3978039153
27.7000000000 35.6681188675
27.8000000000 35.9284435666
27.9000000000 36.1532792976
28.0000000000 36.3306956315
28.1000000000 36.4583171998
28.2000000000 36.5382820016
28.3000000000 36.5744517496
28.4000000000 36.5710627705
28.5000000000 36.5321281406
28.6000000000 36.4612118855
28.7000000000 36.3613804783
28.8000000000 36.2352334099
28.9000000000 36.0849640870
29.0000000000 35.9124275798
29.1000000000 35.7192045816
29.2000000000 35.5066573790
29.3000000000 35.2759767708
29.4000000000 35.0282203215
29.5000000000 34.7643429239
29.6000000000 34.4852208156
29.7000000000 34.1916701635
29.8000000000 33.8844612199
29.9000000000 33.5643289138
30.0000000000 33.2319806071
30.1000000000 32.8881016178
30.2000000000 32.5333590057
30.3000000000 32.1684040243
30.4000000000 31.7938735651
30.5000000000 31.4103908565
30.6000000000 31.0185656280
30.7000000000 30.6189939061
30.8000000000 30.2122575719
30.9000000000 29.7989237836
31.0000000000 29.3795443405
31.1000000000 28.9546550463
31.2000000000 28.5247751160
31.3000000000 28.0904066536
31.4000000000 27.6520342224
31.5000000000 27.2101245171
31.6000000000 26.7651261446
31.7000000000 26.3174695128
31.8000000000 25.8675668242
31.9000000000 25.4158121682
32.0000000000 24.9625817045
32.1000000000 24.5082339288
32.2000000000 24.0531100098
32.3000000000 23.5975341901
32.4000000000 23.1418142377
32.5000000000 22.6862419424
32.6000000000 22.2310936443
32.7000000000 21.7766307889
32.8000000000 21.3231004992
32.9000000000 20.8707361584
33.0000000000 20.4197579963
33.1000000000 19.9703736755
33.2000000000 19.5227788695
33.3000000000 19.0771578319
33.4000000000 18.6336839503
33.5000000000 18.1925202846
33.6000000000 17.7538200842
33.7000000000 17.3177272863
33.8000000000 16.8843769895
33.9000000000 16.4538959059
34.0000000000 16.0264027877
34.1000000000 15.6020088308
34.2000000000 15.1808180533
34.3000000000 14.7629276511
34.4000000000 14.3484283291
34.5000000000 13.9374046109
34.6000000000 13.5299351259
34.7000000000 13.1260928760
34.8000000000 12.7259454828
34.9000000000 12.3295554159
35.0000000000 11.9369802042
35.1000000000 11.5482726305
35.2000000000 11.1634809125
35.3000000000 10.7826488687
35.4000000000 10.4058160734
35.5000000000 10.0330179999
35.6000000000 9.6642861539
35.7000000000 9.2996481983
35.8000000000 8.9391280708
35.9000000000 8.5827460942
36.0000000000 8.2305190818
36.1000000000 7.8824604381
36.2000000000 7.5385802557
36.3000000000 7.1988854089
36.4000000000 6.8633796458
36.5000000000 6.5320636779
36.6000000000 6.2049352696
36.7000000000 5.8819893262
36.8000000000 5.5632179823
36.9000000000 5.2486106906
37.0000000000 4.9381543098
37.1000000000 4.6318331953
37.2000000000 4.3296292883
37.3000000000 4.0315222080
37.4000000000 3.7374893426
37.5000000000 3.4475059430
37.6000000000 3.1615452161
37.7000000000 2.8795784191
37.8000000000 2.6015749547
37.9000000000 2.3275024663
38.0000000000 2.0573269338
38.1000000000 1.7910127689
38.2000000000 1.5285229109
38.3000000000 1.2698189214
38.4000000000 1.0148610791
38.5000000000 0.7636084727
38.6000000000 0.5160190938
38.7000000000 0.2720499279
38.8000000000 0.0316570438
38.9000000000 -0.2052043186
39.0000000000 -0.4385796621
39.1000000000 -0.6685151490
39.2000000000 -0.8950575189
39.3000000000 -1.1182540102
39.4000000000 -1.3381522834
39.5000000000 -1.5548003469
39.6000000000 -1.7682464865
39.7000000000 -1.9785391963
39.8000000000 -2.1857271141
39.9000000000 -2.3898589583
40.0000000000 -2.5909834685
40.1000000000 -2.7891493494
40.2000000000 -2.9844052166
40.3000000000 -3.1767995463
40.4000000000 -3.3663806277
40.5000000000 -3.5531965182
40.6000000000 -3.7372950012
40.7000000000 -3.9187235472
40.8000000000 -4.0975292777
40.9000000000 -4.2737589309
41.0000000000 -4.4474588308
41.1000000000 -4.6186748588
41.2000000000 -4.7874524273
41.3000000000 -4.9538364558
41.4000000000 -5.1178713493
41.5000000000 -5.2796009787
41.6000000000 -5.4390686638
41.7000000000 -5.5963171572
41.8000000000 -5.7513886314
41.9000000000 -5.9043246663
42.0000000000 -6.0551662393
42.1000000000 -6.2039537171
42.2000000000 -6.3507268480
42.3000000000 -6.4955247567
42.4000000000 -6.6383859397
42.5000000000 -6.7793482622
42.6000000000 -6.9184489565
42.7000000000 -7.0557246205
42.8000000000 -7.1912112186
42.9000000000 -7.3249440818
43.0000000000 -7.4569579107
43.1000000000 -7.5872867774
43.2000000000 -7.7159641293
43.3000000000 -7.8430227931
43.4000000000 -7.9684949797
43.5000000000 -8.0924122892
43.6000000000 -8.2148057172
43.7000000000 -8.3357056603
43.8000000000 -8.4551419237
43.9000000000 -8.5731437273
44.0000000000 -8.6897397140
44.1000000000 -8.8049579564
44.2000000000 -8.9188259656
44.3000000000 -9.0313706987
44.4000000000 -9.1426185675
44.5000000000 -9.2525954469
44.6000000000 -9.3613266832
44.7000000000 -9.4688371035
44.8000000000 -9.5751510238
44.9000000000 -9.6802922584
45.0000000000 -9.7842841284
45.1000000000 -9.8871494711
45.2000000000 -9.9889106484
45.3000000000 -10.0895895562
45.4000000000 -10.1892076332
45.5000000000 -10.2877858696
45.6000000000 -10.3853448161
45.7000000000 -10.4819045927
45.8000000000 -10.5774848971
45.9000000000 -10.6721050138
46.0000000000 -10.7657838222
46.1000000000 -10.8585398055
46.2000000000 -10.9503910585
46.3000000000 -11.0413552961
46.4000000000 -11.1314498618
46.5000000000 -11.2206917350
46.6000000000 -11.3090975395
46.7000000000 -11.3966835509
46.8000000000 -11.4834657045
46.9000000000 -11.5694596027
47.0000000000 -11.6546805224
47.1000000000 -11.7391434224
47.2000000000 -11.8228629503
47.3000000000 -11.9058534497
47.4000000000 -11.9881289671
47.5000000000 -12.0697032585
47.6000000000 -12.1505897962
47.7000000000 -12.2308017751
47.8000000000 -12.3103521190
47.9000000000 -12.3892534872
48.0000000000 -12.4675182801
48.1000000000 -12.5451586457
48.2000000000 -12.6221864849
48.3000000000 -12.6986134576
48.4000000000 -12.7744509881
48.5000000000 -12.8497102706
48.6000000000 -12.9244022746
48.7000000000 -12.9985377502
48.8000000000 -13.0721272330
48.9000000000 -13.1451810492
49.0000000000 -13.2177093205
49.1000000000 -13.2897219689
49.2000000000 -13.3612287213
49.3000000000 -13.4322391141
49.4000000000 -13.5027624975
49.5000000000 -13.5728080400
49.6000000000 -13.6423847328
49.7000000000 -13.7115013934
49.8000000000 -13.7801666702
49.9000000000 -13.8483890462
50.0000000000 -13.9161768430
50.1000000000 -13.9835382241
50.2000000000 -14.0504811992
50.3000000000 -14.1170136274
50.4000000000 -14.1831432210
50.5000000000 -14.2488775483
50.6000000000 -14.3142240377
50.7000000000 -14.3791899805
50.8000000000 -14.4437825340
50.9000000000 -14.5080087250
51.0000000000 -14.5718754525
51.1000000000 -14.6353894907
51.2000000000 -14.6985574918
51.3000000000 -14.7613859892
51.4000000000 -14.8238813998
51.5000000000 -14.8860500266
51.6000000000 -14.9478980620
51.7000000000 -15.0094315895
51.8000000000 -15.0706565868
51.9000000000 -15.1315789278
52.0000000000 -15.1922043853
52.1000000000 -15.2525386331
52.2000000000 -15.3125872482
52.3000000000 -15.3723557134
52.4000000000 -15.4318494189
52.5000000000 -15.4910736647
52.6000000000 -15.5500336627
52.7000000000 -15.6087345385
52.8000000000 -15.6671813334
52.9000000000 -15.7253790064
53.0000000000 -15.7833324359
53.1000000000 -15.8410464217
53.2000000000 -15.8985256866
53.3000000000 -15.9557748783
53.4000000000 -16.0127985707
53.5000000000 -16.0696012660
53.6000000000 -16.1261873962
53.7000000000 -16.1825613244
53.8000000000 -16.2387273466
53.9000000000 -16.2946896931
54.0000000000 -16.3504525301
54.1000000000 -16.4060199606
54.2000000000 -16.4613960267
54.3000000000 -16.5165847100
54.4000000000 -16.5715899337
54.5000000000 -16.6264155633
54.6000000000 -16.6810654082
54.7000000000 -16.7355432231
54.8000000000 -16.7898527086
54.9000000000 -16.8439975131
55.0000000000 -16.8979812332
55.1000000000 -16.9518074157
55.2000000000 -17.0054795580
55.3000000000 -17.0590011093
55.4000000000 -17.1123754720
55.5000000000 -17.1656060024
55.6000000000 -17.2186960116
55.7000000000 -17.2716487670
55.8000000000 -17.3244674927
55.9000000000 -17.3771553708
56.0000000000 -17.4297155420
56.1000000000 -17.4821511070
56.2000000000 -17.5344651267
56.3000000000 -17.5866606237
56.4000000000 -17.6387405826
56.5000000000 -17.6907079513
56.6000000000 -17.7425656414
56.7000000000 -17.7943165293
56.8000000000 -17.8459634566
56.9000000000 -17.8975092312
57.0000000000 -17.9489566278
57.1000000000 -18.0003083890
57.2000000000 -18.0515672253
57.3000000000 -18.1027358164
57.4000000000 -18.1538168115
57.5000000000 -18.2048128305
57.6000000000 -18.2557264637
57.7000000000 -18.3065602735
57.8000000000 -18.3573167941
57.9000000000 -18.4079985326
58.0000000000 -18.4586079695
58.1000000000 -18.5091475594
58.2000000000 -18.5596197310
58.3000000000 -18.6100268885
58.4000000000 -18.6603714113
58.5000000000 -18.7106556552
58.6000000000 -18.7608819525
58.7000000000 -18.8110526126
58.8000000000 -18.8611699226
58.9000000000 -18.9112361476
59.0000000000 -18.9612535312
59.1000000000 -19.0112242963
59.2000000000 -19.0611506451
59.3000000000 -19.1110347595
59.4000000000 -19.1608788022
59.5000000000 -19.2106849163
59.6000000000 -19.2604552262
59.7000000000 -19.3101918379
59.8000000000 -19.3598968394
59.9000000000 -19.4095723008
60.0000000000 -19.4592202753
60.1000000000 -19.5088427990
60.2000000000 -19.5584418914
60.3000000000 -19.6080195560
60.4000000000 -19.6575777804
60.5000000000 -19.7071185365
60.6000000000 -19.7566437814
60.7000000000 -19.8061554569
60.8000000000 -19.8556554908
60.9000000000 -19.9051457961
61.0000000000 -19.9546282723
61.1000000000 -20.0041048051
61.2000000000 -20.0535772670
61.3000000000 -20.1030475171
61.4000000000 -20.1525174021
61.5000000000 -20.2019887561
61.6000000000 -20.2514634007
61.7000000000 -20.3009431459
61.8000000000 -20.3504297897
61.9000000000 -20.3999251187
62.0000000000 -20.4494309082
62.1000000000 -20.4989489225
62.2000000000 -20.5484809152
62.3000000000 -20.5980286292
62.4000000000 -20.6475937971
62.5000000000 -20.6971781416
62.6000000000 -20.7467833752
62.7000000000 -20.7964112007
62.8000000000 -20.8460633116
62.9000000000 -20.8957413919
63.0000000000 -20.9454471165
63.1000000000 -20.9951821515
63.2000000000 -21.0449481540
63.3000000000 -21.0947467728
63.4000000000 -21.1445796480
63.5000000000 -21.1944484118
63.6000000000 -21.2443546879
63.7000000000 -21.2943000925
63.8000000000 -21.3442862337
63.9000000000 -21.3943147122
64.0000000000 -21.4443871212
64.1000000000 -21.4945050465
64.2000000000 -21.5446700668
64.3000000000 -21.5948837536
64.4000000000 -21.6451476718
64.5000000000 -21.6954633791
64.6000000000 -21.7458324270
64.7000000000 -21.7962563600
64.8000000000 -21.8467367165
64.9000000000 -21.8972750285
65.0000000000 -21.9478728218
65.1000000000 -21.9985316159
65.2000000000 -22.0492529247
65.3000000000 -22.1000382559
65.4000000000 -22.1508891115
65.5000000000 -22.2018069878
65.6000000000 -22.2527933754
65.7000000000 -22.3038497597
65.8000000000 -22.3549776201
65.9000000000 -22.4061784312
66.0000000000 -22.4574536618
66.1000000000 -22.5088047758
66.2000000000 -22.5602332320
66.3000000000 -22.6117404838
66.4000000000 -22.6633279798
66.5000000000 -22.7149971637
66.6000000000 -22.7667494741
66.7000000000 -22.8185863448
66.8000000000 -22.8705092050
66.9000000000 -22.9225194787
67.0000000000 -22.9746185858
67.1000000000 -23.0268079410
67.2000000000 -23.0790889545
67.3000000000 -23.1314630322
67.4000000000 -23.1839315750
67.5000000000 -23.2364959796
67.6000000000 -23.2891576379
67.7000000000 -23.3419179377
67.8000000000 -23.3947782618
67.9000000000 -23.4477399891
68.0000000000 -23.5008044937
68.1000000000 -23.5539731454
68.2000000000 -23.6072473094
68.3000000000 -23.6606283469
68.4000000000 -23.7141176142
68.5000000000 -23.7677164635
68.6000000000 -23.8214262425
68.7000000000 -23.8752482943
68.8000000000 -23.9291839580
68.9000000000 -23.9832345676
69.0000000000 -24.0374014533
69.1000000000 -24.0916859403
69.2000000000 -24.1460893496
69.3000000000 -24.2006129974
69.4000000000 -24.2552581957
69.5000000000 -24.3100262514
69.6000000000 -24.3649184673
69.7000000000 -24.4199361412
69.8000000000 -24.4750805663
69.9000000000 -24.5303530309
70.0000000000 -24.5857548187
70.1000000000 -24.6412872085
70.2000000000 -24.6969514741
70.3000000000 -24.7527488845
70.4000000000 -24.8086807034
70.5000000000 -24.8647481899
70.6000000000 -24.9209525975
70.7000000000 -24.9772951747
70.8000000000 -25.0337771647
70.9000000000 -25.0903998054
71.0000000000 -25.1471643291
71.1000000000 -25.2040719628
71.2000000000 -25.2611239279
71.3000000000 -25.3183214399
71.4000000000 -25.3756657089
71.5000000000 -25.4331579387
71.6000000000 -25.4907993276
71.7000000000 -25.5485910677
71.8000000000 -25.6065343447
71.9000000000 -25.6646303386
72.0000000000 -25.7228802225
72.1000000000 -25.7812851634
72.2000000000 -25.8398463217
72.3000000000 -25.8985648509
72.4000000000 -25.9574418981
72.5000000000 -26.0164786031
72.6000000000 -26.0756760989
72.7000000000 -26.1350355112
72.8000000000 -26.1945579586
72.9000000000 -26.2542445521
73.0000000000 -26.3140963953
73.1000000000 -26.3741145841
73.2000000000 -26.4343002065
73.3000000000 -26.4946543425
73.4000000000 -26.5551780643
73.5000000000 -26.6158724355
73.6000000000 -26.6767385116
73.7000000000 -26.7377773392
73.8000000000 -26.7989899567
73.9000000000 -26.8603773932
74.0000000000 -26.9219406690
74.1000000000 -26.9836807953
74.2000000000 -27.0455987738
74.3000000000 -27.1076955968
74.4000000000 -27.1699722470
74.5000000000 -27.2324296973
74.6000000000 -27.2950689103
74.7000000000 -27.3578908388
74.8000000000 -27.4208964251
74.9000000000 -27.4840866010
75.0000000000 -27.5474622877
75.1000000000 -27.6110243952
75.2000000000 -27.6747738228
75.3000000000 -27.7387114585
75.4000000000 -27.8028381787
75.5000000000 -27.8671548483
75.6000000000 -27.9316623204
75.7000000000 -27.9963614362
75.8000000000 -28.0612530244
75.9000000000 -28.1263379017
76.0000000000 -28.1916168720
76.1000000000 -28.2570907265
76.2000000000 -28.3227602434
76.3000000000 -28.3886261879
76.4000000000 -28.4546893117
76.5000000000 -28.5209503530
76.6000000000 -28.5874100361
76.7000000000 -28.6540690716
76.8000000000 -28.7209281557
76.9000000000 -28.7879879704
77.0000000000 -28.8552491831
77.1000000000 -28.9227124464
77.2000000000 -28.9903783980
77.3000000000 -29.0582476604
77.4000000000 -29.1263208407
77.5000000000 -29.1945985305
77.6000000000 -29.2630813055
77.7000000000 -29.3317697256
77.8000000000 -29.4006643343
77.9000000000 -29.4697656589
78.0000000000 -29.5390742101
78.1000000000 -29.6085904817
78.2000000000 -29.6783149507
78.3000000000 -29.7482480766
78.4000000000 -29.8183903019
78.5000000000 -29.8887420512
78.6000000000 -29.9593037316
78.7000000000 -30.0300757320
78.8000000000 -30.1010584233
78.9000000000 -30.1722521581
79.0000000000 -30.2436572702
79.1000000000 -30.3152740748
79.2000000000 -30.3871028684
79.3000000000 -30.4591439280
79.4000000000 -30.5313975118
79.5000000000 -30.6038638580
79.6000000000 -30.6765431857
79.7000000000 -30.7494356938
79.8000000000 -30.8225415614
79.9000000000 -30.8958609474
80.0000000000 -30.9693939904
80.1000000000 -31.0431408085
80.2000000000 -31.1171014993
80.3000000000 -31.1912761394
80.4000000000 -31.2656647847
80.5000000000 -31.3402674697
80.6000000000 -31.4150842078
80.7000000000 -31.4901149913
80.8000000000 -31.5653597905
80.9000000000 -31.6408185543
81.0000000000 -31.7164912099
81.1000000000 -31.7923776625
81.2000000000 -31.8684777952
81.3000000000 -31.9447914691
81.4000000000 -32.0213185229
81.5000000000 -32.0980587731
81.6000000000 -32.1750120137
81.7000000000 -32.2521780160
81.8000000000 -32.3295565288
81.9000000000 -32.4071472783
82.0000000000 -32.4849499674
82.1000000000 -32.5629642767
82.2000000000 -32.6411898635
82.3000000000 -32.7196263621
82.4000000000 -32.7982733839
82.5000000000 -32.8771305169
82.6000000000 -32.9561973261
82.7000000000 -33.0354733533
82.8000000000 -33.1149581169
82.9000000000 -33.1946511123
83.0000000000 -33.2745518112
83.1000000000 -33.3546596623
83.2000000000 -33.4349740910
83.3000000000 -33.5154944991
83.4000000000 -33.5962202653
83.5000000000 -33.6771507450
83.6000000000 -33.7582852701
83.7000000000 -33.8396231495
83.8000000000 -33.9211636687
83.9000000000 -34.0029060902
84.0000000000 -34.0848496531
84.1000000000 -34.1669935735
84.2000000000 -34.2493370447
84.3000000000 -34.3318792366
84.4000000000 -34.4146192967
84.5000000000 -34.4975563493
84.6000000000 -34.5806894963
84.7000000000 -34.6640178167
84.8000000000 -34.7475403672
84.9000000000 -34.8312561820
85.0000000000 -34.9151642731
85.1000000000 -34.9992636303
85.2000000000 -35.0835532214
85.3000000000 -35.1680319922
85.4000000000 -35.2526988669
85.5000000000 -35.3375527482
85.6000000000 -35.4225925173
85.7000000000 -35.5078170340
85.8000000000 -35.5932251374
85.9000000000 -35.6788156453
86.0000000000 -35.7645873552
86.1000000000 -35.8505390440
86.2000000000 -35.9366694680
86.3000000000 -36.0229773640
86.4000000000 -36.1094614485
86.5000000000 -36.1961204185
86.6000000000 -36.2829529518
86.7000000000 -36.3699577068
86.8000000000 -36.4571333232
86.9000000000 -36.5444784219
87.0000000000 -36.6319916054
87.1000000000 -36.7196714584
87.2000000000 -36.8075165474
87.3000000000 -36.8955254214
87.4000000000 -36.9836966123
87.5000000000 -37.0720286349
87.6000000000 -37.1605199872
87.7000000000 -37.2491691510
87.8000000000 -37.3379745919
87.9000000000 -37.4269347598
88.0000000000 -37.5160480892
88.1000000000 -37.6053129993
88.2000000000 -37.6947278947
88.3000000000 -37.7842911654
88.4000000000 -37.8740011874
88.5000000000 -37.9638563228
88.6000000000 -38.0538549205
88.7000000000 -38.1439953160
88.8000000000 -38.2342758323
88.9000000000 -38.3246947802
89.0000000000 -38.4152504581
89.1000000000 -38.5059411530
89.2000000000 -38.5967651408
89.3000000000 -38.6877206863
89.4000000000 -38.7788060439
89.5000000000 -38.8700194578
89.6000000000 -38.9613591627
89.7000000000 -39.0528233836
89.8000000000 -39.1444103370
89.9000000000 -39.2361182303
90.0000000000 -39.3279452633
90.1000000000 -39.4198896276
90.2000000000 -39.5119495076
90.3000000000 -39.6041230807
90.4000000000 -39.6964085177
90.5000000000 -39.7888039834
90.6000000000 -39.8813076366
90.7000000000 -39.9739176307
90.8000000000 -40.0666321145
90.9000000000 -40.1594492317
91.0000000000 -40.2523671224
91.1000000000 -40.3453839225
91.2000000000 -40.4384977648
91.3000000000 -40.5317067791
91.4000000000 -40.6250090926
91.5000000000 -40.7184028305
91.6000000000 -40.8118861160
91.7000000000 -40.9054570712
91.8000000000 -40.9991138171
91.9000000000 -41.0928544744
92.0000000000 -41.1866771634
92.1000000000 -41.2805800046
92.2000000000 -41.3745611195
92.3000000000 -41.4686186302
92.4000000000 -41.5627506604
92.5000000000 -41.6569553357
92.6000000000 -41.7512307837
92.7000000000 -41.8455751346
92.8000000000 -41.9399865216
92.9000000000 -42.0344630812
93.0000000000 -42.1290029534
93.1000000000 -42.2236042825
93.2000000000 -42.3182652171
93.3000000000 -42.4129839103
93.4000000000 -42.5077585208
93.5000000000 -42.6025872123
93.6000000000 -42.6974681546
93.7000000000 -42.7923995236
93.8000000000 -42.8873795016
93.9000000000 -42.9824062777
94.0000000000 -43.0774780482
94.1000000000 -43.1725930170
94.2000000000 -43.2677493956
94.3000000000 -43.3629454035
94.4000000000 -43.4581792690
94.5000000000 -43.5534492287
94.6000000000 -43.6487535283
94.7000000000 -43.7440904231
94.8000000000 -43.8394581774
94.9000000000 -43.9348550660
95.0000000000 -44.0302793733
95.1000000000 -44.1257293944
95.2000000000 -44.2212034350
95.3000000000 -44.3166998117
95.4000000000 -44.4122168522
95.5000000000 -44.5077528956
95.6000000000 -44.6033062929
95.7000000000 -44.6988754066
95.8000000000 -44.7944586116
95.9000000000 -44.8900542950
96.0000000000 -44.9856608565
96.1000000000 -45.0812767084
96.2000000000 -45.1769002760
96.3000000000 -45.2725299978
96.4000000000 -45.3681643256
96.5000000000 -45.4638017245
96.6000000000 -45.5594406736
96.7000000000 -45.6550796656
96.8000000000 -45.7507172073
96.9000000000 -45.8463518194
97.0000000000 -45.9419820373
97.1000000000 -46.0376064105
97.2000000000 -46.1332235031
97.3000000000 -46.2288318942
97.4000000000 -46.3244301772
97.5000000000 -46.4200169608
97.6000000000 -46.5155908687
97.7000000000 -46.6111505395
97.8000000000 -46.7066946271
97.9000000000 -46.8022218010
98.0000000000 -46.8977307456
98.1000000000 -46.9932201611
98.2000000000 -47.0886887631
98.3000000000 -47.1841352827
98.4000000000 -47.2795584669
98.5000000000 -47.3749570781
98.6000000000 -47.4703298945
98.7000000000 -47.5656757101
98.8000000000 -47.6609933347
98.9000000000 -47.7562815939
99.0000000000 -47.8515393290
99.1000000000 -47.9467653973
99.2000000000 -48.0419586718
99.3000000000 -48.1371180415
99.4000000000 -48.2322424109
99.5000000000 -48.3273307007
99.6000000000 -48.4223818471
99.7000000000 -48.5173948022
99.8000000000 -48.6123685337
99.9000000000 -48.7073020251
100.0000000000 -48.8021942756
100.1000000000 -48.8970442997
100.2000000000 -48.9918511279
100.3000000000 -49.0866138058
100.4000000000 -49.1813313945
100.5000000000 -49.2760029706
100.6000000000 -49.3706276257
100.7000000000 -49.4652044669
100.8000000000 -49.5597326162
100.9000000000 -49.6542112106
101.0000000000 -49.7486394020
101.1000000000 -49.8430163574
101.2000000000 -49.9373412581
101.3000000000 -50.0316133003
101.4000000000 -50.1258316944
101.5000000000 -50.2199956656
101.6000000000 -50.3141044529
101.7000000000 -50.4081573095
101.8000000000 -50.5021535029
101.9000000000 -50.5960923141
102.0000000000 -50.6899730379
102.1000000000 -50.7837949827
102.2000000000 -50.8775574703
102.3000000000 -50.9712598357
102.4000000000 -51.0649014271
102.5000000000 -51.1584816056
102.6000000000 -51.2519997450
102.7000000000 -51.3454552320
102.8000000000 -51.4388474653
102.9000000000 -51.5321758562
103.0000000000 -51.6254398280
103.1000000000 -51.7186388159
103.2000000000 -51.8117722670
103.3000000000 -51.9048396396
103.4000000000 -51.9978404038
103.5000000000 -52.0907740404
103.6000000000 -52.1836400416
103.7000000000 -52.2764379101
103.8000000000 -52.3691671592
103.9000000000 -52.4618273128
104.0000000000 -52.5544179048
104.1000000000 -52.6469384791
104.2000000000 -52.7393885893
104.3000000000 -52.8317677986
104.4000000000 -52.9240756797
104.5000000000 -53.0163118141
104.6000000000 -53.1084757925
104.7000000000 -53.2005672142
104.8000000000 -53.2925856869
104.9000000000 -53.3845308266
105.0000000000 -53.4764022575
105.1000000000 -53.5681996112
105.2000000000 -53.6599225274
105.3000000000 -53.7515706527
105.4000000000 -53.8431436411
105.5000000000 -53.9346411534
105.6000000000 -54.0260628571
105.7000000000 -54.1174084261
105.8000000000 -54.2086775407
105.9000000000 -54.2998698868
106.0000000000 -54.3909851565
106.1000000000 -54.4820230471
106.2000000000 -54.5729832613
106.3000000000 -54.6638655068
106.4000000000 -54.7546694962
106.5000000000 -54.8453949465
106.6000000000 -54.9360415793
106.7000000000 -55.0266091201
106.8000000000 -55.1170972984
106.9000000000 -55.2075058473
107.0000000000 -55.2978345034
107.1000000000 -55.3880830062
107.2000000000 -55.4782510986
107.3000000000 -55.5683385257
107.4000000000 -55.6583450355
107.5000000000 -55.7482703781
107.6000000000 -55.8381143055
107.7000000000 -55.9278765716
107.8000000000 -56.0175569320
107.9000000000 -56.1071551433
108.0000000000 -56.1966709634
108.1000000000 -56.2861041512
108.2000000000 -56.3754544660
108.3000000000 -56.4647216677
108.4000000000 -56.5539055164
108.5000000000 -56.6430057720
108.6000000000 -56.7320221944
108.7000000000 -56.8209545429
108.8000000000 -56.9098025763
108.9000000000 -56.9985660524
109.0000000000 -57.0872447278
109.1000000000 -57.1758383580
109.2000000000 -57.2643466968
109.3000000000 -57.3527694966
109.4000000000 -57.4411065074
109.5000000000 -57.5293574775
109.6000000000 -57.6175221526
109.7000000000 -57.7056002761
109.8000000000 -57.7935915884
109.9000000000 -57.8814958272
110.0000000000 -57.9693127271
110.1000000000 -58.0570420194
110.2000000000 -58.1446834317
110.3000000000 -58.2322366881
110.4000000000 -58.3197015091
110.5000000000 -58.4070776107
110.6000000000 -58.4943647052
110.7000000000 -58.5815625001
110.8000000000 -58.6686706987
110.9000000000 -58.7556889994
111.0000000000 -58.8426170959
111.1000000000 -58.9294546767
111.2000000000 -59.0162014254
111.3000000000 -59.1028570201
111.4000000000 -59.1894211333
111.5000000000 -59.2758934322
111.6000000000 -59.3622735781
111.7000000000 -59.4485612263
111.8000000000 -59.5347560262
111.9000000000 -59.6208576211
112.0000000000 -59.7068656479
112.1000000000 -59.7927797370
112.2000000000 -59.8785995126
112.3000000000 -59.9643245920
112.4000000000 -60.0499545859
112.5000000000 -60.1354890979
112.6000000000 -60.2209277250
112.7000000000 -60.3062700568
112.8000000000 -60.3915156760
112.9000000000 -60.4766641579
113.0000000000 -60.5617150706
113.1000000000 -60.6466679747
113.2000000000 -60.7315224233
113.3000000000 -60.8162779620
113.4000000000 -60.9009341288
113.5000000000 -60.9854904537
113.6000000000 -61.0699464595
113.7000000000 -61.1543016607
113.8000000000 -61.2385555641
113.9000000000 -61.3227076686
114.0000000000 -61.4067574652
114.1000000000 -61.4907044368
114.2000000000 -61.5745480583
114.3000000000 -61.6582877966
114.4000000000 -61.7419231105
114.5000000000 -61.8254534505
114.6000000000 -61.9088782593
114.7000000000 -61.9921969713
114.8000000000 -62.0754090128
114.9000000000 -62.1585138019
115.0000000000 -62.2415107486
115.1000000000 -62.3243992547
115.2000000000 -62.4071787141
115.3000000000 -62.4898485123
115.4000000000 -62.5724080270
115.5000000000 -62.6548566276
115.6000000000 -62.7371936756
115.7000000000 -62.8194185244
115.8000000000 -62.9015305195
115.9000000000 -62.9835289986
116.0000000000 -63.0654132913
116.1000000000 -63.1471827196
116.2000000000 -63.2288365975
116.3000000000 -63.3103742314
116.4000000000 -63.3917949202
116.5000000000 -63.4730979550
116.6000000000 -63.5542826194
116.7000000000 -63.6353481899
116.8000000000 -63.7162939351
116.9000000000 -63.7971191170
117.0000000000 -63.8778229897
117.1000000000 -63.9584048009
117.2000000000 -64.0388637908
117.3000000000 -64.1191991930
117.4000000000 -64.1994102342
117.5000000000 -64.2794961344
117.6000000000 -64.3594561072
117.7000000000 -64.4392893596
117.8000000000 -64.5189950922
117.9000000000 -64.5985724996
118.0000000000 -64.6780207702
118.1000000000 -64.7573390863
118.2000000000 -64.8365266248
118.3000000000 -64.9155825564
118.4000000000 -64.9945060466
118.5000000000 -65.0732962554
118.6000000000 -65.1519523374
118.7000000000 -65.2304734423
118.8000000000 -65.3088587147
118.9000000000 -65.3871072944
119.0000000000 -65.4652183166
119.1000000000 -65.5431909119
119.2000000000 -65.6210242066
119.3000000000 -65.6987173229
119.4000000000 -65.7762693790
119.5000000000 -65.8536794891
119.6000000000 -65.9309467639
119.7000000000 -66.0080703105
119.8000000000 -66.0850492326
119.9000000000 -66.1618826310
120.0000000000 -66.2385696034
120.1000000000 -66.3151092446
120.2000000000 -66.3915006470
120.3000000000 -66.4677429005
120.4000000000 -66.5438350926
120.5000000000 -66.6197763091
120.6000000000 -66.6955656335
120.7000000000 -66.7712021480
120.8000000000 -66.8466849332
120.9000000000 -66.9220130683
121.0000000000 -66.9971856316
121.1000000000 -67.0722017002
121.2000000000 -67.1470603509
121.3000000000 -67.2217606595
121.4000000000 -67.2963017019
121.5000000000 -67.3706825537
121.6000000000 -67.4449022905
121.7000000000 -67.5189599883
121.8000000000 -67.5928547234
121.9000000000 -67.6665855730
122.0000000000 -67.7401516149
122.1000000000 -67.8135519281
122.2000000000 -67.8867855928
122.3000000000 -67.9598516907
122.4000000000 -68.0327493050
122.5000000000 -68.1054775210
122.6000000000 -68.1780354257
122.7000000000 -68.2504221086
122.8000000000 -68.3226366613
122.9000000000 -68.3946781784
123.0000000000 -68.4665457571
123.1000000000 -68.5382384974
123.2000000000 -68.6097555028
123.3000000000 -68.6810958800
123.4000000000 -68.7522587393
123.5000000000 -68.8232431945
123.6000000000 -68.8940483637
123.7000000000 -68.9646733687
123.8000000000 -69.0351173358
123.9000000000 -69.1053793957
124.0000000000 -69.1754586836
124.1000000000 -69.2453543394
124.2000000000 -69.3150655083
124.3000000000 -69.3845913401
124.4000000000 -69.4539309901
124.5000000000 -69.5230836189
124.6000000000 -69.5920483927
124.7000000000 -69.6608244833
124.8000000000 -69.7294110681
124.9000000000 -69.7978073308
125.0000000000 -69.8660124606
125.1000000000 -69.9340256531
125.2000000000 -70.0018461101
125.3000000000 -70.0694730394
125.4000000000 -70.1369056553
125.5000000000 -70.2041431784
125.6000000000 -70.2711848355
125.7000000000 -70.3380298598
125.8000000000 -70.4046774908
125.9000000000 -70.4711269741
126.0000000000 -70.5373775616
126.1000000000 -70.6034285108
126.2000000000 -70.6692790852
126.3000000000 -70.7349285536
126.4000000000 -70.8003761900
126.5000000000 -70.8656212731
126.6000000000 -70.9306630859
126.7000000000 -70.9955009148
126.8000000000 -71.0601340493
126.9000000000 -71.1245617809
127.0000000000 -71.1887834022
127.1000000000 -71.2527982056
127.2000000000 -71.3166054818
127.3000000000 -71.3802045183
127.4000000000 -71.4435945977
127.5000000000 -71.5067749947
127.6000000000 -71.5697449741
127.7000000000 -71.6325037873
127.8000000000 -71.6950506688
127.9000000000 -71.7573848319
128.0000000000 -71.8195054638
128.1000000000 -71.8814117195
128.2000000000 -71.9431027155
128.3000000000 -72.0045775216
128.4000000000 -72.0658351519
128.5000000000 -72.1268745542
128.6000000000 -72.1876945971
128.7000000000 -72.2482940566
128.8000000000 -72.3086715980
128.9000000000 -72.3688257576
129.0000000000 -72.4287549190
129.1000000000 -72.4884572874
129.2000000000 -72.5479308584
129.3000000000 -72.6071733822
129.4000000000 -72.6661823226
129.5000000000 -72.7249548078
129.6000000000 -72.7834875748
129.7000000000 -72.8417769037
129.8000000000 -72.8998185416
129.9000000000 -72.9576076138
130.0000000000 -73.0151385216
130.1000000000 -73.0724048216
130.2000000000 -73.1293990872
130.3000000000 -73.1861127461
130.4000000000 -73.2425358918
130.5000000000 -73.2986570649
130.6000000000 -73.3544629974
130.7000000000 -73.4099383163
130.8000000000 -73.4650651989
130.9000000000 -73.5198229707
131.0000000000 -73.5741876385
131.1000000000 -73.6281313475
131.2000000000 -73.6816217487
131.3000000000 -73.7346212634
131.4000000000 -73.7870862279
131.5000000000 -73.8389658977
131.6000000000 -73.8902012893
131.7000000000 -73.9407238322
131.8000000000 -73.9904538014
131.9000000000 -74.0392984919
132.0000000000 -74.0871500964
132.1000000000 -74.1338832348
132.2000000000 -74.1793520791
132.3000000000 -74.2233870093
132.4000000000 -74.2657907208
132.5000000000 -74.3063336955
132.6000000000 -74.3447489322
132.7000000000 -74.3807258138
132.8000000000 -74.4139029722
132.9000000000 -74.4438599852
133.0000000000 -74.4701077157
133.1000000000 -74.4920770709
133.2000000000 -74.5091059231
133.3000000000 -74.5204238936
133.4000000000 -74.5251346495
133.5000000000 -74.5221953095
133.6000000000 -74.5103924879
133.7000000000 -74.4883144309
133.8000000000 -74.4543186107
133.9000000000 -74.4064940421
134.0000000000 -74.3426174681
134.1000000000 -74.2601024273
134.2000000000 -74.1559400557
134.3000000000 -74.0266303011
134.4000000000 -73.8681020146
134.5000000000 -73.6756201510
134.6000000000 -73.4436780336
134.7000000000 -73.1658723237
134.8000000000 -72.8347579764
134.9000000000 -72.4416800435
135.0000000000 -71.9765786998
135.1000000000 -71.4277632913
135.2000000000 -70.7816505092
135.3000000000 -70.0224609135
135.4000000000 -69.1318668627
135.5000000000 -68.0885832544
135.6000000000 -66.8678899598
135.7000000000 -65.4410707422
135.8000000000 -63.7747464444
135.9000000000 -61.8300678274
136.0000000000 -59.5617111317
136.1000000000 -56.9165794153
136.2000000000 -53.8320427193
136.3000000000 -50.2334345304
136.4000000000 -46.0303520279
136.5000000000 -41.1111117071
136.6000000000 -35.3346069445
136.7000000000 -28.5190527661
136.8000000000 -20.4287311680
136.9000000000 -10.7718853455
137.0000000000 0.6997467541
137.1000000000 13.5899459358
137.2000000000 25.3723110121
137.3000000000 32.3736750487
137.4000000000 34.7298064921
137.5000000000 35.2619048376
137.6000000000 35.5201341143
137.7000000000 35.7804115668
137.8000000000 36.0288894844
137.9000000000 36.2407994458
138.0000000000 36.4056449101
138.1000000000 36.5217448655
138.2000000000 36.5914540532
138.3000000000 36.6186188909
138.4000000000 36.6073628492
138.5000000000 36.5615551613
138.6000000000 36.4846160734
138.7000000000 36.3794815046
138.8000000000 36.2486379956
138.9000000000 36.0941838474
139.0000000000 35.9178953203
139.1000000000 35.7212884193
139.2000000000 35.5056726200
139.3000000000 35.2721957190
139.4000000000 35.0218802827
139.5000000000 34.7556526862
139.6000000000 34.4743658657
139.7000000000 34.1788168677
139.8000000000 33.8697601643
139.9000000000 33.5479175653
140.0000000000 33.2139854279
140.1000000000 32.8686397428
140.2000000000 32.5125395704
140.3000000000 32.1463292152
140.4000000000 31.7706394500
140.5000000000 31.3860880418
140.6000000000 30.9932797799
140.7000000000 30.5928061661
140.8000000000 30.1852448905
140.9000000000 29.7711591913
141.0000000000 29.3510971705
141.1000000000 28.9255911227
141.2000000000 28.4951569140
141.3000000000 28.0602934420
141.4000000000 27.6214821907
141.5000000000 27.1791868941
141.6000000000 26.7338533098
141.7000000000 26.2859091033
141.8000000000 25.8357638389
141.9000000000 25.3838090697
142.0000000000 24.9304185203
142.1000000000 24.4759483505
142.2000000000 24.0207374926
142.3000000000 23.5651080501
142.4000000000 23.1093657491
142.5000000000 22.6538004324
142.6000000000 22.1986865875
142.7000000000 21.7442838985
142.8000000000 21.2908378171
142.9000000000 20.8385801421
143.0000000000 20.3877296040
143.1000000000 19.9384924473
143.2000000000 19.4910630063
143.3000000000 19.0456242710
143.4000000000 18.6023484378
143.5000000000 18.1613974439
143.6000000000 17.7229234822
143.7000000000 17.2870694949
143.8000000000 16.8539696452
143.9000000000 16.4237497649
144.0000000000 15.9965277783
144.1000000000 15.5724141026
144.2000000000 15.1515120233
144.3000000000 14.7339180467
144.4000000000 14.3197222287
144.5000000000 13.9090084809
144.6000000000 13.5018548563
144.7000000000 13.0983338126
144.8000000000 12.6985124578
144.9000000000 12.3024527755
145.0000000000 11.9102118351
145.1000000000 11.5218419841
145.2000000000 11.1373910272
145.3000000000 10.7569023911
145.4000000000 10.3804152776
145.5000000000 10.0079648054
145.6000000000 9.6395821428
145.7000000000 9.2752946310
145.8000000000 8.9151259007
145.9000000000 8.5590959817
146.0000000000 8.2072214076
146.1000000000 7.8595153153
146.2000000000 7.5159875415
146.3000000000 7.1766447164
146.4000000000 6.8414903541
146.5000000000 6.5105249430
146.6000000000 6.1837460340
146.7000000000 5.8611483289
146.8000000000 5.5427237680
146.9000000000 5.2284616187
147.0000000000 4.9183485638
147.1000000000 4.6123687911
147.2000000000 4.3105040832
147.3000000000 4.0127339089
147.4000000000 3.7190355145
147.5000000000 3.4293840170
147.6000000000 3.1437524977
147.7000000000 2.8621120962
147.8000000000 2.5844321050
147.9000000000 2.3106800657
148.0000000000 2.0408218633
148.1000000000 1.7748218226
148.2000000000 1.5126428029
148.3000000000 1.2542462932
148.4000000000 0.9995925065
148.5000000000 0.7486404726
148.6000000000 0.5013481310
148.7000000000 0.2576724212
148.8000000000 0.0175693728
148.9000000000 -0.2190058079
149.0000000000 -0.4520986512
149.1000000000 -0.6817553412
149.2000000000 -0.9080226342
149.3000000000 -1.1309477798
149.4000000000 -1.3505784447
149.5000000000 -1.5669626389
149.6000000000 -1.7801486452
149.7000000000 -1.9901849506
149.8000000000 -2.1971201814
149.9000000000 -2.4010030408
150.0000000000 -2.6018822498
150.1000000000 -2.7998064908
150.2000000000 -2.9948243542
150.3000000000 -3.1869842880
150.4000000000 -3.3763345503
150.5000000000 -3.5629231649
150.6000000000 -3.7467978796
150.7000000000 -3.9280061268
150.8000000000 -4.1065949880
150.9000000000 -4.2826111597
151.0000000000 -4.4561009227
151.1000000000 -4.6271101137
151.2000000000 -4.7956840989
151.3000000000 -4.9618677509
151.4000000000 -5.1257054264
151.5000000000 -5.2872409476
151.6000000000 -5.4465175845
151.7000000000 -5.6035780396
151.8000000000 -5.7584644346
151.9000000000 -5.9112182983
152.0000000000 -6.0618805569
152.1000000000 -6.2104915256
152.2000000000 -6.3570909012
152.3000000000 -6.5017177566
152.4000000000 -6.6444105371
152.5000000000 -6.7852070565
152.6000000000 -6.9241444960
152.7000000000 -7.0612594028
152.8000000000 -7.1965876905
152.9000000000 -7.3301646404
153.0000000000 -7.4620249033
153.1000000000 -7.5922025021
153.2000000000 -7.7207308355
153.3000000000 -7.8476426821
153.4000000000 -7.9729702054
153.5000000000 -8.0967449585
153.6000000000 -8.2189978905
153.7000000000 -8.3397593527
153.8000000000 -8.4590591049
153.9000000000 -8.5769263231
154.0000000000 -8.6933896063
154.1000000000 -8.8084769843
154.2000000000 -8.9222159260
154.3000000000 -9.0346333470
154.4000000000 -9.1457556183
154.5000000000 -9.2556085749
154.6000000000 -9.3642175238
154.7000000000 -9.4716072534
154.8000000000 -9.5778020420
154.9000000000 -9.6828256667
155.0000000000 -9.7867014123
155.1000000000 -9.8894520802
155.2000000000 -9.9910999976
155.3000000000 -10.0916670261
155.4000000000 -10.1911745708
155.5000000000 -10.2896435889
155.6000000000 -10.3870945991
155.7000000000 -10.4835476898
155.8000000000 -10.5790225279
155.9000000000 -10.6735383677
156.0000000000 -10.7671140591
156.1000000000 -10.8597680562
156.2000000000 -10.9515184256
156.3000000000 -11.0423828547
156.4000000000 -11.1323786596
156.5000000000 -11.2215227935
156.6000000000 -11.3098318541
156.7000000000 -11.3973220918
156.8000000000 -11.4840094171
156.9000000000 -11.5699094080
157.0000000000 -11.6550373180
157.1000000000 -11.7394080825
157.2000000000 -11.8230363265
157.3000000000 -11.9059363715
157.4000000000 -11.9881222423
157.5000000000 -12.0696076737
157.6000000000 -12.1504061173
157.7000000000 -12.2305307477
157.8000000000 -12.3099944690
157.9000000000 -12.3888099210
158.0000000000 -12.4669894854
158.1000000000 -12.5445452913
158.2000000000 -12.6214892218
158.3000000000 -12.6978329188
158.4000000000 -12.7735877895
158.5000000000 -12.8487650111
158.6000000000 -12.9233755365
158.7000000000 -12.9974300995
158.8000000000 -13.0709392199
158.9000000000 -13.1439132084
159.0000000000 -13.2163621714
159.1000000000 -13.2882960161
159.2000000000 -13.3597244548
159.3000000000 -13.4306570097
159.4000000000 -13.5011030170
159.5000000000 -13.5710716317
159.6000000000 -13.6405718313
159.7000000000 -13.7096124206
159.8000000000 -13.7782020350
159.9000000000 -13.8463491449
160.0000000000 -13.9140620595
160.1000000000 -13.9813489306
160.2000000000 -14.0482177559
160.3000000000 -14.1146763829
160.4000000000 -14.1807325125
160.5000000000 -14.2463937022
160.6000000000 -14.3116673692
160.7000000000 -14.3765607941
160.8000000000 -14.4410811240
160.9000000000 -14.5052353753
161.0000000000 -14.5690304369
161.1000000000 -14.6324730731
161.2000000000 -14.6955699266
161.3000000000 -14.7583275210
161.4000000000 -14.8207522640
161.5000000000 -14.8828504496
161.6000000000 -14.9446282610
161.7000000000 -15.0060917729
161.8000000000 -15.0672469543
161.9000000000 -15.1280996707
162.0000000000 -15.1886556864
162.1000000000 -15.2489206670
162.2000000000 -15.3089001817
162.3000000000 -15.3685997049
162.4000000000 -15.4280246193
162.5000000000 -15.4871802172
162.6000000000 -15.5460717028
162.7000000000 -15.6047041944
162.8000000000 -15.6630827260
162.9000000000 -15.7212122493
163.0000000000 -15.7790976357
163.1000000000 -15.8367436781
163.2000000000 -15.8941550924
163.3000000000 -15.9513365194
163.4000000000 -16.0082925266
163.5000000000 -16.0650276095
163.6000000000 -16.1215461937
163.7000000000 -16.1778526360
163.8000000000 -16.2339512260
163.9000000000 -16.2898461880
164.0000000000 -16.3455416818
164.1000000000 -16.4010418048
164.2000000000 -16.4563505928
164.3000000000 -16.5114720219
164.4000000000 -16.5664100092
164.5000000000 -16.6211684147
164.6000000000 -16.6757510423
164.7000000000 -16.7301616408
164.8000000000 -16.7844039057
164.9000000000 -16.8384814796
165.0000000000 -16.8923979542
165.1000000000 -16.9461568706
165.2000000000 -16.9997617212
165.3000000000 -17.0532159501
165.4000000000 -17.1065229544
165.5000000000 -17.1596860853
165.6000000000 -17.2127086493
165.7000000000 -17.2655939085
165.8000000000 -17.3183450822
165.9000000000 -17.3709653477
166.0000000000 -17.4234578410
166.1000000000 -17.4758256579
166.2000000000 -17.5280718547
166.3000000000 -17.5801994492
166.4000000000 -17.6322114217
166.5000000000 -17.6841107152
166.6000000000 -17.7359002371
166.7000000000 -17.7875828590
166.8000000000 -17.8391614182
166.9000000000 -17.8906387182
167.0000000000 -17.9420175295
167.1000000000 -17.9933005900
167.2000000000 -18.0444906062
167.3000000000 -18.0955902533
167.4000000000 -18.1466021766
167.5000000000 -18.1975289914
167.6000000000 -18.2483732842
167.7000000000 -18.2991376128
167.8000000000 -18.3498245077
167.9000000000 -18.4004364718
168.0000000000 -18.4509759815
168.1000000000 -18.5014454873
168.2000000000 -18.5518474140
168.3000000000 -18.6021841618
168.4000000000 -18.6524581061
168.5000000000 -18.7026715988
168.6000000000 -18.7528269682
168.7000000000 -18.8029265198
168.8000000000 -18.8529725369
168.9000000000 -18.9029672808
169.0000000000 -18.9529129912
169.1000000000 -19.0028118871
169.2000000000 -19.0526661669
169.3000000000 -19.1024780090
169.4000000000 -19.1522495720
169.5000000000 -19.2019829954
169.6000000000 -19.2516803999
169.7000000000 -19.3013438877
169.8000000000 -19.3509755431
169.9000000000 -19.4005774326
170.0000000000 -19.4501516057
170.1000000000 -19.4997000948
170.2000000000 -19.5492249158
170.3000000000 -19.5987280685
170.4000000000 -19.6482115369
170.5000000000 -19.6976772895
170.6000000000 -19.7471272795
170.7000000000 -19.7965634453
170.8000000000 -19.8459877110
170.9000000000 -19.8954019863
171.0000000000 -19.9448081669
171.1000000000 -19.9942081351
171.2000000000 -20.0436037596
171.3000000000 -20.0929968965
171.4000000000 -20.1423893886
171.5000000000 -20.1917830665
171.6000000000 -20.2411797486
171.7000000000 -20.2905812412
171.8000000000 -20.3399893388
171.9000000000 -20.3894058247
172.0000000000 -20.4388324706
172.1000000000 -20.4882710376
172.2000000000 -20.5377232756
172.3000000000 -20.5871909242
172.4000000000 -20.6366757128
172.5000000000 -20.6861793603
172.6000000000 -20.7357035760
172.7000000000 -20.7852500594
172.8000000000 -20.8348205005
172.9000000000 -20.8844165801
173.0000000000 -20.9340399696
173.1000000000 -20.9836923318
173.2000000000 -21.0333753206
173.3000000000 -21.0830905812
173.4000000000 -21.1328397507
173.5000000000 -21.1826244576
173.6000000000 -21.2324463228
173.7000000000 -21.2823069589
173.8000000000 -21.3322079708
173.9000000000 -21.3821509559
174.0000000000 -21.4321375043
174.1000000000 -21.4821691984
174.2000000000 -21.5322476137
174.3000000000 -21.5823743187
174.4000000000 -21.6325508748
174.5000000000 -21.6827788369
174.6000000000 -21.7330597528
174.7000000000 -21.7833951643
174.8000000000 -21.8337866065
174.9000000000 -21.8842356082
175.0000000000 -21.9347436921
175.1000000000 -21.9853123747
175.2000000000 -22.0359431667
175.3000000000 -22.0866375728
175.4000000000 -22.1373970920
175.5000000000 -22.1882232175
175.6000000000 -22.2391174370
175.7000000000 -22.2900812326
175.8000000000 -22.3411160810
175.9000000000 -22.3922234536
176.0000000000 -22.4434048166
176.1000000000 -22.4946616307
176.2000000000 -22.5459953518
176.3000000000 -22.5974074306
176.4000000000 -22.6488993128
176.5000000000 -22.7004724390
176.6000000000 -22.7521282453
176.7000000000 -22.8038681626
176.8000000000 -22.8556936173
176.9000000000 -22.9076060308
177.0000000000 -22.9596068200
177.1000000000 -23.0116973971
177.2000000000 -23.0638791698
177.3000000000 -23.1161535410
177.4000000000 -23.1685219093
177.5000000000 -23.2209856686
177.6000000000 -23.2735462086
177.7000000000 -23.3262049141
177.8000000000 -23.3789631659
177.9000000000 -23.4318223400
178.0000000000 -23.4847838084
178.1000000000 -23.5378489384
178.2000000000 -23.5910190931
178.3000000000 -23.6442956309
178.4000000000 -23.6976799063
178.5000000000 -23.7511732690
178.6000000000 -23.8047770646
178.7000000000 -23.8584926341
178.8000000000 -23.9123213142
178.9000000000 -23.9662644373
179.0000000000 -24.0203233311
179.1000000000 -24.0744993192
179.2000000000 -24.1287937204
179.3000000000 -24.1832078491
179.4000000000 -24.2377430155
179.5000000000 -24.2924005247
179.6000000000 -24.3471816777
179.7000000000 -24.4020877705
179.8000000000 -24.4571200949
179.9000000000 -24.5122799374
180.0000000000 -24.5675685803
180.1000000000 -24.6229873008
180.2000000000 -24.6785373714
180.3000000000 -24.7342200596
180.4000000000 -24.7900366280
180.5000000000 -24.8459883341
180.6000000000 -24.9020764305
180.7000000000 -24.9583021645
180.8000000000 -25.0146667781
180.9000000000 -25.0711715084
181.0000000000 -25.1278175867
181.1000000000 -25.1846062391
181.2000000000 -25.2415386862
181.3000000000 -25.2986161428
181.4000000000 -25.3558398182
181.5000000000 -25.4132109158
181.6000000000 -25.4707306334
181.7000000000 -25.5284001624
181.8000000000 -25.5862206886
181.9000000000 -25.6441933912
182.0000000000 -25.7023194434
182.1000000000 -25.7606000121
182.2000000000 -25.8190362575
182.3000000000 -25.8776293332
182.4000000000 -25.9363803864
182.5000000000 -25.9952905572
182.6000000000 -26.0543609788
182.7000000000 -26.1135927774
182.8000000000 -26.1729870719
182.9000000000 -26.2325449740
183.0000000000 -26.2922675880
183.1000000000 -26.3521560103
183.2000000000 -26.4122113300
183.3000000000 -26.4724346281
183.4000000000 -26.5328269775
183.5000000000 -26.5933894433
183.6000000000 -26.6541230819
183.7000000000 -26.7150289416
183.8000000000 -26.7761080619
183.9000000000 -26.8373614738
184.0000000000 -26.8987901990
184.1000000000 -26.9603952505
184.2000000000 -27.0221776320
184.3000000000 -27.0841383376
184.4000000000 -27.1462783523
184.5000000000 -27.2085986509
184.6000000000 -27.2711001987
184.7000000000 -27.3337839506
184.8000000000 -27.3966508517
184.9000000000 -27.4597018363
185.0000000000 -27.5229378283
185.1000000000 -27.5863597408
185.2000000000 -27.6499684761
185.3000000000 -27.7137649253
185.4000000000 -27.7777499680
185.5000000000 -27.8419244725
185.6000000000 -27.9062892955
185.7000000000 -27.9708452818
185.8000000000 -28.0355932639
185.9000000000 -28.1005340623
186.0000000000 -28.1656684849
186.1000000000 -28.2309973273
186.2000000000 -28.2965213718
186.3000000000 -28.3622413879
186.4000000000 -28.4281581320
186.5000000000 -28.4942723469
186.6000000000 -28.5605847618
186.7000000000 -28.6270960922
186.8000000000 -28.6938070393
186.9000000000 -28.7607182905
187.0000000000 -28.8278305183
187.1000000000 -28.8951443810
187.2000000000 -28.9626605219
187.3000000000 -29.0303795691
187.4000000000 -29.0983021357
187.5000000000 -29.1664288193
187.6000000000 -29.2347602018
187.7000000000 -29.3032968494
187.8000000000 -29.3720393121
187.9000000000 -29.4409881238
188.0000000000 -29.5101438018
188.1000000000 -29.5795068468
188.2000000000 -29.6490777427
188.3000000000 -29.7188569565
188.4000000000 -29.7888449376
188.5000000000 -29.8590421183
188.6000000000 -29.9294489130
188.7000000000 -30.0000657185
188.8000000000 -30.0708929134
188.9000000000 -30.1419308583
189.0000000000 -30.2131798951
189.1000000000 -30.2846403473
189.2000000000 -30.3563125196
189.3000000000 -30.4281966978
189.4000000000 -30.5002931484
189.5000000000 -30.5726021187
189.6000000000 -30.6451238364
189.7000000000 -30.7178585096
189.8000000000 -30.7908063265
189.9000000000 -30.8639674554
190.0000000000 -30.9373420442
190.1000000000 -31.0109302206
190.2000000000 -31.0847320918
190.3000000000 -31.1587477443
190.4000000000 -31.2329772437
190.5000000000 -31.3074206348
190.6000000000 -31.3820779410
190.7000000000 -31.4569491649
190.8000000000 -31.5320342871
190.9000000000 -31.6073332672
191.0000000000 -31.6828460428
191.1000000000 -31.7585725298
191.2000000000 -31.8345126222
191.3000000000 -31.9106661920
191.4000000000 -31.9870330890
191.5000000000 -32.0636131408
191.6000000000 -32.1404061525
191.7000000000 -32.2174119068
191.8000000000 -32.2946301639
191.9000000000 -32.3720606614
192.0000000000 -32.4497031141
192.1000000000 -32.5275572139
192.2000000000 -32.6056226300
192.3000000000 -32.6838990086
192.4000000000 -32.7623859728
192.5000000000 -32.8410831228
192.6000000000 -32.9199900355
192.7000000000 -32.9991062648
192.8000000000 -33.0784313415
192.9000000000 -33.1579647729
193.0000000000 -33.2377060432
193.1000000000 -33.3176546135
193.2000000000 -33.3978099213
193.3000000000 -33.4781713811
193.4000000000 -33.5587383841
193.5000000000 -33.6395102980
193.6000000000 -33.7204864674
193.7000000000 -33.8016662138
193.8000000000 -33.8830488353
193.9000000000 -33.9646336069
194.0000000000 -34.0464197805
194.1000000000 -34.1284065849
194.2000000000 -34.2105932258
194.3000000000 -34.2929788863
194.4000000000 -34.3755627261
194.5000000000 -34.4583438824
194.6000000000 -34.5413214698
194.7000000000 -34.6244945799
194.8000000000 -34.7078622822
194.9000000000 -34.7914236235
195.0000000000 -34.8751776283
195.1000000000 -34.9591232992
195.2000000000 -35.0432596163
195.3000000000 -35.1275855383
195.4000000000 -35.2121000017
195.5000000000 -35.2968019216
195.6000000000 -35.3816901916
195.7000000000 -35.4667636841
195.8000000000 -35.5520212502
195.9000000000 -35.6374617203
196.0000000000 -35.7230839037
196.1000000000 -35.8088865896
196.2000000000 -35.8948685464
196.3000000000 -35.9810285227
196.4000000000 -36.0673652470
196.5000000000 -36.1538774281
196.6000000000 -36.2405637554
196.7000000000 -36.3274228990
196.8000000000 -36.4144535101
196.9000000000 -36.5016542210
197.0000000000 -36.5890236456
197.1000000000 -36.6765603796
197.2000000000 -36.7642630007
197.3000000000 -36.8521300689
197.4000000000 -36.9401601269
197.5000000000 -37.0283517002
197.6000000000 -37.1167032974
197.7000000000 -37.2052134107
197.8000000000 -37.2938805161
197.9000000000 -37.3827030737
198.0000000000 -37.4716795278
198.1000000000 -37.5608083078
198.2000000000 -37.6500878278
198.3000000000 -37.7395164874
198.4000000000 -37.8290926721
198.5000000000 -37.9188147533
198.6000000000 -38.0086810887
198.7000000000 -38.0986900231
198.8000000000 -38.1888398880
198.9000000000 -38.2791290028
199.0000000000 -38.3695556743
199.1000000000 -38.4601181979
199.2000000000 -38.5508148572
199.3000000000 -38.6416439251
199.4000000000 -38.7326036636
199.5000000000 -38.8236923244
199.6000000000 -38.9149081493
199.7000000000 -39.0062493707
199.8000000000 -39.0977142116
199.9000000000 -39.1893008865
200.0000000000 -39.2810076014
200.1000000000 -39.3728325542
200.2000000000 -39.4647739354
200.3000000000 -39.5568299284
200.4000000000 -39.6489987096
200.5000000000 -39.7412784492
200.6000000000 -39.8336673112
200.7000000000 -39.9261634541
200.8000000000 -40.0187650315
200.9000000000 -40.1114701918
201.0000000000 -40.2042770793
201.1000000000 -40.2971838343
201.2000000000 -40.3901885933
201.3000000000 -40.4832894900
201.4000000000 -40.5764846551
201.5000000000 -40.6697722170
201.6000000000 -40.7631503022
201.7000000000 -40.8566170355
201.8000000000 -40.9501705406
201.9000000000 -41.0438089406
202.0000000000 -41.1375303579
202.1000000000 -41.2313329153
202.2000000000 -41.3252147357
202.3000000000 -41.4191739430
202.4000000000 -41.5132086622
202.5000000000 -41.6073170199
202.6000000000 -41.7014971448
202.7000000000 -41.7957471676
202.8000000000 -41.8900652222
202.9000000000 -41.9844494451
203.0000000000 -42.0788979765
203.1000000000 -42.1734089606
203.2000000000 -42.2679805454
203.3000000000 -42.3626108838
203.4000000000 -42.4572981333
203.5000000000 -42.5520404570
203.6000000000 -42.6468360233
203.7000000000 -42.7416830067
203.8000000000 -42.8365795879
203.9000000000 -42.9315239544
204.0000000000 -43.0265143004
204.1000000000 -43.1215488276
204.2000000000 -43.2166257452
204.3000000000 -43.3117432702
204.4000000000 -43.4068996280
204.5000000000 -43.5020930524
204.6000000000 -43.5973217862
204.7000000000 -43.6925840809
204.8000000000 -43.7878781979
204.9000000000 -43.8832024081
205.0000000000 -43.9785549921
205.1000000000 -44.0739342412
205.2000000000 -44.1693384567
205.3000000000 -44.2647659512
205.4000000000 -44.3602150478
205.5000000000 -44.4556840811
205.6000000000 -44.5511713973
205.7000000000 -44.6466753540
205.8000000000 -44.7421943211
205.9000000000 -44.8377266805
206.0000000000 -44.9332708264
206.1000000000 -45.0288251659
206.2000000000 -45.1243881186
206.3000000000 -45.2199581173
206.4000000000 -45.3155336079
206.5000000000 -45.4111130496
206.6000000000 -45.5066949154
206.7000000000 -45.6022776918
206.8000000000 -45.6978598792
206.9000000000 -45.7934399921
207.0000000000 -45.8890165592
207.1000000000 -45.9845881233
207.2000000000 -46.0801532421
207.3000000000 -46.1757104876
207.4000000000 -46.2712584465
207.5000000000 -46.3667957203
207.6000000000 -46.4623209258
207.7000000000 -46.5578326944
207.8000000000 -46.6533296729
207.9000000000 -46.7488105233
208.0000000000 -46.8442739228
208.1000000000 -46.9397185641
208.2000000000 -47.0351431553
208.3000000000 -47.1305464202
208.4000000000 -47.2259270979
208.5000000000 -47.3212839434
208.6000000000 -47.4166157272
208.7000000000 -47.5119212355
208.8000000000 -47.6071992703
208.9000000000 -47.7024486496
209.0000000000 -47.7976682067
209.1000000000 -47.8928567912
209.2000000000 -47.9880132682
209.3000000000 -48.0831365187
209.4000000000 -48.1782254396
209.5000000000 -48.2732789433
209.6000000000 -48.3682959584
209.7000000000 -48.4632754289
209.8000000000 -48.5582163148
209.9000000000 -48.6531175915
210.0000000000 -48.7479782502
210.1000000000 -48.8427972979
210.2000000000 -48.9375737567
210.3000000000 -49.0323066647
210.4000000000 -49.1269950751
210.5000000000 -49.2216380565
210.6000000000 -49.3162346929
210.7000000000 -49.4107840835
210.8000000000 -49.5052853426
210.9000000000 -49.5997375996
211.0000000000 -49.6941399987
211.1000000000 -49.7884916991
211.2000000000 -49.8827918748
211.3000000000 -49.9770397143
211.4000000000 -50.0712344208
211.5000000000 -50.1653752116
211.6000000000 -50.2594613187
211.7000000000 -50.3534919881
211.8000000000 -50.4474664798
211.9000000000 -50.5413840677
212.0000000000 -50.6352440395
212.1000000000 -50.7290456967
212.2000000000 -50.8227883541
212.3000000000 -50.9164713398
212.4000000000 -51.0100939951
212.5000000000 -51.1036556746
212.6000000000 -51.1971557454
212.7000000000 -51.2905935876
212.8000000000 -51.3839685935
212.9000000000 -51.4772801680
213.0000000000 -51.5705277283
213.1000000000 -51.6637107034
213.2000000000 -51.7568285341
213.3000000000 -51.8498806730
213.4000000000 -51.9428665841
213.5000000000 -52.0357857427
213.6000000000 -52.1286376352
213.7000000000 -52.2214217588
213.8000000000 -52.3141376215
213.9000000000 -52.4067847417
214.0000000000 -52.4993626482
214.1000000000 -52.5918708798
214.2000000000 -52.6843089852
214.3000000000 -52.7766765227
214.4000000000 -52.8689730602
214.5000000000 -52.9611981748
214.6000000000 -53.0533514526
214.7000000000 -53.1454324886
214.8000000000 -53.2374408863
214.9000000000 -53.3293762577
215.0000000000 -53.4212382228
215.1000000000 -53.5130264097
215.2000000000 -53.6047404541
215.3000000000 -53.6963799992
215.4000000000 -53.7879446957
215.5000000000 -53.8794342010
215.6000000000 -53.9708481795
215.7000000000 -54.0621863021
215.8000000000 -54.1534482461
215.9000000000 -54.2446336950
216.0000000000 -54.3357423380
216.1000000000 -54.4267738701
216.2000000000 -54.5177279917
216.3000000000 -54.6086044084
216.4000000000 -54.6994028307
216.5000000000 -54.7901229738
216.6000000000 -54.8807645576
216.7000000000 -54.9713273061
216.8000000000 -55.0618109473
216.9000000000 -55.1522152130
217.0000000000 -55.2425398386
217.1000000000 -55.3327845629
217.2000000000 -55.4229491277
217.3000000000 -55.5130332775
217.4000000000 -55.6030367599
217.5000000000 -55.6929593243
217.6000000000 -55.7828007227
217.7000000000 -55.8725607090
217.8000000000 -55.9622390385
217.9000000000 -56.0518354683
218.0000000000 -56.1413497566
218.1000000000 -56.2307816626
218.2000000000 -56.3201309465
218.3000000000 -56.4093973688
218.4000000000 -56.4985806905
218.5000000000 -56.5876806728
218.6000000000 -56.6766970767
218.7000000000 -56.7656296628
218.8000000000 -56.8544781914
218.9000000000 -56.9432424220
219.0000000000 -57.0319221129
219.1000000000 -57.1205170217
219.2000000000 -57.2090269041
219.3000000000 -57.2974515147
219.4000000000 -57.3857906060
219.5000000000 -57.4740439285
219.6000000000 -57.5622112308
219.7000000000 -57.6502922588
219.8000000000 -57.7382867559
219.9000000000 -57.8261944629
