0.0000000000 -49.8964050584
0.1000000000 -49.9917581112
0.2000000000 -50.0870736059
0.3000000000 -50.1823507568
0.4000000000 -50.2775887910
0.5000000000 -50.3727869487
0.6000000000 -50.4679444828
0.7000000000 -50.5630606587
0.8000000000 -50.6581347546
0.9000000000 -50.7531660609
1.0000000000 -50.8481538803
1.1000000000 -50.9430975276
1.2000000000 -51.0379963295
1.3000000000 -51.1328496244
1.4000000000 -51.2276567624
1.5000000000 -51.3224171052
1.6000000000 -51.4171300256
1.7000000000 -51.5117949075
1.8000000000 -51.6064111458
1.9000000000 -51.7009781461
2.0000000000 -51.7954953248
2.1000000000 -51.8899621085
2.2000000000 -51.9843779339
2.3000000000 -52.0787422480
2.4000000000 -52.1730545074
2.5000000000 -52.2673141785
2.6000000000 -52.3615207370
2.7000000000 -52.4556736678
2.8000000000 -52.5497724650
2.9000000000 -52.6438166313
3.0000000000 -52.7378056781
3.1000000000 -52.8317391252
3.2000000000 -52.9256165005
3.3000000000 -53.0194373400
3.4000000000 -53.1132011874
3.5000000000 -53.2069075936
3.6000000000 -53.3005561174
3.7000000000 -53.3941463241
3.8000000000 -53.4876777861
3.9000000000 -53.5811500825
4.0000000000 -53.6745627986
4.1000000000 -53.7679155259
4.2000000000 -53.8612078619
4.3000000000 -53.9544394096
4.4000000000 -54.0476097777
4.5000000000 -54.1407185800
4.6000000000 -54.2337654352
4.7000000000 -54.3267499668
4.8000000000 -54.4196718028
4.9000000000 -54.5125305755
5.0000000000 -54.6053259211
5.1000000000 -54.6980574797
5.2000000000 -54.7907248949
5.3000000000 -54.8833278136
5.4000000000 -54.9758658855
5.5000000000 -55.0683387636
5.6000000000 -55.1607461030
5.7000000000 -55.2530875614
5.8000000000 -55.3453627983
5.9000000000 -55.4375714754
6.0000000000 -55.5297132557
6.1000000000 -55.6217878036
6.2000000000 -55.7137947848
6.3000000000 -55.8057338655
6.4000000000 -55.8976047128
6.5000000000 -55.9894069941
6.6000000000 -56.0811403770
6.7000000000 -56.1728045289
6.8000000000 -56.2643991169
6.9000000000 -56.3559238076
7.0000000000 -56.4473782666
7.1000000000 -56.5387621587
7.2000000000 -56.6300751473
7.3000000000 -56.7213168943
7.4000000000 -56.8124870598
7.5000000000 -56.9035853021
7.6000000000 -56.9946112772
7.7000000000 -57.0855646387
7.8000000000 -57.1764450376
7.9000000000 -57.2672521219
8.0000000000 -57.3579855367
8.1000000000 -57.4486449238
8.2000000000 -57.5392299212
8.3000000000 -57.6297401636
8.4000000000 -57.7201752815
8.5000000000 -57.8105349013
8.6000000000 -57.9008186451
8.7000000000 -57.9910261305
8.8000000000 -58.0811569703
8.9000000000 -58.1712107722
9.0000000000 -58.2611871391
9.1000000000 -58.3510856683
9.2000000000 -58.4409059517
9.3000000000 -58.5306475755
9.4000000000 -58.6203101201
9.5000000000 -58.7098931597
9.6000000000 -58.7993962623
9.7000000000 -58.8888189897
9.8000000000 -58.9781608969
9.9000000000 -59.0674215322
10.0000000000 -59.1566004371
10.1000000000 -59.2456971462
10.2000000000 -59.3347111865
10.3000000000 -59.4236420781
10.4000000000 -59.5124893334
10.5000000000 -59.6012524572
10.6000000000 -59.6899309466
10.7000000000 -59.7785242907
10.8000000000 -59.8670319707
10.9000000000 -59.9554534596
11.0000000000 -60.0437882223
11.1000000000 -60.1320357151
11.2000000000 -60.2201953860
11.3000000000 -60.3082666743
11.4000000000 -60.3962490108
11.5000000000 -60.4841418175
11.6000000000 -60.5719445073
11.7000000000 -60.6596564844
11.8000000000 -60.7472771440
11.9000000000 -60.8348058720
12.0000000000 -60.9222420453
12.1000000000 -61.0095850316
12.2000000000 -61.0968341892
12.3000000000 -61.1839888670
12.4000000000 -61.2710484047
12.5000000000 -61.3580121325
12.6000000000 -61.4448793710
12.7000000000 -61.5316494315
12.8000000000 -61.6183216154
12.9000000000 -61.7048952151
13.0000000000 -61.7913695129
13.1000000000 -61.8777437817
13.2000000000 -61.9640172849
13.3000000000 -62.0501892762
13.4000000000 -62.1362589997
13.5000000000 -62.2222256900
13.6000000000 -62.3080885719
13.7000000000 -62.3938468609
13.8000000000 -62.4794997628
13.9000000000 -62.5650464741
14.0000000000 -62.6504861816
14.1000000000 -62.7358180627
14.2000000000 -62.8210412857
14.3000000000 -62.9061550093
14.4000000000 -62.9911583829
14.5000000000 -63.0760505469
14.6000000000 -63.1608306324
14.7000000000 -63.2454977615
14.8000000000 -63.3300510473
14.9000000000 -63.4144895941
15.0000000000 -63.4988124970
15.1000000000 -63.5830188429
15.2000000000 -63.6671077096
15.3000000000 -63.7510781667
15.4000000000 -63.8349292752
15.5000000000 -63.9186600879
15.6000000000 -64.0022696492
15.7000000000 -64.0857569958
15.8000000000 -64.1691211560
15.9000000000 -64.2523611507
16.0000000000 -64.3354759929
16.1000000000 -64.4184646881
16.2000000000 -64.5013262345
16.3000000000 -64.5840596228
16.4000000000 -64.6666638369
16.5000000000 -64.7491378536
16.6000000000 -64.8314806431
16.7000000000 -64.9136911688
16.8000000000 -64.9957683877
16.9000000000 -65.0777112507
17.0000000000 -65.1595187024
17.1000000000 -65.2411896816
17.2000000000 -65.3227231214
17.3000000000 -65.4041179494
17.4000000000 -65.4853730878
17.5000000000 -65.5664874536
17.6000000000 -65.6474599590
17.7000000000 -65.7282895112
17.8000000000 -65.8089750133
17.9000000000 -65.8895153635
18.0000000000 -65.9699094565
18.1000000000 -66.0501561825
18.2000000000 -66.1302544284
18.3000000000 -66.2102030774
18.4000000000 -66.2900010097
18.5000000000 -66.3696471021
18.6000000000 -66.4491402290
18.7000000000 -66.5284792618
18.8000000000 -66.6076630699
18.9000000000 -66.6866905203
19.0000000000 -66.7655604784
19.1000000000 -66.8442718076
19.2000000000 -66.9228233701
19.3000000000 -67.0012140270
19.4000000000 -67.0794426381
19.5000000000 -67.1575080628
19.6000000000 -67.2354091600
19.7000000000 -67.3131447882
19.8000000000 -67.3907138060
19.9000000000 -67.4681150723
20.0000000000 -67.5453474464
20.1000000000 -67.6224097885
20.2000000000 -67.6993009597
20.3000000000 -67.7760198221
20.4000000000 -67.8525652397
20.5000000000 -67.9289360779
20.6000000000 -68.0051312041
20.7000000000 -68.0811494880
20.8000000000 -68.1569898016
20.9000000000 -68.2326510198
21.0000000000 -68.3081320202
21.1000000000 -68.3834316836
21.2000000000 -68.4585488943
21.3000000000 -68.5334825403
21.4000000000 -68.6082315132
21.5000000000 -68.6827947090
21.6000000000 -68.7571710279
21.7000000000 -68.8313593748
21.8000000000 -68.9053586592
21.9000000000 -68.9791677958
22.0000000000 -69.0527857045
22.1000000000 -69.1262113108
22.2000000000 -69.1994435457
22.3000000000 -69.2724813464
22.4000000000 -69.3453236560
22.5000000000 -69.4179694241
22.6000000000 -69.4904176067
22.7000000000 -69.5626671667
22.8000000000 -69.6347170740
22.9000000000 -69.7065663056
23.0000000000 -69.7782138458
23.1000000000 -69.8496586864
23.2000000000 -69.9208998270
23.3000000000 -69.9919362751
23.4000000000 -70.0627670461
23.5000000000 -70.1333911637
23.6000000000 -70.2038076600
23.7000000000 -70.2740155753
23.8000000000 -70.3440139588
23.9000000000 -70.4138018682
24.0000000000 -70.4833783699
24.1000000000 -70.5527425394
24.2000000000 -70.6218934609
24.3000000000 -70.6908302275
24.4000000000 -70.7595519414
24.5000000000 -70.8280577136
24.6000000000 -70.8963466639
24.7000000000 -70.9644179207
24.8000000000 -71.0322706213
24.9000000000 -71.0999039112
25.0000000000 -71.1673169438
25.1000000000 -71.2345088805
25.2000000000 -71.3014788901
25.3000000000 -71.3682261479
25.4000000000 -71.4347498359
25.5000000000 -71.5010491410
25.6000000000 -71.5671232553
25.7000000000 -71.6329713738
25.8000000000 -71.6985926942
25.9000000000 -71.7639864149
26.0000000000 -71.8291517332
26.1000000000 -71.8940878434
26.2000000000 -71.9587939347
26.3000000000 -72.0232691877
26.4000000000 -72.0875127717
26.5000000000 -72.1515238406
26.6000000000 -72.2153015286
26.7000000000 -72.2788449448
26.8000000000 -72.3421531672
26.9000000000 -72.4052252355
27.0000000000 -72.4680601430
27.1000000000 -72.5306568271
27.2000000000 -72.5930141576
27.3000000000 -72.6551309243
27.4000000000 -72.7170058215
27.5000000000 -72.7786374302
27.6000000000 -72.8400241982
27.7000000000 -72.9011644156
27.8000000000 -72.9620561876
27.9000000000 -73.0226974018
28.0000000000 -73.0830856909
28.1000000000 -73.1432183892
28.2000000000 -73.2030924817
28.3000000000 -73.2627045450
28.4000000000 -73.3220506792
28.5000000000 -73.3811264276
28.6000000000 -73.4399266841
28.7000000000 -73.4984455857
28.8000000000 -73.5566763866
28.9000000000 -73.6146113126
29.0000000000 -73.6722413915
29.1000000000 -73.7295562560
29.2000000000 -73.7865439142
29.3000000000 -73.8431904827
29.4000000000 -73.8994798770
29.5000000000 -73.9553934503
29.6000000000 -74.0109095742
29.7000000000 -74.0660031509
29.8000000000 -74.1206450456
29.9000000000 -74.1748014270
30.0000000000 -74.2284329994
30.1000000000 -74.2814941106
30.2000000000 -74.3339317131
30.3000000000 -74.3856841574
30.4000000000 -74.4366797870
30.5000000000 -74.4868353051
30.6000000000 -74.5360538747
30.7000000000 -74.5842229088
30.8000000000 -74.6312114996
30.9000000000 -74.6768674288
31.0000000000 -74.7210136900
31.1000000000 -74.7634444430
31.2000000000 -74.8039203089
31.3000000000 -74.8421628967
31.4000000000 -74.8778484366
31.5000000000 -74.9106003752
31.6000000000 -74.9399807620
31.7000000000 -74.9654802297
31.8000000000 -74.9865063420
31.9000000000 -75.0023700384
32.0000000000 -75.0122698705
32.1000000000 -75.0152736674
32.2000000000 -75.0102972128
32.3000000000 -74.9960794500
32.4000000000 -74.9711536477
32.5000000000 -74.9338138761
32.6000000000 -74.8820760311
32.7000000000 -74.8136325268
32.8000000000 -74.7257996361
32.9000000000 -74.6154562954
33.0000000000 -74.4789730060
33.1000000000 -74.3121292454
33.2000000000 -74.1100175593
33.3000000000 -73.8669322155
33.4000000000 -73.5762399774
33.5000000000 -73.2302301717
33.6000000000 -72.8199407902
33.7000000000 -72.3349568483
33.8000000000 -71.7631766103
33.9000000000 -71.0905405443
34.0000000000 -70.3007169106
34.1000000000 -69.3747365996
34.2000000000 -68.2905679820
34.3000000000 -67.0226196656
34.4000000000 -65.5411543422
34.5000000000 -63.8115887673
34.6000000000 -61.7936404030
34.7000000000 -59.4402550184
34.8000000000 -56.6962023062
34.9000000000 -53.4961438467
35.0000000000 -49.7618414570
35.1000000000 -45.3979754619
35.2000000000 -40.2858199198
35.3000000000 -34.2739176769
35.4000000000 -27.1652190639
35.5000000000 -18.7024496994
35.6000000000 -8.5713398350
35.7000000000 3.4472251359
35.8000000000 16.6550040842
35.9000000000 27.8842574739
36.0000000000 33.7415393980
36.1000000000 35.3726785375
36.2000000000 35.6790642895
36.3000000000 35.8702053140
36.4000000000 36.0900838966
36.5000000000 36.3045278727
36.6000000000 36.4868650542
36.7000000000 36.6263204433
36.8000000000 36.7208360287
36.9000000000 36.7722894000
37.0000000000 36.7840417229
37.1000000000 36.7597714054
37.2000000000 36.7029599191
37.3000000000 36.6166987516
37.4000000000 36.5036491690
37.5000000000 36.3660700211
37.6000000000 36.2058715038
37.7000000000 36.0246746043
37.8000000000 35.8238670422
37.9000000000 35.6046520936
38.0000000000 35.3680893985
38.1000000000 35.1151281092
38.2000000000 34.8466332466
38.3000000000 34.5634062791
38.4000000000 34.2662009107
38.5000000000 33.9557349669
38.6000000000 33.6326991468
38.7000000000 33.2977632866
38.8000000000 32.9515806745
38.9000000000 32.5947908544
39.0000000000 32.2280212822
39.1000000000 31.8518881219
39.2000000000 31.4669964196
39.3000000000 31.0739398389
39.4000000000 30.6733001089
39.5000000000 30.2656462984
39.6000000000 29.8515340073
39.7000000000 29.4315045416
39.8000000000 29.0060841235
39.9000000000 28.5757831726
40.0000000000 28.1410956803
40.1000000000 27.7024986960
40.2000000000 27.2604519296
40.3000000000 26.8153974746
40.4000000000 26.3677596495
40.5000000000 25.9179449510
40.6000000000 25.4663421129
40.7000000000 25.0133222611
40.8000000000 24.5592391540
40.9000000000 24.1044294993
41.0000000000 23.6492133346
41.1000000000 23.1938944643
41.2000000000 22.7387609391
41.3000000000 22.2840855726
41.4000000000 21.8301264831
41.5000000000 21.3771276548
41.6000000000 20.9253195094
41.7000000000 20.4749194835
41.8000000000 20.0261326047
41.9000000000 19.5791520615
42.0000000000 19.1341597643
42.1000000000 18.6913268915
42.2000000000 18.2508144203
42.3000000000 17.8127736378
42.4000000000 17.3773466320
42.5000000000 16.9446667603
42.6000000000 16.5148590952
42.7000000000 16.0880408463
42.8000000000 15.6643217586
42.9000000000 15.2438044867
43.0000000000 14.8265849462
43.1000000000 14.4127526411
43.2000000000 14.0023909701
43.3000000000 13.5955775101
43.4000000000 13.1923842810
43.5000000000 12.7928779890
43.6000000000 12.3971202537
43.7000000000 12.0051678165
43.8000000000 11.6170727343
43.9000000000 11.2328825576
44.0000000000 10.8526404966
44.1000000000 10.4763855739
44.2000000000 10.1041527669
44.3000000000 9.7359731410
44.4000000000 9.3718739730
44.5000000000 9.0118788688
44.6000000000 8.6560078728
44.7000000000 8.3042775734
44.8000000000 7.9567012029
44.9000000000 7.6132887338
45.0000000000 7.2740469721
45.1000000000 6.9389796475
45.2000000000 6.6080875025
45.3000000000 6.2813683790
45.4000000000 5.9588173040
45.5000000000 5.6404265755
45.6000000000 5.3261858469
45.7000000000 5.0160822124
45.8000000000 4.7101002918
45.9000000000 4.4082223170
46.0000000000 4.1104282184
46.1000000000 3.8166957124
46.2000000000 3.5270003903
46.3000000000 3.2413158076
46.4000000000 2.9596135749
46.5000000000 2.6818634494
46.6000000000 2.4080334270
46.7000000000 2.1380898356
46.8000000000 1.8719974278
46.9000000000 1.6097194751
47.0000000000 1.3512178608
47.1000000000 1.0964531732
47.2000000000 0.8453847978
47.3000000000 0.5979710093
47.4000000000 0.3541690617
47.5000000000 0.1139352772
47.6000000000 -0.1227748659
47.7000000000 -0.3560066483
47.8000000000 -0.5858060258
47.9000000000 -0.8122195483
48.0000000000 -1.0352942806
48.1000000000 -1.2550777266
48.2000000000 -1.4716177552
48.3000000000 -1.6849625297
48.4000000000 -1.8951604396
48.5000000000 -2.1022600356
48.6000000000 -2.3063099674
48.7000000000 -2.5073589244
48.8000000000 -2.7054555793
48.9000000000 -2.9006485353
49.0000000000 -3.0929862753
49.1000000000 -3.2825171146
49.2000000000 -3.4692891564
49.3000000000 -3.6533502500
49.4000000000 -3.8347479516
49.5000000000 -4.0135294882
49.6000000000 -4.1897417237
49.7000000000 -4.3634311277
49.8000000000 -4.5346437463
49.9000000000 -4.7034251762
50.0000000000 -4.8698205399
50.1000000000 -5.0338744637
50.2000000000 -5.1956310577
50.3000000000 -5.3551338975
50.4000000000 -5.5124260081
50.5000000000 -5.6675498492
50.6000000000 -5.8205473024
50.7000000000 -5.9714596601
50.8000000000 -6.1203276154
50.9000000000 -6.2671912541
51.0000000000 -6.4120900477
51.1000000000 -6.5550628474
51.2000000000 -6.6961478796
51.3000000000 -6.8353827430
51.4000000000 -6.9728044052
51.5000000000 -7.1084492023
51.6000000000 -7.2423528378
51.7000000000 -7.3745503829
51.8000000000 -7.5050762782
51.9000000000 -7.6339643351
52.0000000000 -7.7612477386
52.1000000000 -7.8869590503
52.2000000000 -8.0111302126
52.3000000000 -8.1337925529
52.4000000000 -8.2549767884
52.5000000000 -8.3747130317
52.6000000000 -8.4930307963
52.7000000000 -8.6099590032
52.8000000000 -8.7255259870
52.9000000000 -8.8397595033
53.0000000000 -8.9526867353
53.1000000000 -9.0643343021
53.2000000000 -9.1747282656
53.3000000000 -9.2838941388
53.4000000000 -9.3918568943
53.5000000000 -9.4986409719
53.6000000000 -9.6042702876
53.7000000000 -9.7087682421
53.8000000000 -9.8121577292
53.9000000000 -9.9144611452
54.0000000000 -10.0157003971
54.1000000000 -10.1158969120
54.2000000000 -10.2150716460
54.3000000000 -10.3132450930
54.4000000000 -10.4104372939
54.5000000000 -10.5066678456
54.6000000000 -10.6019559098
54.7000000000 -10.6963202222
54.8000000000 -10.7897791015
54.9000000000 -10.8823504578
55.0000000000 -10.9740518021
55.1000000000 -11.0649002544
55.2000000000 -11.1549125529
55.3000000000 -11.2441050624
55.4000000000 -11.3324937828
55.5000000000 -11.4200943575
55.6000000000 -11.5069220817
55.7000000000 -11.5929919108
55.8000000000 -11.6783184680
55.9000000000 -11.7629160531
56.0000000000 -11.8467986494
56.1000000000 -11.9299799321
56.2000000000 -12.0124732756
56.3000000000 -12.0942917610
56.4000000000 -12.1754481836
56.5000000000 -12.2559550596
56.6000000000 -12.3358246337
56.7000000000 -12.4150688859
56.8000000000 -12.4936995378
56.9000000000 -12.5717280599
57.0000000000 -12.6491656775
57.1000000000 -12.7260233775
57.2000000000 -12.8023119143
57.3000000000 -12.8780418158
57.4000000000 -12.9532233896
57.5000000000 -13.0278667287
57.6000000000 -13.1019817169
57.7000000000 -13.1755780344
57.8000000000 -13.2486651634
57.9000000000 -13.3212523930
58.0000000000 -13.3933488245
58.1000000000 -13.4649633760
58.2000000000 -13.5361047879
58.3000000000 -13.6067816269
58.4000000000 -13.6770022909
58.5000000000 -13.7467750135
58.6000000000 -13.8161078680
58.7000000000 -13.8850087721
58.8000000000 -13.9534854916
58.9000000000 -14.0215456444
59.0000000000 -14.0891967045
59.1000000000 -14.1564460059
59.2000000000 -14.2233007457
59.3000000000 -14.2897679883
59.4000000000 -14.3558546682
59.5000000000 -14.4215675941
59.6000000000 -14.4869134512
59.7000000000 -14.5518988052
59.8000000000 -14.6165301048
59.9000000000 -14.6808136851
60.0000000000 -14.7447557701
60.1000000000 -14.8083624755
60.2000000000 -14.8716398118
60.3000000000 -14.9345936865
60.4000000000 -14.9972299070
60.5000000000 -15.0595541828
60.6000000000 -15.1215721280
60.7000000000 -15.1832892638
60.8000000000 -15.2447110205
60.9000000000 -15.3058427398
61.0000000000 -15.3666896771
61.1000000000 -15.4272570034
61.2000000000 -15.4875498072
61.3000000000 -15.5475730967
61.4000000000 -15.6073318016
61.5000000000 -15.6668307751
61.6000000000 -15.7260747954
61.7000000000 -15.7850685674
61.8000000000 -15.8438167248
61.9000000000 -15.9023238316
62.0000000000 -15.9605943833
62.1000000000 -16.0186328090
62.2000000000 -16.0764434726
62.3000000000 -16.1340306743
62.4000000000 -16.1913986521
62.5000000000 -16.2485515831
62.6000000000 -16.3054935849
62.7000000000 -16.3622287170
62.8000000000 -16.4187609819
62.9000000000 -16.4750943265
63.0000000000 -16.5312326430
63.1000000000 -16.5871797707
63.2000000000 -16.6429394964
63.3000000000 -16.6985155562
63.4000000000 -16.7539116361
63.5000000000 -16.8091313731
63.6000000000 -16.8641783566
63.7000000000 -16.9190561292
63.8000000000 -16.9737681874
63.9000000000 -17.0283179830
64.0000000000 -17.0827089238
64.1000000000 -17.1369443746
64.2000000000 -17.1910276580
64.3000000000 -17.2449620553
64.4000000000 -17.2987508075
64.5000000000 -17.3523971158
64.6000000000 -17.4059041428
64.7000000000 -17.4592750129
64.8000000000 -17.5125128134
64.9000000000 -17.5656205950
65.0000000000 -17.6186013728
65.1000000000 -17.6714581268
65.2000000000 -17.7241938026
65.3000000000 -17.7768113122
65.4000000000 -17.8293135347
65.5000000000 -17.8817033169
65.6000000000 -17.9339834737
65.7000000000 -17.9861567892
65.8000000000 -18.0382260171
65.9000000000 -18.0901938811
66.0000000000 -18.1420630758
66.1000000000 -18.1938362670
66.2000000000 -18.2455160926
66.3000000000 -18.2971051629
66.4000000000 -18.3486060610
66.5000000000 -18.4000213438
66.6000000000 -18.4513535422
66.7000000000 -18.5026051616
66.8000000000 -18.5537786824
66.9000000000 -18.6048765607
67.0000000000 -18.6559012285
67.1000000000 -18.7068550943
67.2000000000 -18.7577405436
67.3000000000 -18.8085599394
67.4000000000 -18.8593156223
67.5000000000 -18.9100099115
67.6000000000 -18.9606451045
67.7000000000 -19.0112234782
67.8000000000 -19.0617472891
67.9000000000 -19.1122187733
68.0000000000 -19.1626401474
68.1000000000 -19.2130136088
68.2000000000 -19.2633413359
68.3000000000 -19.3136254883
68.4000000000 -19.3638682079
68.5000000000 -19.4140716183
68.6000000000 -19.4642378258
68.7000000000 -19.5143689197
68.8000000000 -19.5644669721
68.9000000000 -19.6145340391
69.0000000000 -19.6645721603
69.1000000000 -19.7145833596
69.2000000000 -19.7645696452
69.3000000000 -19.8145330102
69.4000000000 -19.8644754329
69.5000000000 -19.9143988767
69.6000000000 -19.9643052908
69.7000000000 -20.0141966102
69.8000000000 -20.0640747564
69.9000000000 -20.1139416370
70.0000000000 -20.1637991465
70.1000000000 -20.2136491666
70.2000000000 -20.2634935659
70.3000000000 -20.3133342007
70.4000000000 -20.3631729150
70.5000000000 -20.4130115409
70.6000000000 -20.4628518986
70.7000000000 -20.5126957968
70.8000000000 -20.5625450328
70.9000000000 -20.6124013930
71.0000000000 -20.6622666527
71.1000000000 -20.7121425767
71.2000000000 -20.7620309192
71.3000000000 -20.8119334243
71.4000000000 -20.8618518258
71.5000000000 -20.9117878480
71.6000000000 -20.9617432052
71.7000000000 -21.0117196024
71.8000000000 -21.0617187352
71.9000000000 -21.1117422901
72.0000000000 -21.1617919447
72.1000000000 -21.2118693678
72.2000000000 -21.2619762195
72.3000000000 -21.3121141517
72.4000000000 -21.3622848078
72.5000000000 -21.4124898230
72.6000000000 -21.4627308248
72.7000000000 -21.5130094326
72.8000000000 -21.5633272583
72.9000000000 -21.6136859061
73.0000000000 -21.6640869729
73.1000000000 -21.7145320484
73.2000000000 -21.7650227149
73.3000000000 -21.8155605478
73.4000000000 -21.8661471159
73.5000000000 -21.9167839807
73.6000000000 -21.9674726975
73.7000000000 -22.0182148147
73.8000000000 -22.0690118746
73.9000000000 -22.1198654129
74.0000000000 -22.1707769593
74.1000000000 -22.2217480371
74.2000000000 -22.2727801639
74.3000000000 -22.3238748511
74.4000000000 -22.3750336045
74.5000000000 -22.4262579238
74.6000000000 -22.4775493033
74.7000000000 -22.5289092318
74.8000000000 -22.5803391922
74.9000000000 -22.6318406624
75.0000000000 -22.6834151146
75.1000000000 -22.7350640159
75.2000000000 -22.7867888280
75.3000000000 -22.8385910076
75.4000000000 -22.8904720061
75.5000000000 -22.9424332701
75.6000000000 -22.9944762410
75.7000000000 -23.0466023552
75.8000000000 -23.0988130444
75.9000000000 -23.1511097353
76.0000000000 -23.2034938497
76.1000000000 -23.2559668048
76.2000000000 -23.3085300130
76.3000000000 -23.3611848819
76.4000000000 -23.4139328144
76.5000000000 -23.4667752088
76.6000000000 -23.5197134589
76.7000000000 -23.5727489535
76.8000000000 -23.6258830773
76.9000000000 -23.6791172098
77.0000000000 -23.7324527265
77.1000000000 -23.7858909981
77.2000000000 -23.8394333905
77.3000000000 -23.8930812655
77.4000000000 -23.9468359799
77.5000000000 -24.0006988861
77.6000000000 -24.0546713321
77.7000000000 -24.1087546611
77.8000000000 -24.1629502118
77.9000000000 -24.2172593181
78.0000000000 -24.2716833095
78.1000000000 -24.3262235108
78.2000000000 -24.3808812421
78.3000000000 -24.4356578187
78.4000000000 -24.4905545513
78.5000000000 -24.5455727457
78.6000000000 -24.6007137030
78.7000000000 -24.6559787195
78.8000000000 -24.7113690866
78.9000000000 -24.7668860906
79.0000000000 -24.8225310129
79.1000000000 -24.8783051301
79.2000000000 -24.9342097134
79.3000000000 -24.9902460291
79.4000000000 -25.0464153382
79.5000000000 -25.1027188964
79.6000000000 -25.1591579541
79.7000000000 -25.2157337565
79.8000000000 -25.2724475431
79.9000000000 -25.3293005479
80.0000000000 -25.3862939995
80.1000000000 -25.4434291206
80.2000000000 -25.5007071281
80.3000000000 -25.5581292333
80.4000000000 -25.6156966413
80.5000000000 -25.6734105513
80.6000000000 -25.7312721564
80.7000000000 -25.7892826434
80.8000000000 -25.8474431928
80.9000000000 -25.9057549788
81.0000000000 -25.9642191689
81.1000000000 -26.0228369241
81.2000000000 -26.0816093987
81.3000000000 -26.1405377399
81.4000000000 -26.1996230882
81.5000000000 -26.2588665770
81.6000000000 -26.3182693324
81.7000000000 -26.3778324732
81.8000000000 -26.4375571108
81.9000000000 -26.4974443490
82.0000000000 -26.5574952839
82.1000000000 -26.6177110038
82.2000000000 -26.6780925890
82.3000000000 -26.7386411118
82.4000000000 -26.7993576360
82.5000000000 -26.8602432172
82.6000000000 -26.9212989025
82.7000000000 -26.9825257304
82.8000000000 -27.0439247302
82.9000000000 -27.1054969227
83.0000000000 -27.1672433193
83.1000000000 -27.2291649221
83.2000000000 -27.2912627239
83.3000000000 -27.3535377078
83.4000000000 -27.4159908472
83.5000000000 -27.4786231056
83.6000000000 -27.5414354364
83.7000000000 -27.6044287826
83.8000000000 -27.6676040771
83.9000000000 -27.7309622419
84.0000000000 -27.7945041883
84.1000000000 -27.8582308169
84.2000000000 -27.9221430168
84.3000000000 -27.9862416663
84.4000000000 -28.0505276317
84.5000000000 -28.1150017681
84.6000000000 -28.1796649185
84.7000000000 -28.2445179140
84.8000000000 -28.3095615735
84.9000000000 -28.3747967036
85.0000000000 -28.4402240983
85.1000000000 -28.5058445387
85.2000000000 -28.5716587932
85.3000000000 -28.6376676169
85.4000000000 -28.7038717518
85.5000000000 -28.7702719261
85.6000000000 -28.8368688546
85.7000000000 -28.9036632382
85.8000000000 -28.9706557635
85.9000000000 -29.0378471031
86.0000000000 -29.1052379149
86.1000000000 -29.1728288425
86.2000000000 -29.2406205143
86.3000000000 -29.3086135440
86.4000000000 -29.3768085298
86.5000000000 -29.4452060547
86.6000000000 -29.5138066861
86.7000000000 -29.5826109754
86.8000000000 -29.6516194583
86.9000000000 -29.7208326542
87.0000000000 -29.7902510662
87.1000000000 -29.8598751808
87.2000000000 -29.9297054677
87.3000000000 -29.9997423799
87.4000000000 -30.0699863532
87.5000000000 -30.1404378061
87.6000000000 -30.2110971397
87.7000000000 -30.2819647373
87.8000000000 -30.3530409647
87.9000000000 -30.4243261694
88.0000000000 -30.4958206810
88.1000000000 -30.5675248104
88.2000000000 -30.6394388503
88.3000000000 -30.7115630747
88.4000000000 -30.7838977385
88.5000000000 -30.8564430780
88.6000000000 -30.9291993100
88.7000000000 -31.0021666321
88.8000000000 -31.0753452224
88.9000000000 -31.1487352393
89.0000000000 -31.2223368216
89.1000000000 -31.2961500880
89.2000000000 -31.3701751371
89.3000000000 -31.4444120474
89.4000000000 -31.5188608771
89.5000000000 -31.5935216637
89.6000000000 -31.6683944243
89.7000000000 -31.7434791552
89.8000000000 -31.8187758318
89.9000000000 -31.8942844084
90.0000000000 -31.9700048186
90.1000000000 -32.0459369744
90.2000000000 -32.1220807668
90.3000000000 -32.1984360651
90.4000000000 -32.2750027173
90.5000000000 -32.3517805499
90.6000000000 -32.4287693675
90.7000000000 -32.5059689531
90.8000000000 -32.5833790679
90.9000000000 -32.6609994510
91.0000000000 -32.7388298198
91.1000000000 -32.8168698695
91.2000000000 -32.8951192733
91.3000000000 -32.9735776822
91.4000000000 -33.0522447252
91.5000000000 -33.1311200089
91.6000000000 -33.2102031178
91.7000000000 -33.2894936141
91.8000000000 -33.3689910376
91.9000000000 -33.4486949061
92.0000000000 -33.5286047149
92.1000000000 -33.6087199369
92.2000000000 -33.6890400228
92.3000000000 -33.7695644012
92.4000000000 -33.8502924782
92.5000000000 -33.9312236377
92.6000000000 -34.0123572415
92.7000000000 -34.0936926291
92.8000000000 -34.1752291178
92.9000000000 -34.2569660031
93.0000000000 -34.3389025582
93.1000000000 -34.4210380346
93.2000000000 -34.5033716616
93.3000000000 -34.5859026469
93.4000000000 -34.6686301765
93.5000000000 -34.7515534146
93.6000000000 -34.8346715041
93.7000000000 -34.9179835662
93.8000000000 -35.0014887009
93.9000000000 -35.0851859872
94.0000000000 -35.1690744826
94.1000000000 -35.2531532240
94.2000000000 -35.3374212274
94.3000000000 -35.4218774882
94.4000000000 -35.5065209811
94.5000000000 -35.5913506606
94.6000000000 -35.6763654611
94.7000000000 -35.7615642969
94.8000000000 -35.8469460623
94.9000000000 -35.9325096324
95.0000000000 -36.0182538624
95.1000000000 -36.1041775885
95.2000000000 -36.1902796278
95.3000000000 -36.2765587786
95.4000000000 -36.3630138206
95.5000000000 -36.4496435151
95.6000000000 -36.5364466052
95.7000000000 -36.6234218161
95.8000000000 -36.7105678554
95.9000000000 -36.7978834132
96.0000000000 -36.8853671626
96.1000000000 -36.9730177595
96.2000000000 -37.0608338434
96.3000000000 -37.1488140374
96.4000000000 -37.2369569485
96.5000000000 -37.3252611679
96.6000000000 -37.4137252712
96.7000000000 -37.5023478189
96.8000000000 -37.5911273565
96.9000000000 -37.6800624150
97.0000000000 -37.7691515109
97.1000000000 -37.8583931470
97.2000000000 -37.9477858120
97.3000000000 -38.0373279817
97.4000000000 -38.1270181186
97.5000000000 -38.2168546726
97.6000000000 -38.3068360811
97.7000000000 -38.3969607697
97.8000000000 -38.4872271522
97.9000000000 -38.5776336310
98.0000000000 -38.6681785976
98.1000000000 -38.7588604328
98.2000000000 -38.8496775072
98.3000000000 -38.9406281814
98.4000000000 -39.0317108066
98.5000000000 -39.1229237245
98.6000000000 -39.2142652682
98.7000000000 -39.3057337623
98.8000000000 -39.3973275232
98.9000000000 -39.4890448597
99.0000000000 -39.5808840731
99.1000000000 -39.6728434578
99.2000000000 -39.7649213016
99.3000000000 -39.8571158861
99.4000000000 -39.9494254870
99.5000000000 -40.0418483745
99.6000000000 -40.1343828137
99.7000000000 -40.2270270650
99.8000000000 -40.3197793845
99.9000000000 -40.4126380244
100.0000000000 -40.5056012331
100.1000000000 -40.5986672560
100.2000000000 -40.6918343355
100.3000000000 -40.7851007119
100.4000000000 -40.8784646229
100.5000000000 -40.9719243050
100.6000000000 -41.0654779931
100.7000000000 -41.1591239213
100.8000000000 -41.2528603230
100.9000000000 -41.3466854314
101.0000000000 -41.4405974801
101.1000000000 -41.5345947029
101.2000000000 -41.6286753347
101.3000000000 -41.7228376116
101.4000000000 -41.8170797714
101.5000000000 -41.9114000537
101.6000000000 -42.0057967006
101.7000000000 -42.1002679567
101.8000000000 -42.1948120698
101.9000000000 -42.2894272910
102.0000000000 -42.3841118750
102.1000000000 -42.4788640808
102.2000000000 -42.5736821715
102.3000000000 -42.6685644151
102.4000000000 -42.7635090847
102.5000000000 -42.8585144584
102.6000000000 -42.9535788204
102.7000000000 -43.0487004607
102.8000000000 -43.1438776755
102.9000000000 -43.2391087678
103.0000000000 -43.3343920474
103.1000000000 -43.4297258314
103.2000000000 -43.5251084442
103.3000000000 -43.6205382181
103.4000000000 -43.7160134934
103.5000000000 -43.8115326189
103.6000000000 -43.9070939518
103.7000000000 -44.0026958583
103.8000000000 -44.0983367135
103.9000000000 -44.1940149022
104.0000000000 -44.2897288187
104.1000000000 -44.3854768669
104.2000000000 -44.4812574612
104.3000000000 -44.5770690262
104.4000000000 -44.6729099969
104.5000000000 -44.7687788194
104.6000000000 -44.8646739504
104.7000000000 -44.9605938581
104.8000000000 -45.0565370219
104.9000000000 -45.1525019331
105.0000000000 -45.2484870944
105.1000000000 -45.3444910207
105.2000000000 -45.4405122390
105.3000000000 -45.5365492886
105.4000000000 -45.6326007212
105.5000000000 -45.7286651012
105.6000000000 -45.8247410059
105.7000000000 -45.9208270254
105.8000000000 -46.0169217627
105.9000000000 -46.1130238344
106.0000000000 -46.2091318700
106.1000000000 -46.3052445129
106.2000000000 -46.4013604195
106.3000000000 -46.4974782604
106.4000000000 -46.5935967196
106.5000000000 -46.6897144951
106.6000000000 -46.7858302988
106.7000000000 -46.8819428567
106.8000000000 -46.9780509088
106.9000000000 -47.0741532093
107.0000000000 -47.1702485267
107.1000000000 -47.2663356436
107.2000000000 -47.3624133571
107.3000000000 -47.4584804786
107.4000000000 -47.5545358339
107.5000000000 -47.6505782634
107.6000000000 -47.7466066217
107.7000000000 -47.8426197782
107.8000000000 -47.9386166164
107.9000000000 -48.0345960347
108.0000000000 -48.1305569457
108.1000000000 -48.2264982767
108.2000000000 -48.3224189694
108.3000000000 -48.4183179800
108.4000000000 -48.5141942791
108.5000000000 -48.6100468518
108.6000000000 -48.7058746975
108.7000000000 -48.8016768300
108.8000000000 -48.8974522773
108.9000000000 -48.9932000817
109.0000000000 -49.0889192998
109.1000000000 -49.1846090023
109.2000000000 -49.2802682737
109.3000000000 -49.3758962127
109.4000000000 -49.4714919320
109.5000000000 -49.5670545580
109.6000000000 -49.6625832308
109.7000000000 -49.7580771043
109.8000000000 -49.8535353457
109.9000000000 -49.9489571358
110.0000000000 -50.0443416689
110.1000000000 -50.1396881521
110.2000000000 -50.2349958061
110.3000000000 -50.3302638642
110.4000000000 -50.4254915727
110.5000000000 -50.5206781907
110.6000000000 -50.6158229899
110.7000000000 -50.7109252542
110.8000000000 -50.8059842801
110.9000000000 -50.9009993761
111.0000000000 -50.9959698630
111.1000000000 -51.0908950729
111.2000000000 -51.1857743502
111.3000000000 -51.2806070505
111.4000000000 -51.3753925409
111.5000000000 -51.4701301995
111.6000000000 -51.5648194157
111.7000000000 -51.6594595896
111.8000000000 -51.7540501320
111.9000000000 -51.8485904641
112.0000000000 -51.9430800176
112.1000000000 -52.0375182341
112.2000000000 -52.1319045653
112.3000000000 -52.2262384724
112.4000000000 -52.3205194264
112.5000000000 -52.4147469073
112.6000000000 -52.5089204045
112.7000000000 -52.6030394162
112.8000000000 -52.6971034491
112.9000000000 -52.7911120188
113.0000000000 -52.8850646488
113.1000000000 -52.9789608708
113.2000000000 -53.0728002244
113.3000000000 -53.1665822567
113.4000000000 -53.2603065223
113.5000000000 -53.3539725829
113.6000000000 -53.4475800071
113.7000000000 -53.5411283704
113.8000000000 -53.6346172545
113.9000000000 -53.7280462475
114.0000000000 -53.8214149437
114.1000000000 -53.9147229429
114.2000000000 -54.0079698505
114.3000000000 -54.1011552774
114.4000000000 -54.1942788395
114.5000000000 -54.2873401573
114.6000000000 -54.3803388562
114.7000000000 -54.4732745659
114.8000000000 -54.5661469201
114.9000000000 -54.6589555565
115.0000000000 -54.7517001163
115.1000000000 -54.8443802441
115.2000000000 -54.9369955879
115.3000000000 -55.0295457983
115.4000000000 -55.1220305287
115.5000000000 -55.2144494348
115.6000000000 -55.3068021747
115.7000000000 -55.3990884082
115.8000000000 -55.4913077969
115.9000000000 -55.5834600038
116.0000000000 -55.6755446932
116.1000000000 -55.7675615301
116.2000000000 -55.8595101805
116.3000000000 -55.9513903108
116.4000000000 -56.0432015875
116.5000000000 -56.1349436773
116.6000000000 -56.2266162465
116.7000000000 -56.3182189609
116.8000000000 -56.4097514857
116.9000000000 -56.5012134851
117.0000000000 -56.5926046221
117.1000000000 -56.6839245584
117.2000000000 -56.7751729537
117.3000000000 -56.8663494663
117.4000000000 -56.9574537521
117.5000000000 -57.0484854646
117.6000000000 -57.1394442550
117.7000000000 -57.2303297715
117.8000000000 -57.3211416595
117.9000000000 -57.4118795609
118.0000000000 -57.5025431146
118.1000000000 -57.5931319553
118.2000000000 -57.6836457144
118.3000000000 -57.7740840188
118.4000000000 -57.8644464914
118.5000000000 -57.9547327505
118.6000000000 -58.0449424098
118.7000000000 -58.1350750780
118.8000000000 -58.2251303589
118.9000000000 -58.3151078509
119.0000000000 -58.4050071470
119.1000000000 -58.4948278347
119.2000000000 -58.5845694955
119.3000000000 -58.6742317050
119.4000000000 -58.7638140326
119.5000000000 -58.8533160414
119.6000000000 -58.9427372880
119.7000000000 -59.0320773222
119.8000000000 -59.1213356871
119.9000000000 -59.2105119188
120.0000000000 -59.2996055463
120.1000000000 -59.3886160912
120.2000000000 -59.4775430677
120.3000000000 -59.5663859824
120.4000000000 -59.6551443343
120.5000000000 -59.7438176144
120.6000000000 -59.8324053060
120.7000000000 -59.9209068839
120.8000000000 -60.0093218150
120.9000000000 -60.0976495577
121.0000000000 -60.1858895621
121.1000000000 -60.2740412697
121.2000000000 -60.3621041133
121.3000000000 -60.4500775170
121.4000000000 -60.5379608962
121.5000000000 -60.6257536570
121.6000000000 -60.7134551969
121.7000000000 -60.8010649042
121.8000000000 -60.8885821580
121.9000000000 -60.9760063282
122.0000000000 -61.0633367754
122.1000000000 -61.1505728510
122.2000000000 -61.2377138968
122.3000000000 -61.3247592454
122.4000000000 -61.4117082198
122.5000000000 -61.4985601335
122.6000000000 -61.5853142904
122.7000000000 -61.6719699851
122.8000000000 -61.7585265023
122.9000000000 -61.8449831174
123.0000000000 -61.9313390959
123.1000000000 -62.0175936939
123.2000000000 -62.1037461578
123.3000000000 -62.1897957245
123.4000000000 -62.2757416212
123.5000000000 -62.3615830655
123.6000000000 -62.4473192657
123.7000000000 -62.5329494203
123.8000000000 -62.6184727185
123.9000000000 -62.7038883400
124.0000000000 -62.7891954549
124.1000000000 -62.8743932244
124.2000000000 -62.9594808000
124.3000000000 -63.0444573241
124.4000000000 -63.1293219299
124.5000000000 -63.2140737416
124.6000000000 -63.2987118743
124.7000000000 -63.3832354342
124.8000000000 -63.4676435186
124.9000000000 -63.5519352159
125.0000000000 -63.6361096062
125.1000000000 -63.7201657606
125.2000000000 -63.8041027421
125.3000000000 -63.8879196050
125.4000000000 -63.9716153958
125.5000000000 -64.0551891525
125.6000000000 -64.1386399052
125.7000000000 -64.2219666762
125.8000000000 -64.3051684802
125.9000000000 -64.3882443240
126.0000000000 -64.4711932072
126.1000000000 -64.5540141221
126.2000000000 -64.6367060536
126.3000000000 -64.7192679800
126.4000000000 -64.8016988725
126.5000000000 -64.8839976956
126.6000000000 -64.9661634076
126.7000000000 -65.0481949602
126.8000000000 -65.1300912991
126.9000000000 -65.2118513639
127.0000000000 -65.2934740885
127.1000000000 -65.3749584013
127.2000000000 -65.4563032252
127.3000000000 -65.5375074778
127.4000000000 -65.6185700719
127.5000000000 -65.6994899153
127.6000000000 -65.7802659113
127.7000000000 -65.8608969587
127.8000000000 -65.9413819523
127.9000000000 -66.0217197826
128.0000000000 -66.1019093367
128.1000000000 -66.1819494980
128.2000000000 -66.2618391464
128.3000000000 -66.3415771589
128.4000000000 -66.4211624097
128.5000000000 -66.5005937700
128.6000000000 -66.5798701089
128.7000000000 -66.6589902931
128.8000000000 -66.7379531875
128.9000000000 -66.8167576552
129.0000000000 -66.8954025577
129.1000000000 -66.9738867554
129.2000000000 -67.0522091076
129.3000000000 -67.1303684728
129.4000000000 -67.2083637090
129.5000000000 -67.2861936739
129.6000000000 -67.3638572250
129.7000000000 -67.4413532202
129.8000000000 -67.5186805178
129.9000000000 -67.5958379764
130.0000000000 -67.6728244561
130.1000000000 -67.7496388177
130.2000000000 -67.8262799235
130.3000000000 -67.9027466376
130.4000000000 -67.9790378259
130.5000000000 -68.0551523563
130.6000000000 -68.1310890992
130.7000000000 -68.2068469277
130.8000000000 -68.2824247175
130.9000000000 -68.3578213476
131.0000000000 -68.4330357003
131.1000000000 -68.5080666615
131.2000000000 -68.5829131208
131.3000000000 -68.6575739720
131.4000000000 -68.7320481131
131.5000000000 -68.8063344467
131.6000000000 -68.8804318799
131.7000000000 -68.9543393251
131.8000000000 -69.0280556998
131.9000000000 -69.1015799269
132.0000000000 -69.1749109350
132.1000000000 -69.2480476584
132.2000000000 -69.3209890379
132.3000000000 -69.3937340202
132.4000000000 -69.4662815588
132.5000000000 -69.5386306137
132.6000000000 -69.6107801520
132.7000000000 -69.6827291480
132.8000000000 -69.7544765831
132.9000000000 -69.8260214464
133.0000000000 -69.8973627347
133.1000000000 -69.9684994525
133.2000000000 -70.0394306126
133.3000000000 -70.1101552360
133.4000000000 -70.1806723517
133.5000000000 -70.2509809978
133.6000000000 -70.3210802207
133.7000000000 -70.3909690755
133.8000000000 -70.4606466266
133.9000000000 -70.5301119470
134.0000000000 -70.5993641189
134.1000000000 -70.6684022338
134.2000000000 -70.7372253922
134.3000000000 -70.8058327039
134.4000000000 -70.8742232878
134.5000000000 -70.9423962721
134.6000000000 -71.0103507940
134.7000000000 -71.0780859995
134.8000000000 -71.1456010438
134.9000000000 -71.2128950903
135.0000000000 -71.2799673109
135.1000000000 -71.3468168855
135.2000000000 -71.4134430013
135.3000000000 -71.4798448527
135.4000000000 -71.5460216403
135.5000000000 -71.6119725704
135.6000000000 -71.6776968539
135.7000000000 -71.7431937054
135.8000000000 -71.8084623415
135.9000000000 -71.8735019799
136.0000000000 -71.9383118370
136.1000000000 -72.0028911264
136.2000000000 -72.0672390557
136.3000000000 -72.1313548245
136.4000000000 -72.1952376203
136.5000000000 -72.2588866149
136.6000000000 -72.3223009598
136.7000000000 -72.3854797810
136.8000000000 -72.4484221723
136.9000000000 -72.5111271886
137.0000000000 -72.5735938371
137.1000000000 -72.6358210676
137.2000000000 -72.6978077609
137.3000000000 -72.7595527156
137.4000000000 -72.8210546328
137.5000000000 -72.8823120974
137.6000000000 -72.9433235578
137.7000000000 -73.0040873012
137.8000000000 -73.0646014250
137.9000000000 -73.1248638040
138.0000000000 -73.1848720519
138.1000000000 -73.2446234765
138.2000000000 -73.3041150280
138.3000000000 -73.3633432381
138.4000000000 -73.4223041498
138.5000000000 -73.4809932359
138.6000000000 -73.5394053034
138.7000000000 -73.5975343831
138.8000000000 -73.6553736009
138.9000000000 -73.7129150280
139.0000000000 -73.7701495069
139.1000000000 -73.8270664487
139.2000000000 -73.8836535979
139.3000000000 -73.9398967580
139.4000000000 -73.9957794733
139.5000000000 -74.0512826577
139.6000000000 -74.1063841642
139.7000000000 -74.1610582828
139.8000000000 -74.2152751575
139.9000000000 -74.2690001075
140.0000000000 -74.3221928378
140.1000000000 -74.3748065211
140.2000000000 -74.4267867294
140.3000000000 -74.4780701916
140.4000000000 -74.5285833473
140.5000000000 -74.5782406659
140.6000000000 -74.6269426894
140.7000000000 -74.6745737568
140.8000000000 -74.7209993561
140.9000000000 -74.7660630437
141.0000000000 -74.8095828609
141.1000000000 -74.8513471642
141.2000000000 -74.8911097751
141.3000000000 -74.9285843365
141.4000000000 -74.9634377476
141.5000000000 -74.9952825260
141.6000000000 -75.0236679219
141.7000000000 -75.0480695806
141.8000000000 -75.0678775166
141.9000000000 -75.0823821237
142.0000000000 -75.0907579007
142.1000000000 -75.0920445212
142.2000000000 -75.0851248141
142.3000000000 -75.0686991528
142.4000000000 -75.0412556701
142.5000000000 -75.0010356208
142.6000000000 -74.9459931056
142.7000000000 -74.8737482455
142.8000000000 -74.7815327491
142.9000000000 -74.6661266479
143.0000000000 -74.5237847821
143.1000000000 -74.3501513957
143.2000000000 -74.1401609440
143.3000000000 -73.8879229203
143.4000000000 -73.5865881711
143.5000000000 -73.2281937716
143.6000000000 -72.8034830816
143.7000000000 -72.3016970621
143.8000000000 -71.7103322920
143.9000000000 -71.0148603343
144.0000000000 -70.1984020791
144.1000000000 -69.2413493044
144.2000000000 -68.1209236588
144.3000000000 -66.8106600948
144.4000000000 -65.2797964834
144.5000000000 -63.4925419213
144.6000000000 -61.4071797088
144.7000000000 -58.9749310240
144.8000000000 -56.1384514806
144.9000000000 -52.8297390771
145.0000000000 -48.9670800792
145.1000000000 -44.4504451263
145.2000000000 -39.1545260476
145.3000000000 -32.9185457586
145.4000000000 -25.5324633106
145.5000000000 -16.7227141826
145.6000000000 -6.1677520090
145.7000000000 6.2694663362
145.8000000000 19.4716693792
145.9000000000 29.7582340717
146.0000000000 34.4596012321
146.1000000000 35.5779143776
146.2000000000 35.7958222819
146.3000000000 35.9811309504
146.4000000000 36.1946837315
146.5000000000 36.3978507074
146.6000000000 36.5670166869
146.7000000000 36.6933630386
146.8000000000 36.7757043857
146.9000000000 36.8162107932
147.0000000000 36.8182613343
147.1000000000 36.7854350206
147.2000000000 36.7210738146
147.3000000000 36.6281258523
147.4000000000 36.5091209172
147.5000000000 36.3662038138
147.6000000000 36.2011888731
147.7000000000 36.0156180075
147.8000000000 35.8108144743
147.9000000000 35.5879293808
148.0000000000 35.3479803242
148.1000000000 35.0918826371
148.2000000000 34.8204741298
148.3000000000 34.5345343292
148.4000000000 34.2347991688
148.5000000000 33.9219719854
148.6000000000 33.5967315541
148.7000000000 33.2597377802
148.8000000000 32.9116355570
148.9000000000 32.5530572114
149.0000000000 32.1846238762
149.1000000000 31.8069460678
149.2000000000 31.4206236898
149.3000000000 31.0262456400
149.4000000000 30.6243891610
149.5000000000 30.2156190434
149.6000000000 29.8004867653
149.7000000000 29.3795296322
149.8000000000 28.9532699633
149.9000000000 28.5222143577
150.0000000000 28.0868530623
150.1000000000 27.6476594540
150.2000000000 27.2050896439
150.3000000000 26.7595822033
150.4000000000 26.3115580091
150.5000000000 25.8614202030
150.6000000000 25.4095542550
150.7000000000 24.9563281238
150.8000000000 24.5020925020
150.9000000000 24.0471811365
151.0000000000 23.5919112129
151.1000000000 23.1365837939
151.2000000000 22.6814843010
151.3000000000 22.2268830313
151.4000000000 21.7730356998
151.5000000000 21.3201839989
151.6000000000 20.8685561691
151.7000000000 20.4183675742
151.8000000000 19.9698212745
151.9000000000 19.5231085939
152.0000000000 19.0784096772
152.1000000000 18.6358940330
152.2000000000 18.1957210597
152.3000000000 17.7580405535
152.4000000000 17.3229931943
152.5000000000 16.8907110104
152.6000000000 16.4613178196
152.7000000000 16.0349296473
152.8000000000 15.6116551203
152.9000000000 15.1915958372
153.0000000000 14.7748467152
153.1000000000 14.3614963145
153.2000000000 13.9516271400
153.3000000000 13.5453159225
153.4000000000 13.1426338785
153.5000000000 12.7436469521
153.6000000000 12.3484160379
153.7000000000 11.9569971871
153.8000000000 11.5694417987
153.9000000000 11.1857967954
154.0000000000 10.8061047872
154.1000000000 10.4304042220
154.2000000000 10.0587295270
154.3000000000 9.6911112392
154.4000000000 9.3275761287
154.5000000000 8.9681473136
154.6000000000 8.6128443696
154.7000000000 8.2616834336
154.8000000000 7.9146773030
154.9000000000 7.5718355314
155.0000000000 7.2331645210
155.1000000000 6.8986676120
155.2000000000 6.5683451713
155.3000000000 6.2421946788
155.4000000000 5.9202108127
155.5000000000 5.6023855346
155.6000000000 5.2887081741
155.7000000000 4.9791655138
155.8000000000 4.6737418743
155.9000000000 4.3724192002
156.0000000000 4.0751771466
156.1000000000 3.7819931669
156.2000000000 3.4928426014
156.3000000000 3.2076987669
156.4000000000 2.9265330475
156.5000000000 2.6493149862
156.6000000000 2.3760123772
156.7000000000 2.1065913589
156.8000000000 1.8410165072
156.9000000000 1.5792509287
157.0000000000 1.3212563544
157.1000000000 1.0669932323
157.2000000000 0.8164208199
157.3000000000 0.5694972755
157.4000000000 0.3261797483
157.5000000000 0.0864244671
157.6000000000 -0.1498131722
157.7000000000 -0.3825785218
157.8000000000 -0.6119175988
157.9000000000 -0.8378770042
158.0000000000 -1.0605038442
158.1000000000 -1.2798456548
158.2000000000 -1.4959503283
158.3000000000 -1.7088660427
158.4000000000 -1.9186411943
158.5000000000 -2.1253243327
158.6000000000 -2.3289640994
158.7000000000 -2.5296091688
158.8000000000 -2.7273081921
158.9000000000 -2.9221097450
159.0000000000 -3.1140622770
159.1000000000 -3.3032140651
159.2000000000 -3.4896131690
159.3000000000 -3.6733073901
159.4000000000 -3.8543442324
159.5000000000 -4.0327708670
159.6000000000 -4.2086340981
159.7000000000 -4.3819803322
159.8000000000 -4.5528555499
159.9000000000 -4.7213052791
160.0000000000 -4.8873745715
160.1000000000 -5.0511079801
160.2000000000 -5.2125495399
160.3000000000 -5.3717427497
160.4000000000 -5.5287305560
160.5000000000 -5.6835553388
160.6000000000 -5.8362588988
160.7000000000 -5.9868824466
160.8000000000 -6.1354665927
160.9000000000 -6.2820513395
161.0000000000 -6.4266760748
161.1000000000 -6.5693795655
161.2000000000 -6.7101999538
161.3000000000 -6.8491747534
161.4000000000 -6.9863408478
161.5000000000 -7.1217344884
161.6000000000 -7.2553912942
161.7000000000 -7.3873462527
161.8000000000 -7.5176337206
161.9000000000 -7.6462874260
162.0000000000 -7.7733404712
162.1000000000 -7.8988253357
162.2000000000 -8.0227738803
162.3000000000 -8.1452173515
162.4000000000 -8.2661863865
162.5000000000 -8.3857110185
162.6000000000 -8.5038206826
162.7000000000 -8.6205442222
162.8000000000 -8.7359098954
162.9000000000 -8.8499453820
163.0000000000 -8.9626777908
163.1000000000 -9.0741336669
163.2000000000 -9.1843390000
163.3000000000 -9.2933192315
163.4000000000 -9.4010992636
163.5000000000 -9.5077034669
163.6000000000 -9.6131556893
163.7000000000 -9.7174792646
163.8000000000 -9.8206970210
163.9000000000 -9.9228312900
164.0000000000 -10.0239039154
164.1000000000 -10.1239362622
164.2000000000 -10.2229492253
164.3000000000 -10.3209632391
164.4000000000 -10.4179982858
164.5000000000 -10.5140739050
164.6000000000 -10.6092092023
164.7000000000 -10.7034228586
164.8000000000 -10.7967331387
164.9000000000 -10.8891579002
165.0000000000 -10.9807146028
165.1000000000 -11.0714203164
165.2000000000 -11.1612917301
165.3000000000 -11.2503451609
165.4000000000 -11.3385965619
165.5000000000 -11.4260615310
165.6000000000 -11.5127553188
165.7000000000 -11.5986928374
165.8000000000 -11.6838886679
165.9000000000 -11.7683570685
166.0000000000 -11.8521119825
166.1000000000 -11.9351670460
166.2000000000 -12.0175355951
166.3000000000 -12.0992306738
166.4000000000 -12.1802650412
166.5000000000 -12.2606511783
166.6000000000 -12.3404012956
166.7000000000 -12.4195273394
166.8000000000 -12.4980409991
166.9000000000 -12.5759537134
167.0000000000 -12.6532766770
167.1000000000 -12.7300208466
167.2000000000 -12.8061969476
167.3000000000 -12.8818154796
167.4000000000 -12.9568867226
167.5000000000 -13.0314207427
167.6000000000 -13.1054273976
167.7000000000 -13.1789163422
167.8000000000 -13.2518970339
167.9000000000 -13.3243787378
168.0000000000 -13.3963705318
168.1000000000 -13.4678813113
168.2000000000 -13.5389197945
168.3000000000 -13.6094945266
168.4000000000 -13.6796138844
168.5000000000 -13.7492860811
168.6000000000 -13.8185191703
168.7000000000 -13.8873210503
168.8000000000 -13.9556994678
168.9000000000 -14.0236620226
169.0000000000 -14.0912161708
169.1000000000 -14.1583692288
169.2000000000 -14.2251283769
169.3000000000 -14.2915006628
169.4000000000 -14.3574930050
169.5000000000 -14.4231121963
169.6000000000 -14.4883649067
169.7000000000 -14.5532576868
169.8000000000 -14.6177969708
169.9000000000 -14.6819890794
170.0000000000 -14.7458402226
170.1000000000 -14.8093565027
170.2000000000 -14.8725439168
170.3000000000 -14.9354083594
170.4000000000 -14.9979556252
170.5000000000 -15.0601914112
170.6000000000 -15.1221213195
170.7000000000 -15.1837508592
170.8000000000 -15.2450854492
170.9000000000 -15.3061304196
171.0000000000 -15.3668910148
171.1000000000 -15.4273723947
171.2000000000 -15.4875796371
171.3000000000 -15.5475177399
171.4000000000 -15.6071916225
171.5000000000 -15.6666061277
171.6000000000 -15.7257660239
171.7000000000 -15.7846760064
171.8000000000 -15.8433406994
171.9000000000 -15.9017646572
172.0000000000 -15.9599523665
172.1000000000 -16.0179082470
172.2000000000 -16.0756366538
172.3000000000 -16.1331418785
172.4000000000 -16.1904281503
172.5000000000 -16.2474996379
172.6000000000 -16.3043604507
172.7000000000 -16.3610146397
172.8000000000 -16.4174661996
172.9000000000 -16.4737190692
173.0000000000 -16.5297771330
173.1000000000 -16.5856442223
173.2000000000 -16.6413241167
173.3000000000 -16.6968205444
173.4000000000 -16.7521371842
173.5000000000 -16.8072776658
173.6000000000 -16.8622455714
173.7000000000 -16.9170444364
173.8000000000 -16.9716777504
173.9000000000 -17.0261489581
174.0000000000 -17.0804614607
174.1000000000 -17.1346186161
174.2000000000 -17.1886237401
174.3000000000 -17.2424801077
174.4000000000 -17.2961909532
174.5000000000 -17.3497594713
174.6000000000 -17.4031888183
174.7000000000 -17.4564821124
174.8000000000 -17.5096424344
174.9000000000 -17.5626728292
175.0000000000 -17.6155763054
175.1000000000 -17.6683558372
175.2000000000 -17.7210143642
175.3000000000 -17.7735547924
175.4000000000 -17.8259799951
175.5000000000 -17.8782928133
175.6000000000 -17.9304960561
175.7000000000 -17.9825925020
175.8000000000 -18.0345848989
175.9000000000 -18.0864759650
176.0000000000 -18.1382683894
176.1000000000 -18.1899648324
176.2000000000 -18.2415679263
176.3000000000 -18.2930802761
176.4000000000 -18.3445044597
176.5000000000 -18.3958430285
176.6000000000 -18.4470985082
176.7000000000 -18.4982733989
176.8000000000 -18.5493701758
176.9000000000 -18.6003912900
177.0000000000 -18.6513391683
177.1000000000 -18.7022162142
177.2000000000 -18.7530248081
177.3000000000 -18.8037673080
177.4000000000 -18.8544460496
177.5000000000 -18.9050633471
177.6000000000 -18.9556214932
177.7000000000 -19.0061227600
177.8000000000 -19.0565693989
177.9000000000 -19.1069636415
178.0000000000 -19.1573076996
178.1000000000 -19.2076037658
178.2000000000 -19.2578540137
178.3000000000 -19.3080605986
178.4000000000 -19.3582256573
178.5000000000 -19.4083513091
178.6000000000 -19.4584396557
178.7000000000 -19.5084927817
178.8000000000 -19.5585127549
178.9000000000 -19.6085016266
179.0000000000 -19.6584614322
179.1000000000 -19.7083941909
179.2000000000 -19.7583019068
179.3000000000 -19.8081865684
179.4000000000 -19.8580501496
179.5000000000 -19.9078946095
179.6000000000 -19.9577218930
179.7000000000 -20.0075339309
179.8000000000 -20.0573326402
179.9000000000 -20.1071199244
180.0000000000 -20.1568976738
180.1000000000 -20.2066677657
180.2000000000 -20.2564320646
180.3000000000 -20.3061924227
180.4000000000 -20.3559506799
180.5000000000 -20.4057086640
180.6000000000 -20.4554681911
180.7000000000 -20.5052310660
180.8000000000 -20.5549990818
180.9000000000 -20.6047740209
181.0000000000 -20.6545576546
181.1000000000 -20.7043517436
181.2000000000 -20.7541580382
181.3000000000 -20.8039782784
181.4000000000 -20.8538141944
181.5000000000 -20.9036675062
181.6000000000 -20.9535399243
181.7000000000 -21.0034331499
181.8000000000 -21.0533488746
181.9000000000 -21.1032887812
182.0000000000 -21.1532545434
182.1000000000 -21.2032478262
182.2000000000 -21.2532702859
182.3000000000 -21.3033235705
182.4000000000 -21.3534093198
182.5000000000 -21.4035291653
182.6000000000 -21.4536847306
182.7000000000 -21.5038776316
182.8000000000 -21.5541094764
182.9000000000 -21.6043818655
183.0000000000 -21.6546963923
183.1000000000 -21.7050546427
183.2000000000 -21.7554581956
183.3000000000 -21.8059086228
183.4000000000 -21.8564074892
183.5000000000 -21.9069563532
183.6000000000 -21.9575567664
183.7000000000 -22.0082102737
183.8000000000 -22.0589184138
183.9000000000 -22.1096827192
184.0000000000 -22.1605047158
184.1000000000 -22.2113859239
184.2000000000 -22.2623278574
184.3000000000 -22.3133320244
184.4000000000 -22.3643999273
184.5000000000 -22.4155330627
184.6000000000 -22.4667329214
184.7000000000 -22.5180009889
184.8000000000 -22.5693387450
184.9000000000 -22.6207476641
185.0000000000 -22.6722292154
185.1000000000 -22.7237848627
185.2000000000 -22.7754160646
185.3000000000 -22.8271242747
185.4000000000 -22.8789109413
185.5000000000 -22.9307775078
185.6000000000 -22.9827254125
185.7000000000 -23.0347560890
185.8000000000 -23.0868709658
185.9000000000 -23.1390714667
186.0000000000 -23.1913590106
186.1000000000 -23.2437350117
186.2000000000 -23.2962008795
186.3000000000 -23.3487580188
186.4000000000 -23.4014078297
186.5000000000 -23.4541517077
186.6000000000 -23.5069910437
186.7000000000 -23.5599272240
186.8000000000 -23.6129616303
186.9000000000 -23.6660956399
187.0000000000 -23.7193306253
187.1000000000 -23.7726679546
187.2000000000 -23.8261089914
187.3000000000 -23.8796550947
187.4000000000 -23.9333076191
187.5000000000 -23.9870679145
187.6000000000 -24.0409373264
187.7000000000 -24.0949171957
187.8000000000 -24.1490088586
187.9000000000 -24.2032136470
188.0000000000 -24.2575328881
188.1000000000 -24.3119679044
188.2000000000 -24.3665200139
188.3000000000 -24.4211905299
188.4000000000 -24.4759807609
188.5000000000 -24.5308920108
188.6000000000 -24.5859255787
188.7000000000 -24.6410827590
188.8000000000 -24.6963648411
188.9000000000 -24.7517731097
189.0000000000 -24.8073088444
189.1000000000 -24.8629733200
189.2000000000 -24.9187678061
189.3000000000 -24.9746935674
189.4000000000 -25.0307518634
189.5000000000 -25.0869439482
189.6000000000 -25.1432710709
189.7000000000 -25.1997344752
189.8000000000 -25.2563353994
189.9000000000 -25.3130750763
190.0000000000 -25.3699547331
190.1000000000 -25.4269755915
190.2000000000 -25.4841388674
190.3000000000 -25.5414457709
190.4000000000 -25.5988975064
190.5000000000 -25.6564952722
190.6000000000 -25.7142402605
190.7000000000 -25.7721336575
190.8000000000 -25.8301766429
190.9000000000 -25.8883703903
191.0000000000 -25.9467160669
191.1000000000 -26.0052148331
191.2000000000 -26.0638678428
191.3000000000 -26.1226762430
191.4000000000 -26.1816411741
191.5000000000 -26.2407637691
191.6000000000 -26.3000451543
191.7000000000 -26.3594864483
191.8000000000 -26.4190887629
191.9000000000 -26.4788532018
192.0000000000 -26.5387808616
192.1000000000 -26.5988728309
192.2000000000 -26.6591301903
192.3000000000 -26.7195540128
192.4000000000 -26.7801453628
192.5000000000 -26.8409052967
192.6000000000 -26.9018348623
192.7000000000 -26.9629350990
192.8000000000 -27.0242070371
192.9000000000 -27.0856516985
193.0000000000 -27.1472700958
193.1000000000 -27.2090632324
193.2000000000 -27.2710321024
193.3000000000 -27.3331776905
193.4000000000 -27.3955009716
193.5000000000 -27.4580029109
193.6000000000 -27.5206844635
193.7000000000 -27.5835465744
193.8000000000 -27.6465901784
193.9000000000 -27.7098161996
194.0000000000 -27.7732255517
194.1000000000 -27.8368191372
194.2000000000 -27.9005978481
194.3000000000 -27.9645625648
194.4000000000 -28.0287141565
194.5000000000 -28.0930534809
194.6000000000 -28.1575813840
194.7000000000 -28.2222986997
194.8000000000 -28.2872062502
194.9000000000 -28.3523048450
195.0000000000 -28.4175952816
195.1000000000 -28.4830783445
195.2000000000 -28.5487548057
195.3000000000 -28.6146254239
195.4000000000 -28.6806909447
195.5000000000 -28.7469521006
195.6000000000 -28.8134096101
195.7000000000 -28.8800641783
195.8000000000 -28.9469164960
195.9000000000 -29.0139672403
196.0000000000 -29.0812170736
196.1000000000 -29.1486666440
196.2000000000 -29.2163165847
196.3000000000 -29.2841675142
196.4000000000 -29.3522200358
196.5000000000 -29.4204747376
196.6000000000 -29.4889321920
196.7000000000 -29.5575929561
196.8000000000 -29.6264575708
196.9000000000 -29.6955265612
197.0000000000 -29.7648004360
197.1000000000 -29.8342796876
197.2000000000 -29.9039647919
197.3000000000 -29.9738562077
197.4000000000 -30.0439543771
197.5000000000 -30.1142597249
197.6000000000 -30.1847726587
197.7000000000 -30.2554935684
197.8000000000 -30.3264228264
197.9000000000 -30.3975607871
198.0000000000 -30.4689077869
198.1000000000 -30.5404641440
198.2000000000 -30.6122301582
198.3000000000 -30.6842061106
198.4000000000 -30.7563922638
198.5000000000 -30.8287888614
198.6000000000 -30.9013961279
198.7000000000 -30.9742142687
198.8000000000 -31.0472434698
198.9000000000 -31.1204838975
199.0000000000 -31.1939356988
199.1000000000 -31.2675990005
199.2000000000 -31.3414739096
199.3000000000 -31.4155605131
199.4000000000 -31.4898588776
199.5000000000 -31.5643690493
199.6000000000 -31.6390910541
199.7000000000 -31.7140248970
199.8000000000 -31.7891705624
199.9000000000 -31.8645280138
200.0000000000 -31.9400971937
200.1000000000 -32.0158780236
200.2000000000 -32.0918704036
200.3000000000 -32.1680742126
200.4000000000 -32.2444893081
200.5000000000 -32.3211155261
200.6000000000 -32.3979526811
200.7000000000 -32.4750005656
200.8000000000 -32.5522589507
200.9000000000 -32.6297275857
201.0000000000 -32.7074061978
201.1000000000 -32.7852944922
201.2000000000 -32.8633921525
201.3000000000 -32.9416988398
201.4000000000 -33.0202141934
201.5000000000 -33.0989378303
201.6000000000 -33.1778693454
201.7000000000 -33.2570083113
201.8000000000 -33.3363542786
201.9000000000 -33.4159067753
202.0000000000 -33.4956653075
202.1000000000 -33.5756293589
202.2000000000 -33.6557983910
202.3000000000 -33.7361718429
202.4000000000 -33.8167491316
202.5000000000 -33.8975296519
202.6000000000 -33.9785127764
202.7000000000 -34.0596978556
202.8000000000 -34.1410842177
202.9000000000 -34.2226711692
203.0000000000 -34.3044579941
203.1000000000 -34.3864439550
203.2000000000 -34.4686282922
203.3000000000 -34.5510102245
203.4000000000 -34.6335889486
203.5000000000 -34.7163636401
203.6000000000 -34.7993334525
203.7000000000 -34.8824975184
203.8000000000 -34.9658549486
203.9000000000 -35.0494048329
204.0000000000 -35.1331462401
204.1000000000 -35.2170782179
204.2000000000 -35.3011997931
204.3000000000 -35.3855099721
204.4000000000 -35.4700077405
204.5000000000 -35.5546920636
204.6000000000 -35.6395618865
204.7000000000 -35.7246161342
204.8000000000 -35.8098537120
204.9000000000 -35.8952735053
205.0000000000 -35.9808743800
205.1000000000 -36.0666551829
205.2000000000 -36.1526147415
205.3000000000 -36.2387518646
205.4000000000 -36.3250653422
205.5000000000 -36.4115539457
205.6000000000 -36.4982164286
205.7000000000 -36.5850515262
205.8000000000 -36.6720579560
205.9000000000 -36.7592344182
206.0000000000 -36.8465795956
206.1000000000 -36.9340921540
206.2000000000 -37.0217707426
206.3000000000 -37.1096139939
206.4000000000 -37.1976205244
206.5000000000 -37.2857889346
206.6000000000 -37.3741178096
206.7000000000 -37.4626057187
206.8000000000 -37.5512512168
206.9000000000 -37.6400528434
207.0000000000 -37.7290091240
207.1000000000 -37.8181185700
207.2000000000 -37.9073796787
207.3000000000 -37.9967909341
207.4000000000 -38.0863508071
207.5000000000 -38.1760577556
207.6000000000 -38.2659102252
207.7000000000 -38.3559066491
207.8000000000 -38.4460454488
207.9000000000 -38.5363250344
208.0000000000 -38.6267438047
208.1000000000 -38.7173001477
208.2000000000 -38.8079924412
208.3000000000 -38.8988190526
208.4000000000 -38.9897783399
208.5000000000 -39.0808686515
208.6000000000 -39.1720883268
208.7000000000 -39.2634356967
208.8000000000 -39.3549090837
208.9000000000 -39.4465068026
209.0000000000 -39.5382271605
209.1000000000 -39.6300684574
209.2000000000 -39.7220289864
209.3000000000 -39.8141070344
209.4000000000 -39.9063008822
209.5000000000 -39.9986088048
209.6000000000 -40.0910290722
209.7000000000 -40.1835599492
209.8000000000 -40.2761996962
209.9000000000 -40.3689465696
210.0000000000 -40.4617988219
210.1000000000 -40.5547547022
210.2000000000 -40.6478124566
210.3000000000 -40.7409703287
210.4000000000 -40.8342265596
210.5000000000 -40.9275793887
210.6000000000 -41.0210270539
210.7000000000 -41.1145677920
210.8000000000 -41.2081998388
210.9000000000 -41.3019214300
211.0000000000 -41.3957308011
211.1000000000 -41.4896261880
211.2000000000 -41.5836058273
211.3000000000 -41.6776679568
211.4000000000 -41.7718108155
211.5000000000 -41.8660326444
211.6000000000 -41.9603316864
211.7000000000 -42.0547061872
211.8000000000 -42.1491543950
211.9000000000 -42.2436745616
212.0000000000 -42.3382649419
212.1000000000 -42.4329237951
212.2000000000 -42.5276493841
212.3000000000 -42.6224399768
212.4000000000 -42.7172938458
212.5000000000 -42.8122092687
212.6000000000 -42.9071845289
212.7000000000 -43.0022179154
212.8000000000 -43.0973077235
212.9000000000 -43.1924522548
213.0000000000 -43.2876498177
213.1000000000 -43.3828987276
213.2000000000 -43.4781973074
213.3000000000 -43.5735438872
213.4000000000 -43.6689368055
213.5000000000 -43.7643744087
213.6000000000 -43.8598550517
213.7000000000 -43.9553770980
213.8000000000 -44.0509389203
213.9000000000 -44.1465389003
214.0000000000 -44.2421754294
214.1000000000 -44.3378469086
214.2000000000 -44.4335517488
214.3000000000 -44.5292883713
214.4000000000 -44.6250552075
214.5000000000 -44.7208506999
214.6000000000 -44.8166733015
214.7000000000 -44.9125214764
214.8000000000 -45.0083937002
214.9000000000 -45.1042884598
215.0000000000 -45.2002042538
215.1000000000 -45.2961395927
215.2000000000 -45.3920929988
215.3000000000 -45.4880630070
215.4000000000 -45.5840481642
215.5000000000 -45.6800470301
215.6000000000 -45.7760581769
215.7000000000 -45.8720801897
215.8000000000 -45.9681116666
215.9000000000 -46.0641512188
216.0000000000 -46.1601974706
216.1000000000 -46.2562490599
216.2000000000 -46.3523046379
216.3000000000 -46.4483628694
216.4000000000 -46.5444224329
216.5000000000 -46.6404820208
216.6000000000 -46.7365403393
216.7000000000 -46.8325961084
216.8000000000 -46.9286480623
216.9000000000 -47.0246949493
217.0000000000 -47.1207355319
217.1000000000 -47.2167685867
217.2000000000 -47.3127929048
217.3000000000 -47.4088072913
217.4000000000 -47.5048105660
217.5000000000 -47.6008015629
217.6000000000 -47.6967791306
217.7000000000 -47.7927421320
217.8000000000 -47.8886894444
217.9000000000 -47.9846199599
218.0000000000 -48.0805325848
218.1000000000 -48.1764262400
218.2000000000 -48.2722998607
218.3000000000 -48.3681523969
218.4000000000 -48.4639828127
218.5000000000 -48.5597900868
218.6000000000 -48.6555732122
218.7000000000 -48.7513311962
218.8000000000 -48.8470630606
218.9000000000 -48.9427678413
219.0000000000 -49.0384445883
219.1000000000 -49.1340923661
219.2000000000 -49.2297102528
219.3000000000 -49.3252973409
219.4000000000 -49.4208527366
219.5000000000 -49.5163755601
219.6000000000 -49.6118649453
219.7000000000 -49.7073200397
219.8000000000 -49.8027400046
219.9000000000 -49.8981240145
