0.0000000000 -53.8333110930
0.1000000000 -53.9296940560
0.2000000000 -54.0259934254
0.3000000000 -54.1222087856
0.4000000000 -54.2183397273
0.5000000000 -54.3143858474
0.6000000000 -54.4103467487
0.7000000000 -54.5062220392
0.8000000000 -54.6020113325
0.9000000000 -54.6977142470
1.0000000000 -54.7933304056
1.1000000000 -54.8888594360
1.2000000000 -54.9843009698
1.3000000000 -55.0796546426
1.4000000000 -55.1749200934
1.5000000000 -55.2700969648
1.6000000000 -55.3651849022
1.7000000000 -55.4601835540
1.8000000000 -55.5550925709
1.9000000000 -55.6499116061
2.0000000000 -55.7446403145
2.1000000000 -55.8392783529
2.2000000000 -55.9338253794
2.3000000000 -56.0282810535
2.4000000000 -56.1226450355
2.5000000000 -56.2169169862
2.6000000000 -56.3110965670
2.7000000000 -56.4051834395
2.8000000000 -56.4991772650
2.9000000000 -56.5930777044
3.0000000000 -56.6868844184
3.1000000000 -56.7805970663
3.2000000000 -56.8742153065
3.3000000000 -56.9677387963
3.4000000000 -57.0611671911
3.5000000000 -57.1545001446
3.6000000000 -57.2477373083
3.7000000000 -57.3408783316
3.8000000000 -57.4339228613
3.9000000000 -57.5268705414
4.0000000000 -57.6197210129
4.1000000000 -57.7124739139
4.2000000000 -57.8051288786
4.3000000000 -57.8976855380
4.4000000000 -57.9901435192
4.5000000000 -58.0825024449
4.6000000000 -58.1747619341
4.7000000000 -58.2669216011
4.8000000000 -58.3589810554
4.9000000000 -58.4509399020
5.0000000000 -58.5427977408
5.1000000000 -58.6345541663
5.2000000000 -58.7262087679
5.3000000000 -58.8177611294
5.4000000000 -58.9092108288
5.5000000000 -59.0005574382
5.6000000000 -59.0918005239
5.7000000000 -59.1829396458
5.8000000000 -59.2739743574
5.9000000000 -59.3649042060
6.0000000000 -59.4557287319
6.1000000000 -59.5464474690
6.2000000000 -59.6370599439
6.3000000000 -59.7275656766
6.4000000000 -59.8179641796
6.5000000000 -59.9082549584
6.6000000000 -59.9984375108
6.7000000000 -60.0885113274
6.8000000000 -60.1784758911
6.9000000000 -60.2683306770
7.0000000000 -60.3580751526
7.1000000000 -60.4477087775
7.2000000000 -60.5372310032
7.3000000000 -60.6266412734
7.4000000000 -60.7159390234
7.5000000000 -60.8051236805
7.6000000000 -60.8941946640
7.7000000000 -60.9831513845
7.8000000000 -61.0719932445
7.9000000000 -61.1607196380
8.0000000000 -61.2493299509
8.1000000000 -61.3378235602
8.2000000000 -61.4261998347
8.3000000000 -61.5144581347
8.4000000000 -61.6025978119
8.5000000000 -61.6906182095
8.6000000000 -61.7785186622
8.7000000000 -61.8662984961
8.8000000000 -61.9539570288
8.9000000000 -62.0414935694
9.0000000000 -62.1289074184
9.1000000000 -62.2161978680
9.2000000000 -62.3033642019
9.3000000000 -62.3904056951
9.4000000000 -62.4773216146
9.5000000000 -62.5641112188
9.6000000000 -62.6507737579
9.7000000000 -62.7373084739
9.8000000000 -62.8237146005
9.9000000000 -62.9099913633
10.0000000000 -62.9961379799
10.1000000000 -63.0821536599
10.2000000000 -63.1680376050
10.3000000000 -63.2537890090
10.4000000000 -63.3394070581
10.5000000000 -63.4248909307
10.6000000000 -63.5102397979
10.7000000000 -63.5954528231
10.8000000000 -63.6805291625
10.9000000000 -63.7654679651
11.0000000000 -63.8502683728
11.1000000000 -63.9349295204
11.2000000000 -64.0194505359
11.3000000000 -64.1038305407
11.4000000000 -64.1880686495
11.5000000000 -64.2721639705
11.6000000000 -64.3561156056
11.7000000000 -64.4399226507
11.8000000000 -64.5235841954
11.9000000000 -64.6070993238
12.0000000000 -64.6904671139
12.1000000000 -64.7736866384
12.2000000000 -64.8567569646
12.3000000000 -64.9396771546
12.4000000000 -65.0224462653
12.5000000000 -65.1050633489
12.6000000000 -65.1875274529
12.7000000000 -65.2698376201
12.8000000000 -65.3519928893
12.9000000000 -65.4339922949
13.0000000000 -65.5158348674
13.1000000000 -65.5975196336
13.2000000000 -65.6790456167
13.3000000000 -65.7604118364
13.4000000000 -65.8416173094
13.5000000000 -65.9226610494
13.6000000000 -66.0035420671
13.7000000000 -66.0842593709
13.8000000000 -66.1648119666
13.9000000000 -66.2451988578
14.0000000000 -66.3254190465
14.1000000000 -66.4054715323
14.2000000000 -66.4853553137
14.3000000000 -66.5650693876
14.4000000000 -66.6446127499
14.5000000000 -66.7239843952
14.6000000000 -66.8031833175
14.7000000000 -66.8822085103
14.8000000000 -66.9610589666
14.9000000000 -67.0397336790
15.0000000000 -67.1182316402
15.1000000000 -67.1965518430
15.2000000000 -67.2746932807
15.3000000000 -67.3526549465
15.4000000000 -67.4304358347
15.5000000000 -67.5080349401
15.6000000000 -67.5854512583
15.7000000000 -67.6626837858
15.8000000000 -67.7397315204
15.9000000000 -67.8165934606
16.0000000000 -67.8932686063
16.1000000000 -67.9697559583
16.2000000000 -68.0460545186
16.3000000000 -68.1221632902
16.4000000000 -68.1980812771
16.5000000000 -68.2738074838
16.6000000000 -68.3493409156
16.7000000000 -68.4246805779
16.8000000000 -68.4998254759
16.9000000000 -68.5747746143
17.0000000000 -68.6495269964
17.1000000000 -68.7240816238
17.2000000000 -68.7984374953
17.3000000000 -68.8725936060
17.4000000000 -68.9465489460
17.5000000000 -69.0203024992
17.6000000000 -69.0938532413
17.7000000000 -69.1672001382
17.8000000000 -69.2403421435
17.9000000000 -69.3132781958
18.0000000000 -69.3860072158
18.1000000000 -69.4585281023
18.2000000000 -69.5308397283
18.3000000000 -69.6029409360
18.4000000000 -69.6748305306
18.5000000000 -69.7465072743
18.6000000000 -69.8179698783
18.7000000000 -69.8892169938
18.8000000000 -69.9602472014
18.9000000000 -70.0310589996
19.0000000000 -70.1016507904
19.1000000000 -70.1720208632
19.2000000000 -70.2421673764
19.3000000000 -70.3120883355
19.4000000000 -70.3817815680
19.5000000000 -70.4512446946
19.6000000000 -70.5204750958
19.7000000000 -70.5894698726
19.8000000000 -70.6582258019
19.9000000000 -70.7267392848
20.0000000000 -70.7950062861
20.1000000000 -70.8630222649
20.2000000000 -70.9307820944
20.3000000000 -70.9982799686
20.4000000000 -71.0655092950
20.5000000000 -71.1324625697
20.6000000000 -71.1991312339
20.7000000000 -71.2655055069
20.8000000000 -71.3315741938
20.9000000000 -71.3973244620
21.0000000000 -71.4627415840
21.1000000000 -71.5278086385
21.2000000000 -71.5925061654
21.3000000000 -71.6568117665
21.4000000000 -71.7206996433
21.5000000000 -71.7841400623
21.6000000000 -71.8470987369
21.7000000000 -71.9095361112
21.8000000000 -71.9714065319
21.9000000000 -72.0326572905
22.0000000000 -72.0932275138
22.1000000000 -72.1530468815
22.2000000000 -72.2120341406
22.3000000000 -72.2700953881
22.4000000000 -72.3271220818
22.5000000000 -72.3829887398
22.6000000000 -72.4375502773
22.7000000000 -72.4906389250
22.8000000000 -72.5420606628
22.9000000000 -72.5915910917
23.0000000000 -72.6389706582
23.1000000000 -72.6838991254
23.2000000000 -72.7260291757
23.3000000000 -72.7649590074
23.4000000000 -72.8002237665
23.5000000000 -72.8312856319
23.6000000000 -72.8575223413
23.7000000000 -72.8782139157
23.8000000000 -72.8925272966
23.9000000000 -72.8994985725
24.0000000000 -72.8980124165
24.1000000000 -72.8867782988
24.2000000000 -72.8643029733
24.3000000000 -72.8288586571
24.4000000000 -72.7784462356
24.5000000000 -72.7107527226
24.6000000000 -72.6231020891
24.7000000000 -72.5123984413
24.8000000000 -72.3750603743
24.9000000000 -72.2069451576
25.0000000000 -72.0032612066
25.1000000000 -71.7584670711
25.2000000000 -71.4661549150
25.3000000000 -71.1189161663
25.4000000000 -70.7081866812
25.5000000000 -70.2240683746
25.6000000000 -69.6551238040
25.7000000000 -68.9881396339
25.8000000000 -68.2078541771
25.9000000000 -67.2966432403
26.0000000000 -66.2341570763
26.1000000000 -64.9968990600
26.2000000000 -63.5577331248
26.3000000000 -61.8853009283
26.4000000000 -59.9433192117
26.5000000000 -57.6897096170
26.6000000000 -55.0754822885
26.7000000000 -52.0432444435
26.8000000000 -48.5251311322
26.9000000000 -44.4398654838
27.0000000000 -39.6885914735
27.1000000000 -34.1491807279
27.2000000000 -27.6690985283
27.3000000000 -20.0587766952
27.4000000000 -11.0991098670
27.5000000000 -0.6386390696
27.6000000000 10.9391850631
27.7000000000 21.6850002101
27.8000000000 28.7173091888
27.9000000000 31.7659226371
28.0000000000 32.8905846420
28.1000000000 33.5106413642
28.2000000000 34.0070853506
28.3000000000 34.4266659056
28.4000000000 34.7697068964
28.5000000000 35.0378929199
28.6000000000 35.2365438752
28.7000000000 35.3725091847
28.8000000000 35.4527553083
28.9000000000 35.4837057413
29.0000000000 35.4710056596
29.1000000000 35.4194949431
29.2000000000 35.3332734158
29.3000000000 35.2157995523
29.4000000000 35.0699942703
29.5000000000 34.8983370840
29.6000000000 34.7029498051
29.7000000000 34.4856668364
29.8000000000 34.2480928734
29.9000000000 33.9916495200
30.0000000000 33.7176125027
30.1000000000 33.4271410868
30.2000000000 33.1213011240
30.3000000000 32.8010829571
30.4000000000 32.4674152071
30.5000000000 32.1211752900
30.6000000000 31.7631973555
30.7000000000 31.3942782103
30.8000000000 31.0151816800
30.9000000000 30.6266417745
31.0000000000 30.2293649483
31.1000000000 29.8240316887
31.2000000000 29.4112976138
31.3000000000 28.9917942256
31.4000000000 28.5661294280
31.5000000000 28.1348878977
31.6000000000 27.6986313695
31.7000000000 27.2578988868
31.8000000000 26.8132070494
31.9000000000 26.3650502842
32.0000000000 25.9139011523
32.1000000000 25.4602107027
32.2000000000 25.0044088769
32.3000000000 24.5469049630
32.4000000000 24.0880880988
32.5000000000 23.6283278184
32.6000000000 23.1679746371
32.7000000000 22.7073606688
32.8000000000 22.2468002685
32.9000000000 21.7865906935
33.0000000000 21.3270127777
33.1000000000 20.8683316112
33.2000000000 20.4107972206
33.3000000000 19.9546452451
33.4000000000 19.5000976024
33.5000000000 19.0473631419
33.6000000000 18.5966382807
33.7000000000 18.1481076199
33.8000000000 17.7019445386
33.9000000000 17.2583117641
34.0000000000 16.8173619165
34.1000000000 16.3792380270
34.2000000000 15.9440740292
34.3000000000 15.5119952227
34.4000000000 15.0831187107
34.5000000000 14.6575538097
34.6000000000 14.2354024329
34.7000000000 13.8167594495
34.8000000000 13.4017130177
34.9000000000 12.9903448954
35.0000000000 12.5827307284
35.1000000000 12.1789403178
35.2000000000 11.7790378668
35.3000000000 11.3830822110
35.4000000000 10.9911270300
35.5000000000 10.6032210450
35.6000000000 10.2194082015
35.7000000000 9.8397278396
35.8000000000 9.4642148534
35.9000000000 9.0928998395
36.0000000000 8.7258092376
36.1000000000 8.3629654631
36.2000000000 8.0043870330
36.3000000000 7.6500886870
36.4000000000 7.3000815033
36.5000000000 6.9543730112
36.6000000000 6.6129673010
36.7000000000 6.2758651314
36.8000000000 5.9430640355
36.9000000000 5.6145584257
37.0000000000 5.2903396984
37.1000000000 4.9703963377
37.2000000000 4.6547140203
37.3000000000 4.3432757195
37.4000000000 4.0360618107
37.5000000000 3.7330501766
37.6000000000 3.4342163138
37.7000000000 3.1395334388
37.8000000000 2.8489725957
37.9000000000 2.5625027633
38.0000000000 2.2800909627
38.1000000000 2.0017023651
38.2000000000 1.7273003993
38.3000000000 1.4568468584
38.4000000000 1.1903020067
38.5000000000 0.9276246846
38.6000000000 0.6687724134
38.7000000000 0.4137014985
38.8000000000 0.1623671301
38.9000000000 -0.0852765164
39.0000000000 -0.3292761835
39.1000000000 -0.5696794360
39.2000000000 -0.8065345682
39.3000000000 -1.0398905135
39.4000000000 -1.2697967576
39.5000000000 -1.4963032533
39.6000000000 -1.7194603393
39.7000000000 -1.9393186617
39.8000000000 -2.1559290991
39.9000000000 -2.3693426906
40.0000000000 -2.5796105670
40.1000000000 -2.7867838861
40.2000000000 -2.9909137701
40.3000000000 -3.1920512478
40.4000000000 -3.3902471992
40.5000000000 -3.5855523031
40.6000000000 -3.7780169891
40.7000000000 -3.9676913918
40.8000000000 -4.1546253085
40.9000000000 -4.3388681598
41.0000000000 -4.5204689533
41.1000000000 -4.6994762502
41.2000000000 -4.8759381345
41.3000000000 -5.0499021850
41.4000000000 -5.2214154497
41.5000000000 -5.3905244231
41.6000000000 -5.5572750254
41.7000000000 -5.7217125841
41.8000000000 -5.8838818176
41.9000000000 -6.0438268217
42.0000000000 -6.2015910564
42.1000000000 -6.3572173361
42.2000000000 -6.5107478209
42.3000000000 -6.6622240089
42.4000000000 -6.8116867315
42.5000000000 -6.9591761485
42.6000000000 -7.1047317458
42.7000000000 -7.2483923334
42.8000000000 -7.3901960456
42.9000000000 -7.5301803408
43.0000000000 -7.6683820040
43.1000000000 -7.8048371487
43.2000000000 -7.9395812208
43.3000000000 -8.0726490025
43.4000000000 -8.2040746171
43.5000000000 -8.3338915347
43.6000000000 -8.4621325785
43.7000000000 -8.5888299308
43.8000000000 -8.7140151409
43.9000000000 -8.8377191318
44.0000000000 -8.9599722088
44.1000000000 -9.0808040675
44.2000000000 -9.2002438022
44.3000000000 -9.3183199148
44.4000000000 -9.4350603239
44.5000000000 -9.5504923735
44.6000000000 -9.6646428433
44.7000000000 -9.7775379571
44.8000000000 -9.8892033930
44.9000000000 -9.9996642929
45.0000000000 -10.1089452722
45.1000000000 -10.2170704293
45.2000000000 -10.3240633555
45.3000000000 -10.4299471450
45.4000000000 -10.5347444038
45.5000000000 -10.6384772601
45.6000000000 -10.7411673736
45.7000000000 -10.8428359451
45.8000000000 -10.9435037256
45.9000000000 -11.0431910264
46.0000000000 -11.1419177276
46.1000000000 -11.2397032877
46.2000000000 -11.3365667525
46.3000000000 -11.4325267641
46.4000000000 -11.5276015699
46.5000000000 -11.6218090308
46.6000000000 -11.7151666303
46.7000000000 -11.8076914825
46.8000000000 -11.8994003407
46.9000000000 -11.9903096054
47.0000000000 -12.0804353321
47.1000000000 -12.1697932399
47.2000000000 -12.2583987181
47.3000000000 -12.3462668348
47.4000000000 -12.4334123438
47.5000000000 -12.5198496920
47.6000000000 -12.6055930264
47.7000000000 -12.6906562013
47.8000000000 -12.7750527853
47.9000000000 -12.8587960674
48.0000000000 -12.9418990641
48.1000000000 -13.0243745259
48.2000000000 -13.1062349429
48.3000000000 -13.1874925516
48.4000000000 -13.2681593410
48.5000000000 -13.3482470576
48.6000000000 -13.4277672122
48.7000000000 -13.5067310849
48.8000000000 -13.5851497305
48.9000000000 -13.6630339843
49.0000000000 -13.7403944671
49.1000000000 -13.8172415902
49.2000000000 -13.8935855607
49.3000000000 -13.9694363859
49.4000000000 -14.0448038785
49.5000000000 -14.1196976612
49.6000000000 -14.1941271708
49.7000000000 -14.2681016631
49.8000000000 -14.3416302172
49.9000000000 -14.4147217394
50.0000000000 -14.4873849673
50.1000000000 -14.5596284744
50.2000000000 -14.6314606733
50.3000000000 -14.7028898198
50.4000000000 -14.7739240168
50.5000000000 -14.8445712178
50.6000000000 -14.9148392302
50.7000000000 -14.9847357191
50.8000000000 -15.0542682105
50.9000000000 -15.1234440948
51.0000000000 -15.1922706296
51.1000000000 -15.2607549432
51.2000000000 -15.3289040376
51.3000000000 -15.3967247912
51.4000000000 -15.4642239620
51.5000000000 -15.5314081904
51.6000000000 -15.5982840018
51.7000000000 -15.6648578095
51.8000000000 -15.7311359171
51.9000000000 -15.7971245212
52.0000000000 -15.8628297139
52.1000000000 -15.9282574852
52.2000000000 -15.9934137255
52.3000000000 -16.0583042278
52.4000000000 -16.1229346897
52.5000000000 -16.1873107162
52.6000000000 -16.2514378215
52.7000000000 -16.3153214311
52.8000000000 -16.3789668837
52.9000000000 -16.4423794337
53.0000000000 -16.5055642527
53.1000000000 -16.5685264316
53.2000000000 -16.6312709822
53.3000000000 -16.6938028396
53.4000000000 -16.7561268631
53.5000000000 -16.8182478388
53.6000000000 -16.8801704808
53.7000000000 -16.9418994328
53.8000000000 -17.0034392701
53.9000000000 -17.0647945005
54.0000000000 -17.1259695666
54.1000000000 -17.1869688469
54.2000000000 -17.2477966570
54.3000000000 -17.3084572517
54.4000000000 -17.3689548256
54.5000000000 -17.4292935151
54.6000000000 -17.4894773994
54.7000000000 -17.5495105019
54.8000000000 -17.6093967912
54.9000000000 -17.6691401830
55.0000000000 -17.7287445403
55.1000000000 -17.7882136755
55.2000000000 -17.8475513512
55.3000000000 -17.9067612809
55.4000000000 -17.9658471309
55.5000000000 -18.0248125208
55.6000000000 -18.0836610246
55.7000000000 -18.1423961720
55.8000000000 -18.2010214490
55.9000000000 -18.2595402991
56.0000000000 -18.3179561244
56.1000000000 -18.3762722862
56.2000000000 -18.4344921062
56.3000000000 -18.4926188670
56.4000000000 -18.5506558133
56.5000000000 -18.6086061529
56.6000000000 -18.6664730568
56.7000000000 -18.7242596609
56.8000000000 -18.7819690662
56.9000000000 -18.8396043396
57.0000000000 -18.8971685150
57.1000000000 -18.9546645937
57.2000000000 -19.0120955452
57.3000000000 -19.0694643080
57.4000000000 -19.1267737902
57.5000000000 -19.1840268702
57.6000000000 -19.2412263972
57.7000000000 -19.2983751921
57.8000000000 -19.3554760480
57.9000000000 -19.4125317308
58.0000000000 -19.4695449796
58.1000000000 -19.5265185077
58.2000000000 -19.5834550029
58.3000000000 -19.6403571279
58.4000000000 -19.6972275213
58.5000000000 -19.7540687976
58.6000000000 -19.8108835482
58.7000000000 -19.8676743415
58.8000000000 -19.9244437236
58.9000000000 -19.9811942187
59.0000000000 -20.0379283298
59.1000000000 -20.0946485387
59.2000000000 -20.1513573068
59.3000000000 -20.2080570756
59.4000000000 -20.2647502666
59.5000000000 -20.3214392825
59.6000000000 -20.3781265068
59.7000000000 -20.4348143047
59.8000000000 -20.4915050234
59.9000000000 -20.5482009924
60.0000000000 -20.6049045238
60.1000000000 -20.6616179128
60.2000000000 -20.7183434381
60.3000000000 -20.7750833617
60.4000000000 -20.8318399302
60.5000000000 -20.8886153740
60.6000000000 -20.9454119086
60.7000000000 -21.0022317343
60.8000000000 -21.0590770365
60.9000000000 -21.1159499864
61.0000000000 -21.1728527409
61.1000000000 -21.2297874430
61.2000000000 -21.2867562219
61.3000000000 -21.3437611936
61.4000000000 -21.4008044608
61.5000000000 -21.4578881134
61.6000000000 -21.5150142285
61.7000000000 -21.5721848708
61.8000000000 -21.6294020927
61.9000000000 -21.6866679346
62.0000000000 -21.7439844249
62.1000000000 -21.8013535806
62.2000000000 -21.8587774070
62.3000000000 -21.9162578984
62.4000000000 -21.9737970377
62.5000000000 -22.0313967970
62.6000000000 -22.0890591377
62.7000000000 -22.1467860104
62.8000000000 -22.2045793554
62.9000000000 -22.2624411026
63.0000000000 -22.3203731717
63.1000000000 -22.3783774724
63.2000000000 -22.4364559044
63.3000000000 -22.4946103578
63.4000000000 -22.5528427127
63.5000000000 -22.6111548397
63.6000000000 -22.6695486001
63.7000000000 -22.7280258456
63.8000000000 -22.7865884188
63.9000000000 -22.8452381528
64.0000000000 -22.9039768720
64.1000000000 -22.9628063912
64.2000000000 -23.0217285168
64.3000000000 -23.0807450458
64.4000000000 -23.1398577667
64.5000000000 -23.1990684589
64.6000000000 -23.2583788932
64.7000000000 -23.3177908316
64.8000000000 -23.3773060277
64.9000000000 -23.4369262260
65.0000000000 -23.4966531627
65.1000000000 -23.5564885654
65.2000000000 -23.6164341531
65.3000000000 -23.6764916360
65.4000000000 -23.7366627162
65.5000000000 -23.7969490868
65.6000000000 -23.8573524328
65.7000000000 -23.9178744302
65.8000000000 -23.9785167468
65.9000000000 -24.0392810416
66.0000000000 -24.1001689652
66.1000000000 -24.1611821593
66.2000000000 -24.2223222571
66.3000000000 -24.2835908833
66.4000000000 -24.3449896535
66.5000000000 -24.4065201749
66.6000000000 -24.4681840457
66.7000000000 -24.5299828551
66.8000000000 -24.5919181837
66.9000000000 -24.6539916030
67.0000000000 -24.7162046752
67.1000000000 -24.7785589537
67.2000000000 -24.8410559827
67.3000000000 -24.9036972969
67.4000000000 -24.9664844218
67.5000000000 -25.0294188735
67.6000000000 -25.0925021585
67.7000000000 -25.1557357737
67.8000000000 -25.2191212063
67.9000000000 -25.2826599337
68.0000000000 -25.3463534232
68.1000000000 -25.4102031322
68.2000000000 -25.4742105080
68.3000000000 -25.5383769875
68.4000000000 -25.6027039972
68.5000000000 -25.6671929532
68.6000000000 -25.7318452608
68.7000000000 -25.7966623146
68.8000000000 -25.8616454982
68.9000000000 -25.9267961842
69.0000000000 -25.9921157338
69.1000000000 -26.0576054972
69.2000000000 -26.1232668126
69.3000000000 -26.1891010070
69.4000000000 -26.2551093951
69.5000000000 -26.3212932800
69.6000000000 -26.3876539524
69.7000000000 -26.4541926908
69.8000000000 -26.5209107609
69.9000000000 -26.5878094161
70.0000000000 -26.6548898968
70.1000000000 -26.7221534301
70.2000000000 -26.7896012302
70.3000000000 -26.8572344977
70.4000000000 -26.9250544197
70.5000000000 -26.9930621693
70.6000000000 -27.0612589058
70.7000000000 -27.1296457742
70.8000000000 -27.1982239051
70.9000000000 -27.2669944145
71.0000000000 -27.3359584035
71.1000000000 -27.4051169584
71.2000000000 -27.4744711499
71.3000000000 -27.5440220337
71.4000000000 -27.6137706494
71.5000000000 -27.6837180211
71.6000000000 -27.7538651565
71.7000000000 -27.8242130471
71.8000000000 -27.8947626679
71.9000000000 -27.9655149770
72.0000000000 -28.0364709158
72.1000000000 -28.1076314081
72.2000000000 -28.1789973606
72.3000000000 -28.2505696620
72.4000000000 -28.3223491834
72.5000000000 -28.3943367776
72.6000000000 -28.4665332792
72.7000000000 -28.5389395040
72.8000000000 -28.6115562491
72.9000000000 -28.6843842925
73.0000000000 -28.7574243931
73.1000000000 -28.8306772900
73.2000000000 -28.9041437027
73.3000000000 -28.9778243307
73.4000000000 -29.0517198534
73.5000000000 -29.1258309297
73.6000000000 -29.2001581976
73.7000000000 -29.2747022747
73.8000000000 -29.3494637570
73.9000000000 -29.4244432194
74.0000000000 -29.4996412151
74.1000000000 -29.5750582758
74.2000000000 -29.6506949107
74.3000000000 -29.7265516073
74.4000000000 -29.8026288302
74.5000000000 -29.8789270215
74.6000000000 -29.9554466005
74.7000000000 -30.0321879633
74.8000000000 -30.1091514828
74.9000000000 -30.1863375082
75.0000000000 -30.2637463653
75.1000000000 -30.3413783556
75.2000000000 -30.4192337569
75.3000000000 -30.4973128223
75.4000000000 -30.5756157808
75.5000000000 -30.6541428365
75.6000000000 -30.7328941686
75.7000000000 -30.8118699315
75.8000000000 -30.8910702542
75.9000000000 -30.9704952403
76.0000000000 -31.0501449682
76.1000000000 -31.1300194901
76.2000000000 -31.2101188327
76.3000000000 -31.2904429966
76.4000000000 -31.3709919563
76.5000000000 -31.4517656601
76.6000000000 -31.5327640295
76.7000000000 -31.6139869600
76.8000000000 -31.6954343201
76.9000000000 -31.7771059515
77.0000000000 -31.8590016692
77.1000000000 -31.9411212612
77.2000000000 -32.0234644882
77.3000000000 -32.1060310840
77.4000000000 -32.1888207550
77.5000000000 -32.2718331802
77.6000000000 -32.3550680113
77.7000000000 -32.4385248726
77.8000000000 -32.5222033609
77.9000000000 -32.6061030451
78.0000000000 -32.6902234670
78.1000000000 -32.7745641404
78.2000000000 -32.8591245517
78.3000000000 -32.9439041593
78.4000000000 -33.0289023944
78.5000000000 -33.1141186600
78.6000000000 -33.1995523318
78.7000000000 -33.2852027577
78.8000000000 -33.3710692581
78.9000000000 -33.4571511257
79.0000000000 -33.5434476256
79.1000000000 -33.6299579956
79.2000000000 -33.7166814459
79.3000000000 -33.8036171594
79.4000000000 -33.8907642917
79.5000000000 -33.9781219712
79.6000000000 -34.0656892993
79.7000000000 -34.1534653501
79.8000000000 -34.2414491713
79.9000000000 -34.3296397833
80.0000000000 -34.4180361803
80.1000000000 -34.5066373298
80.2000000000 -34.5954421730
80.3000000000 -34.6844496250
80.4000000000 -34.7736585747
80.5000000000 -34.8630678853
80.6000000000 -34.9526763945
80.7000000000 -35.0424829142
80.8000000000 -35.1324862314
80.9000000000 -35.2226851078
81.0000000000 -35.3130782806
81.1000000000 -35.4036644620
81.2000000000 -35.4944423402
81.3000000000 -35.5854105793
81.4000000000 -35.6765678194
81.5000000000 -35.7679126772
81.6000000000 -35.8594437459
81.7000000000 -35.9511595960
81.8000000000 -36.0430587750
81.9000000000 -36.1351398082
82.0000000000 -36.2274011986
82.1000000000 -36.3198414277
82.2000000000 -36.4124589552
82.3000000000 -36.5052522199
82.4000000000 -36.5982196398
82.5000000000 -36.6913596124
82.6000000000 -36.7846705150
82.7000000000 -36.8781507054
82.8000000000 -36.9717985220
82.9000000000 -37.0656122840
83.0000000000 -37.1595902922
83.1000000000 -37.2537308293
83.2000000000 -37.3480321598
83.3000000000 -37.4424925313
83.4000000000 -37.5371101739
83.5000000000 -37.6318833015
83.6000000000 -37.7268101116
83.7000000000 -37.8218887860
83.8000000000 -37.9171174912
83.9000000000 -38.0124943790
84.0000000000 -38.1080175864
84.1000000000 -38.2036852366
84.2000000000 -38.2994954394
84.3000000000 -38.3954462912
84.4000000000 -38.4915358760
84.5000000000 -38.5877622655
84.6000000000 -38.6841235198
84.7000000000 -38.7806176875
84.8000000000 -38.8772428069
84.9000000000 -38.9739969054
85.0000000000 -39.0708780011
85.1000000000 -39.1678841024
85.2000000000 -39.2650132089
85.3000000000 -39.3622633120
85.4000000000 -39.4596323950
85.5000000000 -39.5571184339
85.6000000000 -39.6547193975
85.7000000000 -39.7524332486
85.8000000000 -39.8502579435
85.9000000000 -39.9481914335
86.0000000000 -40.0462316647
86.1000000000 -40.1443765786
86.2000000000 -40.2426241128
86.3000000000 -40.3409722013
86.4000000000 -40.4394187753
86.5000000000 -40.5379617630
86.6000000000 -40.6365990908
86.7000000000 -40.7353286835
86.8000000000 -40.8341484646
86.9000000000 -40.9330563571
87.0000000000 -41.0320502839
87.1000000000 -41.1311281678
87.2000000000 -41.2302879329
87.3000000000 -41.3295275041
87.4000000000 -41.4288448082
87.5000000000 -41.5282377740
87.6000000000 -41.6277043332
87.7000000000 -41.7272424201
87.8000000000 -41.8268499728
87.9000000000 -41.9265249334
88.0000000000 -42.0262652481
88.1000000000 -42.1260688682
88.2000000000 -42.2259337500
88.3000000000 -42.3258578557
88.4000000000 -42.4258391533
88.5000000000 -42.5258756174
88.6000000000 -42.6259652297
88.7000000000 -42.7261059790
88.8000000000 -42.8262958618
88.9000000000 -42.9265328827
89.0000000000 -43.0268150547
89.1000000000 -43.1271403999
89.2000000000 -43.2275069493
89.3000000000 -43.3279127436
89.4000000000 -43.4283558335
89.5000000000 -43.5288342798
89.6000000000 -43.6293461541
89.7000000000 -43.7298895390
89.8000000000 -43.8304625280
89.9000000000 -43.9310632267
90.0000000000 -44.0316897523
90.1000000000 -44.1323402343
90.2000000000 -44.2330128147
90.3000000000 -44.3337056484
90.4000000000 -44.4344169032
90.5000000000 -44.5351447605
90.6000000000 -44.6358874151
90.7000000000 -44.7366430759
90.8000000000 -44.8374099657
90.9000000000 -44.9381863218
91.0000000000 -45.0389703962
91.1000000000 -45.1397604556
91.2000000000 -45.2405547818
91.3000000000 -45.3413516718
91.4000000000 -45.4421494382
91.5000000000 -45.5429464091
91.6000000000 -45.6437409284
91.7000000000 -45.7445313562
91.8000000000 -45.8453160686
91.9000000000 -45.9460934582
92.0000000000 -46.0468619339
92.1000000000 -46.1476199213
92.2000000000 -46.2483658627
92.3000000000 -46.3490982175
92.4000000000 -46.4498154618
92.5000000000 -46.5505160889
92.6000000000 -46.6511986094
92.7000000000 -46.7518615512
92.8000000000 -46.8525034593
92.9000000000 -46.9531228965
93.0000000000 -47.0537184429
93.1000000000 -47.1542886962
93.2000000000 -47.2548322718
93.3000000000 -47.3553478028
93.4000000000 -47.4558339398
93.5000000000 -47.5562893513
93.6000000000 -47.6567127236
93.7000000000 -47.7571027605
93.8000000000 -47.8574581838
93.9000000000 -47.9577777329
94.0000000000 -48.0580601652
94.1000000000 -48.1583042554
94.2000000000 -48.2585087963
94.3000000000 -48.3586725982
94.4000000000 -48.4587944889
94.5000000000 -48.5588733140
94.6000000000 -48.6589079364
94.7000000000 -48.7588972367
94.8000000000 -48.8588401126
94.9000000000 -48.9587354795
95.0000000000 -49.0585822695
95.1000000000 -49.1583794323
95.2000000000 -49.2581259345
95.3000000000 -49.3578207594
95.4000000000 -49.4574629075
95.5000000000 -49.5570513959
95.6000000000 -49.6565852581
95.7000000000 -49.7560635443
95.8000000000 -49.8554853209
95.9000000000 -49.9548496707
96.0000000000 -50.0541556922
96.1000000000 -50.1534025002
96.2000000000 -50.2525892249
96.3000000000 -50.3517150125
96.4000000000 -50.4507790241
96.5000000000 -50.5497804365
96.6000000000 -50.6487184414
96.7000000000 -50.7475922454
96.8000000000 -50.8464010700
96.9000000000 -50.9451441508
97.0000000000 -51.0438207382
97.1000000000 -51.1424300965
97.2000000000 -51.2409715040
97.3000000000 -51.3394442526
97.4000000000 -51.4378476480
97.5000000000 -51.5361810088
97.6000000000 -51.6344436672
97.7000000000 -51.7326349678
97.8000000000 -51.8307542680
97.9000000000 -51.9288009378
98.0000000000 -52.0267743590
98.1000000000 -52.1246739258
98.2000000000 -52.2224990437
98.3000000000 -52.3202491298
98.4000000000 -52.4179236126
98.5000000000 -52.5155219314
98.6000000000 -52.6130435363
98.7000000000 -52.7104878877
98.8000000000 -52.8078544565
98.9000000000 -52.9051427235
99.0000000000 -53.0023521789
99.1000000000 -53.0994823229
99.2000000000 -53.1965326643
99.3000000000 -53.2935027214
99.4000000000 -53.3903920207
99.5000000000 -53.4872000973
99.6000000000 -53.5839264944
99.7000000000 -53.6805707631
99.8000000000 -53.7771324620
99.9000000000 -53.8736111571
100.0000000000 -53.9700064214
100.1000000000 -54.0663178347
100.2000000000 -54.1625449833
100.3000000000 -54.2586874596
100.4000000000 -54.3547448622
100.5000000000 -54.4507167951
100.6000000000 -54.5466028680
100.7000000000 -54.6424026954
100.8000000000 -54.7381158969
100.9000000000 -54.8337420965
101.0000000000 -54.9292809227
101.1000000000 -55.0247320079
101.2000000000 -55.1200949882
101.3000000000 -55.2153695033
101.4000000000 -55.3105551960
101.5000000000 -55.4056517121
101.6000000000 -55.5006587001
101.7000000000 -55.5955758109
101.8000000000 -55.6904026972
101.9000000000 -55.7851390142
102.0000000000 -55.8797844180
102.1000000000 -55.9743385665
102.2000000000 -56.0688011185
102.3000000000 -56.1631717336
102.4000000000 -56.2574500719
102.5000000000 -56.3516357939
102.6000000000 -56.4457285600
102.7000000000 -56.5397280305
102.8000000000 -56.6336338652
102.9000000000 -56.7274457230
103.0000000000 -56.8211632620
103.1000000000 -56.9147861391
103.2000000000 -57.0083140096
103.3000000000 -57.1017465272
103.4000000000 -57.1950833436
103.5000000000 -57.2883241085
103.6000000000 -57.3814684689
103.7000000000 -57.4745160694
103.8000000000 -57.5674665516
103.9000000000 -57.6603195543
104.0000000000 -57.7530747126
104.1000000000 -57.8457316583
104.2000000000 -57.9382900196
104.3000000000 -58.0307494206
104.4000000000 -58.1231094813
104.5000000000 -58.2153698174
104.6000000000 -58.3075300400
104.7000000000 -58.3995897555
104.8000000000 -58.4915485655
104.9000000000 -58.5834060665
105.0000000000 -58.6751618494
105.1000000000 -58.7668155001
105.2000000000 -58.8583665987
105.3000000000 -58.9498147193
105.4000000000 -59.0411594303
105.5000000000 -59.1324002939
105.6000000000 -59.2235368661
105.7000000000 -59.3145686965
105.8000000000 -59.4054953279
105.9000000000 -59.4963162966
106.0000000000 -59.5870311321
106.1000000000 -59.6776393568
106.2000000000 -59.7681404861
106.3000000000 -59.8585340282
106.4000000000 -59.9488194838
106.5000000000 -60.0389963465
106.6000000000 -60.1290641019
106.7000000000 -60.2190222283
106.8000000000 -60.3088701962
106.9000000000 -60.3986074682
107.0000000000 -60.4882334990
107.1000000000 -60.5777477353
107.2000000000 -60.6671496158
107.3000000000 -60.7564385710
107.4000000000 -60.8456140232
107.5000000000 -60.9346753865
107.6000000000 -61.0236220665
107.7000000000 -61.1124534608
107.8000000000 -61.2011689583
107.9000000000 -61.2897679395
108.0000000000 -61.3782497765
108.1000000000 -61.4666138330
108.2000000000 -61.5548594640
108.3000000000 -61.6429860160
108.4000000000 -61.7309928271
108.5000000000 -61.8188792269
108.6000000000 -61.9066445361
108.7000000000 -61.9942880673
108.8000000000 -62.0818091244
108.9000000000 -62.1692070028
109.0000000000 -62.2564809894
109.1000000000 -62.3436303626
109.2000000000 -62.4306543927
109.3000000000 -62.5175523413
109.4000000000 -62.6043234617
109.5000000000 -62.6909669992
109.6000000000 -62.7774821905
109.7000000000 -62.8638682645
109.8000000000 -62.9501244418
109.9000000000 -63.0362499349
110.0000000000 -63.1222439486
110.1000000000 -63.2081056797
110.2000000000 -63.2938343173
110.3000000000 -63.3794290426
110.4000000000 -63.4648890294
110.5000000000 -63.5502134440
110.6000000000 -63.6354014453
110.7000000000 -63.7204521848
110.8000000000 -63.8053648071
110.9000000000 -63.8901384495
111.0000000000 -63.9747722425
111.1000000000 -64.0592653098
111.2000000000 -64.1436167684
111.3000000000 -64.2278257288
111.4000000000 -64.3118912952
111.5000000000 -64.3958125654
111.6000000000 -64.4795886313
111.7000000000 -64.5632185787
111.8000000000 -64.6467014877
111.9000000000 -64.7300364328
112.0000000000 -64.8132224829
112.1000000000 -64.8962587017
112.2000000000 -64.9791441480
112.3000000000 -65.0618778752
112.4000000000 -65.1444589322
112.5000000000 -65.2268863634
112.6000000000 -65.3091592086
112.7000000000 -65.3912765033
112.8000000000 -65.4732372793
112.9000000000 -65.5550405642
113.0000000000 -65.6366853822
113.1000000000 -65.7181707538
113.2000000000 -65.7994956964
113.3000000000 -65.8806592242
113.4000000000 -65.9616603487
113.5000000000 -66.0424980786
113.6000000000 -66.1231714202
113.7000000000 -66.2036793775
113.8000000000 -66.2840209523
113.9000000000 -66.3641951449
114.0000000000 -66.4442009535
114.1000000000 -66.5240373752
114.2000000000 -66.6037034057
114.3000000000 -66.6831980397
114.4000000000 -66.7625202709
114.5000000000 -66.8416690926
114.6000000000 -66.9206434974
114.7000000000 -66.9994424778
114.8000000000 -67.0780650263
114.9000000000 -67.1565101353
115.0000000000 -67.2347767976
115.1000000000 -67.3128640064
115.2000000000 -67.3907707557
115.3000000000 -67.4684960400
115.4000000000 -67.5460388550
115.5000000000 -67.6233981973
115.6000000000 -67.7005730646
115.7000000000 -67.7775624562
115.8000000000 -67.8543653723
115.9000000000 -67.9309808149
116.0000000000 -68.0074077872
116.1000000000 -68.0836452940
116.2000000000 -68.1596923413
116.3000000000 -68.2355479367
116.4000000000 -68.3112110888
116.5000000000 -68.3866808074
116.6000000000 -68.4619561030
116.7000000000 -68.5370359867
116.8000000000 -68.6119194698
116.9000000000 -68.6866055629
117.0000000000 -68.7610932760
117.1000000000 -68.8353816174
117.2000000000 -68.9094695927
117.3000000000 -68.9833562041
117.4000000000 -69.0570404491
117.5000000000 -69.1305213187
117.6000000000 -69.2037977962
117.7000000000 -69.2768688552
117.8000000000 -69.3497334566
117.9000000000 -69.4223905466
118.0000000000 -69.4948390533
118.1000000000 -69.5670778827
118.2000000000 -69.6391059147
118.3000000000 -69.7109219979
118.4000000000 -69.7825249436
118.5000000000 -69.8539135195
118.6000000000 -69.9250864411
118.7000000000 -69.9960423633
118.8000000000 -70.0667798690
118.9000000000 -70.1372974575
119.0000000000 -70.2075935298
119.1000000000 -70.2776663723
119.2000000000 -70.3475141376
119.3000000000 -70.4171348224
119.4000000000 -70.4865262418
119.5000000000 -70.5556859999
119.6000000000 -70.6246114551
119.7000000000 -70.6932996808
119.8000000000 -70.7617474190
119.9000000000 -70.8299510275
120.0000000000 -70.8979064180
120.1000000000 -70.9656089854
120.2000000000 -71.0330535248
120.3000000000 -71.1002341364
120.4000000000 -71.1671441155
120.5000000000 -71.2337758244
120.6000000000 -71.3001205447
120.7000000000 -71.3661683068
120.8000000000 -71.4319076919
120.9000000000 -71.4973256029
121.0000000000 -71.5624070003
121.1000000000 -71.6271345949
121.2000000000 -71.6914884940
121.3000000000 -71.7554457904
121.4000000000 -71.8189800881
121.5000000000 -71.8820609524
121.6000000000 -71.9446532737
121.7000000000 -72.0067165319
121.8000000000 -72.0682039441
121.9000000000 -72.1290614786
122.0000000000 -72.1892267140
122.1000000000 -72.2486275176
122.2000000000 -72.3071805173
122.3000000000 -72.3647893313
122.4000000000 -72.4213425200
122.5000000000 -72.4767112147
122.6000000000 -72.5307463733
122.7000000000 -72.5832756028
122.8000000000 -72.6340994821
122.9000000000 -72.6829873050
123.0000000000 -72.7296721519
123.1000000000 -72.7738451860
123.2000000000 -72.8151490506
123.3000000000 -72.8531702251
123.4000000000 -72.8874301789
123.5000000000 -72.9173751306
123.6000000000 -72.9423641957
123.7000000000 -72.9616556683
123.8000000000 -72.9743911450
123.9000000000 -72.9795771523
124.0000000000 -72.9760638858
124.1000000000 -72.9625206117
124.2000000000 -72.9374072080
124.3000000000 -72.8989412440
124.4000000000 -72.8450599072
124.5000000000 -72.7733759758
124.6000000000 -72.6811269196
124.7000000000 -72.5651160696
124.8000000000 -72.4216446411
124.9000000000 -72.2464332130
125.0000000000 -72.0345310605
125.1000000000 -71.7802115066
125.2000000000 -71.4768511853
125.3000000000 -71.1167908109
125.4000000000 -70.6911746906
125.5000000000 -70.1897658099
125.6000000000 -69.6007328352
125.7000000000 -68.9104047731
125.8000000000 -68.1029882518
125.9000000000 -67.1602413263
126.0000000000 -66.0610961380
126.1000000000 -64.7812203092
126.2000000000 -63.2925029002
126.3000000000 -61.5624438414
126.4000000000 -59.5534137360
126.5000000000 -57.2217301164
126.6000000000 -54.5164610283
126.7000000000 -51.3778104012
126.8000000000 -47.7348584839
126.9000000000 -43.5023373907
127.0000000000 -38.5760692273
127.1000000000 -32.8267955448
127.2000000000 -26.0926533277
127.3000000000 -18.1733421608
127.4000000000 -8.8465381079
127.5000000000 1.9858264238
127.6000000000 13.6778378663
127.7000000000 23.8386974816
127.8000000000 29.8549305467
127.9000000000 32.2491263570
128.0000000000 33.1611254586
128.1000000000 33.7257750791
128.2000000000 34.1940197241
128.3000000000 34.5887967246
128.4000000000 34.9086632644
128.5000000000 35.1558089544
128.6000000000 35.3357919148
128.7000000000 35.4553938058
128.8000000000 35.5213646591
128.9000000000 35.5398637648
129.0000000000 35.5162746302
129.1000000000 35.4551997975
129.2000000000 35.3605333542
129.3000000000 35.2355599471
129.4000000000 35.0830558307
129.5000000000 34.9053811957
129.6000000000 34.7045599151
129.7000000000 34.4823461823
129.8000000000 34.2402790128
129.9000000000 33.9797261502
130.0000000000 33.7019190243
130.1000000000 33.4079803158
130.2000000000 33.0989454952
130.3000000000 32.7757795048
130.4000000000 32.4393895601
130.5000000000 32.0906348739
130.6000000000 31.7303339599
130.7000000000 31.3592700482
130.8000000000 30.9781950425
130.9000000000 30.5878323642
131.0000000000 30.1888789581
131.1000000000 29.7820066796
131.2000000000 29.3678632356
131.3000000000 28.9470728132
131.4000000000 28.5202365029
131.5000000000 28.0879325935
131.6000000000 27.6507168013
131.7000000000 27.2091224754
131.8000000000 26.7636608125
131.9000000000 26.3148211007
132.0000000000 25.8630710074
132.1000000000 25.4088569175
132.2000000000 24.9526043256
132.3000000000 24.4947182808
132.4000000000 24.0355838813
132.5000000000 23.5755668146
132.6000000000 23.1150139362
132.7000000000 22.6542538807
132.8000000000 22.1935976995
132.9000000000 21.7333395161
133.0000000000 21.2737571949
133.1000000000 20.8151130151
133.2000000000 20.3576543456
133.3000000000 19.9016143147
133.4000000000 19.4472124704
133.5000000000 18.9946554273
133.6000000000 18.5441374966
133.7000000000 18.0958412957
133.8000000000 17.6499383368
133.9000000000 17.2065895903
134.0000000000 16.7659460236
134.1000000000 16.3281491130
134.2000000000 15.8933313300
134.3000000000 15.4616165984
134.4000000000 15.0331207267
134.5000000000 14.6079518124
134.6000000000 14.1862106207
134.7000000000 13.7679909383
134.8000000000 13.3533799021
134.9000000000 12.9424583060
135.0000000000 12.5353008841
135.1000000000 12.1319765748
135.2000000000 11.7325487640
135.3000000000 11.3370755118
135.4000000000 10.9456097613
135.5000000000 10.5581995330
135.6000000000 10.1748881051
135.7000000000 9.7957141817
135.8000000000 9.4207120494
135.9000000000 9.0499117243
136.0000000000 8.6833390907
136.1000000000 8.3210160321
136.2000000000 7.9629605560
136.3000000000 7.6091869130
136.4000000000 7.2597057126
136.5000000000 6.9145240341
136.6000000000 6.5736455359
136.7000000000 6.2370705621
136.8000000000 5.9047962482
136.9000000000 5.5768166252
137.0000000000 5.2531227238
137.1000000000 4.9337026782
137.2000000000 4.6185418299
137.3000000000 4.3076228326
137.4000000000 4.0009257561
137.5000000000 3.6984281925
137.6000000000 3.4001053617
137.7000000000 3.1059302179
137.8000000000 2.8158735569
137.9000000000 2.5299041228
138.0000000000 2.2479887159
138.1000000000 1.9700923000
138.2000000000 1.6961781098
138.3000000000 1.4262077575
138.4000000000 1.1601413393
138.5000000000 0.8979375403
138.6000000000 0.6395537391
138.7000000000 0.3849461103
138.8000000000 0.1340697254
138.9000000000 -0.1131213474
139.0000000000 -0.3566739461
139.1000000000 -0.5966357204
139.2000000000 -0.8330550387
139.3000000000 -1.0659808983
139.4000000000 -1.2954628387
139.5000000000 -1.5215508569
139.6000000000 -1.7442953268
139.7000000000 -1.9637469210
139.8000000000 -2.1799565359
139.9000000000 -2.3929752205
140.0000000000 -2.6028541081
140.1000000000 -2.8096443514
140.2000000000 -3.0133970613
140.3000000000 -3.2141632484
140.4000000000 -3.4119937684
140.5000000000 -3.6069392705
140.6000000000 -3.7990501494
140.7000000000 -3.9883764995
140.8000000000 -4.1749680736
140.9000000000 -4.3588742437
141.0000000000 -4.5401439648
141.1000000000 -4.7188257419
141.2000000000 -4.8949675994
141.3000000000 -5.0686170540
141.4000000000 -5.2398210885
141.5000000000 -5.4086261300
141.6000000000 -5.5750780291
141.7000000000 -5.7392220419
141.8000000000 -5.9011028138
141.9000000000 -6.0607643658
142.0000000000 -6.2182500824
142.1000000000 -6.3736027012
142.2000000000 -6.5268643047
142.3000000000 -6.6780763128
142.4000000000 -6.8272794781
142.5000000000 -6.9745138815
142.6000000000 -7.1198189295
142.7000000000 -7.2632333530
142.8000000000 -7.4047952069
142.9000000000 -7.5445418706
143.0000000000 -7.6825100505
143.1000000000 -7.8187357815
143.2000000000 -7.9532544318
143.3000000000 -8.0861007062
143.4000000000 -8.2173086512
143.5000000000 -8.3469116611
143.6000000000 -8.4749424836
143.7000000000 -8.6014332268
143.8000000000 -8.7264153663
143.9000000000 -8.8499197525
144.0000000000 -8.9719766190
144.1000000000 -9.0926155905
144.2000000000 -9.2118656918
144.3000000000 -9.3297553560
144.4000000000 -9.4463124339
144.5000000000 -9.5615642033
144.6000000000 -9.6755373780
144.7000000000 -9.7882581177
144.8000000000 -9.8997520373
144.9000000000 -10.0100442163
145.0000000000 -10.1191592091
145.1000000000 -10.2271210542
145.2000000000 -10.3339532842
145.3000000000 -10.4396789354
145.4000000000 -10.5443205574
145.5000000000 -10.6479002228
145.6000000000 -10.7504395369
145.7000000000 -10.8519596473
145.8000000000 -10.9524812527
145.9000000000 -11.0520246132
146.0000000000 -11.1506095588
146.1000000000 -11.2482554990
146.2000000000 -11.3449814316
146.3000000000 -11.4408059516
146.4000000000 -11.5357472602
146.5000000000 -11.6298231736
146.6000000000 -11.7230511309
146.7000000000 -11.8154482034
146.8000000000 -11.9070311019
146.9000000000 -11.9978161857
147.0000000000 -12.0878194702
147.1000000000 -12.1770566347
147.2000000000 -12.2655430301
147.3000000000 -12.3532936867
147.4000000000 -12.4403233214
147.5000000000 -12.5266463448
147.6000000000 -12.6122768688
147.7000000000 -12.6972287133
147.8000000000 -12.7815154129
147.9000000000 -12.8651502237
148.0000000000 -12.9481461301
148.1000000000 -13.0305158509
148.2000000000 -13.1122718454
148.3000000000 -13.1934263201
148.4000000000 -13.2739912344
148.5000000000 -13.3539783060
148.6000000000 -13.4333990177
148.7000000000 -13.5122646218
148.8000000000 -13.5905861464
148.9000000000 -13.6683744004
149.0000000000 -13.7456399790
149.1000000000 -13.8223932681
149.2000000000 -13.8986444504
149.3000000000 -13.9744035090
149.4000000000 -14.0496802332
149.5000000000 -14.1244842225
149.6000000000 -14.1988248914
149.7000000000 -14.2727114737
149.8000000000 -14.3461530267
149.9000000000 -14.4191584358
150.0000000000 -14.4917364182
150.1000000000 -14.5638955269
150.2000000000 -14.6356441549
150.3000000000 -14.7069905388
150.4000000000 -14.7779427625
150.5000000000 -14.8485087610
150.6000000000 -14.9186963237
150.7000000000 -14.9885130979
150.8000000000 -15.0579665925
150.9000000000 -15.1270641806
151.0000000000 -15.1958131034
151.1000000000 -15.2642204729
151.2000000000 -15.3322932751
151.3000000000 -15.4000383729
151.4000000000 -15.4674625090
151.5000000000 -15.5345723087
151.6000000000 -15.6013742830
151.7000000000 -15.6678748306
151.8000000000 -15.7340802411
151.9000000000 -15.7999966974
152.0000000000 -15.8656302780
152.1000000000 -15.9309869597
152.2000000000 -15.9960726199
152.3000000000 -16.0608930387
152.4000000000 -16.1254539015
152.5000000000 -16.1897608010
152.6000000000 -16.2538192393
152.7000000000 -16.3176346300
152.8000000000 -16.3812123006
152.9000000000 -16.4445574939
153.0000000000 -16.5076753706
153.1000000000 -16.5705710104
153.2000000000 -16.6332494147
153.3000000000 -16.6957155078
153.4000000000 -16.7579741390
153.5000000000 -16.8200300841
153.6000000000 -16.8818880472
153.7000000000 -16.9435526624
153.8000000000 -17.0050284953
153.9000000000 -17.0663200443
154.0000000000 -17.1274317429
154.1000000000 -17.1883679602
154.2000000000 -17.2491330032
154.3000000000 -17.3097311176
154.4000000000 -17.3701664897
154.5000000000 -17.4304432472
154.6000000000 -17.4905654611
154.7000000000 -17.5505371464
154.8000000000 -17.6103622639
154.9000000000 -17.6700447210
155.0000000000 -17.7295883733
155.1000000000 -17.7889970254
155.2000000000 -17.8482744322
155.3000000000 -17.9074242999
155.4000000000 -17.9664502875
155.5000000000 -18.0253560073
155.6000000000 -18.0841450262
155.7000000000 -18.1428208670
155.8000000000 -18.2013870088
155.9000000000 -18.2598468885
156.0000000000 -18.3182039012
156.1000000000 -18.3764614019
156.2000000000 -18.4346227056
156.3000000000 -18.4926910887
156.4000000000 -18.5506697896
156.5000000000 -18.6085620098
156.6000000000 -18.6663709143
156.7000000000 -18.7240996328
156.8000000000 -18.7817512605
156.9000000000 -18.8393288584
157.0000000000 -18.8968354547
157.1000000000 -18.9542740448
157.2000000000 -19.0116475928
157.3000000000 -19.0689590315
157.4000000000 -19.1262112636
157.5000000000 -19.1834071619
157.6000000000 -19.2405495705
157.7000000000 -19.2976413049
157.8000000000 -19.3546851531
157.9000000000 -19.4116838756
158.0000000000 -19.4686402067
158.1000000000 -19.5255568545
158.2000000000 -19.5824365019
158.3000000000 -19.6392818067
158.4000000000 -19.6960954027
158.5000000000 -19.7528798995
158.6000000000 -19.8096378839
158.7000000000 -19.8663719195
158.8000000000 -19.9230845478
158.9000000000 -19.9797782886
159.0000000000 -20.0364556401
159.1000000000 -20.0931190797
159.2000000000 -20.1497710646
159.3000000000 -20.2064140316
159.4000000000 -20.2630503980
159.5000000000 -20.3196825622
159.6000000000 -20.3763129035
159.7000000000 -20.4329437829
159.8000000000 -20.4895775435
159.9000000000 -20.5462165105
160.0000000000 -20.6028629921
160.1000000000 -20.6595192794
160.2000000000 -20.7161876470
160.3000000000 -20.7728703531
160.4000000000 -20.8295696403
160.5000000000 -20.8862877353
160.6000000000 -20.9430268495
160.7000000000 -20.9997891795
160.8000000000 -21.0565769070
160.9000000000 -21.1133921994
161.0000000000 -21.1702372099
161.1000000000 -21.2271140778
161.2000000000 -21.2840249289
161.3000000000 -21.3409718753
161.4000000000 -21.3979570164
161.5000000000 -21.4549824384
161.6000000000 -21.5120502149
161.7000000000 -21.5691624073
161.8000000000 -21.6263210644
161.9000000000 -21.6835282232
162.0000000000 -21.7407859089
162.1000000000 -21.7980961351
162.2000000000 -21.8554609038
162.3000000000 -21.9128822059
162.4000000000 -21.9703620212
162.5000000000 -22.0279023186
162.6000000000 -22.0855050561
162.7000000000 -22.1431721815
162.8000000000 -22.2009056318
162.9000000000 -22.2587073337
163.0000000000 -22.3165792041
163.1000000000 -22.3745231495
163.2000000000 -22.4325410667
163.3000000000 -22.4906348427
163.4000000000 -22.5488063548
163.5000000000 -22.6070574706
163.6000000000 -22.6653900487
163.7000000000 -22.7238059378
163.8000000000 -22.7823069776
163.9000000000 -22.8408949987
164.0000000000 -22.8995718225
164.1000000000 -22.9583392614
164.2000000000 -23.0171991188
164.3000000000 -23.0761531892
164.4000000000 -23.1352032584
164.5000000000 -23.1943511034
164.6000000000 -23.2535984922
164.7000000000 -23.3129471846
164.8000000000 -23.3723989313
164.9000000000 -23.4319554748
165.0000000000 -23.4916185487
165.1000000000 -23.5513898781
165.2000000000 -23.6112711797
165.3000000000 -23.6712641617
165.4000000000 -23.7313705235
165.5000000000 -23.7915919563
165.6000000000 -23.8519301427
165.7000000000 -23.9123867567
165.8000000000 -23.9729634639
165.9000000000 -24.0336619212
166.0000000000 -24.0944837771
166.1000000000 -24.1554306715
166.2000000000 -24.2165042357
166.3000000000 -24.2777060921
166.4000000000 -24.3390378549
166.5000000000 -24.4005011291
166.6000000000 -24.4620975112
166.7000000000 -24.5238285888
166.8000000000 -24.5856959407
166.9000000000 -24.6477011367
167.0000000000 -24.7098457375
167.1000000000 -24.7721312949
167.2000000000 -24.8345593515
167.3000000000 -24.8971314407
167.4000000000 -24.9598490865
167.5000000000 -25.0227138037
167.6000000000 -25.0857270973
167.7000000000 -25.1488904632
167.8000000000 -25.2122053871
167.9000000000 -25.2756733454
168.0000000000 -25.3392958043
168.1000000000 -25.4030742201
168.2000000000 -25.4670100392
168.3000000000 -25.5311046974
168.4000000000 -25.5953596204
168.5000000000 -25.6597762234
168.6000000000 -25.7243559111
168.7000000000 -25.7891000772
168.8000000000 -25.8540101047
168.9000000000 -25.9190873656
169.0000000000 -25.9843332207
169.1000000000 -26.0497490195
169.2000000000 -26.1153361001
169.3000000000 -26.1810957888
169.4000000000 -26.2470294002
169.5000000000 -26.3131382372
169.6000000000 -26.3794235904
169.7000000000 -26.4458867379
169.8000000000 -26.5125289459
169.9000000000 -26.5793514674
170.0000000000 -26.6463555431
170.1000000000 -26.7135424003
170.2000000000 -26.7809132535
170.3000000000 -26.8484693036
170.4000000000 -26.9162117380
170.5000000000 -26.9841417305
170.6000000000 -27.0522604408
170.7000000000 -27.1205690145
170.8000000000 -27.1890685830
170.9000000000 -27.2577602630
171.0000000000 -27.3266451566
171.1000000000 -27.3957243508
171.2000000000 -27.4649989175
171.3000000000 -27.5344699134
171.4000000000 -27.6041383794
171.5000000000 -27.6740053406
171.6000000000 -27.7440718063
171.7000000000 -27.8143387692
171.8000000000 -27.8848072060
171.9000000000 -27.9554780762
172.0000000000 -28.0263523229
172.1000000000 -28.0974308718
172.2000000000 -28.1687146311
172.3000000000 -28.2402044918
172.4000000000 -28.3119013267
172.5000000000 -28.3838059908
172.6000000000 -28.4559193209
172.7000000000 -28.5282421350
172.8000000000 -28.6007752325
172.9000000000 -28.6735193939
173.0000000000 -28.7464753806
173.1000000000 -28.8196439343
173.2000000000 -28.8930257772
173.3000000000 -28.9666216116
173.4000000000 -29.0404321198
173.5000000000 -29.1144579634
173.6000000000 -29.1886997839
173.7000000000 -29.2631582015
173.8000000000 -29.3378338159
173.9000000000 -29.4127272050
174.0000000000 -29.4878389256
174.1000000000 -29.5631695126
174.2000000000 -29.6387194792
174.3000000000 -29.7144893162
174.4000000000 -29.7904794920
174.5000000000 -29.8666904528
174.6000000000 -29.9431226216
174.7000000000 -30.0197763986
174.8000000000 -30.0966521607
174.9000000000 -30.1737502614
175.0000000000 -30.2510710307
175.1000000000 -30.3286147746
175.2000000000 -30.4063817751
175.3000000000 -30.4843722901
175.4000000000 -30.5625865530
175.5000000000 -30.6410247727
175.6000000000 -30.7196871332
175.7000000000 -30.7985737937
175.8000000000 -30.8776848882
175.9000000000 -30.9570205253
176.0000000000 -31.0365807885
176.1000000000 -31.1163657352
176.2000000000 -31.1963753973
176.3000000000 -31.2766097809
176.4000000000 -31.3570688658
176.5000000000 -31.4377526056
176.6000000000 -31.5186609278
176.7000000000 -31.5997937331
176.8000000000 -31.6811508959
176.9000000000 -31.7627322637
177.0000000000 -31.8445376573
177.1000000000 -31.9265668705
177.2000000000 -32.0088196702
177.3000000000 -32.0912957960
177.4000000000 -32.1739949604
177.5000000000 -32.2569168488
177.6000000000 -32.3400611190
177.7000000000 -32.4234274015
177.8000000000 -32.5070152993
177.9000000000 -32.5908243881
178.0000000000 -32.6748542157
178.1000000000 -32.7591043027
178.2000000000 -32.8435741417
178.3000000000 -32.9282631980
178.4000000000 -33.0131709091
178.5000000000 -33.0982966850
178.6000000000 -33.1836399079
178.7000000000 -33.2691999326
178.8000000000 -33.3549760860
178.9000000000 -33.4409676677
179.0000000000 -33.5271739499
179.1000000000 -33.6135941769
179.2000000000 -33.7002275660
179.3000000000 -33.7870733069
179.4000000000 -33.8741305623
179.5000000000 -33.9613984674
179.6000000000 -34.0488761306
179.7000000000 -34.1365626331
179.8000000000 -34.2244570295
179.9000000000 -34.3125583472
180.0000000000 -34.4008655875
180.1000000000 -34.4893777248
180.2000000000 -34.5780937074
180.3000000000 -34.6670124573
180.4000000000 -34.7561328706
180.5000000000 -34.8454538175
180.6000000000 -34.9349741425
180.7000000000 -35.0246926648
180.8000000000 -35.1146081781
180.9000000000 -35.2047194512
181.0000000000 -35.2950252281
181.1000000000 -35.3855242281
181.2000000000 -35.4762151463
181.3000000000 -35.5670966535
181.4000000000 -35.6581673967
181.5000000000 -35.7494259994
181.6000000000 -35.8408710617
181.7000000000 -35.9325011606
181.8000000000 -36.0243148505
181.9000000000 -36.1163106632
182.0000000000 -36.2084871085
182.1000000000 -36.3008426742
182.2000000000 -36.3933758267
182.3000000000 -36.4860850112
182.4000000000 -36.5789686520
182.5000000000 -36.6720251530
182.6000000000 -36.7652528979
182.7000000000 -36.8586502505
182.8000000000 -36.9522155554
182.9000000000 -37.0459471379
183.0000000000 -37.1398433050
183.1000000000 -37.2339023449
183.2000000000 -37.3281225285
183.3000000000 -37.4225021086
183.4000000000 -37.5170393215
183.5000000000 -37.6117323864
183.6000000000 -37.7065795065
183.7000000000 -37.8015788689
183.8000000000 -37.8967286457
183.9000000000 -37.9920269937
184.0000000000 -38.0874720552
184.1000000000 -38.1830619586
184.2000000000 -38.2787948185
184.3000000000 -38.3746687363
184.4000000000 -38.4706818007
184.5000000000 -38.5668320882
184.6000000000 -38.6631176633
184.7000000000 -38.7595365794
184.8000000000 -38.8560868789
184.9000000000 -38.9527665936
185.0000000000 -39.0495737456
185.1000000000 -39.1465063475
185.2000000000 -39.2435624029
185.3000000000 -39.3407399068
185.4000000000 -39.4380368464
185.5000000000 -39.5354512012
185.6000000000 -39.6329809436
185.7000000000 -39.7306240395
185.8000000000 -39.8283784488
185.9000000000 -39.9262421257
186.0000000000 -40.0242130193
186.1000000000 -40.1222890741
186.2000000000 -40.2204682304
186.3000000000 -40.3187484249
186.4000000000 -40.4171275912
186.5000000000 -40.5156036600
186.6000000000 -40.6141745600
186.7000000000 -40.7128382181
186.8000000000 -40.8115925599
186.9000000000 -40.9104355102
187.0000000000 -41.0093649937
187.1000000000 -41.1083789350
187.2000000000 -41.2074752596
187.3000000000 -41.3066518939
187.4000000000 -41.4059067659
187.5000000000 -41.5052378057
187.6000000000 -41.6046429459
187.7000000000 -41.7041201218
187.8000000000 -41.8036672725
187.9000000000 -41.9032823404
188.0000000000 -42.0029632725
188.1000000000 -42.1027080205
188.2000000000 -42.2025145411
188.3000000000 -42.3023807965
188.4000000000 -42.4023047550
188.5000000000 -42.5022843912
188.6000000000 -42.6023176865
188.7000000000 -42.7024026294
188.8000000000 -42.8025372161
188.9000000000 -42.9027194508
189.0000000000 -43.0029473459
189.1000000000 -43.1032189227
189.2000000000 -43.2035322114
189.3000000000 -43.3038852518
189.4000000000 -43.4042760936
189.5000000000 -43.5047027964
189.6000000000 -43.6051634307
189.7000000000 -43.7056560775
189.8000000000 -43.8061788292
189.9000000000 -43.9067297896
190.0000000000 -44.0073070744
190.1000000000 -44.1079088112
190.2000000000 -44.2085331405
190.3000000000 -44.3091782149
190.4000000000 -44.4098422005
190.5000000000 -44.5105232764
190.6000000000 -44.6112196354
190.7000000000 -44.7119294839
190.8000000000 -44.8126510426
190.9000000000 -44.9133825463
191.0000000000 -45.0141222444
191.1000000000 -45.1148684011
191.2000000000 -45.2156192955
191.3000000000 -45.3163732220
191.4000000000 -45.4171284901
191.5000000000 -45.5178834253
191.6000000000 -45.6186363685
191.7000000000 -45.7193856768
191.8000000000 -45.8201297232
191.9000000000 -45.9208668972
192.0000000000 -46.0215956046
192.1000000000 -46.1223142676
192.2000000000 -46.2230213254
192.3000000000 -46.3237152338
192.4000000000 -46.4243944658
192.5000000000 -46.5250575112
192.6000000000 -46.6257028770
192.7000000000 -46.7263290875
192.8000000000 -46.8269346845
192.9000000000 -46.9275182268
193.0000000000 -47.0280782912
193.1000000000 -47.1286134716
193.2000000000 -47.2291223797
193.3000000000 -47.3296036447
193.4000000000 -47.4300559138
193.5000000000 -47.5304778515
193.6000000000 -47.6308681403
193.7000000000 -47.7312254803
193.8000000000 -47.8315485894
193.9000000000 -47.9318362032
194.0000000000 -48.0320870750
194.1000000000 -48.1322999760
194.2000000000 -48.2324736949
194.3000000000 -48.3326070381
194.4000000000 -48.4326988297
194.5000000000 -48.5327479112
194.6000000000 -48.6327531417
194.7000000000 -48.7327133979
194.8000000000 -48.8326275737
194.9000000000 -48.9324945803
195.0000000000 -49.0323133464
195.1000000000 -49.1320828176
195.2000000000 -49.2318019566
195.3000000000 -49.3314697430
195.4000000000 -49.4310851734
195.5000000000 -49.5306472611
195.6000000000 -49.6301550359
195.7000000000 -49.7296075443
195.8000000000 -49.8290038488
195.9000000000 -49.9283430286
196.0000000000 -50.0276241786
196.1000000000 -50.1268464098
196.2000000000 -50.2260088490
196.3000000000 -50.3251106386
196.4000000000 -50.4241509364
196.5000000000 -50.5231289155
196.6000000000 -50.6220437642
196.7000000000 -50.7208946858
196.8000000000 -50.8196808982
196.9000000000 -50.9184016339
197.0000000000 -51.0170561399
197.1000000000 -51.1156436773
197.2000000000 -51.2141635212
197.3000000000 -51.3126149603
197.4000000000 -51.4109972973
197.5000000000 -51.5093098479
197.6000000000 -51.6075519409
197.7000000000 -51.7057229184
197.8000000000 -51.8038221348
197.9000000000 -51.9018489572
198.0000000000 -51.9998027649
198.1000000000 -52.0976829491
198.2000000000 -52.1954889129
198.3000000000 -52.2932200709
198.4000000000 -52.3908758490
198.5000000000 -52.4884556841
198.6000000000 -52.5859590238
198.7000000000 -52.6833853265
198.8000000000 -52.7807340608
198.9000000000 -52.8780047051
199.0000000000 -52.9751967480
199.1000000000 -53.0723096873
199.2000000000 -53.1693430301
199.3000000000 -53.2662962927
199.4000000000 -53.3631689999
199.5000000000 -53.4599606852
199.6000000000 -53.5566708900
199.7000000000 -53.6532991640
199.8000000000 -53.7498450643
199.9000000000 -53.8463081555
