0.0000000000 -71.3781471041
0.1000000000 -71.4407096976
0.2000000000 -71.2863665420
0.3000000000 -70.7990016872
0.4000000000 -69.9885792501
0.5000000000 -68.9080001598
0.6000000000 -67.6013302917
0.7000000000 -66.0856914352
0.8000000000 -64.3467527456
0.9000000000 -62.3362060946
1.0000000000 -59.9727411752
1.1000000000 -57.1675203177
1.2000000000 -53.8825009705
1.3000000000 -50.1411465929
1.4000000000 -45.9467207056
1.5000000000 -41.2185309356
1.6000000000 -35.8235060754
1.7000000000 -29.6265432064
1.8000000000 -22.4895250938
1.9000000000 -14.2548100104
2.0000000000 -4.7894573797
2.1000000000 5.7565383076
2.2000000000 16.2465245856
2.3000000000 24.2239702476
2.4000000000 28.5319892997
2.5000000000 30.3931556456
2.6000000000 31.3384253428
2.7000000000 32.0125439349
2.8000000000 32.5637783624
2.9000000000 33.0188531189
3.0000000000 33.3868455681
3.1000000000 33.6759997289
3.2000000000 33.8948674214
3.3000000000 34.0516928169
3.4000000000 34.1539850340
3.5000000000 34.2083591356
3.6000000000 34.2205339478
3.7000000000 34.1954041399
3.8000000000 34.1371403341
3.9000000000 34.0492936244
4.0000000000 33.9348933778
4.1000000000 33.7965338117
4.2000000000 33.6364482259
4.3000000000 33.4565714025
4.4000000000 33.2585913955
4.5000000000 33.0439921512
4.6000000000 32.8140883853
4.7000000000 32.5700540166
4.8000000000 32.3129452892
4.9000000000 32.0437195503
5.0000000000 31.7632504865
5.1000000000 31.4723404874
5.2000000000 31.1717306841
5.3000000000 30.8621091088
5.4000000000 30.5441173409
5.5000000000 30.2183559355
5.6000000000 29.8853888734
5.7000000000 29.5457472265
5.8000000000 29.1999321966
5.9000000000 28.8484176520
6.0000000000 28.4916522643
6.1000000000 28.1300613275
6.2000000000 27.7640483233
6.3000000000 27.3939962852
6.4000000000 27.0202690033
6.5000000000 26.6432121011
6.6000000000 26.2631540112
6.7000000000 25.8804068698
6.8000000000 25.4952673444
6.9000000000 25.1080174093
7.0000000000 24.7189250744
7.1000000000 24.3282450784
7.2000000000 23.9362195476
7.3000000000 23.5430786270
7.4000000000 23.1490410851
7.5000000000 22.7543148942
7.6000000000 22.3590977886
7.7000000000 21.9635777996
7.8000000000 21.5679337708
7.9000000000 21.1723358509
8.0000000000 20.7769459663
8.1000000000 20.3819182733
8.2000000000 19.9873995892
8.3000000000 19.5935298031
8.4000000000 19.2004422669
8.5000000000 18.8082641649
8.6000000000 18.4171168646
8.7000000000 18.0271162470
8.8000000000 17.6383730181
8.9000000000 17.2509929999
9.0000000000 16.8650774046
9.1000000000 16.4807230889
9.2000000000 16.0980227910
9.3000000000 15.7170653510
9.4000000000 15.3379359130
9.5000000000 14.9607161131
9.6000000000 14.5854842498
9.7000000000 14.2123154410
9.8000000000 13.8412817662
9.9000000000 13.4724523948
10.0000000000 13.1058937027
10.1000000000 12.7416693749
10.2000000000 12.3798404986
10.3000000000 12.0204656438
10.4000000000 11.6636009353
10.5000000000 11.3093001142
10.6000000000 10.9576145916
10.7000000000 10.6085934940
10.8000000000 10.2622837014
10.9000000000 9.9187298795
11.0000000000 9.5779745052
11.1000000000 9.2400578881
11.2000000000 8.9050181862
11.3000000000 8.5728914192
11.4000000000 8.2437114776
11.5000000000 7.9175101300
11.6000000000 7.5943170281
11.7000000000 7.2741597102
11.8000000000 6.9570636046
11.9000000000 6.6430520319
12.0000000000 6.3321462081
12.1000000000 6.0243652486
12.2000000000 5.7197261723
12.3000000000 5.4182439083
12.4000000000 5.1199313041
12.5000000000 4.8247991358
12.6000000000 4.5328561208
12.7000000000 4.2441089338
12.8000000000 3.9585622246
12.9000000000 3.6762186399
13.0000000000 3.3970788482
13.1000000000 3.1211415668
13.2000000000 2.8484035940
13.3000000000 2.5788598426
13.4000000000 2.3125033782
13.5000000000 2.0493254597
13.6000000000 1.7893155832
13.7000000000 1.5324615286
13.8000000000 1.2787494099
13.9000000000 1.0281637264
14.0000000000 0.7806874181
14.1000000000 0.5363019222
14.2000000000 0.2949872315
14.3000000000 0.0567219555
14.4000000000 -0.1785166182
14.5000000000 -0.4107524604
14.6000000000 -0.6400107365
14.7000000000 -0.8663177412
14.8000000000 -1.0897008338
14.9000000000 -1.3101883722
15.0000000000 -1.5278096475
15.1000000000 -1.7425948189
15.2000000000 -1.9545748488
15.3000000000 -2.1637814388
15.4000000000 -2.3702469664
15.5000000000 -2.5740044226
15.6000000000 -2.7750873514
15.7000000000 -2.9735297897
15.8000000000 -3.1693662096
15.9000000000 -3.3626314617
16.0000000000 -3.5533607205
16.1000000000 -3.7415894313
16.2000000000 -3.9273532593
16.3000000000 -4.1106880407
16.4000000000 -4.2916297351
16.5000000000 -4.4702143813
16.6000000000 -4.6464780537
16.7000000000 -4.8204568218
16.8000000000 -4.9921867113
16.9000000000 -5.1617036675
17.0000000000 -5.3290435207
17.1000000000 -5.4942419535
17.2000000000 -5.6573344706
17.3000000000 -5.8183563696
17.4000000000 -5.9773427151
17.5000000000 -6.1343283132
17.6000000000 -6.2893476891
17.7000000000 -6.4424350657
17.8000000000 -6.5936243442
17.9000000000 -6.7429490861
18.0000000000 -6.8904424974
18.1000000000 -7.0361374134
18.2000000000 -7.1800662860
18.3000000000 -7.3222611716
18.4000000000 -7.4627537205
18.5000000000 -7.6015751678
18.6000000000 -7.7387563254
18.7000000000 -7.8743275752
18.8000000000 -8.0083188630
18.9000000000 -8.1407596937
19.0000000000 -8.2716791280
19.1000000000 -8.4011057786
19.2000000000 -8.5290678088
19.3000000000 -8.6555929308
19.4000000000 -8.7807084051
19.5000000000 -8.9044410407
19.6000000000 -9.0268171958
19.7000000000 -9.1478627791
19.8000000000 -9.2676032516
19.9000000000 -9.3860636288
20.0000000000 -9.5032684839
20.1000000000 -9.6192419506
20.2000000000 -9.7340077270
20.3000000000 -9.8475890794
20.4000000000 -9.9600088466
20.5000000000 -10.0712894443
20.6000000000 -10.1814528705
20.7000000000 -10.2905207096
20.8000000000 -10.3985141386
20.9000000000 -10.5054539318
21.0000000000 -10.6113604670
21.1000000000 -10.7162537304
21.2000000000 -10.8201533234
21.3000000000 -10.9230784678
21.4000000000 -11.0250480122
21.5000000000 -11.1260804377
21.6000000000 -11.2261938645
21.7000000000 -11.3254060576
21.8000000000 -11.4237344335
21.9000000000 -11.5211960656
22.0000000000 -11.6178076914
22.1000000000 -11.7135857178
22.2000000000 -11.8085462276
22.3000000000 -11.9027049859
22.4000000000 -11.9960774456
22.5000000000 -12.0886787540
22.6000000000 -12.1805237586
22.7000000000 -12.2716270130
22.8000000000 -12.3620027828
22.9000000000 -12.4516650516
23.0000000000 -12.5406275265
23.1000000000 -12.6289036440
23.2000000000 -12.7165065757
23.3000000000 -12.8034492334
23.4000000000 -12.8897442750
23.5000000000 -12.9754041098
23.6000000000 -13.0604409036
23.7000000000 -13.1448665842
23.8000000000 -13.2286928463
23.9000000000 -13.3119311564
24.0000000000 -13.3945927583
24.1000000000 -13.4766886773
24.2000000000 -13.5582297257
24.3000000000 -13.6392265066
24.4000000000 -13.7196894193
24.5000000000 -13.7996286634
24.6000000000 -13.8790542433
24.7000000000 -13.9579759726
24.8000000000 -14.0364034782
24.9000000000 -14.1143462046
25.0000000000 -14.1918134178
25.1000000000 -14.2688142098
25.2000000000 -14.3453575016
25.3000000000 -14.4214520480
25.4000000000 -14.4971064405
25.5000000000 -14.5723291117
25.6000000000 -14.6471283384
25.7000000000 -14.7215122451
25.8000000000 -14.7954888078
25.9000000000 -14.8690658569
26.0000000000 -14.9422510809
26.1000000000 -15.0150520292
26.2000000000 -15.0874761157
26.3000000000 -15.1595306212
26.4000000000 -15.2312226970
26.5000000000 -15.3025593678
26.6000000000 -15.3735475340
26.7000000000 -15.4441939749
26.8000000000 -15.5145053517
26.9000000000 -15.5844882095
27.0000000000 -15.6541489804
27.1000000000 -15.7234939857
27.2000000000 -15.7925294388
27.3000000000 -15.8612614472
27.4000000000 -15.9296960152
27.5000000000 -15.9978390460
27.6000000000 -16.0656963441
27.7000000000 -16.1332736172
27.8000000000 -16.2005764787
27.9000000000 -16.2676104500
28.0000000000 -16.3343809617
28.1000000000 -16.4008933565
28.2000000000 -16.4671528907
28.3000000000 -16.5331647363
28.4000000000 -16.5989339826
28.5000000000 -16.6644656384
28.6000000000 -16.7297646334
28.7000000000 -16.7948358204
28.8000000000 -16.8596839763
28.9000000000 -16.9243138046
29.0000000000 -16.9887299364
29.1000000000 -17.0529369321
29.2000000000 -17.1169392831
29.3000000000 -17.1807414132
29.4000000000 -17.2443476802
29.5000000000 -17.3077623771
29.6000000000 -17.3709897337
29.7000000000 -17.4340339178
29.8000000000 -17.4968990367
29.9000000000 -17.5595891386
30.0000000000 -17.6221082135
30.1000000000 -17.6844601946
30.2000000000 -17.7466489600
30.3000000000 -17.8086783329
30.4000000000 -17.8705520839
30.5000000000 -17.9322739310
30.6000000000 -17.9938475417
30.7000000000 -18.0552765336
30.8000000000 -18.1165644752
30.9000000000 -18.1777148876
31.0000000000 -18.2387312448
31.1000000000 -18.2996169755
31.2000000000 -18.3603754630
31.3000000000 -18.4210100472
31.4000000000 -18.4815240249
31.5000000000 -18.5419206507
31.6000000000 -18.6022031382
31.7000000000 -18.6623746605
31.8000000000 -18.7224383514
31.9000000000 -18.7823973060
32.0000000000 -18.8422545812
32.1000000000 -18.9020131972
32.2000000000 -18.9616761377
32.3000000000 -19.0212463508
32.4000000000 -19.0807267496
32.5000000000 -19.1401202132
32.6000000000 -19.1994295872
32.7000000000 -19.2586576845
32.8000000000 -19.3178072855
32.9000000000 -19.3768811396
33.0000000000 -19.4358819650
33.1000000000 -19.4948124498
33.2000000000 -19.5536752524
33.3000000000 -19.6124730022
33.4000000000 -19.6712083002
33.5000000000 -19.7298837194
33.6000000000 -19.7885018054
33.7000000000 -19.8470650771
33.8000000000 -19.9055760269
33.9000000000 -19.9640371217
34.0000000000 -20.0224508029
34.1000000000 -20.0808194873
34.2000000000 -20.1391455670
34.3000000000 -20.1974314107
34.4000000000 -20.2556793634
34.5000000000 -20.3138917474
34.6000000000 -20.3720708621
34.7000000000 -20.4302189852
34.8000000000 -20.4883383726
34.9000000000 -20.5464312588
35.0000000000 -20.6044998575
35.1000000000 -20.6625463620
35.2000000000 -20.7205729454
35.3000000000 -20.7785817610
35.4000000000 -20.8365749429
35.5000000000 -20.8945546059
35.6000000000 -20.9525228462
35.7000000000 -21.0104817419
35.8000000000 -21.0684333527
35.9000000000 -21.1263797207
36.0000000000 -21.1843228707
36.1000000000 -21.2422648103
36.2000000000 -21.3002075303
36.3000000000 -21.3581530050
36.4000000000 -21.4161031924
36.5000000000 -21.4740600346
36.6000000000 -21.5320254580
36.7000000000 -21.5900013735
36.8000000000 -21.6479896768
36.9000000000 -21.7059922488
37.0000000000 -21.7640109555
37.1000000000 -21.8220476487
37.2000000000 -21.8801041655
37.3000000000 -21.9381823295
37.4000000000 -21.9962839502
37.5000000000 -22.0544108234
37.6000000000 -22.1125647319
37.7000000000 -22.1707474449
37.8000000000 -22.2289607189
37.9000000000 -22.2872062973
38.0000000000 -22.3454859111
38.1000000000 -22.4038012787
38.2000000000 -22.4621541063
38.3000000000 -22.5205460879
38.4000000000 -22.5789789056
38.5000000000 -22.6374542296
38.6000000000 -22.6959737186
38.7000000000 -22.7545390196
38.8000000000 -22.8131517682
38.9000000000 -22.8718135891
39.0000000000 -22.9305260954
39.1000000000 -22.9892908897
39.2000000000 -23.0481095633
39.3000000000 -23.1069836971
39.4000000000 -23.1659148613
39.5000000000 -23.2249046153
39.6000000000 -23.2839545084
39.7000000000 -23.3430660795
39.8000000000 -23.4022408571
39.9000000000 -23.4614803599
40.0000000000 -23.5207860963
40.1000000000 -23.5801595647
40.2000000000 -23.6396022538
40.3000000000 -23.6991156424
40.4000000000 -23.7587011995
40.5000000000 -23.8183603846
40.6000000000 -23.8780946475
40.7000000000 -23.9379054283
40.8000000000 -23.9977941579
40.9000000000 -24.0577622575
41.0000000000 -24.1178111391
41.1000000000 -24.1779422052
41.2000000000 -24.2381568491
41.3000000000 -24.2984564548
41.4000000000 -24.3588423972
41.5000000000 -24.4193160416
41.6000000000 -24.4798787447
41.7000000000 -24.5405318535
41.8000000000 -24.6012767063
41.9000000000 -24.6621146320
42.0000000000 -24.7230469506
42.1000000000 -24.7840749728
42.2000000000 -24.8452000005
42.3000000000 -24.9064233263
42.4000000000 -24.9677462339
42.5000000000 -25.0291699977
42.6000000000 -25.0906958833
42.7000000000 -25.1523251470
42.8000000000 -25.2140590361
42.9000000000 -25.2758987888
43.0000000000 -25.3378456341
43.1000000000 -25.3999007920
43.2000000000 -25.4620654732
43.3000000000 -25.5243408792
43.4000000000 -25.5867282024
43.5000000000 -25.6492286258
43.6000000000 -25.7118433234
43.7000000000 -25.7745734595
43.8000000000 -25.8374201893
43.9000000000 -25.9003846585
44.0000000000 -25.9634680034
44.1000000000 -26.0266713509
44.2000000000 -26.0899958181
44.3000000000 -26.1534425129
44.4000000000 -26.2170125331
44.5000000000 -26.2807069673
44.6000000000 -26.3445268939
44.7000000000 -26.4084733817
44.8000000000 -26.4725474896
44.9000000000 -26.5367502666
45.0000000000 -26.6010827516
45.1000000000 -26.6655459735
45.2000000000 -26.7301409509
45.3000000000 -26.7948686924
45.4000000000 -26.8597301961
45.5000000000 -26.9247264497
45.6000000000 -26.9898584307
45.7000000000 -27.0551271058
45.8000000000 -27.1205334311
45.9000000000 -27.1860783520
46.0000000000 -27.2517628033
46.1000000000 -27.3175877086
46.2000000000 -27.3835539808
46.3000000000 -27.4496625214
46.4000000000 -27.5159142210
46.5000000000 -27.5823099589
46.6000000000 -27.6488506030
46.7000000000 -27.7155370096
46.8000000000 -27.7823700237
46.9000000000 -27.8493504783
47.0000000000 -27.9164791950
47.1000000000 -27.9837569834
47.2000000000 -28.0511846409
47.3000000000 -28.1187629530
47.4000000000 -28.1864926931
47.5000000000 -28.2543746222
47.6000000000 -28.3224094888
47.7000000000 -28.3905980290
47.8000000000 -28.4589409661
47.9000000000 -28.5274390110
48.0000000000 -28.5960928613
48.1000000000 -28.6649032018
48.2000000000 -28.7338707044
48.3000000000 -28.8029960276
48.4000000000 -28.8722798164
48.5000000000 -28.9417227027
48.6000000000 -29.0113253047
48.7000000000 -29.0810882269
48.8000000000 -29.1510120600
48.9000000000 -29.2210973807
49.0000000000 -29.2913447519
49.1000000000 -29.3617547223
49.2000000000 -29.4323278260
49.3000000000 -29.5030645832
49.4000000000 -29.5739654992
49.5000000000 -29.6450310648
49.6000000000 -29.7162617563
49.7000000000 -29.7876580347
49.8000000000 -29.8592203464
49.9000000000 -29.9309491225
50.0000000000 -30.0028447790
50.1000000000 -30.0749077164
50.2000000000 -30.1471383200
50.3000000000 -30.2195369594
50.4000000000 -30.2921039885
50.5000000000 -30.3648397455
50.6000000000 -30.4377445528
50.7000000000 -30.5108187165
50.8000000000 -30.5840625270
50.9000000000 -30.6574762580
51.0000000000 -30.7310601674
51.1000000000 -30.8048144962
51.2000000000 -30.8787394692
51.3000000000 -30.9528352944
51.4000000000 -31.0271021631
51.5000000000 -31.1015402497
51.6000000000 -31.1761497119
51.7000000000 -31.2509306901
51.8000000000 -31.3258833077
51.9000000000 -31.4010076709
52.0000000000 -31.4763038685
52.1000000000 -31.5517719722
52.2000000000 -31.6274120359
52.3000000000 -31.7032240961
52.4000000000 -31.7792081717
52.5000000000 -31.8553642638
52.6000000000 -31.9316923557
52.7000000000 -32.0081924130
52.8000000000 -32.0848643833
52.9000000000 -32.1617081962
53.0000000000 -32.2387237632
53.1000000000 -32.3159109778
53.2000000000 -32.3932697151
53.3000000000 -32.4707998324
53.4000000000 -32.5485011683
53.5000000000 -32.6263735433
53.6000000000 -32.7044167595
53.7000000000 -32.7826306006
53.8000000000 -32.8610148318
53.9000000000 -32.9395691999
54.0000000000 -33.0182934331
54.1000000000 -33.0971872412
54.2000000000 -33.1762503154
54.3000000000 -33.2554823282
54.4000000000 -33.3348829337
54.5000000000 -33.4144517673
54.6000000000 -33.4941884458
54.7000000000 -33.5740925674
54.8000000000 -33.6541637117
54.9000000000 -33.7344014397
55.0000000000 -33.8148052939
55.1000000000 -33.8953747980
55.2000000000 -33.9761094574
55.3000000000 -34.0570087588
55.4000000000 -34.1380721704
55.5000000000 -34.2192991420
55.6000000000 -34.3006891049
55.7000000000 -34.3822414721
55.8000000000 -34.4639556381
55.9000000000 -34.5458309792
56.0000000000 -34.6278668536
56.1000000000 -34.7100626009
56.2000000000 -34.7924175429
56.3000000000 -34.8749309834
56.4000000000 -34.9576022079
56.5000000000 -35.0404304844
56.6000000000 -35.1234150627
56.7000000000 -35.2065551751
56.8000000000 -35.2898500363
56.9000000000 -35.3732988433
57.0000000000 -35.4569007757
57.1000000000 -35.5406549959
57.2000000000 -35.6245606490
57.3000000000 -35.7086168629
57.4000000000 -35.7928227488
57.5000000000 -35.8771774007
57.6000000000 -35.9616798961
57.7000000000 -36.0463292959
57.8000000000 -36.1311246446
57.9000000000 -36.2160649703
58.0000000000 -36.3011492850
58.1000000000 -36.3863765847
58.2000000000 -36.4717458496
58.3000000000 -36.5572560443
58.4000000000 -36.6429061177
58.5000000000 -36.7286950037
58.6000000000 -36.8146216208
58.7000000000 -36.9006848726
58.8000000000 -36.9868836480
58.9000000000 -37.0732168213
59.0000000000 -37.1596832524
59.1000000000 -37.2462817870
59.2000000000 -37.3330112568
59.3000000000 -37.4198704799
59.4000000000 -37.5068582607
59.5000000000 -37.5939733903
59.6000000000 -37.6812146467
59.7000000000 -37.7685807950
59.8000000000 -37.8560705877
59.9000000000 -37.9436827647
60.0000000000 -38.0314160539
60.1000000000 -38.1192691712
60.2000000000 -38.2072408207
60.3000000000 -38.2953296953
60.4000000000 -38.3835344763
60.5000000000 -38.4718538344
60.6000000000 -38.5602864294
60.7000000000 -38.6488309107
60.8000000000 -38.7374859177
60.9000000000 -38.8262500795
61.0000000000 -38.9151220160
61.1000000000 -39.0041003375
61.2000000000 -39.0931836452
61.3000000000 -39.1823705314
61.4000000000 -39.2716595802
61.5000000000 -39.3610493671
61.6000000000 -39.4505384598
61.7000000000 -39.5401254182
61.8000000000 -39.6298087948
61.9000000000 -39.7195871351
62.0000000000 -39.8094589776
62.1000000000 -39.8994228545
62.2000000000 -39.9894772915
62.3000000000 -40.0796208086
62.4000000000 -40.1698519199
62.5000000000 -40.2601691344
62.6000000000 -40.3505709557
62.7000000000 -40.4410558831
62.8000000000 -40.5316224109
62.9000000000 -40.6222690298
63.0000000000 -40.7129942262
63.1000000000 -40.8037964832
63.2000000000 -40.8946742804
63.3000000000 -40.9856260948
63.4000000000 -41.0766504003
63.5000000000 -41.1677456688
63.6000000000 -41.2589103699
63.7000000000 -41.3501429717
63.8000000000 -41.4414419406
63.9000000000 -41.5328057420
64.0000000000 -41.6242328402
64.1000000000 -41.7157216992
64.2000000000 -41.8072707826
64.3000000000 -41.8988785540
64.4000000000 -41.9905434775
64.5000000000 -42.0822640175
64.6000000000 -42.1740386396
64.7000000000 -42.2658658103
64.8000000000 -42.3577439979
64.9000000000 -42.4496716721
65.0000000000 -42.5416473049
65.1000000000 -42.6336693705
65.2000000000 -42.7257363458
65.3000000000 -42.8178467104
65.4000000000 -42.9099989473
65.5000000000 -43.0021915427
65.6000000000 -43.0944229866
65.7000000000 -43.1866917729
65.8000000000 -43.2789963997
65.9000000000 -43.3713353697
66.0000000000 -43.4637071903
66.1000000000 -43.5561103738
66.2000000000 -43.6485434378
66.3000000000 -43.7410049053
66.4000000000 -43.8334933053
66.5000000000 -43.9260071725
66.6000000000 -44.0185450479
66.7000000000 -44.1111054789
66.8000000000 -44.2036870197
66.9000000000 -44.2962882313
67.0000000000 -44.3889076820
67.1000000000 -44.4815439471
67.2000000000 -44.5741956097
67.3000000000 -44.6668612608
67.4000000000 -44.7595394990
67.5000000000 -44.8522289314
67.6000000000 -44.9449281733
67.7000000000 -45.0376358487
67.8000000000 -45.1303505903
67.9000000000 -45.2230710396
68.0000000000 -45.3157958476
68.1000000000 -45.4085236741
68.2000000000 -45.5012531889
68.3000000000 -45.5939830710
68.4000000000 -45.6867120096
68.5000000000 -45.7794387034
68.6000000000 -45.8721618616
68.7000000000 -45.9648802036
68.8000000000 -46.0575924591
68.9000000000 -46.1502973683
69.0000000000 -46.2429936824
69.1000000000 -46.3356801630
69.2000000000 -46.4283555829
69.3000000000 -46.5210187260
69.4000000000 -46.6136683872
69.5000000000 -46.7063033728
69.6000000000 -46.7989225004
69.7000000000 -46.8915245992
69.8000000000 -46.9841085100
69.9000000000 -47.0766730851
70.0000000000 -47.1692171888
70.1000000000 -47.2617396971
70.2000000000 -47.3542394981
70.3000000000 -47.4467154916
70.4000000000 -47.5391665898
70.5000000000 -47.6315917169
70.6000000000 -47.7239898091
70.7000000000 -47.8163598152
70.8000000000 -47.9087006960
70.9000000000 -48.0010114248
71.0000000000 -48.0932909873
71.1000000000 -48.1855383814
71.2000000000 -48.2777526176
71.3000000000 -48.3699327188
71.4000000000 -48.4620777206
71.5000000000 -48.5541866707
71.6000000000 -48.6462586297
71.7000000000 -48.7382926705
71.8000000000 -48.8302878786
71.9000000000 -48.9222433520
72.0000000000 -49.0141582011
72.1000000000 -49.1060315491
72.2000000000 -49.1978625314
72.3000000000 -49.2896502961
72.4000000000 -49.3813940034
72.5000000000 -49.4730928263
72.6000000000 -49.5647459501
72.7000000000 -49.6563525723
72.8000000000 -49.7479119027
72.9000000000 -49.8394231636
73.0000000000 -49.9308855894
73.1000000000 -50.0222984266
73.2000000000 -50.1136609339
73.3000000000 -50.2049723819
73.4000000000 -50.2962320535
73.5000000000 -50.3874392432
73.6000000000 -50.4785932575
73.7000000000 -50.5696934148
73.8000000000 -50.6607390449
73.9000000000 -50.7517294894
74.0000000000 -50.8426641015
74.1000000000 -50.9335422458
74.2000000000 -51.0243632981
74.3000000000 -51.1151266457
74.4000000000 -51.2058316870
74.5000000000 -51.2964778312
74.6000000000 -51.3870644989
74.7000000000 -51.4775911211
74.8000000000 -51.5680571400
74.9000000000 -51.6584620081
75.0000000000 -51.7488051884
75.1000000000 -51.8390861546
75.2000000000 -51.9293043903
75.3000000000 -52.0194593896
75.4000000000 -52.1095506563
75.5000000000 -52.1995777043
75.6000000000 -52.2895400571
75.7000000000 -52.3794372481
75.8000000000 -52.4692688200
75.9000000000 -52.5590343247
76.0000000000 -52.6487333237
76.1000000000 -52.7383653871
76.2000000000 -52.8279300944
76.3000000000 -52.9174270335
76.4000000000 -53.0068558011
76.5000000000 -53.0962160024
76.6000000000 -53.1855072508
76.7000000000 -53.2747291679
76.8000000000 -53.3638813833
76.9000000000 -53.4529635346
77.0000000000 -53.5419752668
77.1000000000 -53.6309162328
77.2000000000 -53.7197860924
77.3000000000 -53.8085845130
77.4000000000 -53.8973111689
77.5000000000 -53.9859657412
77.6000000000 -54.0745479177
77.7000000000 -54.1630573927
77.8000000000 -54.2514938670
77.9000000000 -54.3398570475
78.0000000000 -54.4281466470
78.1000000000 -54.5163623843
78.2000000000 -54.6045039837
78.3000000000 -54.6925711751
78.4000000000 -54.7805636937
78.5000000000 -54.8684812796
78.6000000000 -54.9563236781
78.7000000000 -55.0440906393
78.8000000000 -55.1317819175
78.9000000000 -55.2193972719
79.0000000000 -55.3069364656
79.1000000000 -55.3943992659
79.2000000000 -55.4817854437
79.3000000000 -55.5690947740
79.4000000000 -55.6563270348
79.5000000000 -55.7434820079
79.6000000000 -55.8305594779
79.7000000000 -55.9175592324
79.8000000000 -56.0044810618
79.9000000000 -56.0913247592
80.0000000000 -56.1780901199
80.1000000000 -56.2647769415
80.2000000000 -56.3513850236
80.3000000000 -56.4379141678
80.4000000000 -56.5243641772
80.5000000000 -56.6107348564
80.6000000000 -56.6970260114
80.7000000000 -56.7832374493
80.8000000000 -56.8693689781
80.9000000000 -56.9554204066
81.0000000000 -57.0413915441
81.1000000000 -57.1272822006
81.2000000000 -57.2130921860
81.3000000000 -57.2988213105
81.4000000000 -57.3844693839
81.5000000000 -57.4700362161
81.6000000000 -57.5555216163
81.7000000000 -57.6409253930
81.8000000000 -57.7262473541
81.9000000000 -57.8114873064
82.0000000000 -57.8966450555
82.1000000000 -57.9817204059
82.2000000000 -58.0667131604
82.3000000000 -58.1516231203
82.4000000000 -58.2364500851
82.5000000000 -58.3211938522
82.6000000000 -58.4058542170
82.7000000000 -58.4904309726
82.8000000000 -58.5749239096
82.9000000000 -58.6593328160
83.0000000000 -58.7436574772
83.1000000000 -58.8278976755
83.2000000000 -58.9120531903
83.3000000000 -58.9961237978
83.4000000000 -59.0801092706
83.5000000000 -59.1640093782
83.6000000000 -59.2478238863
83.7000000000 -59.3315525566
83.8000000000 -59.4151951474
83.9000000000 -59.4987514124
84.0000000000 -59.5822211016
84.1000000000 -59.6656039604
84.2000000000 -59.7488997298
84.3000000000 -59.8321081464
84.4000000000 -59.9152289420
84.5000000000 -59.9982618435
84.6000000000 -60.0812065731
84.7000000000 -60.1640628479
84.8000000000 -60.2468303796
84.9000000000 -60.3295088749
85.0000000000 -60.4120980352
85.1000000000 -60.4945975561
85.2000000000 -60.5770071280
85.3000000000 -60.6593264352
85.4000000000 -60.7415551566
85.5000000000 -60.8236929651
85.6000000000 -60.9057395275
85.7000000000 -60.9876945047
85.8000000000 -61.0695575516
85.9000000000 -61.1513283165
86.0000000000 -61.2330064418
86.1000000000 -61.3145915633
86.2000000000 -61.3960833104
86.3000000000 -61.4774813060
86.4000000000 -61.5587851665
86.5000000000 -61.6399945014
86.6000000000 -61.7211089139
86.7000000000 -61.8021280000
86.8000000000 -61.8830513493
86.9000000000 -61.9638785442
87.0000000000 -62.0446091604
87.1000000000 -62.1252427665
87.2000000000 -62.2057789243
87.3000000000 -62.2862171884
87.4000000000 -62.3665571063
87.5000000000 -62.4467982187
87.6000000000 -62.5269400588
87.7000000000 -62.6069821529
87.8000000000 -62.6869240200
87.9000000000 -62.7667651721
88.0000000000 -62.8465051138
88.1000000000 -62.9261433427
88.2000000000 -63.0056793490
88.3000000000 -63.0851126158
88.4000000000 -63.1644426190
88.5000000000 -63.2436688273
88.6000000000 -63.3227907022
88.7000000000 -63.4018076980
88.8000000000 -63.4807192617
88.9000000000 -63.5595248334
89.0000000000 -63.6382238460
89.1000000000 -63.7168157253
89.2000000000 -63.7952998898
89.3000000000 -63.8736757513
89.4000000000 -63.9519427145
89.5000000000 -64.0301001770
89.6000000000 -64.1081475297
89.7000000000 -64.1860841563
89.8000000000 -64.2639094342
89.9000000000 -64.3416227334
90.0000000000 -64.4192234178
90.1000000000 -64.4967108441
90.2000000000 -64.5740843629
90.3000000000 -64.6513433179
90.4000000000 -64.7284870466
90.5000000000 -64.8055148800
90.6000000000 -64.8824261428
90.7000000000 -64.9592201535
90.8000000000 -65.0358962245
90.9000000000 -65.1124536620
91.0000000000 -65.1888917665
91.1000000000 -65.2652098324
91.2000000000 -65.3414071483
91.3000000000 -65.4174829973
91.4000000000 -65.4934366568
91.5000000000 -65.5692673987
91.6000000000 -65.6449744897
91.7000000000 -65.7205571910
91.8000000000 -65.7960147588
91.9000000000 -65.8713464442
92.0000000000 -65.9465514934
92.1000000000 -66.0216291478
92.2000000000 -66.0965786441
92.3000000000 -66.1713992145
92.4000000000 -66.2460900868
92.5000000000 -66.3206504844
92.6000000000 -66.3950796264
92.7000000000 -66.4693767283
92.8000000000 -66.5435410013
92.9000000000 -66.6175716530
93.0000000000 -66.6914678873
93.1000000000 -66.7652289048
93.2000000000 -66.8388539026
93.3000000000 -66.9123420746
93.4000000000 -66.9856926118
93.5000000000 -67.0589047021
93.6000000000 -67.1319775309
93.7000000000 -67.2049102809
93.8000000000 -67.2777021323
93.9000000000 -67.3503522631
94.0000000000 -67.4228598491
94.1000000000 -67.4952240643
94.2000000000 -67.5674440808
94.3000000000 -67.6395190689
94.4000000000 -67.7114481977
94.5000000000 -67.7832306348
94.6000000000 -67.8548655467
94.7000000000 -67.9263520989
94.8000000000 -67.9976894560
94.9000000000 -68.0688767822
95.0000000000 -68.1399132408
95.1000000000 -68.2107979952
95.2000000000 -68.2815302084
95.3000000000 -68.3521090433
95.4000000000 -68.4225336633
95.5000000000 -68.4928032320
95.6000000000 -68.5629169135
95.7000000000 -68.6328738726
95.8000000000 -68.7026732749
95.9000000000 -68.7723142871
96.0000000000 -68.8417960773
96.1000000000 -68.9111178145
96.2000000000 -68.9802786697
96.3000000000 -69.0492778154
96.4000000000 -69.1181144260
96.5000000000 -69.1867876779
96.6000000000 -69.2552967498
96.7000000000 -69.3236408228
96.8000000000 -69.3918190805
96.9000000000 -69.4598307093
97.0000000000 -69.5276748983
97.1000000000 -69.5953508398
97.2000000000 -69.6628577294
97.3000000000 -69.7301947659
97.4000000000 -69.7973611517
97.5000000000 -69.8643560930
97.6000000000 -69.9311787997
97.7000000000 -69.9978284858
97.8000000000 -70.0643043696
97.9000000000 -70.1306056737
98.0000000000 -70.1967316250
98.1000000000 -70.2626814552
98.2000000000 -70.3284544009
98.3000000000 -70.3940497034
98.4000000000 -70.4594666095
98.5000000000 -70.5247043708
98.6000000000 -70.5897622447
98.7000000000 -70.6546394939
98.8000000000 -70.7193353869
98.9000000000 -70.7838491979
99.0000000000 -70.8481802074
99.1000000000 -70.9123277015
99.2000000000 -70.9762909732
99.3000000000 -71.0400693212
99.4000000000 -71.1036620513
99.5000000000 -71.1670684756
99.6000000000 -71.2302879131
99.7000000000 -71.2933196897
99.8000000000 -71.3561631382
99.9000000000 -71.4188175989
100.0000000000 -71.4812824189
100.1000000000 -71.5435569531
100.2000000000 -71.3889273825
100.3000000000 -70.9012858424
100.4000000000 -70.0906266540
100.5000000000 -69.0099112514
100.6000000000 -67.7032719176
100.7000000000 -66.1878729285
100.8000000000 -64.4493623812
100.9000000000 -62.4392511966
101.0000000000 -60.0756544781
101.1000000000 -57.2685993385
101.2000000000 -53.9791463582
101.3000000000 -50.2310912750
101.4000000000 -46.0283429162
101.5000000000 -41.2896653629
101.6000000000 -35.8804846549
101.7000000000 -29.6641025662
101.8000000000 -22.5004447170
101.9000000000 -14.2287825099
102.0000000000 -4.7120720779
102.1000000000 5.9004771726
102.2000000000 16.4534755319
102.3000000000 24.4511115064
102.4000000000 28.7348880348
102.5000000000 30.5639880848
102.6000000000 31.4873557433
102.7000000000 32.1474585929
102.8000000000 32.6886779011
102.9000000000 33.1359560280
103.0000000000 33.4976046176
103.1000000000 33.7814772782
103.2000000000 33.9958915438
103.3000000000 34.1489347120
103.4000000000 34.2480026244
103.5000000000 34.2996238007
103.6000000000 34.3094480585
103.7000000000 34.2823132797
103.8000000000 34.2223423000
103.9000000000 34.1330453781
104.0000000000 34.0174166236
104.1000000000 33.8780196034
104.2000000000 33.7170608539
104.3000000000 33.5364517220
104.4000000000 33.3378597071
104.5000000000 33.1227507126
104.6000000000 32.8924236121
104.7000000000 32.6480384187
104.8000000000 32.3906391797
104.9000000000 32.1211725548
105.0000000000 31.8405028800
105.1000000000 31.5494243787
105.2000000000 31.2486710657
105.3000000000 30.9389247878
105.4000000000 30.6208217649
105.5000000000 30.2949579243
105.6000000000 29.9618932667
105.7000000000 29.6221554579
105.8000000000 29.2762428001
105.9000000000 28.9246267094
106.0000000000 28.5677537989
106.1000000000 28.2060476504
106.2000000000 27.8399103367
106.3000000000 27.4697237479
106.4000000000 27.0958507619
106.5000000000 26.7186362906
106.6000000000 26.3384082292
106.7000000000 25.9554783256
106.8000000000 25.5701429879
106.9000000000 25.1826840396
107.0000000000 24.7933694330
107.1000000000 24.4024539264
107.2000000000 24.0101797310
107.3000000000 23.6167771301
107.4000000000 23.2224650741
107.5000000000 22.8274517522
107.6000000000 22.4319351431
107.7000000000 22.0361035441
107.8000000000 21.6401360803
107.9000000000 21.2442031932
108.0000000000 20.8484671096
108.1000000000 20.4530822898
108.2000000000 20.0581958571
108.3000000000 19.6639480058
108.4000000000 19.2704723906
108.5000000000 18.8778964951
108.6000000000 18.4863419816
108.7000000000 18.0959250208
108.8000000000 17.7067566022
108.9000000000 17.3189428263
109.0000000000 16.9325851775
109.1000000000 16.5477807791
109.2000000000 16.1646226307
109.3000000000 15.7831998286
109.4000000000 15.4035977687
109.5000000000 15.0258983347
109.6000000000 14.6501800695
109.7000000000 14.2765183324
109.8000000000 13.9049854420
109.9000000000 13.5356508056
110.0000000000 13.1685810354
110.1000000000 12.8038400529
110.2000000000 12.4414891818
110.3000000000 12.0815872294
110.4000000000 11.7241905591
110.5000000000 11.3693531526
110.6000000000 11.0171266634
110.7000000000 10.6675604634
110.8000000000 10.3207016809
110.9000000000 9.9765952329
111.0000000000 9.6352838512
111.1000000000 9.2968081035
111.2000000000 8.9612064101
111.3000000000 8.6285150563
111.4000000000 8.2987682019
111.5000000000 7.9719978883
111.6000000000 7.6482340431
111.7000000000 7.3275044841
111.8000000000 7.0098349215
111.9000000000 6.6952489604
112.0000000000 6.3837681036
112.1000000000 6.0754117545
112.2000000000 5.7701972217
112.3000000000 5.4681397243
112.4000000000 5.1692523999
112.5000000000 4.8735463144
112.6000000000 4.5810304740
112.7000000000 4.2917118402
112.8000000000 4.0055953474
112.9000000000 3.7226839241
113.0000000000 3.4429785168
113.1000000000 3.1664781167
113.2000000000 2.8931797911
113.3000000000 2.6230787165
113.4000000000 2.3561682159
113.5000000000 2.0924397992
113.6000000000 1.8318832063
113.7000000000 1.5744864536
113.8000000000 1.3202358830
113.9000000000 1.0691162137
114.0000000000 0.8211105963
114.1000000000 0.5762006695
114.2000000000 0.3343666185
114.3000000000 0.0955872348
114.4000000000 -0.1401600216
114.5000000000 -0.3728989594
114.6000000000 -0.6026545920
114.7000000000 -0.8294530726
114.8000000000 -1.0533216293
114.9000000000 -1.2742884992
115.0000000000 -1.4923828629
115.1000000000 -1.7076347793
115.2000000000 -1.9200751207
115.3000000000 -2.1297355085
115.4000000000 -2.3366482496
115.5000000000 -2.5408462745
115.6000000000 -2.7423630754
115.7000000000 -2.9412326471
115.8000000000 -3.1374894279
115.9000000000 -3.3311682434
116.0000000000 -3.5223042512
116.1000000000 -3.7109328876
116.2000000000 -3.8970898164
116.3000000000 -4.0808108796
116.4000000000 -4.2621320496
116.5000000000 -4.4410893843
116.6000000000 -4.6177189835
116.7000000000 -4.7920569480
116.8000000000 -4.9641393401
116.9000000000 -5.1340021472
117.0000000000 -5.3016812462
117.1000000000 -5.4672123710
117.2000000000 -5.6306310815
117.3000000000 -5.7919727347
117.4000000000 -5.9512724578
117.5000000000 -6.1085651231
117.6000000000 -6.2638853245
117.7000000000 -6.4172673567
117.8000000000 -6.5687451948
117.9000000000 -6.7183524766
118.0000000000 -6.8661224861
118.1000000000 -7.0120881385
118.2000000000 -7.1562819669
118.3000000000 -7.2987361101
118.4000000000 -7.4394823018
118.5000000000 -7.5785518616
118.6000000000 -7.7159756865
118.7000000000 -7.8517842437
118.8000000000 -7.9860075649
118.9000000000 -8.1186752413
119.0000000000 -8.2498164194
119.1000000000 -8.3794597982
119.2000000000 -8.5076336267
119.3000000000 -8.6343657026
119.4000000000 -8.7596833717
119.5000000000 -8.8836135277
119.6000000000 -9.0061826127
119.7000000000 -9.1274166189
119.8000000000 -9.2473410899
119.9000000000 -9.3659811231
120.0000000000 -9.4833613727
120.1000000000 -9.5995060525
120.2000000000 -9.7144389396
120.3000000000 -9.8281833785
120.4000000000 -9.9407622850
120.5000000000 -10.0521981508
120.6000000000 -10.1625130486
120.7000000000 -10.2717286368
120.8000000000 -10.3798661648
120.9000000000 -10.4869464783
121.0000000000 -10.5929900252
121.1000000000 -10.6980168610
121.2000000000 -10.8020466546
121.3000000000 -10.9050986944
121.4000000000 -11.0071918944
121.5000000000 -11.1083448000
121.6000000000 -11.2085755941
121.7000000000 -11.3079021036
121.8000000000 -11.4063418052
121.9000000000 -11.5039118320
122.0000000000 -11.6006289792
122.1000000000 -11.6965097109
122.2000000000 -11.7915701655
122.3000000000 -11.8858261627
122.4000000000 -11.9792932088
122.5000000000 -12.0719865034
122.6000000000 -12.1639209452
122.7000000000 -12.2551111378
122.8000000000 -12.3455713957
122.9000000000 -12.4353157504
123.0000000000 -12.5243579559
123.1000000000 -12.6127114943
123.2000000000 -12.7003895820
123.3000000000 -12.7874051745
123.4000000000 -12.8737709725
123.5000000000 -12.9594994270
123.6000000000 -13.0446027445
123.7000000000 -13.1290928927
123.8000000000 -13.2129816052
123.9000000000 -13.2962803866
124.0000000000 -13.3790005177
124.1000000000 -13.4611530601
124.2000000000 -13.5427488615
124.3000000000 -13.6237985595
124.4000000000 -13.7043125872
124.5000000000 -13.7843011772
124.6000000000 -13.8637743659
124.7000000000 -13.9427419983
124.8000000000 -14.0212137320
124.9000000000 -14.0991990414
125.0000000000 -14.1767072218
125.1000000000 -14.2537473933
125.2000000000 -14.3303285050
125.3000000000 -14.4064593387
125.4000000000 -14.4821485124
125.5000000000 -14.5574044846
125.6000000000 -14.6322355570
125.7000000000 -14.7066498789
125.8000000000 -14.7806554503
125.9000000000 -14.8542601249
126.0000000000 -14.9274716140
126.1000000000 -15.0002974893
126.2000000000 -15.0727451864
126.3000000000 -15.1448220073
126.4000000000 -15.2165351241
126.5000000000 -15.2878915813
126.6000000000 -15.3588982993
126.7000000000 -15.4295620766
126.8000000000 -15.4998895928
126.9000000000 -15.5698874115
127.0000000000 -15.6395619824
127.1000000000 -15.7089196444
127.2000000000 -15.7779666276
127.3000000000 -15.8467090563
127.4000000000 -15.9151529506
127.5000000000 -15.9833042296
127.6000000000 -16.0511687129
127.7000000000 -16.1187521233
127.8000000000 -16.1860600890
127.9000000000 -16.2530981451
128.0000000000 -16.3198717364
128.1000000000 -16.3863862191
128.2000000000 -16.4526468625
128.3000000000 -16.5186588516
128.4000000000 -16.5844272882
128.5000000000 -16.6499571933
128.6000000000 -16.7152535085
128.7000000000 -16.7803210981
128.8000000000 -16.8451647506
128.9000000000 -16.9097891803
129.0000000000 -16.9741990291
129.1000000000 -17.0383988680
129.2000000000 -17.1023931986
129.3000000000 -17.1661864547
129.4000000000 -17.2297830037
129.5000000000 -17.2931871482
129.6000000000 -17.3564031271
129.7000000000 -17.4194351174
129.8000000000 -17.4822872351
129.9000000000 -17.5449635369
130.0000000000 -17.6074680212
130.1000000000 -17.6698046293
130.2000000000 -17.7319772472
130.3000000000 -17.7939897060
130.4000000000 -17.8558457835
130.5000000000 -17.9175492054
130.6000000000 -17.9791036462
130.7000000000 -18.0405127303
130.8000000000 -18.1017800332
130.9000000000 -18.1629090824
131.0000000000 -18.2239033587
131.1000000000 -18.2847662966
131.2000000000 -18.3455012859
131.3000000000 -18.4061116723
131.4000000000 -18.4666007584
131.5000000000 -18.5269718045
131.6000000000 -18.5872280296
131.7000000000 -18.6473726123
131.8000000000 -18.7074086915
131.9000000000 -18.7673393674
132.0000000000 -18.8271677019
132.1000000000 -18.8868967200
132.2000000000 -18.9465294100
132.3000000000 -19.0060687247
132.4000000000 -19.0655175815
132.5000000000 -19.1248788641
132.6000000000 -19.1841554220
132.7000000000 -19.2433500722
132.8000000000 -19.3024655994
132.9000000000 -19.3615047566
133.0000000000 -19.4204702658
133.1000000000 -19.4793648189
133.2000000000 -19.5381910779
133.3000000000 -19.5969516756
133.4000000000 -19.6556492162
133.5000000000 -19.7142862763
133.6000000000 -19.7728654045
133.7000000000 -19.8313891229
133.8000000000 -19.8898599269
133.9000000000 -19.9482802864
134.0000000000 -20.0066526456
134.1000000000 -20.0649794240
134.2000000000 -20.1232630166
134.3000000000 -20.1815057946
134.4000000000 -20.2397101057
134.5000000000 -20.2978782745
134.6000000000 -20.3560126029
134.7000000000 -20.4141153711
134.8000000000 -20.4721888370
134.9000000000 -20.5302352375
135.0000000000 -20.5882567885
135.1000000000 -20.6462556853
135.2000000000 -20.7042341030
135.3000000000 -20.7621941971
135.4000000000 -20.8201381034
135.5000000000 -20.8780679387
135.6000000000 -20.9359858011
135.7000000000 -20.9938937702
135.8000000000 -21.0517939077
135.9000000000 -21.1096882573
136.0000000000 -21.1675788455
136.1000000000 -21.2254676813
136.2000000000 -21.2833567572
136.3000000000 -21.3412480490
136.4000000000 -21.3991435161
136.5000000000 -21.4570451022
136.6000000000 -21.5149547349
136.7000000000 -21.5728743265
136.8000000000 -21.6308057741
136.9000000000 -21.6887509599
137.0000000000 -21.7467117511
137.1000000000 -21.8046900006
137.2000000000 -21.8626875470
137.3000000000 -21.9207062148
137.4000000000 -21.9787478148
137.5000000000 -22.0368141440
137.6000000000 -22.0949069861
137.7000000000 -22.1530281115
137.8000000000 -22.2111792777
137.9000000000 -22.2693622292
138.0000000000 -22.3275786980
138.1000000000 -22.3858304036
138.2000000000 -22.4441190530
138.3000000000 -22.5024463413
138.4000000000 -22.5608139514
138.5000000000 -22.6192235547
138.6000000000 -22.6776768106
138.7000000000 -22.7361753671
138.8000000000 -22.7947208609
138.9000000000 -22.8533149173
139.0000000000 -22.9119591506
139.1000000000 -22.9706551641
139.2000000000 -23.0294045500
139.3000000000 -23.0882088902
139.4000000000 -23.1470697556
139.5000000000 -23.2059887067
139.6000000000 -23.2649672935
139.7000000000 -23.3240070559
139.8000000000 -23.3831095234
139.9000000000 -23.4422762153
140.0000000000 -23.5015086411
140.1000000000 -23.5608083001
140.2000000000 -23.6201766818
140.3000000000 -23.6796152660
140.4000000000 -23.7391255227
140.5000000000 -23.7987089122
140.6000000000 -23.8583668852
140.7000000000 -23.9181008830
140.8000000000 -23.9779123372
140.9000000000 -24.0378026702
141.0000000000 -24.0977732949
141.1000000000 -24.1578256148
141.2000000000 -24.2179610243
141.3000000000 -24.2781809085
141.4000000000 -24.3384866431
141.5000000000 -24.3988795949
141.6000000000 -24.4593611214
141.7000000000 -24.5199325709
141.8000000000 -24.5805952827
141.9000000000 -24.6413505871
142.0000000000 -24.7021998051
142.1000000000 -24.7631442489
142.2000000000 -24.8241852215
142.3000000000 -24.8853240167
142.4000000000 -24.9465619197
142.5000000000 -25.0079002062
142.6000000000 -25.0693401431
142.7000000000 -25.1308829883
142.8000000000 -25.1925299904
142.9000000000 -25.2542823892
143.0000000000 -25.3161414151
143.1000000000 -25.3781082898
143.2000000000 -25.4401842255
143.3000000000 -25.5023704254
143.4000000000 -25.5646680835
143.5000000000 -25.6270783847
143.6000000000 -25.6896025045
143.7000000000 -25.7522416091
143.8000000000 -25.8149968557
143.9000000000 -25.8778693918
144.0000000000 -25.9408603556
144.1000000000 -26.0039708760
144.2000000000 -26.0672020721
144.3000000000 -26.1305550539
144.4000000000 -26.1940309215
144.5000000000 -26.2576307653
144.6000000000 -26.3213556662
144.7000000000 -26.3852066954
144.8000000000 -26.4491849139
144.9000000000 -26.5132913731
145.0000000000 -26.5775271145
145.1000000000 -26.6418931694
145.2000000000 -26.7063905589
145.3000000000 -26.7710202943
145.4000000000 -26.8357833764
145.5000000000 -26.9006807956
145.6000000000 -26.9657135321
145.7000000000 -27.0308825555
145.8000000000 -27.0961888249
145.9000000000 -27.1616332887
146.0000000000 -27.2272168845
146.1000000000 -27.2929405393
146.2000000000 -27.3588051688
146.3000000000 -27.4248116781
146.4000000000 -27.4909609610
146.5000000000 -27.5572539000
146.6000000000 -27.6236913664
146.7000000000 -27.6902742203
146.8000000000 -27.7570033100
146.9000000000 -27.8238794723
147.0000000000 -27.8909035324
147.1000000000 -27.9580763037
147.2000000000 -28.0253985874
147.3000000000 -28.0928711730
147.4000000000 -28.1604948379
147.5000000000 -28.2282703470
147.6000000000 -28.2961984531
147.7000000000 -28.3642798964
147.8000000000 -28.4325154046
147.9000000000 -28.5009056928
148.0000000000 -28.5694514631
148.1000000000 -28.6381534049
148.2000000000 -28.7070121945
148.3000000000 -28.7760284951
148.4000000000 -28.8452029566
148.5000000000 -28.9145362155
148.6000000000 -28.9840288950
148.7000000000 -29.0536816044
148.8000000000 -29.1234949395
148.9000000000 -29.1934694824
149.0000000000 -29.2636058008
149.1000000000 -29.3339044487
149.2000000000 -29.4043659659
149.3000000000 -29.4749908775
149.4000000000 -29.5457796948
149.5000000000 -29.6167329139
149.6000000000 -29.6878510167
149.7000000000 -29.7591344702
149.8000000000 -29.8305837263
149.9000000000 -29.9021992221
150.0000000000 -29.9739813796
150.1000000000 -30.0459306054
150.2000000000 -30.1180472908
150.3000000000 -30.1903318115
150.4000000000 -30.2627845279
150.5000000000 -30.3354057844
150.6000000000 -30.4081959098
150.7000000000 -30.4811552168
150.8000000000 -30.5542840022
150.9000000000 -30.6275825465
151.0000000000 -30.7010511142
151.1000000000 -30.7746899531
151.2000000000 -30.8484992949
151.3000000000 -30.9224793544
151.4000000000 -30.9966303301
151.5000000000 -31.0709524033
151.6000000000 -31.1454457389
151.7000000000 -31.2201104845
151.8000000000 -31.2949467707
151.9000000000 -31.3699547111
152.0000000000 -31.4451344020
152.1000000000 -31.5204859224
152.2000000000 -31.5960093338
152.3000000000 -31.6717046803
152.4000000000 -31.7475719884
152.5000000000 -31.8236112669
152.6000000000 -31.8998225070
152.7000000000 -31.9762056821
152.8000000000 -32.0527607476
152.9000000000 -32.1294876410
153.0000000000 -32.2063862819
153.1000000000 -32.2834565718
153.2000000000 -32.3606983941
153.3000000000 -32.4381116139
153.4000000000 -32.5156960783
153.5000000000 -32.5934516158
153.6000000000 -32.6713780370
153.7000000000 -32.7494751338
153.8000000000 -32.8277426799
153.9000000000 -32.9061804304
154.0000000000 -32.9847881220
154.1000000000 -33.0635654730
154.2000000000 -33.1425121830
154.3000000000 -33.2216279333
154.4000000000 -33.3009123865
154.5000000000 -33.3803651865
154.6000000000 -33.4599859589
154.7000000000 -33.5397743104
154.8000000000 -33.6197298296
154.9000000000 -33.6998520859
155.0000000000 -33.7801406307
155.1000000000 -33.8605949965
155.2000000000 -33.9412146973
155.3000000000 -34.0219992287
155.4000000000 -34.1029480677
155.5000000000 -34.1840606730
155.6000000000 -34.2653364845
155.7000000000 -34.3467749242
155.8000000000 -34.4283753953
155.9000000000 -34.5101372830
156.0000000000 -34.5920599541
156.1000000000 -34.6741427574
156.2000000000 -34.7563850233
156.3000000000 -34.8387860643
156.4000000000 -34.9213451748
156.5000000000 -35.0040616315
156.6000000000 -35.0869346931
156.7000000000 -35.1699636005
156.8000000000 -35.2531475771
156.9000000000 -35.3364858287
157.0000000000 -35.4199775435
157.1000000000 -35.5036218924
157.2000000000 -35.5874180293
157.3000000000 -35.6713650907
157.4000000000 -35.7554621960
157.5000000000 -35.8397084481
157.6000000000 -35.9241029327
157.7000000000 -36.0086447192
157.8000000000 -36.0933328604
157.9000000000 -36.1781663927
158.0000000000 -36.2631443364
158.1000000000 -36.3482656958
158.2000000000 -36.4335294591
158.3000000000 -36.5189345990
158.4000000000 -36.6044800726
158.5000000000 -36.6901648215
158.6000000000 -36.7759877723
158.7000000000 -36.8619478363
158.8000000000 -36.9480439102
158.9000000000 -37.0342748760
159.0000000000 -37.1206396012
159.1000000000 -37.2071369390
159.2000000000 -37.2937657287
159.3000000000 -37.3805247956
159.4000000000 -37.4674129514
159.5000000000 -37.5544289944
159.6000000000 -37.6415717097
159.7000000000 -37.7288398695
159.8000000000 -37.8162322330
159.9000000000 -37.9037475472
160.0000000000 -37.9913845465
160.1000000000 -38.0791419536
160.2000000000 -38.1670184790
160.3000000000 -38.2550128219
160.4000000000 -38.3431236701
160.5000000000 -38.4313497004
160.6000000000 -38.5196895788
160.7000000000 -38.6081419606
160.8000000000 -38.6967054909
160.9000000000 -38.7853788049
161.0000000000 -38.8741605278
161.1000000000 -38.9630492755
161.2000000000 -39.0520436546
161.3000000000 -39.1411422629
161.4000000000 -39.2303436892
161.5000000000 -39.3196465143
161.6000000000 -39.4090493106
161.7000000000 -39.4985506429
161.8000000000 -39.5881490684
161.9000000000 -39.6778431369
162.0000000000 -39.7676313915
162.1000000000 -39.8575123684
162.2000000000 -39.9474845975
162.3000000000 -40.0375466027
162.4000000000 -40.1276969020
162.5000000000 -40.2179340080
162.6000000000 -40.3082564280
162.7000000000 -40.3986626645
162.8000000000 -40.4891512154
162.9000000000 -40.5797205741
163.0000000000 -40.6703692303
163.1000000000 -40.7610956698
163.2000000000 -40.8518983751
163.3000000000 -40.9427758254
163.4000000000 -41.0337264974
163.5000000000 -41.1247488650
163.6000000000 -41.2158414002
163.7000000000 -41.3070025727
163.8000000000 -41.3982308511
163.9000000000 -41.4895247023
164.0000000000 -41.5808825922
164.1000000000 -41.6723029863
164.2000000000 -41.7637843494
164.3000000000 -41.8553251463
164.4000000000 -41.9469238418
164.5000000000 -42.0385789015
164.6000000000 -42.1302887914
164.7000000000 -42.2220519788
164.8000000000 -42.3138669322
164.9000000000 -42.4057321217
165.0000000000 -42.4976460194
165.1000000000 -42.5896070994
165.2000000000 -42.6816138385
165.3000000000 -42.7736647162
165.4000000000 -42.8657582147
165.5000000000 -42.9578928199
165.6000000000 -43.0500670210
165.7000000000 -43.1422793111
165.8000000000 -43.2345281874
165.9000000000 -43.3268121514
166.0000000000 -43.4191297091
166.1000000000 -43.5114793717
166.2000000000 -43.6038596553
166.3000000000 -43.6962690811
166.4000000000 -43.7887061765
166.5000000000 -43.8811694742
166.6000000000 -43.9736575132
166.7000000000 -44.0661688389
166.8000000000 -44.1587020033
166.9000000000 -44.2512555649
167.0000000000 -44.3438280894
167.1000000000 -44.4364181498
167.2000000000 -44.5290243264
167.3000000000 -44.6216452072
167.4000000000 -44.7142793880
167.5000000000 -44.8069254729
167.6000000000 -44.8995820741
167.7000000000 -44.9922478122
167.8000000000 -45.0849213165
167.9000000000 -45.1776012253
168.0000000000 -45.2702861857
168.1000000000 -45.3629748543
168.2000000000 -45.4556658967
168.3000000000 -45.5483579883
168.4000000000 -45.6410498142
168.5000000000 -45.7337400693
168.6000000000 -45.8264274587
168.7000000000 -45.9191106973
168.8000000000 -46.0117885108
168.9000000000 -46.1044596350
169.0000000000 -46.1971228165
169.1000000000 -46.2897768127
169.2000000000 -46.3824203916
169.3000000000 -46.4750523325
169.4000000000 -46.5676714255
169.5000000000 -46.6602764722
169.6000000000 -46.7528662854
169.7000000000 -46.8454396893
169.8000000000 -46.9379955197
169.9000000000 -47.0305326240
170.0000000000 -47.1230498614
170.1000000000 -47.2155461026
170.2000000000 -47.3080202306
170.3000000000 -47.4004711401
170.4000000000 -47.4928977378
170.5000000000 -47.5852989427
170.6000000000 -47.6776736857
170.7000000000 -47.7700209101
170.8000000000 -47.8623395713
170.9000000000 -47.9546286372
171.0000000000 -48.0468870878
171.1000000000 -48.1391139156
171.2000000000 -48.2313081256
171.3000000000 -48.3234687351
171.4000000000 -48.4155947740
171.5000000000 -48.5076852845
171.6000000000 -48.5997393215
171.7000000000 -48.6917559523
171.8000000000 -48.7837342566
171.9000000000 -48.8756733269
172.0000000000 -48.9675722679
172.1000000000 -49.0594301970
172.2000000000 -49.1512462441
172.3000000000 -49.2430195513
172.4000000000 -49.3347492735
172.5000000000 -49.4264345778
172.6000000000 -49.5180746438
172.7000000000 -49.6096686634
172.8000000000 -49.7012158408
172.9000000000 -49.7927153926
173.0000000000 -49.8841665475
173.1000000000 -49.9755685464
173.2000000000 -50.0669206425
173.3000000000 -50.1582221008
173.4000000000 -50.2494721986
173.5000000000 -50.3406702249
173.6000000000 -50.4318154807
173.7000000000 -50.5229072789
173.8000000000 -50.6139449439
173.9000000000 -50.7049278120
174.0000000000 -50.7958552309
174.1000000000 -50.8867265598
174.2000000000 -50.9775411694
174.3000000000 -51.0682984415
174.4000000000 -51.1589977694
174.5000000000 -51.2496385573
174.6000000000 -51.3402202205
174.7000000000 -51.4307421850
174.8000000000 -51.5212038879
174.9000000000 -51.6116047767
175.0000000000 -51.7019443096
175.1000000000 -51.7922219554
175.2000000000 -51.8824371929
175.3000000000 -51.9725895113
175.4000000000 -52.0626784099
175.5000000000 -52.1527033979
175.6000000000 -52.2426639943
175.7000000000 -52.3325597278
175.8000000000 -52.4223901368
175.9000000000 -52.5121547688
176.0000000000 -52.6018531810
176.1000000000 -52.6914849393
176.2000000000 -52.7810496190
176.3000000000 -52.8705468038
176.4000000000 -52.9599760866
176.5000000000 -53.0493370684
176.6000000000 -53.1386293589
176.7000000000 -53.2278525759
176.8000000000 -53.3170063453
176.9000000000 -53.4060903009
177.0000000000 -53.4951040844
177.1000000000 -53.5840473450
177.2000000000 -53.6729197393
177.3000000000 -53.7617209312
177.4000000000 -53.8504505918
177.5000000000 -53.9391083992
177.6000000000 -54.0276940380
177.7000000000 -54.1162071997
177.8000000000 -54.2046475821
177.9000000000 -54.2930148893
178.0000000000 -54.3813088315
178.1000000000 -54.4695291248
178.2000000000 -54.5576754910
178.3000000000 -54.6457476576
178.4000000000 -54.7337453573
178.5000000000 -54.8216683283
178.6000000000 -54.9095163136
178.7000000000 -54.9972890610
178.8000000000 -55.0849863233
178.9000000000 -55.1726078575
179.0000000000 -55.2601534250
179.1000000000 -55.3476227914
179.2000000000 -55.4350157262
179.3000000000 -55.5223320027
179.4000000000 -55.6095713977
179.5000000000 -55.6967336916
179.6000000000 -55.7838186678
179.7000000000 -55.8708261129
179.8000000000 -55.9577558164
179.9000000000 -56.0446075703
180.0000000000 -56.1313811692
180.1000000000 -56.2180764100
180.2000000000 -56.3046930918
180.3000000000 -56.3912310155
180.4000000000 -56.4776899840
180.5000000000 -56.5640698015
180.6000000000 -56.6503702738
180.7000000000 -56.7365912079
180.8000000000 -56.8227324119
180.9000000000 -56.9087936946
181.0000000000 -56.9947748655
181.1000000000 -57.0806757349
181.2000000000 -57.1664961132
181.3000000000 -57.2522358108
181.4000000000 -57.3378946385
181.5000000000 -57.4234724066
181.6000000000 -57.5089689250
181.7000000000 -57.5943840034
181.8000000000 -57.6797174504
181.9000000000 -57.7649690739
182.0000000000 -57.8501386808
182.1000000000 -57.9352260767
182.2000000000 -58.0202310659
182.3000000000 -58.1051534510
182.4000000000 -58.1899930331
182.5000000000 -58.2747496112
182.6000000000 -58.3594229824
182.7000000000 -58.4440129417
182.8000000000 -58.5285192814
182.9000000000 -58.6129417918
183.0000000000 -58.6972802600
183.1000000000 -58.7815344708
183.2000000000 -58.8657042056
183.3000000000 -58.9497892429
183.4000000000 -59.0337893580
183.5000000000 -59.1177043226
183.6000000000 -59.2015339050
183.7000000000 -59.2852778698
183.8000000000 -59.3689359778
183.9000000000 -59.4525079856
184.0000000000 -59.5359936461
184.1000000000 -59.6193927076
184.2000000000 -59.7027049143
184.3000000000 -59.7859300057
184.4000000000 -59.8690677170
184.5000000000 -59.9521177782
184.6000000000 -60.0350799149
184.7000000000 -60.1179538475
184.8000000000 -60.2007392913
184.9000000000 -60.2834359565
185.0000000000 -60.3660435481
185.1000000000 -60.4485617653
185.2000000000 -60.5309903021
185.3000000000 -60.6133288469
185.4000000000 -60.6955770822
185.5000000000 -60.7777346848
185.6000000000 -60.8598013255
185.7000000000 -60.9417766693
185.8000000000 -61.0236603748
185.9000000000 -61.1054520948
186.0000000000 -61.1871514757
186.1000000000 -61.2687581574
186.2000000000 -61.3502717736
186.3000000000 -61.4316919514
186.4000000000 -61.5130183117
186.5000000000 -61.5942504683
186.6000000000 -61.6753880286
186.7000000000 -61.7564305934
186.8000000000 -61.8373777564
186.9000000000 -61.9182291047
187.0000000000 -61.9989842185
187.1000000000 -62.0796426709
187.2000000000 -62.1602040283
187.3000000000 -62.2406678499
187.4000000000 -62.3210336878
187.5000000000 -62.4013010874
187.6000000000 -62.4814695865
187.7000000000 -62.5615387161
187.8000000000 -62.6415079999
187.9000000000 -62.7213769546
188.0000000000 -62.8011450895
188.1000000000 -62.8808119069
188.2000000000 -62.9603769018
188.3000000000 -63.0398395619
188.4000000000 -63.1191993680
188.5000000000 -63.1984557933
188.6000000000 -63.2776083041
188.7000000000 -63.3566563595
188.8000000000 -63.4355994112
188.9000000000 -63.5144369040
189.0000000000 -63.5931682754
189.1000000000 -63.6717929559
189.2000000000 -63.7503103687
189.3000000000 -63.8287199303
189.4000000000 -63.9070210498
189.5000000000 -63.9852131297
189.6000000000 -64.0632955651
189.7000000000 -64.1412677447
189.8000000000 -64.2191290500
189.9000000000 -64.2968788559
190.0000000000 -64.3745165303
190.1000000000 -64.4520414347
190.2000000000 -64.5294529239
190.3000000000 -64.6067503460
190.4000000000 -64.6839330428
190.5000000000 -64.7610003495
190.6000000000 -64.8379515951
190.7000000000 -64.9147861023
190.8000000000 -64.9915031875
190.9000000000 -65.0681021611
191.0000000000 -65.1445823275
191.1000000000 -65.2209429852
191.2000000000 -65.2971834266
191.3000000000 -65.3733029388
191.4000000000 -65.4493008028
191.5000000000 -65.5251762943
191.6000000000 -65.6009286837
191.7000000000 -65.6765572358
191.8000000000 -65.7520612103
191.9000000000 -65.8274398618
192.0000000000 -65.9026924400
192.1000000000 -65.9778181894
192.2000000000 -66.0528163501
192.3000000000 -66.1276861575
192.4000000000 -66.2024268423
192.5000000000 -66.2770376310
192.6000000000 -66.3515177459
192.7000000000 -66.4258664051
192.8000000000 -66.5000828225
192.9000000000 -66.5741662086
193.0000000000 -66.6481157699
193.1000000000 -66.7219307094
193.2000000000 -66.7956102266
193.3000000000 -66.8691535179
193.4000000000 -66.9425597765
193.5000000000 -67.0158281924
193.6000000000 -67.0889579531
193.7000000000 -67.1619482433
193.8000000000 -67.2347982450
193.9000000000 -67.3075071381
194.0000000000 -67.3800741000
194.1000000000 -67.4524983063
194.2000000000 -67.5247789305
194.3000000000 -67.5969151445
194.4000000000 -67.6689061186
194.5000000000 -67.7407510215
194.6000000000 -67.8124490208
194.7000000000 -67.8839992831
194.8000000000 -67.9554009738
194.9000000000 -68.0266532578
195.0000000000 -68.0977552992
195.1000000000 -68.1687062619
195.2000000000 -68.2395053093
195.3000000000 -68.3101516049
195.4000000000 -68.3806443121
195.5000000000 -68.4509825947
195.6000000000 -68.5211656168
195.7000000000 -68.5911925431
195.8000000000 -68.6610625392
195.9000000000 -68.7307747715
196.0000000000 -68.8003284074
196.1000000000 -68.8697226158
196.2000000000 -68.9389565668
196.3000000000 -69.0080294322
196.4000000000 -69.0769403857
196.5000000000 -69.1456886027
196.6000000000 -69.2142732609
196.7000000000 -69.2826935401
196.8000000000 -69.3509486229
196.9000000000 -69.4190376940
197.0000000000 -69.4869599414
197.1000000000 -69.5547145556
197.2000000000 -69.6223007305
197.3000000000 -69.6897176631
197.4000000000 -69.7569645541
197.5000000000 -69.8240406075
197.6000000000 -69.8909450312
197.7000000000 -69.9576770370
197.8000000000 -70.0242358409
197.9000000000 -70.0906206629
198.0000000000 -70.1568307276
198.1000000000 -70.2228652641
198.2000000000 -70.2887235061
198.3000000000 -70.3544046923
198.4000000000 -70.4199080664
198.5000000000 -70.4852328772
198.6000000000 -70.5503783788
198.7000000000 -70.6153438307
198.8000000000 -70.6801284982
198.9000000000 -70.7447316522
199.0000000000 -70.8091525695
199.1000000000 -70.8733905329
199.2000000000 -70.9374448314
199.3000000000 -71.0013147603
199.4000000000 -71.0649996212
199.5000000000 -71.1284987225
199.6000000000 -71.1918113792
199.7000000000 -71.2549369129
199.8000000000 -71.3178746525
199.9000000000 -71.3806239338
