0.0000000000 -61.8856120863
0.1000000000 -61.9725289418
0.2000000000 -62.0593237925
0.3000000000 -62.1459959730
0.4000000000 -62.2325448091
0.5000000000 -62.3189696188
0.6000000000 -62.4052697117
0.7000000000 -62.4914443894
0.8000000000 -62.5774929453
0.9000000000 -62.6634146649
1.0000000000 -62.7492088255
1.1000000000 -62.8348746967
1.2000000000 -62.9204115399
1.3000000000 -63.0058186089
1.4000000000 -63.0910951497
1.5000000000 -63.1762404005
1.6000000000 -63.2612535921
1.7000000000 -63.3461339474
1.8000000000 -63.4308806822
1.9000000000 -63.5154930047
2.0000000000 -63.5999701160
2.1000000000 -63.6843112100
2.2000000000 -63.7685154733
2.3000000000 -63.8525820860
2.4000000000 -63.9365102209
2.5000000000 -64.0202990443
2.6000000000 -64.1039477159
2.7000000000 -64.1874553888
2.8000000000 -64.2708212099
2.9000000000 -64.3540443197
3.0000000000 -64.4371238528
3.1000000000 -64.5200589377
3.2000000000 -64.6028486973
3.3000000000 -64.6854922486
3.4000000000 -64.7679887033
3.5000000000 -64.8503371675
3.6000000000 -64.9325367425
3.7000000000 -65.0145865244
3.8000000000 -65.0964856042
3.9000000000 -65.1782330685
4.0000000000 -65.2598279994
4.1000000000 -65.3412694744
4.2000000000 -65.4225565672
4.3000000000 -65.5036883471
4.4000000000 -65.5846638798
4.5000000000 -65.6654822275
4.6000000000 -65.7461424487
4.7000000000 -65.8266435989
4.8000000000 -65.9069847303
4.9000000000 -65.9871648924
5.0000000000 -66.0671831320
5.1000000000 -66.1470384934
5.2000000000 -66.2267300185
5.3000000000 -66.3062567473
5.4000000000 -66.3856177177
5.5000000000 -66.4648119661
5.6000000000 -66.5438385273
5.7000000000 -66.6226964346
5.8000000000 -66.7013847205
5.9000000000 -66.7799024162
6.0000000000 -66.8582485523
6.1000000000 -66.9364221588
6.2000000000 -67.0144222654
6.3000000000 -67.0922479011
6.4000000000 -67.1698980953
6.5000000000 -67.2473718772
6.6000000000 -67.3246682760
6.7000000000 -67.4017863213
6.8000000000 -67.4787250433
6.9000000000 -67.5554834724
7.0000000000 -67.6320606395
7.1000000000 -67.7084555761
7.2000000000 -67.7846673144
7.3000000000 -67.8606948869
7.4000000000 -67.9365373267
7.5000000000 -68.0121936672
7.6000000000 -68.0876629420
7.7000000000 -68.1629441846
7.8000000000 -68.2380364284
7.9000000000 -68.3129387057
8.0000000000 -68.3876500481
8.1000000000 -68.4621694853
8.2000000000 -68.5364960446
8.3000000000 -68.6106287502
8.4000000000 -68.6845666222
8.5000000000 -68.7583086755
8.6000000000 -68.8318539182
8.7000000000 -68.9052013505
8.8000000000 -68.9783499625
8.9000000000 -69.0512987321
9.0000000000 -69.1240466229
9.1000000000 -69.1965925805
9.2000000000 -69.2689355300
9.3000000000 -69.3410743715
9.4000000000 -69.4130079757
9.5000000000 -69.4847351789
9.6000000000 -69.5562547765
9.7000000000 -69.6275655161
9.8000000000 -69.6986660897
9.9000000000 -69.7695551236
10.0000000000 -69.8402311681
10.1000000000 -69.9106926846
10.2000000000 -69.9809380312
10.3000000000 -70.0509654459
10.4000000000 -70.1207730268
10.5000000000 -70.1903587104
10.6000000000 -70.2597202449
10.7000000000 -70.3288551608
10.8000000000 -70.3977607362
10.9000000000 -70.4664339566
11.0000000000 -70.5348714692
11.1000000000 -70.6030695292
11.2000000000 -70.6710239385
11.3000000000 -70.7387299742
11.4000000000 -70.8061823067
11.5000000000 -70.8733749048
11.6000000000 -70.9403009254
11.7000000000 -71.0069525873
11.8000000000 -71.0733210239
11.9000000000 -71.1393961147
12.0000000000 -71.2051662883
12.1000000000 -71.2706182973
12.2000000000 -71.3357369555
12.3000000000 -71.4005048363
12.4000000000 -71.4649019225
12.5000000000 -71.5289052021
12.6000000000 -71.5924882009
12.7000000000 -71.6556204421
12.8000000000 -71.7182668212
12.9000000000 -71.7803868829
13.0000000000 -71.8419339859
13.1000000000 -71.9028543357
13.2000000000 -71.9630858667
13.3000000000 -72.0225569492
13.4000000000 -72.0811848936
13.5000000000 -72.1388742202
13.6000000000 -72.1955146582
13.7000000000 -72.2509788299
13.8000000000 -72.3051195733
13.9000000000 -72.3577668431
14.0000000000 -72.4087241266
14.1000000000 -72.4577642965
14.2000000000 -72.5046248135
14.3000000000 -72.5490021749
14.4000000000 -72.5905454932
14.5000000000 -72.6288490653
14.6000000000 -72.6634437767
14.7000000000 -72.6937871555
14.8000000000 -72.7192518668
14.9000000000 -72.7391124009
15.0000000000 -72.7525296746
15.1000000000 -72.7585332186
15.2000000000 -72.7560005728
15.3000000000 -72.7436334563
15.4000000000 -72.7199302083
15.5000000000 -72.6831539205
15.6000000000 -72.6312955940
15.7000000000 -72.5620315500
15.8000000000 -72.4726742094
15.9000000000 -72.3601152213
16.0000000000 -72.2207597706
16.1000000000 -72.0504507188
16.2000000000 -71.8443810363
16.3000000000 -71.5969927598
16.4000000000 -71.3018604492
16.5000000000 -70.9515568295
16.6000000000 -70.5374979631
16.7000000000 -70.0497649101
16.8000000000 -69.4768983688
16.9000000000 -68.8056622249
17.0000000000 -68.0207712112
17.1000000000 -67.1045768984
17.2000000000 -66.0367048100
17.3000000000 -64.7936332480
17.4000000000 -63.3482008111
17.5000000000 -61.6690234777
17.6000000000 -59.7197915852
17.7000000000 -57.4583988288
17.8000000000 -54.8358246470
17.9000000000 -51.7946419309
18.0000000000 -48.2669501168
18.1000000000 -44.1714487616
18.2000000000 -39.4093119516
18.3000000000 -33.8585966177
18.4000000000 -27.3673276096
18.5000000000 -19.7474008263
18.6000000000 -10.7838280245
18.7000000000 -0.3380325718
18.8000000000 11.1723946449
18.9000000000 21.7669532410
19.0000000000 28.6410405456
19.1000000000 31.6253167679
19.2000000000 32.7537906658
19.3000000000 33.3908625103
19.4000000000 33.9007057708
19.5000000000 34.3296089282
19.6000000000 34.6792572404
19.7000000000 34.9522783067
19.8000000000 35.1545477170
19.9000000000 35.2932466346
20.0000000000 35.3755495815
20.1000000000 35.4080186925
20.2000000000 35.3963975329
20.3000000000 35.3456000532
20.4000000000 35.2597847130
20.5000000000 35.1424582693
20.6000000000 34.9965825585
20.7000000000 34.8246724718
20.8000000000 34.6288808109
20.9000000000 34.4110693478
21.0000000000 34.1728670581
21.1000000000 33.9157171274
21.2000000000 33.6409144638
21.3000000000 33.3496353541
21.4000000000 33.0429607123
21.5000000000 32.7218941570
21.6000000000 32.3873759514
21.7000000000 32.0402936596
21.8000000000 31.6814902122
21.9000000000 31.3117699485
22.0000000000 30.9319030893
22.1000000000 30.5426290066
22.2000000000 30.1446585822
22.3000000000 29.7386758880
22.4000000000 29.3253393716
22.5000000000 28.9052826905
22.6000000000 28.4791153067
22.7000000000 28.0474229278
22.8000000000 27.6107678587
22.9000000000 27.1696893123
23.0000000000 26.7247037132
23.1000000000 26.2763050184
23.2000000000 25.8249650710
23.3000000000 25.3711339954
23.4000000000 24.9152406382
23.5000000000 24.4576930564
23.6000000000 23.9988790493
23.7000000000 23.5391667305
23.8000000000 23.0789051358
23.9000000000 22.6184248595
24.0000000000 22.1580387135
24.1000000000 21.6980424031
24.2000000000 21.2387152121
24.3000000000 20.7803206926
24.4000000000 20.3231073534
24.5000000000 19.8673093415
24.6000000000 19.4131471139
24.7000000000 18.9608280934
24.8000000000 18.5105473076
24.9000000000 18.0624880064
25.0000000000 17.6168222573
25.1000000000 17.1737115150
25.2000000000 16.7333071664
25.3000000000 16.2957510471
25.4000000000 15.8611759324
25.5000000000 15.4297059992
25.6000000000 15.0014572616
25.7000000000 14.5765379790
25.8000000000 14.1550490383
25.9000000000 13.7370843105
26.0000000000 13.3227309824
26.1000000000 12.9120698656
26.2000000000 12.5051756828
26.3000000000 12.1021173335
26.4000000000 11.7029581404
26.5000000000 11.3077560769
26.6000000000 10.9165639789
26.7000000000 10.5294297407
26.8000000000 10.1463964971
26.9000000000 9.7675027933
27.0000000000 9.3927827433
27.1000000000 9.0222661786
27.2000000000 8.6559787884
27.3000000000 8.2939422518
27.4000000000 7.9361743645
27.5000000000 7.5826891592
27.6000000000 7.2334970223
27.7000000000 6.8886048069
27.8000000000 6.5480159426
27.9000000000 6.2117305437
28.0000000000 5.8797455158
28.1000000000 5.5520546611
28.2000000000 5.2286487837
28.3000000000 4.9095157939
28.4000000000 4.5946408135
28.5000000000 4.2840062809
28.6000000000 3.9775920563
28.7000000000 3.6753755280
28.8000000000 3.3773317190
28.9000000000 3.0834333939
29.0000000000 2.7936511662
29.1000000000 2.5079536064
29.2000000000 2.2263073492
29.3000000000 1.9486772018
29.4000000000 1.6750262510
29.5000000000 1.4053159706
29.6000000000 1.1395063273
29.7000000000 0.8775558861
29.8000000000 0.6194219147
29.9000000000 0.3650604860
30.0000000000 0.1144265794
30.1000000000 -0.1325258207
30.2000000000 -0.3758436267
30.3000000000 -0.6155745543
30.4000000000 -0.8517670293
30.5000000000 -1.0844700982
30.6000000000 -1.3137333419
30.7000000000 -1.5396067911
30.8000000000 -1.7621408460
30.9000000000 -1.9813861984
31.0000000000 -2.1973937575
31.1000000000 -2.4102145785
31.2000000000 -2.6198997948
31.3000000000 -2.8265005537
31.4000000000 -3.0300679552
31.5000000000 -3.2306529941
31.6000000000 -3.4283065054
31.7000000000 -3.6230791136
31.8000000000 -3.8150211842
31.9000000000 -4.0041827790
32.0000000000 -4.1906136148
32.1000000000 -4.3743630242
32.2000000000 -4.5554799202
32.3000000000 -4.7340127631
32.4000000000 -4.9100095304
32.5000000000 -5.0835176896
32.6000000000 -5.2545841730
32.7000000000 -5.4232553551
32.8000000000 -5.5895770327
32.9000000000 -5.7535944070
33.0000000000 -5.9153520675
33.1000000000 -6.0748939786
33.2000000000 -6.2322634673
33.3000000000 -6.3875032135
33.4000000000 -6.5406552416
33.5000000000 -6.6917609133
33.6000000000 -6.8408609229
33.7000000000 -6.9879952930
33.8000000000 -7.1332033721
33.9000000000 -7.2765238333
34.0000000000 -7.4179946742
34.1000000000 -7.5576532173
34.2000000000 -7.6955361123
34.3000000000 -7.8316793388
34.4000000000 -7.9661182096
34.5000000000 -8.0988873750
34.6000000000 -8.2300208282
34.7000000000 -8.3595519106
34.8000000000 -8.4875133180
34.9000000000 -8.6139371073
35.0000000000 -8.7388547040
35.1000000000 -8.8622969095
35.2000000000 -8.9842939091
35.3000000000 -9.1048752804
35.4000000000 -9.2240700018
35.5000000000 -9.3419064612
35.6000000000 -9.4584124653
35.7000000000 -9.5736152488
35.8000000000 -9.6875414833
35.9000000000 -9.8002172873
36.0000000000 -9.9116682355
36.1000000000 -10.0219193686
36.2000000000 -10.1309952029
36.3000000000 -10.2389197398
36.4000000000 -10.3457164758
36.5000000000 -10.4514084121
36.6000000000 -10.5560180644
36.7000000000 -10.6595674721
36.8000000000 -10.7620782085
36.9000000000 -10.8635713897
37.0000000000 -10.9640676844
37.1000000000 -11.0635873233
37.2000000000 -11.1621501078
37.3000000000 -11.2597754200
37.4000000000 -11.3564822309
37.5000000000 -11.4522891098
37.6000000000 -11.5472142329
37.7000000000 -11.6412753920
37.8000000000 -11.7344900032
37.9000000000 -11.8268751149
38.0000000000 -11.9184474164
38.1000000000 -12.0092232459
38.2000000000 -12.0992185983
38.3000000000 -12.1884491336
38.4000000000 -12.2769301838
38.5000000000 -12.3646767611
38.6000000000 -12.4517035647
38.7000000000 -12.5380249888
38.8000000000 -12.6236551290
38.9000000000 -12.7086077896
39.0000000000 -12.7928964904
39.1000000000 -12.8765344733
39.2000000000 -12.9595347090
39.3000000000 -13.0419099031
39.4000000000 -13.1236725026
39.5000000000 -13.2048347019
39.6000000000 -13.2854084490
39.7000000000 -13.3654054508
39.8000000000 -13.4448371796
39.9000000000 -13.5237148779
40.0000000000 -13.6020495645
40.1000000000 -13.6798520395
40.2000000000 -13.7571328893
40.3000000000 -13.8339024924
40.4000000000 -13.9101710235
40.5000000000 -13.9859484590
40.6000000000 -14.0612445815
40.7000000000 -14.1360689842
40.8000000000 -14.2104310760
40.9000000000 -14.2843400852
41.0000000000 -14.3578050642
41.1000000000 -14.4308348938
41.2000000000 -14.5034382869
41.3000000000 -14.5756237928
41.4000000000 -14.6473998010
41.5000000000 -14.7187745451
41.6000000000 -14.7897561061
41.7000000000 -14.8603524166
41.8000000000 -14.9305712641
41.9000000000 -15.0004202940
42.0000000000 -15.0699070138
42.1000000000 -15.1390387956
42.2000000000 -15.2078228799
42.3000000000 -15.2762663780
42.4000000000 -15.3443762759
42.5000000000 -15.4121594367
42.6000000000 -15.4796226033
42.7000000000 -15.5467724020
42.8000000000 -15.6136153446
42.9000000000 -15.6801578311
43.0000000000 -15.7464061527
43.1000000000 -15.8123664940
43.2000000000 -15.8780449356
43.3000000000 -15.9434474568
43.4000000000 -16.0085799373
43.5000000000 -16.0734481602
43.6000000000 -16.1380578139
43.7000000000 -16.2024144944
43.8000000000 -16.2665237073
43.9000000000 -16.3303908700
44.0000000000 -16.3940213139
44.1000000000 -16.4574202860
44.2000000000 -16.5205929513
44.3000000000 -16.5835443943
44.4000000000 -16.6462796210
44.5000000000 -16.7088035608
44.6000000000 -16.7711210681
44.7000000000 -16.8332369241
44.8000000000 -16.8951558384
44.9000000000 -16.9568824507
45.0000000000 -17.0184213325
45.1000000000 -17.0797769884
45.2000000000 -17.1409538578
45.3000000000 -17.2019563163
45.4000000000 -17.2627886772
45.5000000000 -17.3234551930
45.6000000000 -17.3839600565
45.7000000000 -17.4443074024
45.8000000000 -17.5045013085
45.9000000000 -17.5645457971
46.0000000000 -17.6244448359
46.1000000000 -17.6842023398
46.2000000000 -17.7438221716
46.3000000000 -17.8033081433
46.4000000000 -17.8626640173
46.5000000000 -17.9218935075
46.6000000000 -17.9810002805
46.7000000000 -18.0399879562
46.8000000000 -18.0988601094
46.9000000000 -18.1576202705
47.0000000000 -18.2162719265
47.1000000000 -18.2748185221
47.2000000000 -18.3332634604
47.3000000000 -18.3916101040
47.4000000000 -18.4498617759
47.5000000000 -18.5080217605
47.6000000000 -18.5660933039
47.7000000000 -18.6240796154
47.8000000000 -18.6819838680
47.9000000000 -18.7398091991
48.0000000000 -18.7975587116
48.1000000000 -18.8552354743
48.2000000000 -18.9128425229
48.3000000000 -18.9703828606
48.4000000000 -19.0278594589
48.5000000000 -19.0852752580
48.6000000000 -19.1426331681
48.7000000000 -19.1999360692
48.8000000000 -19.2571868127
48.9000000000 -19.3143882211
49.0000000000 -19.3715430894
49.1000000000 -19.4286541850
49.2000000000 -19.4857242490
49.3000000000 -19.5427559961
49.4000000000 -19.5997521157
49.5000000000 -19.6567152721
49.6000000000 -19.7136481050
49.7000000000 -19.7705532306
49.8000000000 -19.8274332412
49.9000000000 -19.8842907064
50.0000000000 -19.9411281733
50.1000000000 -19.9979481671
50.2000000000 -20.0547531914
50.3000000000 -20.1115457287
50.4000000000 -20.1683282409
50.5000000000 -20.2251031699
50.6000000000 -20.2818729375
50.7000000000 -20.3386399464
50.8000000000 -20.3954065801
50.9000000000 -20.4521752036
51.0000000000 -20.5089481638
51.1000000000 -20.5657277896
51.2000000000 -20.6225163924
51.3000000000 -20.6793162668
51.4000000000 -20.7361296901
51.5000000000 -20.7929589235
51.6000000000 -20.8498062120
51.7000000000 -20.9066737846
51.8000000000 -20.9635638551
51.9000000000 -21.0204786218
52.0000000000 -21.0774202682
52.1000000000 -21.1343909632
52.2000000000 -21.1913928612
52.3000000000 -21.2484281025
52.4000000000 -21.3054988137
52.5000000000 -21.3626071078
52.6000000000 -21.4197550843
52.7000000000 -21.4769448296
52.8000000000 -21.5341784174
52.9000000000 -21.5914579086
53.0000000000 -21.6487853516
53.1000000000 -21.7061627827
53.2000000000 -21.7635922261
53.3000000000 -21.8210756941
53.4000000000 -21.8786151876
53.5000000000 -21.9362126956
53.6000000000 -21.9938701962
53.7000000000 -22.0515896563
53.8000000000 -22.1093730315
53.9000000000 -22.1672222671
54.0000000000 -22.2251392974
54.1000000000 -22.2831260463
54.2000000000 -22.3411844274
54.3000000000 -22.3993163438
54.4000000000 -22.4575236888
54.5000000000 -22.5158083455
54.6000000000 -22.5741721872
54.7000000000 -22.6326170773
54.8000000000 -22.6911448699
54.9000000000 -22.7497574090
55.0000000000 -22.8084565296
55.1000000000 -22.8672440569
55.2000000000 -22.9261218071
55.3000000000 -22.9850915871
55.4000000000 -23.0441551944
55.5000000000 -23.1033144176
55.6000000000 -23.1625710364
55.7000000000 -23.2219268212
55.8000000000 -23.2813835336
55.9000000000 -23.3409429263
56.0000000000 -23.4006067431
56.1000000000 -23.4603767191
56.2000000000 -23.5202545804
56.3000000000 -23.5802420445
56.4000000000 -23.6403408201
56.5000000000 -23.7005526069
56.6000000000 -23.7608790964
56.7000000000 -23.8213219708
56.8000000000 -23.8818829038
56.9000000000 -23.9425635606
57.0000000000 -24.0033655971
57.1000000000 -24.0642906610
57.2000000000 -24.1253403907
57.3000000000 -24.1865164162
57.4000000000 -24.2478203583
57.5000000000 -24.3092538292
57.6000000000 -24.3708184320
57.7000000000 -24.4325157609
57.8000000000 -24.4943474009
57.9000000000 -24.5563149283
58.0000000000 -24.6184199098
58.1000000000 -24.6806639033
58.2000000000 -24.7430484572
58.3000000000 -24.8055751107
58.4000000000 -24.8682453934
58.5000000000 -24.9310608257
58.6000000000 -24.9940229180
58.7000000000 -25.0571331714
58.8000000000 -25.1203930772
58.9000000000 -25.1838041166
59.0000000000 -25.2473677610
59.1000000000 -25.3110854718
59.2000000000 -25.3749587000
59.3000000000 -25.4389888865
59.4000000000 -25.5031774617
59.5000000000 -25.5675258456
59.6000000000 -25.6320354472
59.7000000000 -25.6967076651
59.8000000000 -25.7615438867
59.9000000000 -25.8265454885
60.0000000000 -25.8917138356
60.1000000000 -25.9570502821
60.2000000000 -26.0225561701
60.3000000000 -26.0882328305
60.4000000000 -26.1540815822
60.5000000000 -26.2201037320
60.6000000000 -26.2863005748
60.7000000000 -26.3526733930
60.8000000000 -26.4192234567
60.9000000000 -26.4859520233
61.0000000000 -26.5528603373
61.1000000000 -26.6199496303
61.2000000000 -26.6872211206
61.3000000000 -26.7546760133
61.4000000000 -26.8223154998
61.5000000000 -26.8901407579
61.6000000000 -26.9581529512
61.7000000000 -27.0263532295
61.8000000000 -27.0947427280
61.9000000000 -27.1633225674
62.0000000000 -27.2320938539
62.1000000000 -27.3010576785
62.2000000000 -27.3702151170
62.3000000000 -27.4395672301
62.4000000000 -27.5091150627
62.5000000000 -27.5788596441
62.6000000000 -27.6488019873
62.7000000000 -27.7189430894
62.8000000000 -27.7892839308
62.9000000000 -27.8598254754
63.0000000000 -27.9305686701
63.1000000000 -28.0015144449
63.2000000000 -28.0726637121
63.3000000000 -28.1440173668
63.4000000000 -28.2155762861
63.5000000000 -28.2873413292
63.6000000000 -28.3593133369
63.7000000000 -28.4314931318
63.8000000000 -28.5038815175
63.9000000000 -28.5764792788
64.0000000000 -28.6492871814
64.1000000000 -28.7223059716
64.2000000000 -28.7955363759
64.3000000000 -28.8689791013
64.4000000000 -28.9426348344
64.5000000000 -29.0165042416
64.6000000000 -29.0905879689
64.7000000000 -29.1648866413
64.8000000000 -29.2394008632
64.9000000000 -29.3141312173
65.0000000000 -29.3890782653
65.1000000000 -29.4642425470
65.2000000000 -29.5396245804
65.3000000000 -29.6152248615
65.4000000000 -29.6910438640
65.5000000000 -29.7670820388
65.6000000000 -29.8433398145
65.7000000000 -29.9198175964
65.8000000000 -29.9965157668
65.9000000000 -30.0734346848
66.0000000000 -30.1505746857
66.1000000000 -30.2279360812
66.2000000000 -30.3055191591
66.3000000000 -30.3833241828
66.4000000000 -30.4613513918
66.5000000000 -30.5396010007
66.6000000000 -30.6180731996
66.7000000000 -30.6967681538
66.8000000000 -30.7756860034
66.9000000000 -30.8548268635
67.0000000000 -30.9341908236
67.1000000000 -31.0137779480
67.2000000000 -31.0935882749
67.3000000000 -31.1736218170
67.4000000000 -31.2538785609
67.5000000000 -31.3343584672
67.6000000000 -31.4150614702
67.7000000000 -31.4959874778
67.8000000000 -31.5771363714
67.9000000000 -31.6585080060
68.0000000000 -31.7401022095
68.1000000000 -31.8219187834
68.2000000000 -31.9039575021
68.3000000000 -31.9862181129
68.4000000000 -32.0687003363
68.5000000000 -32.1514038654
68.6000000000 -32.2343283661
68.7000000000 -32.3174734772
68.8000000000 -32.4008388099
68.9000000000 -32.4844239482
69.0000000000 -32.5682284485
69.1000000000 -32.6522518400
69.2000000000 -32.7364936241
69.3000000000 -32.8209532749
69.4000000000 -32.9056302389
69.5000000000 -32.9905239352
69.6000000000 -33.0756337552
69.7000000000 -33.1609590630
69.8000000000 -33.2464991950
69.9000000000 -33.3322534605
70.0000000000 -33.4182211410
70.1000000000 -33.5044014909
70.2000000000 -33.5907937373
70.3000000000 -33.6773970801
70.4000000000 -33.7642106919
70.5000000000 -33.8512337182
70.6000000000 -33.9384652779
70.7000000000 -34.0259044626
70.8000000000 -34.1135503373
70.9000000000 -34.2014019404
71.0000000000 -34.2894582837
71.1000000000 -34.3777183527
71.2000000000 -34.4661811066
71.3000000000 -34.5548454786
71.4000000000 -34.6437103759
71.5000000000 -34.7327746799
71.6000000000 -34.8220372466
71.7000000000 -34.9114969065
71.8000000000 -35.0011524651
71.9000000000 -35.0910027027
72.0000000000 -35.1810463751
72.1000000000 -35.2712822133
72.2000000000 -35.3617089242
72.3000000000 -35.4523251907
72.4000000000 -35.5431296718
72.5000000000 -35.6341210029
72.6000000000 -35.7252977964
72.7000000000 -35.8166586415
72.8000000000 -35.9082021047
72.9000000000 -35.9999267302
73.0000000000 -36.0918310400
73.1000000000 -36.1839135344
73.2000000000 -36.2761726922
73.3000000000 -36.3686069709
73.4000000000 -36.4612148075
73.5000000000 -36.5539946181
73.6000000000 -36.6469447991
73.7000000000 -36.7400637268
73.8000000000 -36.8333497582
73.9000000000 -36.9268012313
74.0000000000 -37.0204164653
74.1000000000 -37.1141937612
74.2000000000 -37.2081314022
74.3000000000 -37.3022276537
74.4000000000 -37.3964807644
74.5000000000 -37.4908889658
74.6000000000 -37.5854504735
74.7000000000 -37.6801634872
74.8000000000 -37.7750261908
74.9000000000 -37.8700367536
75.0000000000 -37.9651933301
75.1000000000 -38.0604940607
75.2000000000 -38.1559370719
75.3000000000 -38.2515204773
75.4000000000 -38.3472423772
75.5000000000 -38.4431008600
75.6000000000 -38.5390940019
75.7000000000 -38.6352198677
75.8000000000 -38.7314765113
75.9000000000 -38.8278619759
76.0000000000 -38.9243742948
76.1000000000 -39.0210114917
76.2000000000 -39.1177715810
76.3000000000 -39.2146525687
76.4000000000 -39.3116524526
76.5000000000 -39.4087692225
76.6000000000 -39.5060008615
76.7000000000 -39.6033453454
76.8000000000 -39.7008006443
76.9000000000 -39.7983647222
77.0000000000 -39.8960355377
77.1000000000 -39.9938110450
77.2000000000 -40.0916891936
77.3000000000 -40.1896679293
77.4000000000 -40.2877451944
77.5000000000 -40.3859189286
77.6000000000 -40.4841870687
77.7000000000 -40.5825475501
77.8000000000 -40.6809983063
77.9000000000 -40.7795372700
78.0000000000 -40.8781623733
78.1000000000 -40.9768715482
78.2000000000 -41.0756627271
78.3000000000 -41.1745338435
78.4000000000 -41.2734828318
78.5000000000 -41.3725076285
78.6000000000 -41.4716061721
78.7000000000 -41.5707764039
78.8000000000 -41.6700162683
78.9000000000 -41.7693237132
79.0000000000 -41.8686966905
79.1000000000 -41.9681331565
79.2000000000 -42.0676310723
79.3000000000 -42.1671884044
79.4000000000 -42.2668031249
79.5000000000 -42.3664732119
79.6000000000 -42.4661966501
79.7000000000 -42.5659714311
79.8000000000 -42.6657955537
79.9000000000 -42.7656670244
80.0000000000 -42.8655838579
80.1000000000 -42.9655440770
80.2000000000 -43.0655457137
80.3000000000 -43.1655868088
80.4000000000 -43.2656654130
80.5000000000 -43.3657795864
80.6000000000 -43.4659273998
80.7000000000 -43.5661069343
80.8000000000 -43.6663162818
80.9000000000 -43.7665535455
81.0000000000 -43.8668168402
81.1000000000 -43.9671042925
81.2000000000 -44.0674140409
81.3000000000 -44.1677442366
81.4000000000 -44.2680930432
81.5000000000 -44.3684586377
81.6000000000 -44.4688392099
81.7000000000 -44.5692329635
81.8000000000 -44.6696381155
81.9000000000 -44.7700528973
82.0000000000 -44.8704755545
82.1000000000 -44.9709043469
82.2000000000 -45.0713375494
82.3000000000 -45.1717734513
82.4000000000 -45.2722103575
82.5000000000 -45.3726465879
82.6000000000 -45.4730804781
82.7000000000 -45.5735103792
82.8000000000 -45.6739346582
82.9000000000 -45.7743516982
83.0000000000 -45.8747598985
83.1000000000 -45.9751576745
83.2000000000 -46.0755434582
83.3000000000 -46.1759156983
83.4000000000 -46.2762728601
83.5000000000 -46.3766134256
83.6000000000 -46.4769358940
83.7000000000 -46.5772387814
83.8000000000 -46.6775206209
83.9000000000 -46.7777799632
84.0000000000 -46.8780153758
84.1000000000 -46.9782254439
84.2000000000 -47.0784087700
84.3000000000 -47.1785639740
84.4000000000 -47.2786896934
84.5000000000 -47.3787845833
84.6000000000 -47.4788473162
84.7000000000 -47.5788765823
84.8000000000 -47.6788710894
84.9000000000 -47.7788295629
85.0000000000 -47.8787507458
85.1000000000 -47.9786333987
85.2000000000 -48.0784762998
85.3000000000 -48.1782782448
85.4000000000 -48.2780380471
85.5000000000 -48.3777545374
85.6000000000 -48.4774265640
85.7000000000 -48.5770529924
85.8000000000 -48.6766327057
85.9000000000 -48.7761646040
86.0000000000 -48.8756476049
86.1000000000 -48.9750806429
86.2000000000 -49.0744626695
86.3000000000 -49.1737926535
86.4000000000 -49.2730695802
86.5000000000 -49.3722924517
86.6000000000 -49.4714602869
86.7000000000 -49.5705721212
86.8000000000 -49.6696270062
86.9000000000 -49.7686240101
87.0000000000 -49.8675622170
87.1000000000 -49.9664407271
87.2000000000 -50.0652586566
87.3000000000 -50.1640151373
87.4000000000 -50.2627093164
87.5000000000 -50.3613403569
87.6000000000 -50.4599074368
87.7000000000 -50.5584097492
87.8000000000 -50.6568465022
87.9000000000 -50.7552169187
88.0000000000 -50.8535202358
88.1000000000 -50.9517557055
88.2000000000 -51.0499225936
88.3000000000 -51.1480201800
88.4000000000 -51.2460477584
88.5000000000 -51.3440046361
88.6000000000 -51.4418901338
88.7000000000 -51.5397035853
88.8000000000 -51.6374443375
88.9000000000 -51.7351117499
89.0000000000 -51.8327051947
89.1000000000 -51.9302240562
89.2000000000 -52.0276677310
89.3000000000 -52.1250356273
89.4000000000 -52.2223271652
89.5000000000 -52.3195417760
89.6000000000 -52.4166789022
89.7000000000 -52.5137379973
89.8000000000 -52.6107185253
89.9000000000 -52.7076199609
90.0000000000 -52.8044417886
90.1000000000 -52.9011835032
90.2000000000 -52.9978446090
90.3000000000 -53.0944246197
90.4000000000 -53.1909230583
90.5000000000 -53.2873394567
90.6000000000 -53.3836733554
90.7000000000 -53.4799243034
90.8000000000 -53.5760918577
90.9000000000 -53.6721755833
91.0000000000 -53.7681750530
91.1000000000 -53.8640898465
91.2000000000 -53.9599195511
91.3000000000 -54.0556637607
91.4000000000 -54.1513220758
91.5000000000 -54.2468941032
91.6000000000 -54.3423794557
91.7000000000 -54.4377777520
91.8000000000 -54.5330886162
91.9000000000 -54.6283116777
92.0000000000 -54.7234465709
92.1000000000 -54.8184929349
92.2000000000 -54.9134504133
92.3000000000 -55.0083186536
92.4000000000 -55.1030973076
92.5000000000 -55.1977860305
92.6000000000 -55.2923844811
92.7000000000 -55.3868923210
92.8000000000 -55.4813092150
92.9000000000 -55.5756348304
93.0000000000 -55.6698688367
93.1000000000 -55.7640109057
93.2000000000 -55.8580607107
93.3000000000 -55.9520179270
93.4000000000 -56.0458822309
93.5000000000 -56.1396532999
93.6000000000 -56.2333308122
93.7000000000 -56.3269144466
93.8000000000 -56.4204038823
93.9000000000 -56.5137987985
94.0000000000 -56.6070988741
94.1000000000 -56.7003037877
94.2000000000 -56.7934132173
94.3000000000 -56.8864268398
94.4000000000 -56.9793443312
94.5000000000 -57.0721653659
94.6000000000 -57.1648896168
94.7000000000 -57.2575167550
94.8000000000 -57.3500464496
94.9000000000 -57.4424783672
95.0000000000 -57.5348121721
95.1000000000 -57.6270475259
95.2000000000 -57.7191840871
95.3000000000 -57.8112215113
95.4000000000 -57.9031594505
95.5000000000 -57.9949975533
95.6000000000 -58.0867354647
95.7000000000 -58.1783728254
95.8000000000 -58.2699092722
95.9000000000 -58.3613444376
96.0000000000 -58.4526779496
96.1000000000 -58.5439094313
96.2000000000 -58.6350385011
96.3000000000 -58.7260647723
96.4000000000 -58.8169878531
96.5000000000 -58.9078073462
96.6000000000 -58.9985228487
96.7000000000 -59.0891339522
96.8000000000 -59.1796402424
96.9000000000 -59.2700412987
97.0000000000 -59.3603366948
97.1000000000 -59.4505259977
97.2000000000 -59.5406087684
97.3000000000 -59.6305845611
97.4000000000 -59.7204529231
97.5000000000 -59.8102133954
97.6000000000 -59.8998655118
97.7000000000 -59.9894087989
97.8000000000 -60.0788427765
97.9000000000 -60.1681669570
98.0000000000 -60.2573808455
98.1000000000 -60.3464839394
98.2000000000 -60.4354757291
98.3000000000 -60.5243556969
98.4000000000 -60.6131233177
98.5000000000 -60.7017780585
98.6000000000 -60.7903193785
98.7000000000 -60.8787467292
98.8000000000 -60.9670595538
98.9000000000 -61.0552572877
99.0000000000 -61.1433393584
99.1000000000 -61.2313051850
99.2000000000 -61.3191541786
99.3000000000 -61.4068857423
99.4000000000 -61.4944992707
99.5000000000 -61.5819941505
99.6000000000 -61.6693697599
99.7000000000 -61.7566254691
99.8000000000 -61.8437606398
99.9000000000 -61.9307746257
100.0000000000 -62.0176667722
100.1000000000 -62.1044364163
100.2000000000 -62.1910828869
100.3000000000 -62.2776055048
100.4000000000 -62.3640035824
100.5000000000 -62.4502764242
100.6000000000 -62.5364233263
100.7000000000 -62.6224435771
100.8000000000 -62.7083364566
100.9000000000 -62.7941012370
101.0000000000 -62.8797371826
101.1000000000 -62.9652435499
101.2000000000 -63.0506195873
101.3000000000 -63.1358645358
101.4000000000 -63.2209776285
101.5000000000 -63.3059580912
101.6000000000 -63.3908051420
101.7000000000 -63.4755179915
101.8000000000 -63.5600958433
101.9000000000 -63.6445378936
102.0000000000 -63.7288433314
102.1000000000 -63.8130113388
102.2000000000 -63.8970410911
102.3000000000 -63.9809317566
102.4000000000 -64.0646824971
102.5000000000 -64.1482924679
102.6000000000 -64.2317608177
102.7000000000 -64.3150866891
102.8000000000 -64.3982692184
102.9000000000 -64.4813075360
103.0000000000 -64.5642007665
103.1000000000 -64.6469480286
103.2000000000 -64.7295484355
103.3000000000 -64.8120010952
103.4000000000 -64.8943051100
103.5000000000 -64.9764595776
103.6000000000 -65.0584635905
103.7000000000 -65.1403162364
103.8000000000 -65.2220165986
103.9000000000 -65.3035637558
104.0000000000 -65.3849567825
104.1000000000 -65.4661947492
104.2000000000 -65.5472767224
104.3000000000 -65.6282017652
104.4000000000 -65.7089689367
104.5000000000 -65.7895772931
104.6000000000 -65.8700258873
104.7000000000 -65.9503137692
104.8000000000 -66.0304399860
104.9000000000 -66.1104035824
105.0000000000 -66.1902036006
105.1000000000 -66.2698390808
105.2000000000 -66.3493090612
105.3000000000 -66.4286125781
105.4000000000 -66.5077486664
105.5000000000 -66.5867163594
105.6000000000 -66.6655146894
105.7000000000 -66.7441426877
105.8000000000 -66.8225993848
105.9000000000 -66.9008838103
106.0000000000 -66.9789949939
106.1000000000 -67.0569319645
106.2000000000 -67.1346937513
106.3000000000 -67.2122793834
106.4000000000 -67.2896878901
106.5000000000 -67.3669183011
106.6000000000 -67.4439696468
106.7000000000 -67.5208409579
106.8000000000 -67.5975312661
106.9000000000 -67.6740396036
107.0000000000 -67.7503650038
107.1000000000 -67.8265065008
107.2000000000 -67.9024631296
107.3000000000 -67.9782339261
107.4000000000 -68.0538179271
107.5000000000 -68.1292141699
107.6000000000 -68.2044216925
107.7000000000 -68.2794395330
107.8000000000 -68.3542667299
107.9000000000 -68.4289023209
108.0000000000 -68.5033453432
108.1000000000 -68.5775948324
108.2000000000 -68.6516498223
108.3000000000 -68.7255093437
108.4000000000 -68.7991724237
108.5000000000 -68.8726380844
108.6000000000 -68.9459053415
108.7000000000 -69.0189732030
108.8000000000 -69.0918406671
108.9000000000 -69.1645067202
109.0000000000 -69.2369703343
109.1000000000 -69.3092304640
109.2000000000 -69.3812860432
109.3000000000 -69.4531359812
109.4000000000 -69.5247791581
109.5000000000 -69.5962144193
109.6000000000 -69.6674405697
109.7000000000 -69.7384563661
109.8000000000 -69.8092605096
109.9000000000 -69.8798516356
110.0000000000 -69.9502283028
110.1000000000 -70.0203889810
110.2000000000 -70.0903320356
110.3000000000 -70.1600557114
110.4000000000 -70.2295581123
110.5000000000 -70.2988371791
110.6000000000 -70.3678906631
110.7000000000 -70.4367160958
110.8000000000 -70.5053107537
110.9000000000 -70.5736716183
111.0000000000 -70.6417953290
111.1000000000 -70.7096781294
111.2000000000 -70.7773158044
111.3000000000 -70.8447036086
111.4000000000 -70.9118361827
111.5000000000 -70.9787074571
111.6000000000 -71.0453105405
111.7000000000 -71.1116375916
111.8000000000 -71.1776796696
111.9000000000 -71.2434265628
112.0000000000 -71.3088665891
112.1000000000 -71.3739863666
112.2000000000 -71.4387705473
112.3000000000 -71.5032015099
112.4000000000 -71.5672590038
112.5000000000 -71.6309197384
112.6000000000 -71.6941569072
112.7000000000 -71.7569396377
112.8000000000 -71.8192323554
112.9000000000 -71.8809940477
113.0000000000 -71.9421774125
113.1000000000 -72.0027278737
113.2000000000 -72.0625824416
113.3000000000 -72.1216683949
113.4000000000 -72.1799017554
113.5000000000 -72.2371855242
113.6000000000 -72.2934076392
113.7000000000 -72.3484386135
113.8000000000 -72.4021288012
113.9000000000 -72.4543052347
114.0000000000 -72.5047679639
114.1000000000 -72.5532858203
114.2000000000 -72.5995915149
114.3000000000 -72.6433759655
114.4000000000 -72.6842817317
114.5000000000 -72.7218954169
114.6000000000 -72.7557388768
114.7000000000 -72.7852590448
114.8000000000 -72.8098161572
114.9000000000 -72.8286701294
115.0000000000 -72.8409647900
115.1000000000 -72.8457096395
115.2000000000 -72.8417587460
115.3000000000 -72.8277863293
115.4000000000 -72.8022585190
115.5000000000 -72.7634006891
115.6000000000 -72.7091596838
115.7000000000 -72.6371601416
115.8000000000 -72.5446540077
115.9000000000 -72.4284621859
116.0000000000 -72.2849071242
116.1000000000 -72.1097349516
116.2000000000 -71.8980255776
116.3000000000 -71.6440889349
116.4000000000 -71.3413452819
116.5000000000 -70.9821871768
116.6000000000 -70.5578203898
116.7000000000 -70.0580806136
116.8000000000 -69.4712223478
116.9000000000 -68.7836757447
117.0000000000 -67.9797664325
117.1000000000 -67.0413922888
117.2000000000 -65.9476495972
117.3000000000 -64.6743986209
117.4000000000 -63.1937546762
117.5000000000 -61.4734840639
117.6000000000 -59.4762725675
117.7000000000 -57.1588141109
117.8000000000 -54.4706332487
117.9000000000 -51.3525010415
118.0000000000 -47.7342263682
118.1000000000 -43.5315165007
118.2000000000 -38.6415527871
118.3000000000 -32.9370285546
118.4000000000 -26.2589070509
118.5000000000 -18.4108171168
118.6000000000 -9.1745420756
118.7000000000 1.5518544742
118.8000000000 13.1650545180
118.9000000000 23.3647119799
119.0000000000 29.5214276849
119.1000000000 32.0302445496
119.2000000000 32.9960409074
119.3000000000 33.5861341021
119.4000000000 34.0709493819
119.5000000000 34.4785974333
119.6000000000 34.8089626920
119.7000000000 35.0647783423
119.8000000000 35.2519474814
119.9000000000 35.3775124428
120.0000000000 35.4484307991
120.1000000000 35.4710302309
120.2000000000 35.4508322325
120.3000000000 35.3925532079
120.4000000000 35.3001817418
120.5000000000 35.1770813168
120.6000000000 35.0260942815
120.7000000000 34.8496364988
120.8000000000 34.6497789458
120.9000000000 34.4283158375
121.0000000000 34.1868203242
121.1000000000 33.9266893623
121.2000000000 33.6491794561
121.3000000000 33.3554348590
121.4000000000 33.0465096349
121.5000000000 32.7233847701
121.6000000000 32.3869813316
121.7000000000 32.0381704888
121.8000000000 31.6777810678
121.9000000000 31.3066051795
122.0000000000 30.9254023582
122.1000000000 30.5349025614
122.2000000000 30.1358083114
122.3000000000 29.7287962000
122.4000000000 29.3145179321
122.5000000000 28.8936010461
122.6000000000 28.4666494162
122.7000000000 28.0342436191
122.8000000000 27.5969412258
122.9000000000 27.1552770629
123.0000000000 26.7097634766
123.1000000000 26.2608906215
123.2000000000 25.8091267870
123.3000000000 25.3549187701
123.4000000000 24.8986922987
123.5000000000 24.4408525030
123.6000000000 23.9817844343
123.7000000000 23.5218536256
123.8000000000 23.0614066889
123.9000000000 22.6007719419
124.0000000000 22.1402600592
124.1000000000 21.6801647401
124.2000000000 21.2207633866
124.3000000000 20.7623177863
124.4000000000 20.3050747946
124.5000000000 19.8492670104
124.6000000000 19.3951134413
124.7000000000 18.9428201546
124.8000000000 18.4925809107
124.9000000000 18.0445777754
125.0000000000 17.5989817104
125.1000000000 17.1559531385
125.2000000000 16.7156424830
125.3000000000 16.2781906816
125.4000000000 15.8437296714
125.5000000000 15.4123828482
125.6000000000 14.9842654979
125.7000000000 14.5594852007
125.8000000000 14.1381422105
125.9000000000 13.7203298078
126.0000000000 13.3061346288
126.1000000000 12.8956369711
126.2000000000 12.4889110779
126.3000000000 12.0860254008
126.4000000000 11.6870428436
126.5000000000 11.2920209884
126.6000000000 10.9010123047
126.7000000000 10.5140643437
126.8000000000 10.1312199188
126.9000000000 9.7525172735
127.0000000000 9.3779902388
127.1000000000 9.0076683800
127.2000000000 8.6415771362
127.3000000000 8.2797379511
127.4000000000 7.9221683986
127.5000000000 7.5688823025
127.6000000000 7.2198898522
127.7000000000 6.8751977147
127.8000000000 6.5348091444
127.9000000000 6.1987240898
128.0000000000 5.8669393001
128.1000000000 5.5394484301
128.2000000000 5.2162421443
128.3000000000 4.8973082218
128.4000000000 4.5826316605
128.5000000000 4.2721947817
128.6000000000 3.9659773361
128.7000000000 3.6639566084
128.8000000000 3.3661075249
128.9000000000 3.0724027590
129.0000000000 2.7828128396
129.1000000000 2.4973062575
129.2000000000 2.2158495739
129.3000000000 1.9384075273
129.4000000000 1.6649431414
129.5000000000 1.3954178313
129.6000000000 1.1297915102
129.7000000000 0.8680226943
129.8000000000 0.6100686068
129.9000000000 0.3558852806
130.0000000000 0.1054276589
130.1000000000 -0.1413503054
130.2000000000 -0.3844955529
130.3000000000 -0.6240558235
130.4000000000 -0.8600795635
130.5000000000 -1.0926158369
130.6000000000 -1.3217142383
130.7000000000 -1.5474248093
130.8000000000 -1.7697979579
130.9000000000 -1.9888843809
131.0000000000 -2.2047349897
131.1000000000 -2.4174008391
131.2000000000 -2.6269330601
131.3000000000 -2.8333827949
131.4000000000 -3.0368011362
131.5000000000 -3.2372390698
131.6000000000 -3.4347474198
131.7000000000 -3.6293767978
131.8000000000 -3.8211775550
131.9000000000 -4.0101997375
132.0000000000 -4.1964930445
132.1000000000 -4.3801067903
132.2000000000 -4.5610898680
132.3000000000 -4.7394907172
132.4000000000 -4.9153572938
132.5000000000 -5.0887370426
132.6000000000 -5.2596768723
132.7000000000 -5.4282231335
132.8000000000 -5.5944215982
132.9000000000 -5.7583174424
133.0000000000 -5.9199552298
133.1000000000 -6.0793788987
133.2000000000 -6.2366317497
133.3000000000 -6.3917564361
133.4000000000 -6.5447949550
133.5000000000 -6.6957886413
133.6000000000 -6.8447781621
133.7000000000 -6.9918035126
133.8000000000 -7.1369040142
133.9000000000 -7.2801183126
134.0000000000 -7.4214843782
134.1000000000 -7.5610395066
134.2000000000 -7.6988203204
134.3000000000 -7.8348627724
134.4000000000 -7.9692021488
134.5000000000 -8.1018730735
134.6000000000 -8.2329095135
134.7000000000 -8.3623447842
134.8000000000 -8.4902115557
134.9000000000 -8.6165418597
135.0000000000 -8.7413670965
135.1000000000 -8.8647180427
135.2000000000 -8.9866248592
135.3000000000 -9.1071170993
135.4000000000 -9.2262237178
135.5000000000 -9.3439730791
135.6000000000 -9.4603929668
135.7000000000 -9.5755105927
135.8000000000 -9.6893526063
135.9000000000 -9.8019451040
136.0000000000 -9.9133136388
136.1000000000 -10.0234832301
136.2000000000 -10.1324783732
136.3000000000 -10.2403230491
136.4000000000 -10.3470407341
136.5000000000 -10.4526544095
136.6000000000 -10.5571865715
136.7000000000 -10.6606592405
136.8000000000 -10.7630939709
136.9000000000 -10.8645118606
137.0000000000 -10.9649335601
137.1000000000 -11.0643792823
137.2000000000 -11.1628688115
137.3000000000 -11.2604215126
137.4000000000 -11.3570563399
137.5000000000 -11.4527918463
137.6000000000 -11.5476461921
137.7000000000 -11.6416371533
137.8000000000 -11.7347821304
137.9000000000 -11.8270981569
138.0000000000 -11.9186019071
138.1000000000 -12.0093097048
138.2000000000 -12.0992375308
138.3000000000 -12.1884010309
138.4000000000 -12.2768155235
138.5000000000 -12.3644960073
138.6000000000 -12.4514571687
138.7000000000 -12.5377133887
138.8000000000 -12.6232787505
138.9000000000 -12.7081670459
139.0000000000 -12.7923917826
139.1000000000 -12.8759661907
139.2000000000 -12.9589032292
139.3000000000 -13.0412155924
139.4000000000 -13.1229157159
139.5000000000 -13.2040157834
139.6000000000 -13.2845277318
139.7000000000 -13.3644632578
139.8000000000 -13.4438338231
139.9000000000 -13.5226506602
140.0000000000 -13.6009247780
140.1000000000 -13.6786669666
140.2000000000 -13.7558878032
140.3000000000 -13.8325976565
140.4000000000 -13.9088066923
140.5000000000 -13.9845248778
140.6000000000 -14.0597619867
140.7000000000 -14.1345276037
140.8000000000 -14.2088311289
140.9000000000 -14.2826817822
141.0000000000 -14.3560886080
141.1000000000 -14.4290604788
141.2000000000 -14.5016060996
141.3000000000 -14.5737340119
141.4000000000 -14.6454525975
141.5000000000 -14.7167700823
141.6000000000 -14.7876945402
141.7000000000 -14.8582338963
141.8000000000 -14.9283959309
141.9000000000 -14.9981882825
142.0000000000 -15.0676184515
142.1000000000 -15.1366938034
142.2000000000 -15.2054215717
142.3000000000 -15.2738088613
142.4000000000 -15.3418626517
142.5000000000 -15.4095897994
142.6000000000 -15.4769970414
142.7000000000 -15.5440909974
142.8000000000 -15.6108781733
142.9000000000 -15.6773649630
143.0000000000 -15.7435576518
143.1000000000 -15.8094624184
143.2000000000 -15.8750853379
143.3000000000 -15.9404323836
143.4000000000 -16.0055094297
143.5000000000 -16.0703222539
143.6000000000 -16.1348765391
143.7000000000 -16.1991778758
143.8000000000 -16.2632317645
143.9000000000 -16.3270436172
144.0000000000 -16.3906187603
144.1000000000 -16.4539624356
144.2000000000 -16.5170798031
144.3000000000 -16.5799759423
144.4000000000 -16.6426558544
144.5000000000 -16.7051244638
144.6000000000 -16.7673866201
144.7000000000 -16.8294470999
144.8000000000 -16.8913106080
144.9000000000 -16.9529817796
145.0000000000 -17.0144651815
145.1000000000 -17.0757653138
145.2000000000 -17.1368866114
145.3000000000 -17.1978334455
145.4000000000 -17.2586101251
145.5000000000 -17.3192208982
145.6000000000 -17.3796699534
145.7000000000 -17.4399614211
145.8000000000 -17.5000993749
145.9000000000 -17.5600878328
146.0000000000 -17.6199307586
146.1000000000 -17.6796320630
146.2000000000 -17.7391956046
146.3000000000 -17.7986251915
146.4000000000 -17.8579245821
146.5000000000 -17.9170974864
146.6000000000 -17.9761475669
146.7000000000 -18.0350784397
146.8000000000 -18.0938936759
146.9000000000 -18.1525968018
147.0000000000 -18.2111913007
147.1000000000 -18.2696806136
147.2000000000 -18.3280681397
147.3000000000 -18.3863572381
147.4000000000 -18.4445512280
147.5000000000 -18.5026533901
147.6000000000 -18.5606669669
147.7000000000 -18.6185951641
147.8000000000 -18.6764411510
147.9000000000 -18.7342080617
148.0000000000 -18.7918989953
148.1000000000 -18.8495170172
148.2000000000 -18.9070651595
148.3000000000 -18.9645464221
148.4000000000 -19.0219637728
148.5000000000 -19.0793201487
148.6000000000 -19.1366184563
148.7000000000 -19.1938615724
148.8000000000 -19.2510523449
148.9000000000 -19.3081935931
149.0000000000 -19.3652881084
149.1000000000 -19.4223386552
149.2000000000 -19.4793479711
149.3000000000 -19.5363187677
149.4000000000 -19.5932537309
149.5000000000 -19.6501555219
149.6000000000 -19.7070267773
149.7000000000 -19.7638701099
149.8000000000 -19.8206881089
149.9000000000 -19.8774833407
150.0000000000 -19.9342583493
150.1000000000 -19.9910156567
150.2000000000 -20.0477577634
150.3000000000 -20.1044871488
150.4000000000 -20.1612062718
150.5000000000 -20.2179175711
150.6000000000 -20.2746234656
150.7000000000 -20.3313263547
150.8000000000 -20.3880286191
150.9000000000 -20.4447326209
151.0000000000 -20.5014407037
151.1000000000 -20.5581551936
151.2000000000 -20.6148783992
151.3000000000 -20.6716126119
151.4000000000 -20.7283601062
151.5000000000 -20.7851231404
151.6000000000 -20.8419039566
151.7000000000 -20.8987047810
151.8000000000 -20.9555278244
151.9000000000 -21.0123752824
152.0000000000 -21.0692493356
152.1000000000 -21.1261521502
152.2000000000 -21.1830858777
152.3000000000 -21.2400526559
152.4000000000 -21.2970546084
152.5000000000 -21.3540938455
152.6000000000 -21.4111724640
152.7000000000 -21.4682925478
152.8000000000 -21.5254561678
152.9000000000 -21.5826653822
153.0000000000 -21.6399222369
153.1000000000 -21.6972287656
153.2000000000 -21.7545869898
153.3000000000 -21.8119989194
153.4000000000 -21.8694665526
153.5000000000 -21.9269918761
153.6000000000 -21.9845768654
153.7000000000 -22.0422234848
153.8000000000 -22.0999336878
153.9000000000 -22.1577094170
154.0000000000 -22.2155526044
154.1000000000 -22.2734651716
154.2000000000 -22.3314490297
154.3000000000 -22.3895060797
154.4000000000 -22.4476382124
154.5000000000 -22.5058473089
154.6000000000 -22.5641352401
154.7000000000 -22.6225038673
154.8000000000 -22.6809550423
154.9000000000 -22.7394906072
155.0000000000 -22.7981123946
155.1000000000 -22.8568222279
155.2000000000 -22.9156219212
155.3000000000 -22.9745132792
155.4000000000 -23.0334980978
155.5000000000 -23.0925781634
155.6000000000 -23.1517552538
155.7000000000 -23.2110311376
155.8000000000 -23.2704075746
155.9000000000 -23.3298863158
156.0000000000 -23.3894691031
156.1000000000 -23.4491576700
156.2000000000 -23.5089537408
156.3000000000 -23.5688590316
156.4000000000 -23.6288752493
156.5000000000 -23.6890040923
156.6000000000 -23.7492472503
156.7000000000 -23.8096064043
156.8000000000 -23.8700832267
156.9000000000 -23.9306793810
157.0000000000 -23.9913965221
157.1000000000 -24.0522362963
157.2000000000 -24.1132003409
157.3000000000 -24.1742902846
157.4000000000 -24.2355077473
157.5000000000 -24.2968543400
157.6000000000 -24.3583316648
157.7000000000 -24.4199413150
157.8000000000 -24.4816848749
157.9000000000 -24.5435639197
158.0000000000 -24.6055800156
158.1000000000 -24.6677347196
158.2000000000 -24.7300295796
158.3000000000 -24.7924661340
158.4000000000 -24.8550459122
158.5000000000 -24.9177704338
158.6000000000 -24.9806412092
158.7000000000 -25.0436597390
158.8000000000 -25.1068275141
158.9000000000 -25.1701460157
159.0000000000 -25.2336167150
159.1000000000 -25.2972410735
159.2000000000 -25.3610205421
159.3000000000 -25.4249565618
159.4000000000 -25.4890505632
159.5000000000 -25.5533039666
159.6000000000 -25.6177181813
159.7000000000 -25.6822946063
159.8000000000 -25.7470346295
159.9000000000 -25.8119396280
160.0000000000 -25.8770109676
160.1000000000 -25.9422500029
160.2000000000 -26.0076580770
160.3000000000 -26.0732365217
160.4000000000 -26.1389866568
160.5000000000 -26.2049097903
160.6000000000 -26.2710072182
160.7000000000 -26.3372802241
160.8000000000 -26.4037300795
160.9000000000 -26.4703580432
161.0000000000 -26.5371653613
161.1000000000 -26.6041532669
161.2000000000 -26.6713229802
161.3000000000 -26.7386757079
161.4000000000 -26.8062126434
161.5000000000 -26.8739349664
161.6000000000 -26.9418438429
161.7000000000 -27.0099404246
161.8000000000 -27.0782258492
161.9000000000 -27.1467012397
162.0000000000 -27.2153677048
162.1000000000 -27.2842263381
162.2000000000 -27.3532782182
162.3000000000 -27.4225244086
162.4000000000 -27.4919659571
162.5000000000 -27.5616038960
162.6000000000 -27.6314392415
162.7000000000 -27.7014729939
162.8000000000 -27.7717061371
162.9000000000 -27.8421396382
163.0000000000 -27.9127744480
163.1000000000 -27.9836114999
163.2000000000 -28.0546517102
163.3000000000 -28.1258959778
163.4000000000 -28.1973451839
163.5000000000 -28.2690001918
163.6000000000 -28.3408618465
163.7000000000 -28.4129309751
163.8000000000 -28.4852083855
163.9000000000 -28.5576948673
164.0000000000 -28.6303911908
164.1000000000 -28.7032981070
164.2000000000 -28.7764163477
164.3000000000 -28.8497466245
164.4000000000 -28.9232896295
164.5000000000 -28.9970460343
164.6000000000 -29.0710164902
164.7000000000 -29.1452016280
164.8000000000 -29.2196020573
164.9000000000 -29.2942183669
165.0000000000 -29.3690511242
165.1000000000 -29.4441008750
165.2000000000 -29.5193681435
165.3000000000 -29.5948534317
165.4000000000 -29.6705572197
165.5000000000 -29.7464799650
165.6000000000 -29.8226221025
165.7000000000 -29.8989840443
165.8000000000 -29.9755661795
165.9000000000 -30.0523688739
166.0000000000 -30.1293924700
166.1000000000 -30.2066372864
166.2000000000 -30.2841036181
166.3000000000 -30.3617917360
166.4000000000 -30.4397018869
166.5000000000 -30.5178342929
166.6000000000 -30.5961891518
166.7000000000 -30.6747666365
166.8000000000 -30.7535668951
166.9000000000 -30.8325900504
167.0000000000 -30.9118362002
167.1000000000 -30.9913054165
167.2000000000 -31.0709977462
167.3000000000 -31.1509132101
167.4000000000 -31.2310518031
167.5000000000 -31.3114134945
167.6000000000 -31.3919982269
167.7000000000 -31.4728059171
167.8000000000 -31.5538364552
167.9000000000 -31.6350897049
168.0000000000 -31.7165655032
168.1000000000 -31.7982636604
168.2000000000 -31.8801839601
168.3000000000 -31.9623261588
168.4000000000 -32.0446899860
168.5000000000 -32.1272751441
168.6000000000 -32.2100813086
168.7000000000 -32.2931081274
168.8000000000 -32.3763552213
168.9000000000 -32.4598221839
169.0000000000 -32.5435085811
169.1000000000 -32.6274139516
169.2000000000 -32.7115378068
169.3000000000 -32.7958796302
169.4000000000 -32.8804388784
169.5000000000 -32.9652149800
169.6000000000 -33.0502073365
169.7000000000 -33.1354153217
169.8000000000 -33.2208382821
169.9000000000 -33.3064755367
170.0000000000 -33.3923263773
170.1000000000 -33.4783900682
170.2000000000 -33.5646658464
170.3000000000 -33.6511529219
170.4000000000 -33.7378504773
170.5000000000 -33.8247576684
170.6000000000 -33.9118736238
170.7000000000 -33.9991974454
170.8000000000 -34.0867282082
170.9000000000 -34.1744649607
171.0000000000 -34.2624067248
171.1000000000 -34.3505524958
171.2000000000 -34.4389012432
171.3000000000 -34.5274519101
171.4000000000 -34.6162034136
171.5000000000 -34.7051546452
171.6000000000 -34.7943044708
171.7000000000 -34.8836517308
171.8000000000 -34.9731952405
171.9000000000 -35.0629337901
172.0000000000 -35.1528661450
172.1000000000 -35.2429910461
172.2000000000 -35.3333072099
172.3000000000 -35.4238133290
172.4000000000 -35.5145080718
172.5000000000 -35.6053900835
172.6000000000 -35.6964579856
172.7000000000 -35.7877103768
172.8000000000 -35.8791458329
172.9000000000 -35.9707629073
173.0000000000 -36.0625601312
173.1000000000 -36.1545360138
173.2000000000 -36.2466890430
173.3000000000 -36.3390176852
173.4000000000 -36.4315203860
173.5000000000 -36.5241955704
173.6000000000 -36.6170416431
173.7000000000 -36.7100569891
173.8000000000 -36.8032399738
173.9000000000 -36.8965889433
174.0000000000 -36.9901022250
174.1000000000 -37.0837781281
174.2000000000 -37.1776149434
174.3000000000 -37.2716109444
174.4000000000 -37.3657643872
174.5000000000 -37.4600735111
174.6000000000 -37.5545365389
174.7000000000 -37.6491516775
174.8000000000 -37.7439171183
174.9000000000 -37.8388310373
175.0000000000 -37.9338915959
175.1000000000 -38.0290969413
175.2000000000 -38.1244452065
175.3000000000 -38.2199345114
175.4000000000 -38.3155629629
175.5000000000 -38.4113286553
175.6000000000 -38.5072296707
175.7000000000 -38.6032640799
175.8000000000 -38.6994299422
175.9000000000 -38.7957253065
176.0000000000 -38.8921482114
176.1000000000 -38.9886966856
176.2000000000 -39.0853687487
176.3000000000 -39.1821624114
176.4000000000 -39.2790756762
176.5000000000 -39.3761065375
176.6000000000 -39.4732529825
176.7000000000 -39.5705129914
176.8000000000 -39.6678845382
176.9000000000 -39.7653655905
177.0000000000 -39.8629541109
177.1000000000 -39.9606480567
177.2000000000 -40.0584453809
177.3000000000 -40.1563440324
177.4000000000 -40.2543419564
177.5000000000 -40.3524370953
177.6000000000 -40.4506273887
177.7000000000 -40.5489107741
177.8000000000 -40.6472851873
177.9000000000 -40.7457485632
178.0000000000 -40.8442988357
178.1000000000 -40.9429339384
178.2000000000 -41.0416518055
178.3000000000 -41.1404503715
178.4000000000 -41.2393275722
178.5000000000 -41.3382813449
178.6000000000 -41.4373096292
178.7000000000 -41.5364103668
178.8000000000 -41.6355815027
178.9000000000 -41.7348209850
179.0000000000 -41.8341267658
179.1000000000 -41.9334968014
179.2000000000 -42.0329290528
179.3000000000 -42.1324214859
179.4000000000 -42.2319720724
179.5000000000 -42.3315787896
179.6000000000 -42.4312396215
179.7000000000 -42.5309525586
179.8000000000 -42.6307155985
179.9000000000 -42.7305267464
180.0000000000 -42.8303840154
180.1000000000 -42.9302854268
180.2000000000 -43.0302290107
180.3000000000 -43.1302128061
180.4000000000 -43.2302348614
180.5000000000 -43.3302932347
180.6000000000 -43.4303859942
180.7000000000 -43.5305112185
180.8000000000 -43.6306669969
180.9000000000 -43.7308514299
181.0000000000 -43.8310626292
181.1000000000 -43.9312987183
181.2000000000 -44.0315578327
181.3000000000 -44.1318381201
181.4000000000 -44.2321377409
181.5000000000 -44.3324548682
181.6000000000 -44.4327876884
181.7000000000 -44.5331344011
181.8000000000 -44.6334932197
181.9000000000 -44.7338623715
182.0000000000 -44.8342400978
182.1000000000 -44.9346246544
182.2000000000 -45.0350143115
182.3000000000 -45.1354073544
182.4000000000 -45.2358020832
182.5000000000 -45.3361968133
182.6000000000 -45.4365898755
182.7000000000 -45.5369796161
182.8000000000 -45.6373643973
182.9000000000 -45.7377425972
183.0000000000 -45.8381126100
183.1000000000 -45.9384728460
183.2000000000 -46.0388217321
183.3000000000 -46.1391577117
183.4000000000 -46.2394792446
183.5000000000 -46.3397848077
183.6000000000 -46.4400728946
183.7000000000 -46.5403420158
183.8000000000 -46.6405906992
183.9000000000 -46.7408174895
184.0000000000 -46.8410209488
184.1000000000 -46.9411996564
184.2000000000 -47.0413522093
184.3000000000 -47.1414772216
184.4000000000 -47.2415733248
184.5000000000 -47.3416391684
184.6000000000 -47.4416734188
184.7000000000 -47.5416747605
184.8000000000 -47.6416418953
184.9000000000 -47.7415735427
185.0000000000 -47.8414684397
185.1000000000 -47.9413253411
185.2000000000 -48.0411430190
185.3000000000 -48.1409202632
185.4000000000 -48.2406558810
185.5000000000 -48.3403486972
185.6000000000 -48.4399975541
185.7000000000 -48.5396013113
185.8000000000 -48.6391588458
185.9000000000 -48.7386690520
186.0000000000 -48.8381308412
186.1000000000 -48.9375431423
186.2000000000 -49.0369049007
186.3000000000 -49.1362150794
186.4000000000 -49.2354726577
186.5000000000 -49.3346766321
186.6000000000 -49.4338260155
186.7000000000 -49.5329198375
186.8000000000 -49.6319571442
186.9000000000 -49.7309369979
187.0000000000 -49.8298584771
187.1000000000 -49.9287206764
187.2000000000 -50.0275227064
187.3000000000 -50.1262636932
187.4000000000 -50.2249427788
187.5000000000 -50.3235591207
187.6000000000 -50.4221118913
187.7000000000 -50.5206002787
187.8000000000 -50.6190234856
187.9000000000 -50.7173807295
188.0000000000 -50.8156712427
188.1000000000 -50.9138942719
188.2000000000 -51.0120490780
188.3000000000 -51.1101349359
188.4000000000 -51.2081511344
188.5000000000 -51.3060969761
188.6000000000 -51.4039717768
188.7000000000 -51.5017748659
188.8000000000 -51.5995055855
188.9000000000 -51.6971632908
189.0000000000 -51.7947473493
189.1000000000 -51.8922571413
189.2000000000 -51.9896920588
189.3000000000 -52.0870515063
189.4000000000 -52.1843348994
189.5000000000 -52.2815416656
189.6000000000 -52.3786712435
189.7000000000 -52.4757230828
189.8000000000 -52.5726966438
189.9000000000 -52.6695913974
190.0000000000 -52.7664068248
190.1000000000 -52.8631424173
190.2000000000 -52.9597976759
190.3000000000 -53.0563721110
190.4000000000 -53.1528652425
190.5000000000 -53.2492765993
190.6000000000 -53.3456057189
190.7000000000 -53.4418521475
190.8000000000 -53.5380154395
190.9000000000 -53.6340951572
191.0000000000 -53.7300908707
191.1000000000 -53.8260021576
191.2000000000 -53.9218286027
191.3000000000 -54.0175697977
191.4000000000 -54.1132253411
191.5000000000 -54.2087948377
191.6000000000 -54.3042778985
191.7000000000 -54.3996741402
191.8000000000 -54.4949831856
191.9000000000 -54.5902046623
192.0000000000 -54.6853382033
192.1000000000 -54.7803834465
192.2000000000 -54.8753400340
192.3000000000 -54.9702076126
192.4000000000 -55.0649858328
192.5000000000 -55.1596743491
192.6000000000 -55.2542728194
192.7000000000 -55.3487809048
192.8000000000 -55.4431982695
192.9000000000 -55.5375245802
193.0000000000 -55.6317595063
193.1000000000 -55.7259027191
193.2000000000 -55.8199538922
193.3000000000 -55.9139127007
193.4000000000 -56.0077788209
193.5000000000 -56.1015519306
193.6000000000 -56.1952317084
193.7000000000 -56.2888178336
193.8000000000 -56.3823099857
193.9000000000 -56.4757078448
194.0000000000 -56.5690110904
194.1000000000 -56.6622194021
194.2000000000 -56.7553324587
194.3000000000 -56.8483499384
194.4000000000 -56.9412715182
194.5000000000 -57.0340968738
194.6000000000 -57.1268256796
194.7000000000 -57.2194576081
194.8000000000 -57.3119923299
194.9000000000 -57.4044295134
195.0000000000 -57.4967688247
195.1000000000 -57.5890099271
195.2000000000 -57.6811524813
195.3000000000 -57.7731961447
195.4000000000 -57.8651405717
195.5000000000 -57.9569854131
195.6000000000 -58.0487303161
195.7000000000 -58.1403749239
195.8000000000 -58.2319188759
195.9000000000 -58.3233618071
196.0000000000 -58.4147033481
196.1000000000 -58.5059431249
196.2000000000 -58.5970807588
196.3000000000 -58.6881158659
196.4000000000 -58.7790480574
196.5000000000 -58.8698769391
196.6000000000 -58.9606021114
196.7000000000 -59.0512231689
196.8000000000 -59.1417397005
196.9000000000 -59.2321512894
197.0000000000 -59.3224575123
197.1000000000 -59.4126579401
197.2000000000 -59.5027521369
197.3000000000 -59.5927396608
197.4000000000 -59.6826200628
197.5000000000 -59.7723928875
197.6000000000 -59.8620576725
197.7000000000 -59.9516139484
197.8000000000 -60.0410612388
197.9000000000 -60.1303990600
198.0000000000 -60.2196269210
198.1000000000 -60.3087443235
198.2000000000 -60.3977507617
198.3000000000 -60.4866457222
198.4000000000 -60.5754286840
198.5000000000 -60.6640991182
198.6000000000 -60.7526564884
198.7000000000 -60.8411002501
198.8000000000 -60.9294298511
198.9000000000 -61.0176447308
199.0000000000 -61.1057443212
199.1000000000 -61.1937280457
199.2000000000 -61.2815953198
199.3000000000 -61.3693455508
199.4000000000 -61.4569781380
199.5000000000 -61.5444924722
199.6000000000 -61.6318879363
199.7000000000 -61.7191639047
199.8000000000 -61.8063197437
199.9000000000 -61.8933548113
