0 -64.58528537 0.1083046314
1 -65.26224166 0.1046221992
2 -65.93027831 0.1010950639
3 -66.58877929 0.09771976753
4 -67.23708321 0.09449297695
5 -67.87449415 0.09141142725
6 -68.50029374 0.08847186911
7 -69.11375427 0.08567102275
8 -69.71415214 0.08300553987
9 -70.30078123 0.08047197458
10 -70.8729658 0.07806676365
11 -71.43007233 0.07578621599
12 -71.97152018 0.07362651084
13 -72.4967906 0.07158370361
14 -73.00543404 0.06965373822
15 -73.49707563 0.06783246467
16 -73.97141883 0.06611566036
17 -74.42824722 0.0644990539
18 -74.86742476 0.06297835003
19 -75.28889437 0.06154925484
20 -75.69267535 0.06020750008
21 -76.07885954 0.05894886611
22 -76.44760672 0.05776920278
23 -76.79913924 0.05666444804
24 -77.1337362 0.05563064397
25 -77.45172733 0.0546639502
26 -77.75348671 0.05376065484
27 -78.03942656 0.05291718291
28 -78.30999084 0.05213010303
29 -78.56564744 0.05139613612
30 -78.8068657 0.05071219612
31 -79.03396969 0.0500757109
32 -79.24594411 0.04948728696
33 -79.43042848 0.04897292406
34 -79.47957211 0.04877017762
35 -78.48258434 0.05094523157
36 -68.83168074 0.0778032892
37 3.981892382 0.6930957889
38 37.68598842 0.9998318482
39 37.68488531 0.999932941
40 35.69355395 0.9999051418
41 32.60689041 0.999834254
42 28.78129557 0.9996669914
43 24.60240375 0.9992872119
44 20.37922738 0.9984732684
45 16.31310742 0.9968601301
46 12.52205567 0.9939466665
47 9.070171703 0.9891915767
48 5.985887457 0.9821935816
49 3.271376659 0.9728679611
50 0.9088658161 0.961502523
51 -1.133019057 0.9486577881
52 -2.892762206 0.9349873093
53 -4.410443229 0.9210821318
54 -5.723973108 0.9073905323
55 -6.867093927 0.8942055559
56 -7.868696692 0.8816897816
57 -8.752933566 0.8699111653
58 -9.5397168 0.8588758815
59 -10.24534834 0.8485533722
60 -10.88314336 0.8388935561
61 -11.46398656 0.8298378336
62 -11.99680224 0.8213257125
63 -12.48893932 0.8132985474
64 -12.94648143 0.8057014663
65 -13.37449418 0.7984842015
66 -13.77722165 0.7916012846
67 -14.15824228 0.7850118912
68 -14.52059286 0.7786795094
69 -14.86686734 0.7725715313
70 -15.19929589 0.7666588278
71 -15.51980858 0.7609153373
72 -15.83008679 0.7553176833
73 -16.13160501 0.7498448295
74 -16.42566504 0.7444777707
75 -16.71342405 0.7391992611
76 -16.99591789 0.7339935752
77 -17.27408038 0.7288462983
78 -17.54875952 0.7237441434
79 -17.8207311 0.7186747917
80 -18.0907103 0.7136267522
81 -18.35936151 0.7085892392
82 -18.62730682 0.7035520645
83 -18.89513331 0.6985055432
84 -19.1633994 0.6934404096
85 -19.43264044 0.688347744
86 -19.70337363 0.6832189079
87 -19.97610231 0.6780454859
88 -20.25131992 0.672819236
89 -20.5295134 0.6675320449
90 -20.81116638 0.6621758898
91 -21.09676198 0.6567428056
92 -21.38678539 0.651224857
93 -21.68172612 0.6456141172
94 -21.98208009 0.6399026509
95 -22.28835145 0.6340825038
96 -22.60105417 0.6281456986
97 -22.92071331 0.6220842368
98 -23.24786614 0.6158901092
99 -23.5830628 0.6095553137
100 -23.92686678 0.6030718826
101 -24.27985483 0.5964319201
102 -24.64261657 0.5896276506
103 -25.01575355 0.5826514796
104 -25.39987765 0.5754960675
105 -25.79560894 0.5681544182
106 -26.20357275 0.5606199814
107 -26.62439594 0.5528867719
108 -27.05870228 0.5449495036
109 -27.50710687 0.5368037384
110 -27.97020964 0.5284460493
111 -28.44858772 0.5198741959
112 -28.94278688 0.5110873077
113 -29.45331196 0.502086073
114 -29.98061648 0.4928729268
115 -30.52509151 0.4834522317
116 -31.0870541 0.4738304433
117 -31.66673546 0.4640162523
118 -32.26426941 0.4540206935
119 -32.87968141 0.4438572117
120 -33.51287863 0.4335416763
121 -34.1636417 0.4230923358
122 -34.83161851 0.4125297067
123 -35.51632066 0.4018763927
124 -36.21712283 0.3911568349
125 -36.9332656 0.3803969954
126 -37.66386167 0.3696239825
127 -38.40790567 0.358865629
128 -39.16428728 0.348150037
129 -39.93180742 0.3375051074
130 -40.70919697 0.3269580708
131 -41.49513727 0.3165350405
132 -42.28828188 0.3062606019
133 -43.0872786 0.2961574557
134 -43.89079105 0.286246125
135 -44.69751907 0.2765447346
136 -45.50621722 0.2670688655
137 -46.31571098 0.2578314852
138 -47.12491004 0.2488429482
139 -47.93281868 0.2401110619
140 -48.73854292 0.2316412064
141 -49.54129461 0.2234365012
142 -50.34039248 0.2154980041
143 -51.1352604 0.2078249353
144 -51.92542313 0.2004149153
145 -52.71049976 0.1932642074
146 -53.49019529 0.1863679588
147 -54.2642905 0.1797204327
148 -55.03263053 0.1733152284
149 -55.79511252 0.1671454832
150 -56.55167234 0.1612040569
151 -57.3022711 0.1554836938
152 -58.04688136 0.149977164
153 -58.78547355 0.1446773815
154 -59.51800286 0.1395775006
155 -60.24439694 0.1346709892
156 -60.96454459 0.1299516823
157 -61.67828602 0.125413813
158 -62.38540479 0.1210520264
159 -63.0856217 0.1168613746
160 -63.77859106 0.1128372965
161 -64.4638993 0.1089755844
162 -65.14106615 0.1052723405
163 -65.80954829 0.1017239242
164 -66.46874548 0.09832689627
165 -67.11800885 0.09507795972
166 -67.75665113 0.09197390255
167 -68.38395836 0.08901154364
168 -68.99920272 0.08618768454
169 -69.60165591 0.08349906871
170 -70.19060268 0.08094234929
171 -70.76535389 0.07851406626
172 -71.32525886 0.07621063265
173 -71.86971648 0.07402832981
174 -72.39818483 0.07196331059
175 -72.91018913 0.07001160947
176 -73.4053279 0.06816915841
177 -73.88327722 0.06643180685
178 -74.34379322 0.06479534478
179 -74.78671278 0.06325552735
180 -75.2119527 0.06180810003
181 -75.61950747 0.06044882337
182 -76.00944584 0.05917349648
183 -76.38190637 0.05797797876
184 -76.73709231 0.05685820935
185 -77.07526585 0.05581022416
186 -77.39674205 0.05483017034
187 -77.70188253 0.05391431818
188 -77.99108894 0.05305907099
189 -78.26479492 0.05226097656
190 -78.52344445 0.05151676817
191 -78.76735633 0.05082366529
192 -78.9956377 0.05018182773
193 -79.19716381 0.04961461351
194 -79.275301 0.04933684249
195 -78.41924452 0.05119937298
196 -69.89169054 0.07450397237
197 -4.361479527 0.602463987
198 37.4616147 0.9997619892
199 37.71850032 0.9999331991
200 35.78806769 0.9999067161
201 32.7375246 0.9998381491
202 28.92824359 0.9996758389
203 24.74926969 0.9993060752
204 20.51542489 0.9985103604
205 16.43304671 0.9969262148
206 12.6234198 0.9940519467
207 9.15260045 0.9893402111
208 6.050194205 0.9823785184
209 3.319069539 0.9730698987
210 0.941796998 0.9616942396
211 -1.112929426 0.9488110712
212 -2.88371976 0.9350785537
213 -4.410885442 0.9210947452
214 -5.732603426 0.9073146702
215 -6.88287036 0.8940365707
216 -7.890798642 0.8814264752
217 -8.780722628 0.8695543569
218 -9.572699807 0.8584274069
219 -10.28314596 0.8480154514
220 -10.92546485 0.8382684254
221 -11.51061016 0.829127548
222 -12.04756016 0.820532051
223 -12.54370642 0.8124229772
224 -13.00516672 0.8047451386
225 -13.43703443 0.7974479622
226 -13.84357662 0.7904856918
227 -14.22839117 0.7838172344
228 -14.59453164 0.7774058271
229 -14.94460676 0.7712186266
230 -15.28086008 0.7652262814
231 -15.60523401 0.7594025177
232 -15.91942152 0.7537237549
233 -16.22490825 0.7481687574
234 -16.52300685 0.7427183245
235 -16.81488528 0.7373550164
236 -17.10159017 0.7320629131
237 -17.38406626 0.7268274041
238 -17.66317274 0.721635004
239 -17.93969692 0.7164731912
240 -18.2143659 0.7113302674
241 -18.48785649 0.7061952338
242 -18.76080372 0.7010576828
243 -19.03380824 0.6959077029
244 -19.30744274 0.6907357946
245 -19.58225754 0.685532797
246 -19.85878557 0.6802898218
247 -20.13754678 0.6749981973
248 -20.41905202 0.6696494171
249 -20.70380657 0.6642350972
250 -20.99231332 0.6587469385
251 -21.28507558 0.653176695
252 -21.58259963 0.6475161488
253 -21.885397 0.6417570897
254 -22.19398648 0.6358913026
255 -22.50889591 0.6299105601
256 -22.83066358 0.6238066233
257 -23.15983948 0.6175712494
258 -23.49698611 0.6111962087
259 -23.842679 0.6046733102
260 -24.1975068 0.5979944388
261 -24.56207087 0.5911516026
262 -24.93698442 0.584136994
263 -25.32287099 0.5769430637
264 -25.72036227 0.5695626099
265 -26.13009516 0.5619888827
266 -26.55270805 0.5542157045
267 -26.98883607 0.5462376065
268 -27.43910552 0.5380499812
269 -27.90412713 0.5296492486
270 -28.38448834 0.5210330359
271 -28.88074455 0.5122003652
272 -29.39340937 0.5031518473
273 -29.9229439 0.4938898741
274 -30.46974547 0.4844188043
275 -31.0341357 0.4747451326
276 -31.61634855 0.4648776352
277 -32.21651848 0.4548274804
278 -32.83466928 0.4446082954
279 -33.47070409 0.4342361794
280 -34.12439704 0.4237296545
281 -34.79538709 0.4131095494
282 -35.48317462 0.4023988111
283 -36.18712106 0.3916222454
284 -36.90645196 0.3808061902
285 -37.64026369 0.3699781292
286 -38.38753369 0.3591662578
287 -39.14713413 0.3483990167
288 -39.91784866 0.3377046112
289 -40.69839161 0.3271105332
290 -41.48742905 0.3166431077
291 -42.28360092 0.3063270782
292 -43.08554342 0.2961852482
293 -43.89191083 0.2862381893
294 -44.70139605 0.2765040234
295 -45.51274913 0.2669982823
296 -46.32479337 0.2577338436
297 -47.13643851 0.2487209394
298 -47.94669084 0.2399672287
299 -48.75466009 0.2314779254
300 -49.55956316 0.2232559717
301 -50.36072485 0.215302244
302 -51.15757576 0.2076157826
303 -51.94964764 0.2001940343
304 -52.7365665 0.1930330995
305 -53.5180438 0.1861279758
306 -54.29386606 0.1794727927
307 -55.06388313 0.173061033
308 -55.82799546 0.1668857355
309 -56.58614078 0.1609396795
310 -57.33828025 0.1552155464
311 -58.08438464 0.1497060594
312 -58.82442064 0.1444041009
313 -59.55833775 0.1393028057
314 -60.28605602 0.1343956336
315 -61.00745493 0.1296764185
316 -61.72236387 0.1251393979
317 -62.43055432 0.1207792234
318 -63.13173424 0.1165909528
319 -63.82554471 0.1125700272
320 -64.51155905 0.1087122357
321 -65.18928452 0.1050136691
322 -65.8581665 0.1014706664
323 -66.51759509 0.09807975764
324 -67.16691387 0.09483760468
325 -67.80543044 0.09174094406
326 -68.43242847 0.08878653389
327 -69.04718062 0.0859711069
328 -69.64896202 0.08329133136
329 -70.23706367 0.08074378087
330 -70.8108054 0.07832491347
331 -71.36954791 0.07603106002
332 -71.91270352 0.07385842135
333 -72.43974545 0.07180307319
334 -72.95021531 0.06986097782
335 -73.44372885 0.068028001
336 -73.91997979 0.06629993294
337 -74.37874185 0.06467251179
338 -74.81986921 0.06314144857
339 -75.24329525 0.06170245232
340 -75.64903012 0.06035125461
341 -76.03715707 0.05908363264
342 -76.40782787 0.05789543046
343 -76.76125756 0.0567825778
344 -77.09771868 0.0557411065
345 -77.41753514 0.05476716422
346 -77.721076 0.05385702567
347 -78.0087492 0.0530071014
348 -78.28099516 0.05221394474
349 -78.53827893 0.05147426072
350 -78.78106775 0.05078494689
351 -79.00968519 0.05014341293
352 -79.22312477 0.04955023074
353 -79.4091173 0.04903120998
354 -79.46065242 0.0488222602
355 -78.4745257 0.05097365167
356 -68.9096139 0.07755931928
357 3.368901486 0.6866455993
358 37.66947485 0.99982785
359 37.68674873 0.9999329534
360 35.69949786 0.9999052413
361 32.61509251 0.9998345014
362 28.79038352 0.9996675465
363 24.61128267 0.99928837
364 20.38721345 0.9984754778
365 16.31986048 0.996863911
366 12.52745811 0.9939523748
367 9.074236515 0.9891990577
368 5.988702131 0.9822019121
369 3.273067863 0.9728754982
370 0.9095742296 0.9615072731
371 -1.133156926 0.94865787
372 -2.893625237 0.9349812691
373 -4.411930527 0.9210690316
374 -5.72600424 0.9073698805
375 -6.86960665 0.8941771772
376 -7.871643767 0.8816536938
377 -8.756279592 0.8698674865
378 -9.543435487 0.8588247705
379 -10.24942033 0.8484949933
380 -10.88755453 0.8388280603
381 -11.46872682 0.82976535
382 -12.00186454 0.8212463449
383 -12.49431905 0.8132123745
384 -12.95217586 0.8056085425
385 -13.38050217 0.7983845584
386 -13.78354334 0.7914949328
387 -14.16487895 0.7848988219
388 -14.52754678 0.7785596956
389 -14.87414167 0.7724449289
390 -15.20689465 0.7665253764
391 -15.52773659 0.7607749605
392 -15.83834965 0.7551702895
393 -16.14020912 0.7496903118
394 -16.43461756 0.7443160071
395 -16.72273296 0.7390301145
396 -17.00559199 0.7338168928
397 -17.2841293 0.7286619117
398 -17.55919379 0.7235518682
399 -17.83156217 0.7184744267
400 -18.10195059 0.7134180793
401 -18.37102447 0.7083720226
402 -18.63940694 0.7033260501
403 -18.90768622 0.6982704578
404 -19.17642194 0.6931959606
405 -19.4461507 0.6880936183
406 -19.71739101 0.6829547712
407 -19.99064764 0.6777709822
408 -20.26641548 0.6725339869
409 -20.54518304 0.6672356489
410 -20.8274356 0.6618679219
411 -21.113658 0.6564228165
412 -21.40433721 0.6508923734
413 -21.69996464 0.6452686413
414 -22.00103817 0.6395436609
415 -22.30806398 0.6337094542
416 -22.62155812 0.627758021
417 -22.94204781 0.6216813416
418 -23.2700725 0.6154713872
419 -23.60618454 0.6091201387
420 -23.95094958 0.6026196147
421 -24.30494655 0.5959619101
422 -24.66876715 0.589139245
423 -25.04301487 0.582144027
424 -25.4283034 0.5749689263
425 -25.82525436 0.5676069651
426 -26.23449432 0.5600516225
427 -26.65665103 0.5522969544
428 -27.09234864 0.544337729
429 -27.54220213 0.536169578
430 -28.00681058 0.5277891607
431 -28.48674955 0.5191943405
432 -28.98256234 0.5103843697
433 -29.4947504 0.5013600785
434 -30.02376276 0.4921240633
435 -30.56998489 0.4826808665
436 -31.13372706 0.4730371409
437 -31.7152125 0.4632017894
438 -32.31456589 0.4531860704
439 -32.93180241 0.4430036599
440 -33.56681796 0.4326706607
441 -34.21938106 0.4222055511
442 -34.88912687 0.4116290673
443 -35.57555386 0.4009640157
444 -36.27802357 0.390235016
445 -36.99576367 0.379468179
446 -37.72787459 0.3686907256
447 -38.47333966 0.357930561
448 -39.23103854 0.3472158159
449 -39.99976372 0.336574375
450 -40.77823947 0.3260334086
451 -41.56514252 0.3156189268
452 -42.35912391 0.3053553739
453 -43.15883102 0.295265276
454 -43.96292913 0.2853689544
455 -44.77012163 0.2756843119
456 -45.5791684 0.2662266949
457 -46.38890171 0.2570088295
458 -47.19823929 0.2480408301
459 -48.00619437 0.2393302702
460 -48.81188254 0.2308823077
461 -49.61452556 0.2226998554
462 -50.41345211 0.2147837833
463 -51.20809579 0.2071331445
464 -51.99799059 0.1997454144
465 -52.78276417 0.1926167339
466 -53.56212923 0.1857421497
467 -54.33587319 0.1791158462
468 -55.10384674 0.1727313637
469 -55.86595124 0.1665817997
470 -56.6221255 0.1606599905
471 -57.3723322 0.154958672
472 -58.11654408 0.1494706187
473 -58.8547304 0.1441887598
474 -59.5868439 0.139106273
475 -60.31280853 0.1342166564
476 -61.03250836 0.1295137791
477 -61.74577792 0.1249919112
478 -62.45239434 0.1206457347
479 -63.15207151 0.1164703377
480 -63.84445658 0.1124611922
