0 -16.63231628 0.7406847228
1 -16.91496137 0.735482963
2 -17.19307358 0.7303427653
3 -17.46751545 0.725250659
4 -17.73907471 0.7201941722
5 -18.00847619 0.7151616883
6 -18.27639198 0.7101423199
7 -18.54345019 0.7051257986
8 -18.81024241 0.7001023779
9 -19.07733028 0.6950627474
10 -19.34525121 0.6899979574
11 -19.61452336 0.6848993521
12 -19.88565015 0.679758511
13 -20.15912419 0.6745671964
14 -20.43543086 0.6693173083
15 -20.71505149 0.6640008442
16 -20.99846626 0.6586098649
17 -21.28615679 0.6531364656
18 -21.57860855 0.6475727526
19 -21.87631292 0.6419108247
20 -22.1797691 0.6361427609
21 -22.48948577 0.6302606141
22 -22.80598245 0.6242564108
23 -23.1297907 0.618122159
24 -23.46145491 0.6118498625
25 -23.80153281 0.6054315459
26 -24.15059566 0.5988592875
27 -24.50922792 0.5921252638
28 -24.87802649 0.5852218065
29 -25.25759941 0.5781414709
30 -25.64856386 0.5708771193
31 -26.05154353 0.5634220191
32 -26.4671652 0.5557699556
33 -26.8960544 0.547915361
34 -27.33883019 0.5398534588
35 -27.79609899 0.531580422
36 -28.2684473 0.5230935454
37 -28.75643346 0.5143914264
38 -29.26057844 0.5054741539
39 -29.78135568 0.4963434971
40 -30.31918017 0.487003091
41 -30.87439696 0.4774586089
42 -31.44726942 0.4677179144
43 -32.03796749 0.457791184
44 -32.64655642 0.44769099
45 -33.27298641 0.437432335
46 -33.9170837 0.4270326284
47 -34.57854357 0.4165115997
48 -35.2569258 0.4058911424
49 -35.951653 0.3951950885
50 -36.66201216 0.3844489142
51 -37.3871597 0.3736793846
52 -38.12613003 0.3629141466
53 -38.87784759 0.3521812825
54 -39.64114199 0.3415088427
55 -40.41476595 0.3309243733
56 -41.19741529 0.3204544583
57 -41.98775029 0.310124294
58 -42.78441779 0.2999573113
59 -43.58607297 0.2899748588
60 -44.39140026 0.2801959555
61 -45.19913259 0.2706371186
62 -46.00806839 0.2613122669
63 -46.817086 0.2522326974
64 -47.62515507 0.2434071284
65 -48.43134482 0.2348418021
66 -49.23482923 0.2265406349
67 -50.03488913 0.2185054066
68 -50.83091144 0.2107359768
69 -51.62238578 0.2032305182
70 -52.40889869 0.1959857593
71 -53.19012587 0.1889972258
72 -53.96582262 0.182259477
73 -54.7358129 0.1757663304
74 -55.49997726 0.1695110705
75 -56.2582399 0.1634866396
76 -57.01055523 0.1576858082
77 -57.75689419 0.1521013236
78 -58.49723058 0.1467260368
79 -59.23152778 0.141553006
80 -59.95972608 0.1365755791
81 -60.68173104 0.1317874536
82 -61.39740316 0.1271827163
83 -62.10654915 0.1227558629
84 -62.80891507 0.1185017997
85 -63.50418177 0.1144158292
86 -64.19196257 0.1104936209
87 -64.87180349 0.1067311715
88 -65.543186 0.1031247552
89 -66.2055322 0.09967086877
90 -66.85821234 0.09636617336
91 -67.50055432 0.09320743634
92 -68.13185488 0.09019147579
93 -68.75139199 0.08731510992
94 -69.35843806 0.08457511343
95 -69.95227341 0.08196818207
96 -70.53219948 0.07949090624
97 -71.0975515 0.07713975386
98 -71.64770999 0.07491106232
99 -72.18211098 0.07280103876
100 -72.70025453 0.07080576773
101 -73.2017116 0.06892122491
102 -73.68612896 0.06714329571
103 -74.15323235 0.06546779724
104 -74.60282785 0.06389050235
105 -75.03480161 0.06240716468
106 -75.44911817 0.06101354357
107 -75.84581743 0.05970542802
108 -76.22501066 0.05847865908
109 -76.58687561 0.05732915012
110 -76.93165097 0.05625290481
111 -77.25963051 0.05524603246
112 -77.57115685 0.05430476091
113 -77.86661499 0.05342544718
114 -78.14642476 0.05260458863
115 -78.41102312 0.05183885566
116 -78.66076199 0.05112531755
117 -78.89510013 0.05046327401
118 -79.10590852 0.04986935333
119 -79.22164942 0.04950265982
120 -78.64148957 0.05072823193
121 -72.36944238 0.06698035334
122 -21.85633772 0.4027891346
123 36.9348926 0.9993475325
124 37.86706117 0.9999345402
125 36.12394885 0.9999121305
126 33.20721024 0.9998513891
127 29.47756158 0.9997067682
128 25.32675458 0.9993751921
129 21.0842551 0.9986548816
130 16.97074097 0.9972036024
131 13.11736626 0.9945344439
132 9.596455999 0.9900959051
133 6.441922962 0.9834443132
134 3.659876528 0.9744324625
135 1.235251442 0.9632923756
136 -0.8618156352 0.9505568891
137 -2.669359763 0.9368827767
138 -4.227778522 0.9228838876
139 -5.57573396 0.9090372121
140 -6.747883557 0.8956615032
141 -7.774028136 0.8829386091
142 -8.679138294 0.8709492896
143 -9.483822677 0.859707402
144 -10.20495704 0.8491864924
145 -10.85632085 0.8393382809
146 -11.44917103 0.8301045808
147 -11.99272924 0.8214245295
148 -12.49458211 0.8132387068
149 -12.96100393 0.8054912887
150 -13.39721401 0.7981310084
151 -13.8075812 0.7911114222
152 -14.19578603 0.7843907894
153 -14.56494954 0.7779317546
154 -14.91773589 0.771700942
155 -15.2564344 0.7656685272
156 -15.58302546 0.7598078187
157 -15.89923381 0.7540948683
158 -16.20657178 0.7485081183
159 -16.50637456 0.7430280848
160 -16.79982927 0.7376370795
161 -17.08799889 0.7323189641
162 -17.37184222 0.7270589355
163 -17.65223057 0.7218433383
164 -17.92996178 0.7166595008
165 -18.20577213 0.711495591
166 -18.48034647 0.7063404913
167 -18.75432694 0.7011836884
168 -19.02832045 0.6960151756
169 -19.30290528 0.6908253686
170 -19.57863675 0.6856050295
171 -19.85605227 0.6803452013
172 -20.13567584 0.6750371497
173 -20.41802199 0.6696723121
174 -20.70359934 0.6642422534
175 -20.99291384 0.6587386284
176 -21.2864716 0.6531531495
177 -21.58478148 0.6474775612
178 -21.88835738 0.6417036201
179 -22.1977203 0.6358230813
180 -22.51340009 0.6298276916
181 -22.83593692 0.6237091898
182 -23.16588249 0.6174593146
183 -23.50380088 0.6110698217
184 -23.85026903 0.6045325094
185 -24.20587687 0.5978392559
186 -24.5712269 0.5909820671
187 -24.94693328 0.5839531376
188 -25.33362037 0.5767449253
189 -25.73192046 0.5693502405
190 -26.14247091 0.5617623508
191 -26.56591032 0.5539751016
192 -27.00287386 0.5459830527
193 -27.45398761 0.5377816312
194 -27.91986184 0.5293672974
195 -28.4010833 0.5207377243
196 -28.89820643 0.5118919854
197 -29.41174361 0.5028307479
198 -29.94215447 0.4935564643
199 -30.48983457 0.4840735574
200 -31.05510356 0.4743885887
201 -31.63819318 0.4645104023
202 -32.23923548 0.4544502343
203 -32.85825165 0.4442217782
204 -33.49514213 0.433841196
205 -34.14967824 0.4233270677
206 -34.82149612 0.4127002733
207 -35.51009336 0.4019838027
208 -36.21482865 0.3912024954
209 -36.93492498 0.380382712
210 -37.66947634 0.3695519474
211 -38.41745804 0.3587383962
212 -39.17774044 0.3479704864
213 -39.9491057 0.3372763983
214 -40.73026706 0.3266835881
215 -41.51988987 0.3162183346
216 -42.31661378 0.3059053263
217 -43.11907511 0.2957673045
218 -43.92592862 0.2858247725
219 -44.73586807 0.2760957802
220 -45.54764474 0.2665957851
221 -46.3600834 0.2573375901
222 -47.17209554 0.2483313533
223 -47.98268937 0.2395846623
224 -48.79097665 0.2311026632
225 -49.59617642 0.2228882348
226 -50.3976156 0.2149421953
227 -51.19472684 0.207263533
228 -51.98704386 0.1998496484
229 -52.77419445 0.1926966019
230 -53.55589168 0.1857993574
231 -54.33192337 0.1791520166
232 -55.10214041 0.17274804
233 -55.86644398 0.1665804495
234 -56.62477217 0.1606420122
235 -57.37708614 0.1549254015
236 -58.12335628 0.1494233362
237 -58.86354854 0.1441286975
238 -59.59761131 0.1390346215
239 -60.32546314 0.1341345708
240 -61.04698172 0.1294223839
241 -61.7619943 0.1248923037
242 -62.47027 0.120538987
243 -63.17151419 0.1163574971
244 -63.86536516 0.1123432801
245 -64.55139339 0.1084921293
246 -65.22910325 0.1048001384
247 -65.89793726 0.1012636483
248 -66.55728278 0.09787918949
249 -67.20648082 0.09464342288
250 -67.84483668 0.09155308282
251 -68.47163202 0.08860492393
252 -69.08613788 0.08579567435
253 -69.68762818 0.08312199679
254 -70.27539315 0.08058045859
255 -70.84875237 0.07816751099
256 -71.40706671 0.07587947778
257 -71.94974919 0.07371255264
258 -72.47627421 0.07166280426
259 -72.98618497 0.06972618822
260 -73.47909925 0.06789856404
261 -73.95471314 0.06617571626
262 -74.41280309 0.0645533781
263 -74.85322622 0.06302725638
264 -75.2759191 0.06159305674
265 -75.68089521 0.06024650815
266 -76.06824121 0.05898338605
267 -76.43811236 0.05779953347
268 -76.79072717 0.05669087989
269 -77.12636159 0.05565345755
270 -77.44534288 0.05468341517
271 -77.7480433 0.05377702907
272 -78.03487386 0.05293071189
273 -78.306278 0.05214101925
274 -78.56272425 0.05140465726
275 -78.80468912 0.05071851113
276 -79.03255515 0.05007986489
277 -79.24579402 0.04948822052
278 -79.43613832 0.04896045155
279 -79.53018825 0.04865755136
280 -78.90674466 0.04997173923
281 -72.36293569 0.06680657928
282 -19.70993524 0.4253014112
283 37.12780175 0.9994507276
284 37.90365929 0.9999350904
285 36.14766994 0.9999125279
286 33.2355516 0.9998521531
287 29.51527461 0.9997087441
288 25.37511781 0.9993805321
289 21.14285776 0.9986686101
290 17.03823356 0.9972358167
291 13.19190121 0.9946021621
292 9.676010226 0.9902226329
293 6.524580251 0.9836559564
294 3.744061728 0.9747508785
295 1.319868458 0.9637302509
296 -0.7773666168 0.9511167258
297 -2.585260437 0.9375595592
298 -4.143913149 0.923669005
299 -5.491806913 0.9099216296
300 -6.663510695 0.8966375289
301 -7.688797857 0.8840005059
302 -8.592647488 0.8720932234
303 -9.395695093 0.8609311161
304 -10.1148506 0.8504889304
305 -10.76392861 0.8407192549
306 -11.3542188 0.8315645135
307 -11.89497171 0.8229642677
308 -12.39379848 0.814859393
309 -12.85699359 0.8071942762
310 -13.28979256 0.7999178076
311 -13.69657683 0.7929836683
312 -14.08103637 0.7863502253
313 -14.44629889 0.7799802233
314 -14.79503276 0.7738403862
315 -15.12952939 0.7679009923
316 -15.45176939 0.7621354598
317 -15.76347603 0.7565199584
318 -16.06615865 0.7510330579
319 -16.36114805 0.7456554125
320 -16.64962569 0.7403694829
321 -16.93264768 0.7351592913
322 -17.2111648 0.730010207
323 -17.48603919 0.7249087589
324 -17.75805848 0.7198424715
325 -18.02794762 0.7147997217
326 -18.29637906 0.7097696129
327 -18.56398147 0.704741865
328 -18.8313472 0.6997067174
329 -19.09903883 0.6946548434
330 -19.36759485 0.6895772751
331 -19.63753473 0.6844653367
332 -19.9093633 0.6793105854
333 -20.18357477 0.6741047605
334 -20.46065624 0.6688397368
335 -20.74109093 0.6635074859
336 -21.02536103 0.6581000418
337 -21.31395034 0.652609472
338 -21.6073466 0.6470278549
339 -21.90604361 0.6413472615
340 -22.21054308 0.6355597437
341 -22.52135631 0.6296573281
342 -22.8390055 0.6236320171
343 -23.16402497 0.617475797
344 -23.49696185 0.6111806535
345 -23.83837666 0.6047385974
346 -24.18884337 0.5981416993
347 -24.54894903 0.5913821352
348 -24.919293 0.5844522446
349 -25.30048552 0.5773446013
350 -25.69314567 0.5700520982
351 -26.09789864 0.5625680473
352 -26.51537218 0.5548862949
353 -26.94619218 0.5470013525
354 -27.39097732 0.538908543
355 -27.85033271 0.5306041614
356 -28.32484256 0.5220856479
357 -28.81506177 0.5133517709
358 -29.32150658 0.5044028156
359 -29.84464428 0.4952407741
360 -30.38488222 0.4858695288
361 -30.94255625 0.4762950237
362 -31.51791895 0.4665254133
363 -32.11112787 0.4565711805
364 -32.72223438 0.4464452146
365 -33.35117346 0.4361628381
366 -33.99775496 0.4257417759
367 -34.66165692 0.4152020598
368 -35.34242133 0.4045658629
369 -36.03945288 0.3938572648
370 -36.75202098 0.3831019489
371 -37.47926521 0.3723268391
372 -38.22020441 0.3615596858
373 -38.9737491 0.3508286161
374 -39.73871712 0.3401616633
375 -40.51385179 0.3295862949
376 -41.29784221 0.3191289578
377 -42.0893448 0.3088146575
378 -42.88700538 0.2986665866
379 -43.68948094 0.2887058169
380 -44.49546037 0.2789510612
381 -45.30368348 0.2694185108
382 -46.11295772 0.2601217487
383 -46.92217216 0.2510717354
384 -47.73030854 0.2422768609
385 -48.53644914 0.2337430534
386 -49.33978151 0.2254739364
387 -50.13960019 0.2174710223
388 -50.93530561 0.2097339314
389 -51.72640029 0.202260628
390 -52.51248285 0.1950476628
391 -53.29323991 0.1880904152
392 -54.06843636 0.181383328
393 -54.83790422 0.1749201306
394 -55.6015304 0.1686940457
395 -56.35924371 0.1626979779
396 -57.11100131 0.1569246811
397 -57.85677502 0.1513669046
398 -58.59653769 0.1460175166
399 -59.33024991 0.1408696053
400 -60.05784754 0.1359165583
401 -60.77923016 0.1311521194
402 -61.49425095 0.1265704258
403 -62.20270819 0.122166025
404 -62.90433877 0.1179338743
405 -63.59881383 0.1138693238
406 -64.28573684 0.1099680862
407 -64.96464422 0.1062261947
408 -65.63500839 0.1026399529
409 -66.29624333 0.09920587875
410 -66.94771241 0.09592064657
411 -67.58873811 0.09278102882
412 -68.21861348 0.08978384116
413 -68.83661465 0.08692589283
414 -69.44201411 0.08420394401
415 -70.0340942 0.08161467162
416 -70.61216029 0.07915464429
417 -71.17555324 0.07682030654
418 -71.72366082 0.07460797197
419 -72.25592766 0.07251382466
420 -72.77186356 0.07053392784
421 -73.27105008 0.06866423841
422 -73.75314518 0.06690062607
423 -74.21788614 0.06523889573
424 -74.66509067 0.06367481178
425 -75.09465644 0.0622041232
426 -75.50655918 0.06082258836
427 -75.90084947 0.0595259988
428 -76.27764866 0.0583102014
429 -76.63714381 0.05717111829
430 -76.97958214 0.05610476447
431 -77.30526508 0.0551072628
432 -77.61454198 0.05417485646
433 -77.90780375 0.05330391933
434 -78.18547519 0.0524909667
435 -78.44799742 0.05173268768
436 -78.69572568 0.05102617037
437 -78.92812048 0.05037073215
438 -79.13704117 0.0497830214
439 -79.25078605 0.04942229847
440 -78.66671682 0.05065593912
441 -72.3704488 0.06695921197
442 -21.66545055 0.4047689659
443 36.95364456 0.999357798
444 37.87071304 0.9999345949
445 36.1263871 0.9999121714
446 33.21011348 0.9998514677
447 29.48135824 0.9997069681
448 25.33154166 0.9993757236
449 21.08997831 0.9986562304
450 16.97726593 0.9972067362
451 13.12451741 0.9945409821
452 9.604044575 0.9901080686
453 6.449772008 0.98346453
454 3.667841944 0.9744627572
455 1.243234274 0.9633338947
456 -0.8538680342 0.9506098182
457 -2.66146133 0.9369466021
458 -4.21991589 0.92295777
459 -5.56787745 0.909120284
460 -6.739995654 0.8957530325
461 -7.766069107 0.8830380534
462 -8.671069472 0.8710562889
463 -9.475608103 0.8598217467
464 -10.1965641 0.8493080866
465 -10.84772031 0.839467111
466 -11.4403368 0.8302406907
467 -11.98363799 0.8215680029
468 -12.48521285 0.8133896552
469 -12.95133758 0.8056498433
470 -13.38723302 0.798297315
471 -13.79726923 0.7912856382
472 -14.18512764 0.7845730822
473 -14.55392992 0.7781223009
474 -14.90634061 0.7718999277
475 -15.24464925 0.7658761479
476 -15.57083625 0.7600242799
477 -15.88662623 0.7543203867
478 -16.19353122 0.7487429224
479 -16.49288601 0.7432724159
480 -16.78587718 0.7378911929
