0.0000000000 -75.5992065568
0.1000000000 -75.6402004838
0.2000000000 -75.4643856834
0.3000000000 -74.9558522128
0.4000000000 -74.1255284996
0.5000000000 -73.0283344530
0.6000000000 -71.7104739994
0.7000000000 -70.1900805115
0.8000000000 -68.4509607310
0.9000000000 -66.4359123240
1.0000000000 -64.0370873656
1.1000000000 -61.1108087694
1.2000000000 -57.5742181978
1.3000000000 -53.4731449695
1.4000000000 -48.8468295124
1.5000000000 -43.5795165383
1.6000000000 -37.4571233362
1.7000000000 -30.2679394426
1.8000000000 -21.7695213080
1.9000000000 -11.6243509059
2.0000000000 0.5280256152
2.1000000000 14.4416810048
2.2000000000 27.3741928144
2.3000000000 34.7632389265
2.4000000000 36.7558361762
2.5000000000 36.8167884353
2.6000000000 36.7595127989
2.7000000000 36.8189089800
2.8000000000 36.9328132905
2.9000000000 37.0514487052
3.0000000000 37.1508658916
3.1000000000 37.2215563945
3.2000000000 37.2610506934
3.3000000000 37.2700821188
3.4000000000 37.2506832644
3.5000000000 37.2052672261
3.6000000000 37.1362054085
3.7000000000 37.0456534198
3.8000000000 36.9354982665
3.9000000000 36.8073621422
4.0000000000 36.6626300524
4.1000000000 36.5024850384
4.2000000000 36.3279432974
4.3000000000 36.1398858712
4.4000000000 35.9390857696
4.5000000000 35.7262304527
4.6000000000 35.5019400640
4.7000000000 35.2667819788
4.8000000000 35.0212822550
4.9000000000 34.7659345349
5.0000000000 34.5012068756
5.1000000000 34.2275469186
5.2000000000 33.9453857371
5.3000000000 33.6551406415
5.4000000000 33.3572171724
5.5000000000 33.0520104645
5.6000000000 32.7399061329
5.7000000000 32.4212808005
5.8000000000 32.0965023632
5.9000000000 31.7659300681
6.0000000000 31.4299144660
6.1000000000 31.0887972844
6.2000000000 30.7429112567
6.3000000000 30.3925799368
6.4000000000 30.0381175181
6.5000000000 29.6798286726
6.6000000000 29.3180084199
6.7000000000 28.9529420337
6.8000000000 28.5849049884
6.9000000000 28.2141629488
7.0000000000 27.8409718015
7.1000000000 27.4655777272
7.2000000000 27.0882173120
7.3000000000 26.7091176939
7.4000000000 26.3284967408
7.5000000000 25.9465632583
7.6000000000 25.5635172202
7.7000000000 25.1795500215
7.8000000000 24.7948447475
7.9000000000 24.4095764563
8.0000000000 24.0239124720
8.1000000000 23.6380126848
8.2000000000 23.2520298550
8.3000000000 22.8661099190
8.4000000000 22.4803922942
8.5000000000 22.0950101811
8.6000000000 21.7100908613
8.7000000000 21.3257559888
8.8000000000 20.9421218735
8.9000000000 20.5592997567
9.0000000000 20.1773960767
9.1000000000 19.7965127234
9.2000000000 19.4167472830
9.3000000000 19.0381932702
9.4000000000 18.6609403495
9.5000000000 18.2850745437
9.6000000000 17.9106784311
9.7000000000 17.5378313300
9.8000000000 17.1666094718
9.9000000000 16.7970861616
10.0000000000 16.4293319276
10.1000000000 16.0634146593
10.2000000000 15.6993997338
10.3000000000 15.3373501321
10.4000000000 14.9773265450
10.5000000000 14.6193874686
10.6000000000 14.2635892906
10.7000000000 13.9099863671
10.8000000000 13.5586310913
10.9000000000 13.2095739536
11.0000000000 12.8628635942
11.1000000000 12.5185468480
11.2000000000 12.1766687836
11.3000000000 11.8372727350
11.4000000000 11.5004003286
11.5000000000 11.1660915039
11.6000000000 10.8343845303
11.7000000000 10.5053160187
11.8000000000 10.1789209303
11.9000000000 9.8552325812
12.0000000000 9.5342826445
12.1000000000 9.2161011497
12.2000000000 8.9007164810
12.3000000000 8.5881553725
12.4000000000 8.2784429038
12.5000000000 7.9716024944
12.6000000000 7.6676558971
12.7000000000 7.3666231927
12.8000000000 7.0685227841
12.9000000000 6.7733713917
13.0000000000 6.4811840496
13.1000000000 6.1919741035
13.2000000000 5.9057532097
13.3000000000 5.6225313366
13.4000000000 5.3423167676
13.5000000000 5.0651161069
13.6000000000 4.7909342870
13.7000000000 4.5197745795
13.8000000000 4.2516386079
13.9000000000 3.9865263636
14.0000000000 3.7244362242
14.1000000000 3.4653649749
14.2000000000 3.2093078326
14.3000000000 2.9562584726
14.4000000000 2.7062090580
14.5000000000 2.4591502720
14.6000000000 2.2150713522
14.7000000000 1.9739601277
14.8000000000 1.7358030579
14.9000000000 1.5005852746
15.0000000000 1.2682906242
15.1000000000 1.0389017135
15.2000000000 0.8123999559
15.3000000000 0.5887656193
15.4000000000 0.3679778756
15.5000000000 0.1500148508
15.6000000000 -0.0651463243
15.7000000000 -0.2775294620
15.8000000000 -0.4871592657
15.9000000000 -0.6940612778
16.0000000000 -0.8982618270
16.1000000000 -1.0997879762
16.2000000000 -1.2986674701
16.3000000000 -1.4949286843
16.4000000000 -1.6886005735
16.5000000000 -1.8797126217
16.6000000000 -2.0682947925
16.7000000000 -2.2543774808
16.8000000000 -2.4379914656
16.9000000000 -2.6191678632
17.0000000000 -2.7979380829
17.1000000000 -2.9743337831
17.2000000000 -3.1483868293
17.3000000000 -3.3201292530
17.4000000000 -3.4895932132
17.5000000000 -3.6568109580
17.6000000000 -3.8218147890
17.7000000000 -3.9846370268
17.8000000000 -4.1453099779
17.9000000000 -4.3038659035
18.0000000000 -4.4603369900
18.1000000000 -4.6147553209
18.2000000000 -4.7671528500
18.3000000000 -4.9175613768
18.4000000000 -5.0660125230
18.5000000000 -5.2125377104
18.6000000000 -5.3571681408
18.7000000000 -5.4999347766
18.8000000000 -5.6408683235
18.9000000000 -5.7799992138
19.0000000000 -5.9173575920
19.1000000000 -6.0529733004
19.2000000000 -6.1868758670
19.3000000000 -6.3190944942
19.4000000000 -6.4496580482
19.5000000000 -6.5785950499
19.6000000000 -6.7059336671
19.7000000000 -6.8317017067
19.8000000000 -6.9559266090
19.9000000000 -7.0786354419
20.0000000000 -7.1998548964
20.1000000000 -7.3196112829
20.2000000000 -7.4379305283
20.3000000000 -7.5548381730
20.4000000000 -7.6703593701
20.5000000000 -7.7845188834
20.6000000000 -7.8973410877
20.7000000000 -8.0088499681
20.8000000000 -8.1190691212
20.9000000000 -8.2280217554
21.0000000000 -8.3357306929
21.1000000000 -8.4422183711
21.2000000000 -8.5475068452
21.3000000000 -8.6516177902
21.4000000000 -8.7545725041
21.5000000000 -8.8563919112
21.6000000000 -8.9570965648
21.7000000000 -9.0567066517
21.8000000000 -9.1552419952
21.9000000000 -9.2527220597
22.0000000000 -9.3491659548
22.1000000000 -9.4445924395
22.2000000000 -9.5390199266
22.3000000000 -9.6324664878
22.4000000000 -9.7249498578
22.5000000000 -9.8164874395
22.6000000000 -9.9070963090
22.7000000000 -9.9967932198
22.8000000000 -10.0855946089
22.9000000000 -10.1735166007
23.0000000000 -10.2605750131
23.1000000000 -10.3467853617
23.2000000000 -10.4321628653
23.3000000000 -10.5167224513
23.4000000000 -10.6004787600
23.5000000000 -10.6834461504
23.6000000000 -10.7656387048
23.7000000000 -10.8470702342
23.8000000000 -10.9277542828
23.9000000000 -11.0077041335
24.0000000000 -11.0869328125
24.1000000000 -11.1654530942
24.2000000000 -11.2432775062
24.3000000000 -11.3204183339
24.4000000000 -11.3968876252
24.5000000000 -11.4726971953
24.6000000000 -11.5478586315
24.7000000000 -11.6223832972
24.8000000000 -11.6962823369
24.9000000000 -11.7695666803
25.0000000000 -11.8422470469
25.1000000000 -11.9143339501
25.2000000000 -11.9858377015
25.3000000000 -12.0567684152
25.4000000000 -12.1271360114
25.5000000000 -12.1969502211
25.6000000000 -12.2662205895
25.7000000000 -12.3349564801
25.8000000000 -12.4031670786
25.9000000000 -12.4708613965
26.0000000000 -12.5380482745
26.1000000000 -12.6047363869
26.2000000000 -12.6709342441
26.3000000000 -12.7366501969
26.4000000000 -12.8018924396
26.5000000000 -12.8666690131
26.6000000000 -12.9309878086
26.7000000000 -12.9948565702
26.8000000000 -13.0582828989
26.9000000000 -13.1212742548
27.0000000000 -13.1838379606
27.1000000000 -13.2459812043
27.2000000000 -13.3077110424
27.3000000000 -13.3690344022
27.4000000000 -13.4299580853
27.5000000000 -13.4904887694
27.6000000000 -13.5506330117
27.7000000000 -13.6103972511
27.8000000000 -13.6697878110
27.9000000000 -13.7288109013
28.0000000000 -13.7874726214
28.1000000000 -13.8457789621
28.2000000000 -13.9037358082
28.3000000000 -13.9613489407
28.4000000000 -14.0186240390
28.5000000000 -14.0755666830
28.6000000000 -14.1321823553
28.7000000000 -14.1884764432
28.8000000000 -14.2444542409
28.9000000000 -14.3001209513
29.0000000000 -14.3554816880
29.1000000000 -14.4105414770
29.2000000000 -14.4653052592
29.3000000000 -14.5197778912
29.4000000000 -14.5739641480
29.5000000000 -14.6278687242
29.6000000000 -14.6814962358
29.7000000000 -14.7348512220
29.8000000000 -14.7879381466
29.9000000000 -14.8407613998
30.0000000000 -14.8933252995
30.1000000000 -14.9456340929
30.2000000000 -14.9976919582
30.3000000000 -15.0495030058
30.4000000000 -15.1010712796
30.5000000000 -15.1524007587
30.6000000000 -15.2034953585
30.7000000000 -15.2543589321
30.8000000000 -15.3049952716
30.9000000000 -15.3554081095
31.0000000000 -15.4056011196
31.1000000000 -15.4555779184
31.2000000000 -15.5053420662
31.3000000000 -15.5548970685
31.4000000000 -15.6042463768
31.5000000000 -15.6533933898
31.6000000000 -15.7023414546
31.7000000000 -15.7510938676
31.8000000000 -15.7996538755
31.9000000000 -15.8480246765
32.0000000000 -15.8962094212
32.1000000000 -15.9442112135
32.2000000000 -15.9920331114
32.3000000000 -16.0396781284
32.4000000000 -16.0871492337
32.5000000000 -16.1344493539
32.6000000000 -16.1815813730
32.7000000000 -16.2285481341
32.8000000000 -16.2753524394
32.9000000000 -16.3219970516
33.0000000000 -16.3684846944
33.1000000000 -16.4148180535
33.2000000000 -16.4609997770
33.3000000000 -16.5070324766
33.4000000000 -16.5529187277
33.5000000000 -16.5986610709
33.6000000000 -16.6442620119
33.7000000000 -16.6897240228
33.8000000000 -16.7350495423
33.9000000000 -16.7802409766
34.0000000000 -16.8253007002
34.1000000000 -16.8702310560
34.2000000000 -16.9150343564
34.3000000000 -16.9597128835
34.4000000000 -17.0042688902
34.5000000000 -17.0487046003
34.6000000000 -17.0930222090
34.7000000000 -17.1372238841
34.8000000000 -17.1813117657
34.9000000000 -17.2252879673
35.0000000000 -17.2691545762
35.1000000000 -17.3129136538
35.2000000000 -17.3565672363
35.3000000000 -17.4001173351
35.4000000000 -17.4435659371
35.5000000000 -17.4869150057
35.6000000000 -17.5301664806
35.7000000000 -17.5733222788
35.8000000000 -17.6163842944
35.9000000000 -17.6593543997
36.0000000000 -17.7022344453
36.1000000000 -17.7450262603
36.2000000000 -17.7877316533
36.3000000000 -17.8303524120
36.4000000000 -17.8728903044
36.5000000000 -17.9153470784
36.6000000000 -17.9577244628
36.7000000000 -18.0000241674
36.8000000000 -18.0422478833
36.9000000000 -18.0843972832
37.0000000000 -18.1264740221
37.1000000000 -18.1684797373
37.2000000000 -18.2104160487
37.3000000000 -18.2522845593
37.4000000000 -18.2940868556
37.5000000000 -18.3358245075
37.6000000000 -18.3774990691
37.7000000000 -18.4191120787
37.8000000000 -18.4606650590
37.9000000000 -18.5021595178
38.0000000000 -18.5435969478
38.1000000000 -18.5849788272
38.2000000000 -18.6263066199
38.3000000000 -18.6675817756
38.4000000000 -18.7088057302
38.5000000000 -18.7499799063
38.6000000000 -18.7911057129
38.7000000000 -18.8321845460
38.8000000000 -18.8732177889
38.9000000000 -18.9142068121
39.0000000000 -18.9551529741
39.1000000000 -18.9960576209
39.2000000000 -19.0369220867
39.3000000000 -19.0777476943
39.4000000000 -19.1185357546
39.5000000000 -19.1592875674
39.6000000000 -19.2000044217
39.7000000000 -19.2406875953
39.8000000000 -19.2813383555
39.9000000000 -19.3219579591
40.0000000000 -19.3625476528
40.1000000000 -19.4031086730
40.2000000000 -19.4436422463
40.3000000000 -19.4841495896
40.4000000000 -19.5246319103
40.5000000000 -19.5650904065
40.6000000000 -19.6055262670
40.7000000000 -19.6459406715
40.8000000000 -19.6863347912
40.9000000000 -19.7267097882
41.0000000000 -19.7670668164
41.1000000000 -19.8074070212
41.2000000000 -19.8477315398
41.3000000000 -19.8880415012
41.4000000000 -19.9283380268
41.5000000000 -19.9686222300
41.6000000000 -20.0088952165
41.7000000000 -20.0491580849
41.8000000000 -20.0894119260
41.9000000000 -20.1296578236
42.0000000000 -20.1698968546
42.1000000000 -20.2101300886
42.2000000000 -20.2503585886
42.3000000000 -20.2905834109
42.4000000000 -20.3308056051
42.5000000000 -20.3710262147
42.6000000000 -20.4112462764
42.7000000000 -20.4514668210
42.8000000000 -20.4916888732
42.9000000000 -20.5319134516
43.0000000000 -20.5721415690
43.1000000000 -20.6123742325
43.2000000000 -20.6526124434
43.3000000000 -20.6928571975
43.4000000000 -20.7331094853
43.5000000000 -20.7733702919
43.6000000000 -20.8136405969
43.7000000000 -20.8539213752
43.8000000000 -20.8942135964
43.9000000000 -20.9345182250
44.0000000000 -20.9748362210
44.1000000000 -21.0151685394
44.2000000000 -21.0555161306
44.3000000000 -21.0958799403
44.4000000000 -21.1362609098
44.5000000000 -21.1766599759
44.6000000000 -21.2170780713
44.7000000000 -21.2575161240
44.8000000000 -21.2979750583
44.9000000000 -21.3384557940
45.0000000000 -21.3789592472
45.1000000000 -21.4194863298
45.2000000000 -21.4600379500
45.3000000000 -21.5006150121
45.4000000000 -21.5412184166
45.5000000000 -21.5818490606
45.6000000000 -21.6225078374
45.7000000000 -21.6631956368
45.8000000000 -21.7039133452
45.9000000000 -21.7446618454
46.0000000000 -21.7854420172
46.1000000000 -21.8262547368
46.2000000000 -21.8671008775
46.3000000000 -21.9079813092
46.4000000000 -21.9488968988
46.5000000000 -21.9898485100
46.6000000000 -22.0308370039
46.7000000000 -22.0718632383
46.8000000000 -22.1129280683
46.9000000000 -22.1540323461
47.0000000000 -22.1951769211
47.1000000000 -22.2363626400
47.2000000000 -22.2775903470
47.3000000000 -22.3188608834
47.4000000000 -22.3601750880
47.5000000000 -22.4015337971
47.6000000000 -22.4429378445
47.7000000000 -22.4843880614
47.8000000000 -22.5258852769
47.9000000000 -22.5674303175
48.0000000000 -22.6090240072
48.1000000000 -22.6506671681
48.2000000000 -22.6923606198
48.3000000000 -22.7341051797
48.4000000000 -22.7759016629
48.5000000000 -22.8177508826
48.6000000000 -22.8596536497
48.7000000000 -22.9016107731
48.8000000000 -22.9436230595
48.9000000000 -22.9856913136
49.0000000000 -23.0278163383
49.1000000000 -23.0699989343
49.2000000000 -23.1122399004
49.3000000000 -23.1545400336
49.4000000000 -23.1969001288
49.5000000000 -23.2393209791
49.6000000000 -23.2818033758
49.7000000000 -23.3243481084
49.8000000000 -23.3669559644
49.9000000000 -23.4096277298
50.0000000000 -23.4523641885
50.1000000000 -23.4951661230
50.2000000000 -23.5380343137
50.3000000000 -23.5809695395
50.4000000000 -23.6239725775
50.5000000000 -23.6670442032
50.6000000000 -23.7101851903
50.7000000000 -23.7533963110
50.8000000000 -23.7966783357
50.9000000000 -23.8400320330
51.0000000000 -23.8834581703
51.1000000000 -23.9269575130
51.2000000000 -23.9705308250
51.3000000000 -24.0141788686
51.4000000000 -24.0579024043
51.5000000000 -24.1017021914
51.6000000000 -24.1455789871
51.7000000000 -24.1895335474
51.8000000000 -24.2335666264
51.9000000000 -24.2776789769
52.0000000000 -24.3218713498
52.1000000000 -24.3661444945
52.2000000000 -24.4104991590
52.3000000000 -24.4549360893
52.4000000000 -24.4994560301
52.5000000000 -24.5440597243
52.6000000000 -24.5887479134
52.7000000000 -24.6335213369
52.8000000000 -24.6783807331
52.9000000000 -24.7233268383
53.0000000000 -24.7683603873
53.1000000000 -24.8134821131
53.2000000000 -24.8586927473
53.3000000000 -24.9039930195
53.4000000000 -24.9493836576
53.5000000000 -24.9948653881
53.6000000000 -25.0404389355
53.7000000000 -25.0861050224
53.8000000000 -25.1318643700
53.9000000000 -25.1777176975
54.0000000000 -25.2236657222
54.1000000000 -25.2697091597
54.2000000000 -25.3158487238
54.3000000000 -25.3620851263
54.4000000000 -25.4084190772
54.5000000000 -25.4548512844
54.6000000000 -25.5013824540
54.7000000000 -25.5480132901
54.8000000000 -25.5947444948
54.9000000000 -25.6415767682
55.0000000000 -25.6885108083
55.1000000000 -25.7355473109
55.2000000000 -25.7826869699
55.3000000000 -25.8299304768
55.4000000000 -25.8772785212
55.5000000000 -25.9247317903
55.6000000000 -25.9722909689
55.7000000000 -26.0199567399
55.8000000000 -26.0677297835
55.9000000000 -26.1156107778
56.0000000000 -26.1636003983
56.1000000000 -26.2116993182
56.2000000000 -26.2599082082
56.3000000000 -26.3082277362
56.4000000000 -26.3566585680
56.5000000000 -26.4052013665
56.6000000000 -26.4538567920
56.7000000000 -26.5026255020
56.8000000000 -26.5515081515
56.9000000000 -26.6005053924
57.0000000000 -26.6496178740
57.1000000000 -26.6988462426
57.2000000000 -26.7481911416
57.3000000000 -26.7976532114
57.4000000000 -26.8472330893
57.5000000000 -26.8969314095
57.6000000000 -26.9467488032
57.7000000000 -26.9966858982
57.8000000000 -27.0467433192
57.9000000000 -27.0969216875
58.0000000000 -27.1472216211
58.1000000000 -27.1976437343
58.2000000000 -27.2481886383
58.3000000000 -27.2988569405
58.4000000000 -27.3496492447
58.5000000000 -27.4005661512
58.6000000000 -27.4516082563
58.7000000000 -27.5027761528
58.8000000000 -27.5540704293
58.9000000000 -27.6054916708
59.0000000000 -27.6570404581
59.1000000000 -27.7087173679
59.2000000000 -27.7605229729
59.3000000000 -27.8124578417
59.4000000000 -27.8645225383
59.5000000000 -27.9167176226
59.6000000000 -27.9690436502
59.7000000000 -28.0215011719
59.8000000000 -28.0740907341
59.9000000000 -28.1268128787
60.0000000000 -28.1796681428
60.1000000000 -28.2326570586
60.2000000000 -28.2857801537
60.3000000000 -28.3390379506
60.4000000000 -28.3924309668
60.5000000000 -28.4459597148
60.6000000000 -28.4996247019
60.7000000000 -28.5534264302
60.8000000000 -28.6073653964
60.9000000000 -28.6614420919
61.0000000000 -28.7156570027
61.1000000000 -28.7700106089
61.2000000000 -28.8245033855
61.3000000000 -28.8791358012
61.4000000000 -28.9339083193
61.5000000000 -28.9888213971
61.6000000000 -29.0438754860
61.7000000000 -29.0990710311
61.8000000000 -29.1544084716
61.9000000000 -29.2098882405
62.0000000000 -29.2655107643
62.1000000000 -29.3212764633
62.2000000000 -29.3771857511
62.3000000000 -29.4332390349
62.4000000000 -29.4894367153
62.5000000000 -29.5457791860
62.6000000000 -29.6022668340
62.7000000000 -29.6589000392
62.8000000000 -29.7156791747
62.9000000000 -29.7726046065
63.0000000000 -29.8296766932
63.1000000000 -29.8868957863
63.2000000000 -29.9442622300
63.3000000000 -30.0017763608
63.4000000000 -30.0594385081
63.5000000000 -30.1172489932
63.6000000000 -30.1752081300
63.7000000000 -30.2333162244
63.8000000000 -30.2915735745
63.9000000000 -30.3499804705
64.0000000000 -30.4085371945
64.1000000000 -30.4672440202
64.2000000000 -30.5261012134
64.3000000000 -30.5851090313
64.4000000000 -30.6442677229
64.5000000000 -30.7035775285
64.6000000000 -30.7630386798
64.7000000000 -30.8226514001
64.8000000000 -30.8824159035
64.9000000000 -30.9423323956
65.0000000000 -31.0024010728
65.1000000000 -31.0626221226
65.2000000000 -31.1229957234
65.3000000000 -31.1835220444
65.4000000000 -31.2442012454
65.5000000000 -31.3050334769
65.6000000000 -31.3660188799
65.7000000000 -31.4271575861
65.8000000000 -31.4884497172
65.9000000000 -31.5498953855
66.0000000000 -31.6114946934
66.1000000000 -31.6732477335
66.2000000000 -31.7351545883
66.3000000000 -31.7972153306
66.4000000000 -31.8594300228
66.5000000000 -31.9217987174
66.6000000000 -31.9843214563
66.7000000000 -32.0469982715
66.8000000000 -32.1098291844
66.9000000000 -32.1728142059
67.0000000000 -32.2359533364
67.1000000000 -32.2992465659
67.2000000000 -32.3626938734
67.3000000000 -32.4262952274
67.4000000000 -32.4900505856
67.5000000000 -32.5539598948
67.6000000000 -32.6180230907
67.7000000000 -32.6822400983
67.8000000000 -32.7466108315
67.9000000000 -32.8111351929
68.0000000000 -32.8758130740
68.1000000000 -32.9406443554
68.2000000000 -33.0056289059
68.3000000000 -33.0707665835
68.4000000000 -33.1360572345
68.5000000000 -33.2015006938
68.6000000000 -33.2670967850
68.7000000000 -33.3328453202
68.8000000000 -33.3987460996
68.9000000000 -33.4647989122
69.0000000000 -33.5310035352
69.1000000000 -33.5973597342
69.2000000000 -33.6638672629
69.3000000000 -33.7305258636
69.4000000000 -33.7973352664
69.5000000000 -33.8642951901
69.6000000000 -33.9314053412
69.7000000000 -33.9986654146
69.8000000000 -34.0660750934
69.9000000000 -34.1336340485
70.0000000000 -34.2013419393
70.1000000000 -34.2691984128
70.2000000000 -34.3372031046
70.3000000000 -34.4053556378
70.4000000000 -34.4736556239
70.5000000000 -34.5421026624
70.6000000000 -34.6106963406
70.7000000000 -34.6794362341
70.8000000000 -34.7483219063
70.9000000000 -34.8173529089
71.0000000000 -34.8865287814
71.1000000000 -34.9558490515
71.2000000000 -35.0253132347
71.3000000000 -35.0949208350
71.4000000000 -35.1646713440
71.5000000000 -35.2345642418
71.6000000000 -35.3045989964
71.7000000000 -35.3747750641
71.8000000000 -35.4450918893
71.9000000000 -35.5155489046
72.0000000000 -35.5861455309
72.1000000000 -35.6568811772
72.2000000000 -35.7277552411
72.3000000000 -35.7987671084
72.4000000000 -35.8699161532
72.5000000000 -35.9412017381
72.6000000000 -36.0126232145
72.7000000000 -36.0841799219
72.8000000000 -36.1558711885
72.9000000000 -36.2276963315
73.0000000000 -36.2996546564
73.1000000000 -36.3717454576
73.2000000000 -36.4439680185
73.3000000000 -36.5163216112
73.4000000000 -36.5888054970
73.5000000000 -36.6614189260
73.6000000000 -36.7341611377
73.7000000000 -36.8070313606
73.8000000000 -36.8800288127
73.9000000000 -36.9531527012
74.0000000000 -37.0264022229
74.1000000000 -37.0997765641
74.2000000000 -37.1732749007
74.3000000000 -37.2468963984
74.4000000000 -37.3206402128
74.5000000000 -37.3945054894
74.6000000000 -37.4684913639
74.7000000000 -37.5425969618
74.8000000000 -37.6168213991
74.9000000000 -37.6911637824
75.0000000000 -37.7656232083
75.1000000000 -37.8401987645
75.2000000000 -37.9148895290
75.3000000000 -37.9896945711
75.4000000000 -38.0646129506
75.5000000000 -38.1396437188
75.6000000000 -38.2147859180
75.7000000000 -38.2900385819
75.8000000000 -38.3654007358
75.9000000000 -38.4408713966
76.0000000000 -38.5164495729
76.1000000000 -38.5921342651
76.2000000000 -38.6679244660
76.3000000000 -38.7438191603
76.4000000000 -38.8198173252
76.5000000000 -38.8959179302
76.6000000000 -38.9721199378
76.7000000000 -39.0484223028
76.8000000000 -39.1248239734
76.9000000000 -39.2013238907
77.0000000000 -39.2779209891
77.1000000000 -39.3546141963
77.2000000000 -39.4314024338
77.3000000000 -39.5082846168
77.4000000000 -39.5852596542
77.5000000000 -39.6623264493
77.6000000000 -39.7394838993
77.7000000000 -39.8167308962
77.8000000000 -39.8940663264
77.9000000000 -39.9714890708
78.0000000000 -40.0489980057
78.1000000000 -40.1265920023
78.2000000000 -40.2042699269
78.3000000000 -40.2820306415
78.4000000000 -40.3598730036
78.5000000000 -40.4377958667
78.6000000000 -40.5157980801
78.7000000000 -40.5938784894
78.8000000000 -40.6720359363
78.9000000000 -40.7502692594
79.0000000000 -40.8285772938
79.1000000000 -40.9069588716
79.2000000000 -40.9854128218
79.3000000000 -41.0639379708
79.4000000000 -41.1425331426
79.5000000000 -41.2211971586
79.6000000000 -41.2999288381
79.7000000000 -41.3787269984
79.8000000000 -41.4575904551
79.9000000000 -41.5365180220
80.0000000000 -41.6155085116
80.1000000000 -41.6945607350
80.2000000000 -41.7736735025
80.3000000000 -41.8528456233
80.4000000000 -41.9320759060
80.5000000000 -42.0113631585
80.6000000000 -42.0907061887
80.7000000000 -42.1701038041
80.8000000000 -42.2495548124
80.9000000000 -42.3290580213
81.0000000000 -42.4086122393
81.1000000000 -42.4882162750
81.2000000000 -42.5678689382
81.3000000000 -42.6475690394
81.4000000000 -42.7273153903
81.5000000000 -42.8071068039
81.6000000000 -42.8869420947
81.7000000000 -42.9668200789
81.8000000000 -43.0467395744
81.9000000000 -43.1266994012
82.0000000000 -43.2066983816
82.1000000000 -43.2867353401
82.2000000000 -43.3668091038
82.3000000000 -43.4469185024
82.4000000000 -43.5270623685
82.5000000000 -43.6072395379
82.6000000000 -43.6874488495
82.7000000000 -43.7676891453
82.8000000000 -43.8479592712
82.9000000000 -43.9282580767
83.0000000000 -44.0085844149
83.1000000000 -44.0889371433
83.2000000000 -44.1693151231
83.3000000000 -44.2497172201
83.4000000000 -44.3301423045
83.5000000000 -44.4105892512
83.6000000000 -44.4910569397
83.7000000000 -44.5715442544
83.8000000000 -44.6520500848
83.9000000000 -44.7325733257
84.0000000000 -44.8131128771
84.1000000000 -44.8936676444
84.2000000000 -44.9742365388
84.3000000000 -45.0548184770
84.4000000000 -45.1354123817
84.5000000000 -45.2160171817
84.6000000000 -45.2966318117
84.7000000000 -45.3772552127
84.8000000000 -45.4578863322
84.9000000000 -45.5385241241
85.0000000000 -45.6191675488
85.1000000000 -45.6998155736
85.2000000000 -45.7804671725
85.3000000000 -45.8611213265
85.4000000000 -45.9417770236
85.5000000000 -46.0224332590
85.6000000000 -46.1030890351
85.7000000000 -46.1837433618
85.8000000000 -46.2643952561
85.9000000000 -46.3450437431
86.0000000000 -46.4256878549
86.1000000000 -46.5063266319
86.2000000000 -46.5869591220
86.3000000000 -46.6675843810
86.4000000000 -46.7482014729
86.5000000000 -46.8288094694
86.6000000000 -46.9094074507
86.7000000000 -46.9899945050
86.8000000000 -47.0705697288
86.9000000000 -47.1511322271
87.0000000000 -47.2316811132
87.1000000000 -47.3122155089
87.2000000000 -47.3927345444
87.3000000000 -47.4732373588
87.4000000000 -47.5537230997
87.5000000000 -47.6341909233
87.6000000000 -47.7146399948
87.7000000000 -47.7950694879
87.8000000000 -47.8754785855
87.9000000000 -47.9558664792
88.0000000000 -48.0362323695
88.1000000000 -48.1165754659
88.2000000000 -48.1968949871
88.3000000000 -48.2771901606
88.4000000000 -48.3574602230
88.5000000000 -48.4377044201
88.6000000000 -48.5179220069
88.7000000000 -48.5981122472
88.8000000000 -48.6782744144
88.9000000000 -48.7584077907
89.0000000000 -48.8385116677
89.1000000000 -48.9185853462
89.2000000000 -48.9986281362
89.3000000000 -49.0786393568
89.4000000000 -49.1586183365
89.5000000000 -49.2385644130
89.6000000000 -49.3184769331
89.7000000000 -49.3983552530
89.8000000000 -49.4781987380
89.9000000000 -49.5580067627
90.0000000000 -49.6377787108
90.1000000000 -49.7175139753
90.2000000000 -49.7972119583
90.3000000000 -49.8768720712
90.4000000000 -49.9564937342
90.5000000000 -50.0360763771
90.6000000000 -50.1156194385
90.7000000000 -50.1951223660
90.8000000000 -50.2745846166
90.9000000000 -50.3540056560
91.0000000000 -50.4333849589
91.1000000000 -50.5127220092
91.2000000000 -50.5920162995
91.3000000000 -50.6712673312
91.4000000000 -50.7504746149
91.5000000000 -50.8296376696
91.6000000000 -50.9087560232
91.7000000000 -50.9878292124
91.8000000000 -51.0668567825
91.9000000000 -51.1458382874
92.0000000000 -51.2247732894
92.1000000000 -51.3036613597
92.2000000000 -51.3825020774
92.3000000000 -51.4612950306
92.4000000000 -51.5400398152
92.5000000000 -51.6187360357
92.6000000000 -51.6973833046
92.7000000000 -51.7759812428
92.8000000000 -51.8545294791
92.9000000000 -51.9330276503
93.0000000000 -52.0114754012
93.1000000000 -52.0898723845
93.2000000000 -52.1682182607
93.3000000000 -52.2465126979
93.4000000000 -52.3247553720
93.5000000000 -52.4029459665
93.6000000000 -52.4810841723
93.7000000000 -52.5591696877
93.8000000000 -52.6372022185
93.9000000000 -52.7151814776
94.0000000000 -52.7931071850
94.1000000000 -52.8709790682
94.2000000000 -52.9487968611
94.3000000000 -53.0265603051
94.4000000000 -53.1042691481
94.5000000000 -53.1819231447
94.6000000000 -53.2595220564
94.7000000000 -53.3370656510
94.8000000000 -53.4145537030
94.9000000000 -53.4919859930
95.0000000000 -53.5693623081
95.1000000000 -53.6466824414
95.2000000000 -53.7239461923
95.3000000000 -53.8011533660
95.4000000000 -53.8783037736
95.5000000000 -53.9553972320
95.6000000000 -54.0324335639
95.7000000000 -54.1094125973
95.8000000000 -54.1863341660
95.9000000000 -54.2631981090
96.0000000000 -54.3400042705
96.1000000000 -54.4167524999
96.2000000000 -54.4934426518
96.3000000000 -54.5700745856
96.4000000000 -54.6466481655
96.5000000000 -54.7231632607
96.6000000000 -54.7996197446
96.7000000000 -54.8760174954
96.8000000000 -54.9523563957
96.9000000000 -55.0286363323
97.0000000000 -55.1048571962
97.1000000000 -55.1810188825
97.2000000000 -55.2571212901
97.3000000000 -55.3331643219
97.4000000000 -55.4091478846
97.5000000000 -55.4850718882
97.6000000000 -55.5609362466
97.7000000000 -55.6367408766
97.8000000000 -55.7124856988
97.9000000000 -55.7881706365
98.0000000000 -55.8637956164
98.1000000000 -55.9393605677
98.2000000000 -56.0148654228
98.3000000000 -56.0903101165
98.4000000000 -56.1656945864
98.5000000000 -56.2410187723
98.6000000000 -56.3162826166
98.7000000000 -56.3914860637
98.8000000000 -56.4666290602
98.9000000000 -56.5417115546
99.0000000000 -56.6167334973
99.1000000000 -56.6916948405
99.2000000000 -56.7665955380
99.3000000000 -56.8414355449
99.4000000000 -56.9162148180
99.5000000000 -56.9909333152
99.6000000000 -57.0655909956
99.7000000000 -57.1401878192
99.8000000000 -57.2147237471
99.9000000000 -57.2891987412
100.0000000000 -57.3636127638
100.1000000000 -57.4379657780
100.2000000000 -57.5122577474
100.3000000000 -57.5864886357
100.4000000000 -57.6606584070
100.5000000000 -57.7347670254
100.6000000000 -57.8088144551
100.7000000000 -57.8828006599
100.8000000000 -57.9567256035
100.9000000000 -58.0305892494
101.0000000000 -58.1043915603
101.1000000000 -58.1781324985
101.2000000000 -58.2518120256
101.3000000000 -58.3254301022
101.4000000000 -58.3989866881
101.5000000000 -58.4724817421
101.6000000000 -58.5459152217
101.7000000000 -58.6192870831
101.8000000000 -58.6925972814
101.9000000000 -58.7658457698
102.0000000000 -58.8390325003
102.1000000000 -58.9121574228
102.2000000000 -58.9852204857
102.3000000000 -59.0582216353
102.4000000000 -59.1311608159
102.5000000000 -59.2040379697
102.6000000000 -59.2768530367
102.7000000000 -59.3496059543
102.8000000000 -59.4222966578
102.9000000000 -59.4949250797
103.0000000000 -59.5674911500
103.1000000000 -59.6399947959
103.2000000000 -59.7124359416
103.3000000000 -59.7848145085
103.4000000000 -59.8571304151
103.5000000000 -59.9293835764
103.6000000000 -60.0015739045
103.7000000000 -60.0737013080
103.8000000000 -60.1457656920
103.9000000000 -60.2177669583
104.0000000000 -60.2897050049
104.1000000000 -60.3615797263
104.2000000000 -60.4333910130
104.3000000000 -60.5051387517
104.4000000000 -60.5768228254
104.5000000000 -60.6484431127
104.6000000000 -60.7199994882
104.7000000000 -60.7914918224
104.8000000000 -60.8629199815
104.9000000000 -60.9342838272
105.0000000000 -61.0055832169
105.1000000000 -61.0768180035
105.2000000000 -61.1479880352
105.3000000000 -61.2190931556
105.4000000000 -61.2901332036
105.5000000000 -61.3611080133
105.6000000000 -61.4320174140
105.7000000000 -61.5028612299
105.8000000000 -61.5736392802
105.9000000000 -61.6443513794
106.0000000000 -61.7149973364
106.1000000000 -61.7855769553
106.2000000000 -61.8560900348
106.3000000000 -61.9265363682
106.4000000000 -61.9969157437
106.5000000000 -62.0672279440
106.6000000000 -62.1374727462
106.7000000000 -62.2076499222
106.8000000000 -62.2777592381
106.9000000000 -62.3478004545
107.0000000000 -62.4177733265
107.1000000000 -62.4876776034
107.2000000000 -62.5575130287
107.3000000000 -62.6272793403
107.4000000000 -62.6969762703
107.5000000000 -62.7666035450
107.6000000000 -62.8361608847
107.7000000000 -62.9056480040
107.8000000000 -62.9750646116
107.9000000000 -63.0444104101
108.0000000000 -63.1136850963
108.1000000000 -63.1828883610
108.2000000000 -63.2520198889
108.3000000000 -63.3210793588
108.4000000000 -63.3900664436
108.5000000000 -63.4589808098
108.6000000000 -63.5278221183
108.7000000000 -63.5965900235
108.8000000000 -63.6652841741
108.9000000000 -63.7339042125
109.0000000000 -63.8024497751
109.1000000000 -63.8709204924
109.2000000000 -63.9393159885
109.3000000000 -64.0076358817
109.4000000000 -64.0758797841
109.5000000000 -64.1440473019
109.6000000000 -64.2121380351
109.7000000000 -64.2801515778
109.8000000000 -64.3480875180
109.9000000000 -64.4159454377
110.0000000000 -64.4837249131
110.1000000000 -64.5514255142
110.2000000000 -64.6190468053
110.3000000000 -64.6865883447
110.4000000000 -64.7540496847
110.5000000000 -64.8214303719
110.6000000000 -64.8887299471
110.7000000000 -64.9559479453
110.8000000000 -65.0230838957
110.9000000000 -65.0901373219
111.0000000000 -65.1571077417
111.1000000000 -65.2239946674
111.2000000000 -65.2907976057
111.3000000000 -65.3575160577
111.4000000000 -65.4241495191
111.5000000000 -65.4906974801
111.6000000000 -65.5571594257
111.7000000000 -65.6235348354
111.8000000000 -65.6898231835
111.9000000000 -65.7560239390
112.0000000000 -65.8221365659
112.1000000000 -65.8881605231
112.2000000000 -65.9540952644
112.3000000000 -66.0199402387
112.4000000000 -66.0856948900
112.5000000000 -66.1513586576
112.6000000000 -66.2169309759
112.7000000000 -66.2824112748
112.8000000000 -66.3477989793
112.9000000000 -66.4130935103
113.0000000000 -66.4782942841
113.1000000000 -66.5434007125
113.2000000000 -66.6084122032
113.3000000000 -66.6733281598
113.4000000000 -66.7381479815
113.5000000000 -66.8028710637
113.6000000000 -66.8674967980
113.7000000000 -66.9320245719
113.8000000000 -66.9964537693
113.9000000000 -67.0607837704
114.0000000000 -67.1250139520
114.1000000000 -67.1891436873
114.2000000000 -67.2531723462
114.3000000000 -67.3170992953
114.4000000000 -67.3809238980
114.5000000000 -67.4446455149
114.6000000000 -67.5082635033
114.7000000000 -67.5717772179
114.8000000000 -67.6351860106
114.9000000000 -67.6984892306
115.0000000000 -67.7616862247
115.1000000000 -67.8247763372
115.2000000000 -67.8877589100
115.3000000000 -67.9506332830
115.4000000000 -68.0133987939
115.5000000000 -68.0760547783
115.6000000000 -68.1386005703
115.7000000000 -68.2010355018
115.8000000000 -68.2633589035
115.9000000000 -68.3255701042
116.0000000000 -68.3876684317
116.1000000000 -68.4496532120
116.2000000000 -68.5115237705
116.3000000000 -68.5732794311
116.4000000000 -68.6349195170
116.5000000000 -68.6964433506
116.6000000000 -68.7578502534
116.7000000000 -68.8191395466
116.8000000000 -68.8803105507
116.9000000000 -68.9413625861
117.0000000000 -69.0022949728
117.1000000000 -69.0631070308
117.2000000000 -69.1237980801
117.3000000000 -69.1843674409
117.4000000000 -69.2448144336
117.5000000000 -69.3051383790
117.6000000000 -69.3653385985
117.7000000000 -69.4254144141
117.8000000000 -69.4853651485
117.9000000000 -69.5451901253
118.0000000000 -69.6048886691
118.1000000000 -69.6644601056
118.2000000000 -69.7239037620
118.3000000000 -69.7832189664
118.4000000000 -69.8424050487
118.5000000000 -69.9014613404
118.6000000000 -69.9603871745
118.7000000000 -70.0191818862
118.8000000000 -70.0778448122
118.9000000000 -70.1363752916
119.0000000000 -70.1947726656
119.1000000000 -70.2530362778
119.2000000000 -70.3111654740
119.3000000000 -70.3691596028
119.4000000000 -70.4270180153
119.5000000000 -70.4847400654
119.6000000000 -70.5423251098
119.7000000000 -70.5997725085
119.8000000000 -70.6570816241
119.9000000000 -70.7142518230
120.0000000000 -70.7712824744
120.1000000000 -70.8281729512
120.2000000000 -70.8849226300
120.3000000000 -70.9415308906
120.4000000000 -70.9979971170
120.5000000000 -71.0543206967
120.6000000000 -71.1105010216
120.7000000000 -71.1665374872
120.8000000000 -71.2224294934
120.9000000000 -71.2781764445
121.0000000000 -71.3337777488
121.1000000000 -71.3892328195
121.2000000000 -71.4445410739
121.3000000000 -71.4997019344
121.4000000000 -71.5547148280
121.5000000000 -71.6095791863
121.6000000000 -71.6642944462
121.7000000000 -71.7188600493
121.8000000000 -71.7732754427
121.9000000000 -71.8275400784
122.0000000000 -71.8816534138
122.1000000000 -71.9356149115
122.2000000000 -71.9894240400
122.3000000000 -72.0430802727
122.4000000000 -72.0965830893
122.5000000000 -72.1499319746
122.6000000000 -72.2031264196
122.7000000000 -72.2561659210
122.8000000000 -72.3090499813
122.9000000000 -72.3617781092
123.0000000000 -72.4143498194
123.1000000000 -72.4667646326
123.2000000000 -72.5190220759
123.3000000000 -72.5711216826
123.4000000000 -72.6230629923
123.5000000000 -72.6748455511
123.6000000000 -72.7264689114
123.7000000000 -72.7779326322
123.8000000000 -72.8292362792
123.9000000000 -72.8803794245
124.0000000000 -72.9313616471
124.1000000000 -72.9821825326
124.2000000000 -73.0328416735
124.3000000000 -73.0833386689
124.4000000000 -73.1336731252
124.5000000000 -73.1838446555
124.6000000000 -73.2338528797
124.7000000000 -73.2836974251
124.8000000000 -73.3333779259
124.9000000000 -73.3828940233
125.0000000000 -73.4322453657
125.1000000000 -73.4814316089
125.2000000000 -73.5304524157
125.3000000000 -73.5793074561
125.4000000000 -73.6279964075
125.5000000000 -73.6765189545
125.6000000000 -73.7248747894
125.7000000000 -73.7730636113
125.8000000000 -73.8210851271
125.9000000000 -73.8689390510
126.0000000000 -73.9166251046
126.1000000000 -73.9641430169
126.2000000000 -74.0114925247
126.3000000000 -74.0586733718
126.4000000000 -74.1056853099
126.5000000000 -74.1525280981
126.6000000000 -74.1992015029
126.7000000000 -74.2457052986
126.8000000000 -74.2920392667
126.9000000000 -74.3382031967
127.0000000000 -74.3841968853
127.1000000000 -74.4300201370
127.2000000000 -74.4756727637
127.3000000000 -74.5211545851
127.4000000000 -74.5664654281
127.5000000000 -74.6116051277
127.6000000000 -74.6565735260
127.7000000000 -74.7013704729
127.8000000000 -74.7459958258
127.9000000000 -74.7904494498
128.0000000000 -74.8347312174
128.1000000000 -74.8788410086
128.2000000000 -74.9227787109
128.3000000000 -74.9665442197
128.4000000000 -75.0101374374
128.5000000000 -75.0535582742
128.6000000000 -75.0968066476
128.7000000000 -75.1398824827
128.8000000000 -75.1827857120
128.9000000000 -75.2255162753
129.0000000000 -75.2680741200
129.1000000000 -75.3104592006
129.2000000000 -75.3526714792
129.3000000000 -75.3947109252
129.4000000000 -75.4365775152
129.5000000000 -75.4782712330
129.6000000000 -75.5197920699
129.7000000000 -75.5611400242
129.8000000000 -75.6023151015
129.9000000000 -75.6433173144
130.0000000000 -75.6841466829
130.1000000000 -75.7248032339
130.2000000000 -75.5486538852
130.3000000000 -75.0397969375
130.4000000000 -74.2091900887
130.5000000000 -73.1118166202
130.6000000000 -71.7939651369
130.7000000000 -70.2738589773
130.8000000000 -68.5353850149
130.9000000000 -66.5213673195
131.0000000000 -64.1237359894
131.1000000000 -61.1978510430
131.2000000000 -57.6595008495
131.3000000000 -53.5547047059
131.4000000000 -48.9240377682
131.5000000000 -43.6517782586
131.6000000000 -37.5224977811
131.7000000000 -30.3232533229
131.8000000000 -21.8100279452
131.9000000000 -11.6420157576
132.0000000000 0.5470233559
132.1000000000 14.5164599877
132.2000000000 27.5047260297
132.3000000000 34.9032357079
132.4000000000 36.8665155105
132.5000000000 36.8995011523
132.6000000000 36.8256801003
132.7000000000 36.8749686097
132.8000000000 36.9820473071
132.9000000000 37.0957510574
133.0000000000 37.1914470532
133.1000000000 37.2592528525
133.2000000000 37.2964769774
133.3000000000 37.3037109607
133.4000000000 37.2828904288
133.5000000000 37.2363581417
133.6000000000 37.1664320137
133.7000000000 37.0752254948
133.8000000000 36.9645914884
133.9000000000 36.8361240809
134.0000000000 36.6911847974
134.1000000000 36.5309368662
134.2000000000 36.3563796394
134.3000000000 36.1683797531
134.4000000000 35.9676978405
134.5000000000 35.7550106901
134.6000000000 35.5309292190
134.7000000000 35.2960128093
134.8000000000 35.0507805865
134.9000000000 34.7957201770
135.0000000000 34.5312944190
135.1000000000 34.2579464310
135.2000000000 33.9761033733
135.3000000000 33.6861791807
135.4000000000 33.3885764914
135.5000000000 33.0836879566
135.6000000000 32.7718970783
135.7000000000 32.4535786944
135.8000000000 32.1290992061
135.9000000000 31.7988166231
136.0000000000 31.4630804858
136.1000000000 31.1222317115
136.2000000000 30.7766023997
136.3000000000 30.4265156248
136.4000000000 30.0722852355
136.5000000000 29.7142156764
136.6000000000 29.3526018410
136.7000000000 28.9877289640
136.8000000000 28.6198725552
136.9000000000 28.2492983771
137.0000000000 27.8762624667
137.1000000000 27.5010111985
137.2000000000 27.1237813873
137.3000000000 26.7448004276
137.4000000000 26.3642864659
137.5000000000 25.9824486018
137.6000000000 25.5994871150
137.7000000000 25.2155937129
137.8000000000 24.8309517967
137.9000000000 24.4457367408
138.0000000000 24.0601161834
138.1000000000 23.6742503243
138.2000000000 23.2882922273
138.3000000000 22.9023881246
138.4000000000 22.5166777206
138.5000000000 22.1312944933
138.6000000000 21.7463659915
138.7000000000 21.3620141256
138.8000000000 20.9783554513
138.9000000000 20.5955014445
139.0000000000 20.2135587671
139.1000000000 19.8326295220
139.2000000000 19.4528114978
139.3000000000 19.0741984015
139.4000000000 18.6968800800
139.5000000000 18.3209427294
139.6000000000 17.9464690924
139.7000000000 17.5735386437
139.8000000000 17.2022277630
139.9000000000 16.8326098970
140.0000000000 16.4647557090
140.1000000000 16.0987332175
140.2000000000 15.7346079237
140.3000000000 15.3724429278
140.4000000000 15.0122990357
140.5000000000 14.6542348554
140.6000000000 14.2983068831
140.7000000000 13.9445695815
140.8000000000 13.5930754484
140.9000000000 13.2438750775
141.0000000000 12.8970172112
141.1000000000 12.5525487866
141.2000000000 12.2105149741
141.3000000000 11.8709592102
141.4000000000 11.5339232245
141.5000000000 11.1994470609
141.6000000000 10.8675690944
141.7000000000 10.5383260435
141.8000000000 10.2117529787
141.9000000000 9.8878833276
142.0000000000 9.5667488771
142.1000000000 9.2483797731
142.2000000000 8.9328045182
142.3000000000 8.6200499683
142.4000000000 8.3101413268
142.5000000000 8.0031021399
142.6000000000 7.6989542897
142.7000000000 7.3977179886
142.8000000000 7.0994117740
142.9000000000 6.8040525027
143.0000000000 6.5116553477
143.1000000000 6.2222337953
143.2000000000 5.9357996446
143.3000000000 5.6523630080
143.4000000000 5.3719323145
143.5000000000 5.0945143149
143.6000000000 4.8201140892
143.7000000000 4.5487350571
143.8000000000 4.2803789903
143.9000000000 4.0150460286
144.0000000000 3.7527346974
144.1000000000 3.4934419292
144.2000000000 3.2371630874
144.3000000000 2.9838919922
144.4000000000 2.7336209504
144.5000000000 2.4863407868
144.6000000000 2.2420408786
144.7000000000 2.0007091919
144.8000000000 1.7623323210
144.9000000000 1.5268955288
145.0000000000 1.2943827904
145.1000000000 1.0647768375
145.2000000000 0.8380592050
145.3000000000 0.6142102786
145.4000000000 0.3932093438
145.5000000000 0.1750346362
145.6000000000 -0.0403366077
145.7000000000 -0.2529280992
145.8000000000 -0.4627644450
145.9000000000 -0.6698710953
146.0000000000 -0.8742742911
146.1000000000 -1.0760010122
146.2000000000 -1.2750789249
146.3000000000 -1.4715363307
146.4000000000 -1.6654021153
146.5000000000 -1.8567056979
146.6000000000 -2.0454769819
146.7000000000 -2.2317463067
146.8000000000 -2.4155443999
146.9000000000 -2.5969023309
147.0000000000 -2.7758514664
147.1000000000 -2.9524234262
147.2000000000 -3.1266500413
147.3000000000 -3.2985633129
147.4000000000 -3.4681953731
147.5000000000 -3.6355784471
147.6000000000 -3.8007448170
147.7000000000 -3.9637267876
147.8000000000 -4.1245566525
147.9000000000 -4.2832666636
148.0000000000 -4.4398890008
148.1000000000 -4.5944557439
148.2000000000 -4.7469988461
148.3000000000 -4.8975501086
148.4000000000 -5.0461411575
148.5000000000 -5.1928034212
148.6000000000 -5.3375681105
148.7000000000 -5.4804661986
148.8000000000 -5.6215284043
148.9000000000 -5.7607851747
149.0000000000 -5.8982666706
149.1000000000 -6.0340027526
149.2000000000 -6.1680229683
149.3000000000 -6.3003565409
149.4000000000 -6.4310323589
149.5000000000 -6.5600789668
149.6000000000 -6.6875245565
149.7000000000 -6.8133969606
149.8000000000 -6.9377236456
149.9000000000 -7.0605317065
150.0000000000 -7.1818478622
150.1000000000 -7.3016984515
150.2000000000 -7.4201094301
150.3000000000 -7.5371063683
150.4000000000 -7.6527144487
150.5000000000 -7.7669584655
150.6000000000 -7.8798628241
150.7000000000 -7.9914515403
150.8000000000 -8.1017482416
150.9000000000 -8.2107761676
151.0000000000 -8.3185581716
151.1000000000 -8.4251167222
151.2000000000 -8.5304739057
151.3000000000 -8.6346514285
151.4000000000 -8.7376706196
151.5000000000 -8.8395524340
151.6000000000 -8.9403174562
151.7000000000 -9.0399859034
151.8000000000 -9.1385776295
151.9000000000 -9.2361121291
152.0000000000 -9.3326085417
152.1000000000 -9.4280856561
152.2000000000 -9.5225619146
152.3000000000 -9.6160554179
152.4000000000 -9.7085839296
152.5000000000 -9.8001648812
152.6000000000 -9.8908153767
152.7000000000 -9.9805521977
152.8000000000 -10.0693918084
152.9000000000 -10.1573503605
153.0000000000 -10.2444436984
153.1000000000 -10.3306873640
153.2000000000 -10.4160966023
153.3000000000 -10.5006863658
153.4000000000 -10.5844713203
153.5000000000 -10.6674658493
153.6000000000 -10.7496840596
153.7000000000 -10.8311397859
153.8000000000 -10.9118465962
153.9000000000 -10.9918177963
154.0000000000 -11.0710664352
154.1000000000 -11.1496053096
154.2000000000 -11.2274469690
154.3000000000 -11.3046037202
154.4000000000 -11.3810876323
154.5000000000 -11.4569105414
154.6000000000 -11.5320840548
154.7000000000 -11.6066195561
154.8000000000 -11.6805282091
154.9000000000 -11.7538209629
155.0000000000 -11.8265085557
155.1000000000 -11.8986015192
155.2000000000 -11.9701101833
155.3000000000 -12.0410446795
155.4000000000 -12.1114149455
155.5000000000 -12.1812307293
155.6000000000 -12.2505015926
155.7000000000 -12.3192369153
155.8000000000 -12.3874458990
155.9000000000 -12.4551375706
156.0000000000 -12.5223207864
156.1000000000 -12.5890042353
156.2000000000 -12.6551964426
156.3000000000 -12.7209057733
156.4000000000 -12.7861404357
156.5000000000 -12.8509084844
156.6000000000 -12.9152178238
156.7000000000 -12.9790762116
156.8000000000 -13.0424912611
156.9000000000 -13.1054704452
157.0000000000 -13.1680210988
157.1000000000 -13.2301504218
157.2000000000 -13.2918654824
157.3000000000 -13.3531732196
157.4000000000 -13.4140804458
157.5000000000 -13.4745938499
157.6000000000 -13.5347199997
157.7000000000 -13.5944653446
157.8000000000 -13.6538362180
157.9000000000 -13.7128388400
158.0000000000 -13.7714793195
158.1000000000 -13.8297636570
158.2000000000 -13.8876977465
158.3000000000 -13.9452873781
158.4000000000 -14.0025382399
158.5000000000 -14.0594559206
158.6000000000 -14.1160459112
158.7000000000 -14.1723136073
158.8000000000 -14.2282643110
158.9000000000 -14.2839032331
159.0000000000 -14.3392354948
159.1000000000 -14.3942661298
159.2000000000 -14.4490000860
159.3000000000 -14.5034422273
159.4000000000 -14.5575973355
159.5000000000 -14.6114701120
159.6000000000 -14.6650651794
159.7000000000 -14.7183870835
159.8000000000 -14.7714402941
159.9000000000 -14.8242292077
160.0000000000 -14.8767581480
160.1000000000 -14.9290313682
160.2000000000 -14.9810530521
160.3000000000 -15.0328273154
160.4000000000 -15.0843582077
160.5000000000 -15.1356497131
160.6000000000 -15.1867057521
160.7000000000 -15.2375301829
160.8000000000 -15.2881268024
160.9000000000 -15.3384993477
161.0000000000 -15.3886514972
161.1000000000 -15.4385868719
161.2000000000 -15.4883090364
161.3000000000 -15.5378215003
161.4000000000 -15.5871277194
161.5000000000 -15.6362310962
161.6000000000 -15.6851349817
161.7000000000 -15.7338426761
161.8000000000 -15.7823574298
161.9000000000 -15.8306824445
162.0000000000 -15.8788208741
162.1000000000 -15.9267758259
162.2000000000 -15.9745503613
162.3000000000 -16.0221474966
162.4000000000 -16.0695702045
162.5000000000 -16.1168214141
162.6000000000 -16.1639040125
162.7000000000 -16.2108208455
162.8000000000 -16.2575747180
162.9000000000 -16.3041683952
163.0000000000 -16.3506046035
163.1000000000 -16.3968860308
163.2000000000 -16.4430153277
163.3000000000 -16.4889951079
163.4000000000 -16.5348279493
163.5000000000 -16.5805163944
163.6000000000 -16.6260629510
163.7000000000 -16.6714700930
163.8000000000 -16.7167402611
163.9000000000 -16.7618758634
164.0000000000 -16.8068792758
164.1000000000 -16.8517528432
164.2000000000 -16.8964988793
164.3000000000 -16.9411196680
164.4000000000 -16.9856174635
164.5000000000 -17.0299944909
164.6000000000 -17.0742529469
164.7000000000 -17.1183950004
164.8000000000 -17.1624227929
164.9000000000 -17.2063384389
165.0000000000 -17.2501440268
165.1000000000 -17.2938416190
165.2000000000 -17.3374332527
165.3000000000 -17.3809209401
165.4000000000 -17.4243066692
165.5000000000 -17.4675924040
165.6000000000 -17.5107800850
165.7000000000 -17.5538716297
165.8000000000 -17.5968689331
165.9000000000 -17.6397738680
166.0000000000 -17.6825882855
166.1000000000 -17.7253140153
166.2000000000 -17.7679528663
166.3000000000 -17.8105066266
166.4000000000 -17.8529770645
166.5000000000 -17.8953659284
166.6000000000 -17.9376749472
166.7000000000 -17.9799058308
166.8000000000 -18.0220602706
166.9000000000 -18.0641399394
167.0000000000 -18.1061464923
167.1000000000 -18.1480815665
167.2000000000 -18.1899467820
167.3000000000 -18.2317437418
167.4000000000 -18.2734740321
167.5000000000 -18.3151392229
167.6000000000 -18.3567408679
167.7000000000 -18.3982805054
167.8000000000 -18.4397596577
167.9000000000 -18.4811798324
168.0000000000 -18.5225425218
168.1000000000 -18.5638492038
168.2000000000 -18.6051013418
168.3000000000 -18.6463003852
168.4000000000 -18.6874477695
168.5000000000 -18.7285449166
168.6000000000 -18.7695932350
168.7000000000 -18.8105941202
168.8000000000 -18.8515489549
168.9000000000 -18.8924591090
169.0000000000 -18.9333259401
169.1000000000 -18.9741507938
169.2000000000 -19.0149350035
169.3000000000 -19.0556798911
169.4000000000 -19.0963867668
169.5000000000 -19.1370569297
169.6000000000 -19.1776916677
169.7000000000 -19.2182922579
169.8000000000 -19.2588599666
169.9000000000 -19.2993960498
170.0000000000 -19.3399017531
170.1000000000 -19.3803783120
170.2000000000 -19.4208269521
170.3000000000 -19.4612488893
170.4000000000 -19.5016453298
170.5000000000 -19.5420174706
170.6000000000 -19.5823664994
170.7000000000 -19.6226935949
170.8000000000 -19.6629999270
170.9000000000 -19.7032866567
171.0000000000 -19.7435549365
171.1000000000 -19.7838059108
171.2000000000 -19.8240407154
171.3000000000 -19.8642604781
171.4000000000 -19.9044663188
171.5000000000 -19.9446593498
171.6000000000 -19.9848406754
171.7000000000 -20.0250113928
171.8000000000 -20.0651725913
171.9000000000 -20.1053253535
172.0000000000 -20.1454707547
172.1000000000 -20.1856098631
172.2000000000 -20.2257437403
172.3000000000 -20.2658734409
172.4000000000 -20.3060000134
172.5000000000 -20.3461244992
172.6000000000 -20.3862479339
172.7000000000 -20.4263713466
172.8000000000 -20.4664957603
172.9000000000 -20.5066221922
173.0000000000 -20.5467516534
173.1000000000 -20.5868851492
173.2000000000 -20.6270236795
173.3000000000 -20.6671682384
173.4000000000 -20.7073198146
173.5000000000 -20.7474793915
173.6000000000 -20.7876479471
173.7000000000 -20.8278264545
173.8000000000 -20.8680158816
173.9000000000 -20.9082171911
174.0000000000 -20.9484313413
174.1000000000 -20.9886592853
174.2000000000 -21.0289019717
174.3000000000 -21.0691603445
174.4000000000 -21.1094353432
174.5000000000 -21.1497279028
174.6000000000 -21.1900389538
174.7000000000 -21.2303694229
174.8000000000 -21.2707202320
174.9000000000 -21.3110922994
175.0000000000 -21.3514865391
175.1000000000 -21.3919038612
175.2000000000 -21.4323451720
175.3000000000 -21.4728113738
175.4000000000 -21.5133033653
175.5000000000 -21.5538220415
175.6000000000 -21.5943682939
175.7000000000 -21.6349430102
175.8000000000 -21.6755470750
175.9000000000 -21.7161813691
176.0000000000 -21.7568467703
176.1000000000 -21.7975441528
176.2000000000 -21.8382743879
176.3000000000 -21.8790383436
176.4000000000 -21.9198368847
176.5000000000 -21.9606708730
176.6000000000 -22.0015411675
176.7000000000 -22.0424486241
176.8000000000 -22.0833940957
176.9000000000 -22.1243784327
177.0000000000 -22.1654024823
177.1000000000 -22.2064670894
177.2000000000 -22.2475730960
177.3000000000 -22.2887213414
177.4000000000 -22.3299126623
177.5000000000 -22.3711478932
177.6000000000 -22.4124278657
177.7000000000 -22.4537534091
177.8000000000 -22.4951253503
177.9000000000 -22.5365445138
178.0000000000 -22.5780117217
178.1000000000 -22.6195277940
178.2000000000 -22.6610935483
178.3000000000 -22.7027097999
178.4000000000 -22.7443773622
178.5000000000 -22.7860970460
178.6000000000 -22.8278696604
178.7000000000 -22.8696960121
178.8000000000 -22.9115769061
178.9000000000 -22.9535131450
179.0000000000 -22.9955055296
179.1000000000 -23.0375548588
179.2000000000 -23.0796619293
179.3000000000 -23.1218275361
179.4000000000 -23.1640524723
179.5000000000 -23.2063375291
179.6000000000 -23.2486834956
179.7000000000 -23.2910911596
179.8000000000 -23.3335613067
179.9000000000 -23.3760947208
180.0000000000 -23.4186921842
180.1000000000 -23.4613544771
180.2000000000 -23.5040823785
180.3000000000 -23.5468766651
180.4000000000 -23.5897381125
180.5000000000 -23.6326674940
180.6000000000 -23.6756655818
180.7000000000 -23.7187331462
180.8000000000 -23.7618709557
180.9000000000 -23.8050797774
181.0000000000 -23.8483603768
181.1000000000 -23.8917135175
181.2000000000 -23.9351399619
181.3000000000 -23.9786404705
181.4000000000 -24.0222158023
181.5000000000 -24.0658667146
181.6000000000 -24.1095939634
181.7000000000 -24.1533983029
181.8000000000 -24.1972804856
181.9000000000 -24.2412412628
182.0000000000 -24.2852813840
182.1000000000 -24.3294015970
182.2000000000 -24.3736026482
182.3000000000 -24.4178852823
182.4000000000 -24.4622502427
182.5000000000 -24.5066982708
182.6000000000 -24.5512301066
182.7000000000 -24.5958464886
182.8000000000 -24.6405481534
182.9000000000 -24.6853358364
183.0000000000 -24.7302102710
183.1000000000 -24.7751721891
183.2000000000 -24.8202223209
183.3000000000 -24.8653613952
183.4000000000 -24.9105901386
183.5000000000 -24.9559092766
183.6000000000 -25.0013195326
183.7000000000 -25.0468216284
183.8000000000 -25.0924162842
183.9000000000 -25.1381042181
184.0000000000 -25.1838861468
184.1000000000 -25.2297627850
184.2000000000 -25.2757348457
184.3000000000 -25.3218030400
184.4000000000 -25.3679680771
184.5000000000 -25.4142306644
184.6000000000 -25.4605915073
184.7000000000 -25.5070513095
184.8000000000 -25.5536107725
184.9000000000 -25.6002705959
185.0000000000 -25.6470314774
185.1000000000 -25.6938941124
185.2000000000 -25.7408591944
185.3000000000 -25.7879274149
185.4000000000 -25.8350994631
185.5000000000 -25.8823760261
185.6000000000 -25.9297577888
185.7000000000 -25.9772454338
185.8000000000 -26.0248396415
185.9000000000 -26.0725410901
186.0000000000 -26.1203504551
186.1000000000 -26.1682684101
186.2000000000 -26.2162956259
186.3000000000 -26.2644327709
186.4000000000 -26.3126805113
186.5000000000 -26.3610395103
186.6000000000 -26.4095104288
186.7000000000 -26.4580939249
186.8000000000 -26.5067906543
186.9000000000 -26.5556012697
187.0000000000 -26.6045264211
187.1000000000 -26.6535667557
187.2000000000 -26.7027229178
187.3000000000 -26.7519955489
187.4000000000 -26.8013852873
187.5000000000 -26.8508927685
187.6000000000 -26.9005186248
187.7000000000 -26.9502634855
187.8000000000 -27.0001279765
187.9000000000 -27.0501127206
188.0000000000 -27.1002183374
188.1000000000 -27.1504454430
188.2000000000 -27.2007946501
188.3000000000 -27.2512665680
188.4000000000 -27.3018618025
188.5000000000 -27.3525809556
188.6000000000 -27.4034246259
188.7000000000 -27.4543934081
188.8000000000 -27.5054878933
188.9000000000 -27.5567086687
189.0000000000 -27.6080563175
189.1000000000 -27.6595314190
189.2000000000 -27.7111345485
189.3000000000 -27.7628662771
189.4000000000 -27.8147271717
189.5000000000 -27.8667177953
189.6000000000 -27.9188387060
189.7000000000 -27.9710904581
189.8000000000 -28.0234736011
189.9000000000 -28.0759886800
190.0000000000 -28.1286362354
190.1000000000 -28.1814168030
190.2000000000 -28.2343309138
190.3000000000 -28.2873790942
190.4000000000 -28.3405618653
190.5000000000 -28.3938797437
190.6000000000 -28.4473332405
190.7000000000 -28.5009228619
190.8000000000 -28.5546491090
190.9000000000 -28.6085124773
191.0000000000 -28.6625134573
191.1000000000 -28.7166525338
191.2000000000 -28.7709301860
191.3000000000 -28.8253468879
191.4000000000 -28.8799031073
191.5000000000 -28.9345993067
191.6000000000 -28.9894359423
191.7000000000 -29.0444134647
191.8000000000 -29.0995323184
191.9000000000 -29.1547929416
192.0000000000 -29.2101957666
192.1000000000 -29.2657412192
192.2000000000 -29.3214297189
192.3000000000 -29.3772616789
192.4000000000 -29.4332375056
192.5000000000 -29.4893575989
192.6000000000 -29.5456223521
192.7000000000 -29.6020321516
192.8000000000 -29.6585873769
192.9000000000 -29.7152884005
193.0000000000 -29.7721355880
193.1000000000 -29.8291292976
193.2000000000 -29.8862698805
193.3000000000 -29.9435576805
193.4000000000 -30.0009930340
193.5000000000 -30.0585762697
193.6000000000 -30.1163077090
193.7000000000 -30.1741876656
193.8000000000 -30.2322164451
193.9000000000 -30.2903943456
194.0000000000 -30.3487216572
194.1000000000 -30.4071986618
194.2000000000 -30.4658256332
194.3000000000 -30.5246028372
194.4000000000 -30.5835305310
194.5000000000 -30.6426089638
194.6000000000 -30.7018383759
194.7000000000 -30.7612189993
194.8000000000 -30.8207510573
194.9000000000 -30.8804347644
195.0000000000 -30.9402703264
195.1000000000 -31.0002579400
195.2000000000 -31.0603977932
195.3000000000 -31.1206900645
195.4000000000 -31.1811349237
195.5000000000 -31.2417325310
195.6000000000 -31.3024830374
195.7000000000 -31.3633865846
195.8000000000 -31.4244433045
195.9000000000 -31.4856533197
196.0000000000 -31.5470167431
196.1000000000 -31.6085336777
196.2000000000 -31.6702042169
196.3000000000 -31.7320284440
196.4000000000 -31.7940064324
196.5000000000 -31.8561382455
196.6000000000 -31.9184239366
196.7000000000 -31.9808635487
196.8000000000 -32.0434571145
196.9000000000 -32.1062046564
197.0000000000 -32.1691061865
197.1000000000 -32.2321617062
197.2000000000 -32.2953712066
197.3000000000 -32.3587346678
197.4000000000 -32.4222520596
197.5000000000 -32.4859233407
197.6000000000 -32.5497484593
197.7000000000 -32.6137273524
197.8000000000 -32.6778599464
197.9000000000 -32.7421461564
198.0000000000 -32.8065858864
198.1000000000 -32.8711790297
198.2000000000 -32.9359254679
198.3000000000 -33.0008250717
198.4000000000 -33.0658777004
198.5000000000 -33.1310832021
198.6000000000 -33.1964414132
198.7000000000 -33.2619521590
198.8000000000 -33.3276152532
198.9000000000 -33.3934304980
199.0000000000 -33.4593976840
199.1000000000 -33.5255165903
199.2000000000 -33.5917869843
199.3000000000 -33.6582086216
199.4000000000 -33.7247812463
199.5000000000 -33.7915045907
199.6000000000 -33.8583783753
199.7000000000 -33.9254023090
199.8000000000 -33.9925760884
199.9000000000 -34.0598993989
200.0000000000 -34.1273719135
200.1000000000 -34.1949932936
200.2000000000 -34.2627631886
200.3000000000 -34.3306812362
200.4000000000 -34.3987470618
200.5000000000 -34.4669602793
200.6000000000 -34.5353204902
200.7000000000 -34.6038272846
200.8000000000 -34.6724802401
200.9000000000 -34.7412789227
201.0000000000 -34.8102228864
201.1000000000 -34.8793116733
201.2000000000 -34.9485448135
201.3000000000 -35.0179218251
201.4000000000 -35.0874422146
201.5000000000 -35.1571054762
201.6000000000 -35.2269110926
201.7000000000 -35.2968585345
201.8000000000 -35.3669472607
201.9000000000 -35.4371767184
202.0000000000 -35.5075463429
202.1000000000 -35.5780555576
202.2000000000 -35.6487037747
202.3000000000 -35.7194903941
202.4000000000 -35.7904148046
202.5000000000 -35.8614763832
202.6000000000 -35.9326744953
202.7000000000 -36.0040084950
202.8000000000 -36.0754777248
202.9000000000 -36.1470815158
203.0000000000 -36.2188191880
203.1000000000 -36.2906900498
203.2000000000 -36.3626933988
203.3000000000 -36.4348285211
203.4000000000 -36.5070946918
203.5000000000 -36.5794911753
203.6000000000 -36.6520172246
203.7000000000 -36.7246720822
203.8000000000 -36.7974549798
203.9000000000 -36.8703651381
204.0000000000 -36.9434017676
204.1000000000 -37.0165640681
204.2000000000 -37.0898512288
204.3000000000 -37.1632624289
204.4000000000 -37.2367968370
204.5000000000 -37.3104536119
204.6000000000 -37.3842319022
204.7000000000 -37.4581308464
204.8000000000 -37.5321495735
204.9000000000 -37.6062872024
205.0000000000 -37.6805428427
205.1000000000 -37.7549155942
205.2000000000 -37.8294045477
205.3000000000 -37.9040087843
205.4000000000 -37.9787273763
205.5000000000 -38.0535593868
205.6000000000 -38.1285038699
205.7000000000 -38.2035598712
205.8000000000 -38.2787264275
205.9000000000 -38.3540025671
206.0000000000 -38.4293873098
206.1000000000 -38.5048796675
206.2000000000 -38.5804786437
206.3000000000 -38.6561832340
206.4000000000 -38.7319924262
206.5000000000 -38.8079052006
206.6000000000 -38.8839205297
206.7000000000 -38.9600373789
206.8000000000 -39.0362547062
206.9000000000 -39.1125714625
207.0000000000 -39.1889865920
207.1000000000 -39.2654990320
207.2000000000 -39.3421077132
207.3000000000 -39.4188115599
207.4000000000 -39.4956094902
207.5000000000 -39.5725004160
207.6000000000 -39.6494832432
207.7000000000 -39.7265568721
207.8000000000 -39.8037201973
207.9000000000 -39.8809721080
208.0000000000 -39.9583114880
208.1000000000 -40.0357372162
208.2000000000 -40.1132481665
208.3000000000 -40.1908432080
208.4000000000 -40.2685212052
208.5000000000 -40.3462810185
208.6000000000 -40.4241215038
208.7000000000 -40.5020415129
208.8000000000 -40.5800398940
208.9000000000 -40.6581154915
209.0000000000 -40.7362671463
209.1000000000 -40.8144936961
209.2000000000 -40.8927939752
209.3000000000 -40.9711668152
209.4000000000 -41.0496110448
209.5000000000 -41.1281254903
209.6000000000 -41.2067089753
209.7000000000 -41.2853603216
209.8000000000 -41.3640783485
209.9000000000 -41.4428618739
210.0000000000 -41.5217097137
210.1000000000 -41.6006206825
210.2000000000 -41.6795935936
210.3000000000 -41.7586272592
210.4000000000 -41.8377204905
210.5000000000 -41.9168720981
210.6000000000 -41.9960808919
210.7000000000 -42.0753456815
210.8000000000 -42.1546652764
210.9000000000 -42.2340384860
211.0000000000 -42.3134641199
211.1000000000 -42.3929409881
211.2000000000 -42.4724679011
211.3000000000 -42.5520436701
211.4000000000 -42.6316671074
211.5000000000 -42.7113370261
211.6000000000 -42.7910522409
211.7000000000 -42.8708115675
211.8000000000 -42.9506138237
211.9000000000 -43.0304578288
212.0000000000 -43.1103424040
212.1000000000 -43.1902663730
212.2000000000 -43.2702285615
212.3000000000 -43.3502277977
212.4000000000 -43.4302629125
212.5000000000 -43.5103327399
212.6000000000 -43.5904361163
212.7000000000 -43.6705718819
212.8000000000 -43.7507388796
212.9000000000 -43.8309359563
213.0000000000 -43.9111619623
213.1000000000 -43.9914157516
213.2000000000 -44.0716961823
213.3000000000 -44.1520021166
213.4000000000 -44.2323324210
213.5000000000 -44.3126859662
213.6000000000 -44.3930616278
213.7000000000 -44.4734582858
213.8000000000 -44.5538748251
213.9000000000 -44.6343101359
214.0000000000 -44.7147631133
214.1000000000 -44.7952326575
214.2000000000 -44.8757176745
214.3000000000 -44.9562170757
214.4000000000 -45.0367297781
214.5000000000 -45.1172547046
214.6000000000 -45.1977907841
214.7000000000 -45.2783369515
214.8000000000 -45.3588921479
214.9000000000 -45.4394553207
215.0000000000 -45.5200254239
215.1000000000 -45.6006014179
215.2000000000 -45.6811822699
215.3000000000 -45.7617669536
215.4000000000 -45.8423544500
215.5000000000 -45.9229437469
215.6000000000 -46.0035338391
215.7000000000 -46.0841237289
215.8000000000 -46.1647124257
215.9000000000 -46.2452989463
216.0000000000 -46.3258823151
216.1000000000 -46.4064615641
216.2000000000 -46.4870357329
216.3000000000 -46.5676038691
216.4000000000 -46.6481650279
216.5000000000 -46.7287182725
216.6000000000 -46.8092626742
216.7000000000 -46.8897973125
216.8000000000 -46.9703212748
216.9000000000 -47.0508336569
217.0000000000 -47.1313335630
217.1000000000 -47.2118201056
217.2000000000 -47.2922924057
217.3000000000 -47.3727495926
217.4000000000 -47.4531908045
217.5000000000 -47.5336151880
217.6000000000 -47.6140218984
217.7000000000 -47.6944100998
217.8000000000 -47.7747789651
217.9000000000 -47.8551276759
218.0000000000 -47.9354554228
218.1000000000 -48.0157614052
218.2000000000 -48.0960448315
218.3000000000 -48.1763049191
218.4000000000 -48.2565408944
218.5000000000 -48.3367519928
218.6000000000 -48.4169374588
218.7000000000 -48.4970965461
218.8000000000 -48.5772285174
218.9000000000 -48.6573326445
219.0000000000 -48.7374082085
219.1000000000 -48.8174544996
219.2000000000 -48.8974708171
219.3000000000 -48.9774564697
219.4000000000 -49.0574107751
219.5000000000 -49.1373330604
219.6000000000 -49.2172226617
219.7000000000 -49.2970789245
219.8000000000 -49.3769012034
219.9000000000 -49.4566888622
220.0000000000 -49.5364412741
220.1000000000 -49.6161578212
220.2000000000 -49.6958378949
220.3000000000 -49.7754808958
220.4000000000 -49.8550862337
220.5000000000 -49.9346533274
220.6000000000 -50.0141816049
220.7000000000 -50.0936705033
220.8000000000 -50.1731194686
220.9000000000 -50.2525279562
221.0000000000 -50.3318954300
221.1000000000 -50.4112213634
221.2000000000 -50.4905052384
221.3000000000 -50.5697465460
221.4000000000 -50.6489447861
221.5000000000 -50.7280994675
221.6000000000 -50.8072101076
221.7000000000 -50.8862762328
221.8000000000 -50.9652973779
221.9000000000 -51.0442730867
222.0000000000 -51.1232029114
222.1000000000 -51.2020864127
222.2000000000 -51.2809231600
222.3000000000 -51.3597127310
222.4000000000 -51.4384547119
222.5000000000 -51.5171486971
222.6000000000 -51.5957942895
222.7000000000 -51.6743911000
222.8000000000 -51.7529387477
222.9000000000 -51.8314368598
223.0000000000 -51.9098850716
223.1000000000 -51.9882830263
223.2000000000 -52.0666303750
223.3000000000 -52.1449267765
223.4000000000 -52.2231718975
223.5000000000 -52.3013654123
223.6000000000 -52.3795070027
223.7000000000 -52.4575963581
223.8000000000 -52.5356331755
223.9000000000 -52.6136171589
224.0000000000 -52.6915480199
224.1000000000 -52.7694254770
224.2000000000 -52.8472492561
224.3000000000 -52.9250190899
224.4000000000 -53.0027347180
224.5000000000 -53.0803958872
224.6000000000 -53.1580023507
224.7000000000 -53.2355538684
224.8000000000 -53.3130502069
224.9000000000 -53.3904911394
225.0000000000 -53.4678764451
225.1000000000 -53.5452059098
225.2000000000 -53.6224793255
225.3000000000 -53.6996964901
225.4000000000 -53.7768572078
225.5000000000 -53.8539612883
225.6000000000 -53.9310085476
225.7000000000 -54.0079988069
225.8000000000 -54.0849318935
225.9000000000 -54.1618076397
226.0000000000 -54.2386258836
226.1000000000 -54.3153864685
226.2000000000 -54.3920892426
226.3000000000 -54.4687340597
226.4000000000 -54.5453207780
226.5000000000 -54.6218492610
226.6000000000 -54.6983193769
226.7000000000 -54.7747309983
226.8000000000 -54.8510840026
226.9000000000 -54.9273782715
227.0000000000 -55.0036136912
227.1000000000 -55.0797901518
227.2000000000 -55.1559075477
227.3000000000 -55.2319657773
227.4000000000 -55.3079647429
227.5000000000 -55.3839043504
227.6000000000 -55.4597845094
227.7000000000 -55.5356051332
227.8000000000 -55.6113661383
227.9000000000 -55.6870674447
228.0000000000 -55.7627089753
228.1000000000 -55.8382906565
228.2000000000 -55.9138124172
228.3000000000 -55.9892741894
228.4000000000 -56.0646759078
228.5000000000 -56.1400175096
228.6000000000 -56.2152989347
228.7000000000 -56.2905201252
228.8000000000 -56.3656810254
228.9000000000 -56.4407815819
229.0000000000 -56.5158217432
229.1000000000 -56.5908014598
229.2000000000 -56.6657206839
229.3000000000 -56.7405793694
229.4000000000 -56.8153774717
229.5000000000 -56.8901149478
229.6000000000 -56.9647917557
229.7000000000 -57.0394078549
229.8000000000 -57.1139632059
229.9000000000 -57.1884577700
230.0000000000 -57.2628915094
230.1000000000 -57.3372643873
230.2000000000 -57.4115763671
230.3000000000 -57.4858274128
230.4000000000 -57.5600174891
230.5000000000 -57.6341465604
230.6000000000 -57.7082145917
230.7000000000 -57.7822215479
230.8000000000 -57.8561673936
230.9000000000 -57.9300520935
231.0000000000 -58.0038756118
231.1000000000 -58.0776379122
231.2000000000 -58.1513389580
231.3000000000 -58.2249787119
231.4000000000 -58.2985571355
231.5000000000 -58.3720741898
231.6000000000 -58.4455298346
231.7000000000 -58.5189240289
231.8000000000 -58.5922567300
231.9000000000 -58.6655278943
232.0000000000 -58.7387374766
232.1000000000 -58.8118854300
232.2000000000 -58.8849717061
232.3000000000 -58.9579962546
232.4000000000 -59.0309590236
232.5000000000 -59.1038599588
232.6000000000 -59.1766990042
232.7000000000 -59.2494761013
232.8000000000 -59.3221911895
232.9000000000 -59.3948442057
233.0000000000 -59.4674350844
233.1000000000 -59.5399637573
233.2000000000 -59.6124301536
233.3000000000 -59.6848341995
233.4000000000 -59.7571758185
233.5000000000 -59.8294549310
233.6000000000 -59.9016714543
233.7000000000 -59.9738253025
233.8000000000 -60.0459163864
233.9000000000 -60.1179446135
234.0000000000 -60.1899098877
234.1000000000 -60.2618121095
234.2000000000 -60.3336511756
234.3000000000 -60.4054269791
234.4000000000 -60.4771394091
234.5000000000 -60.5487883510
234.6000000000 -60.6203736861
234.7000000000 -60.6918952916
234.8000000000 -60.7633530405
234.9000000000 -60.8347468017
235.0000000000 -60.9060764396
235.1000000000 -60.9773418145
235.2000000000 -61.0485427819
235.3000000000 -61.1196791928
235.4000000000 -61.1907508939
235.5000000000 -61.2617577269
235.6000000000 -61.3326995287
235.7000000000 -61.4035761317
235.8000000000 -61.4743873631
235.9000000000 -61.5451330452
236.0000000000 -61.6158129955
236.1000000000 -61.6864270260
236.2000000000 -61.7569749440
236.3000000000 -61.8274565512
236.4000000000 -61.8978716445
236.5000000000 -61.9682200150
236.6000000000 -62.0385014487
236.7000000000 -62.1087157262
236.8000000000 -62.1788626225
236.9000000000 -62.2489419073
237.0000000000 -62.3189533445
237.1000000000 -62.3888966924
237.2000000000 -62.4587717039
237.3000000000 -62.5285781261
237.4000000000 -62.5983157002
237.5000000000 -62.6679841618
237.6000000000 -62.7375832408
237.7000000000 -62.8071126610
237.8000000000 -62.8765721407
237.9000000000 -62.9459613920
238.0000000000 -63.0152801213
238.1000000000 -63.0845280289
238.2000000000 -63.1537048092
238.3000000000 -63.2228101507
238.4000000000 -63.2918437359
238.5000000000 -63.3608052411
238.6000000000 -63.4296943368
238.7000000000 -63.4985106875
238.8000000000 -63.5672539513
238.9000000000 -63.6359237806
239.0000000000 -63.7045198217
239.1000000000 -63.7730417146
239.2000000000 -63.8414890935
239.3000000000 -63.9098615865
239.4000000000 -63.9781588154
239.5000000000 -64.0463803962
239.6000000000 -64.1145259389
239.7000000000 -64.1825950471
239.8000000000 -64.2505873189
239.9000000000 -64.3185023458
240.0000000000 -64.3863397139
240.1000000000 -64.4540990028
240.2000000000 -64.5217797866
240.3000000000 -64.5893816330
240.4000000000 -64.6569041042
240.5000000000 -64.7243467564
240.6000000000 -64.7917091397
240.7000000000 -64.8589907987
240.8000000000 -64.9261912721
240.9000000000 -64.9933100928
241.0000000000 -65.0603467881
241.1000000000 -65.1273008793
241.2000000000 -65.1941718826
241.3000000000 -65.2609593081
241.4000000000 -65.3276626607
241.5000000000 -65.3942814396
241.6000000000 -65.4608151387
241.7000000000 -65.5272632462
241.8000000000 -65.5936252455
241.9000000000 -65.6599006141
242.0000000000 -65.7260888248
242.1000000000 -65.7921893448
242.2000000000 -65.8582016365
242.3000000000 -65.9241251571
242.4000000000 -65.9899593588
242.5000000000 -66.0557036891
242.6000000000 -66.1213575905
242.7000000000 -66.1869205006
242.8000000000 -66.2523918525
242.9000000000 -66.3177710747
243.0000000000 -66.3830575909
243.1000000000 -66.4482508207
243.2000000000 -66.5133501790
243.3000000000 -66.5783550766
243.4000000000 -66.6432649198
243.5000000000 -66.7080791111
243.6000000000 -66.7727970488
243.7000000000 -66.8374181272
243.8000000000 -66.9019417368
243.9000000000 -66.9663672641
244.0000000000 -67.0306940923
244.1000000000 -67.0949216007
244.2000000000 -67.1590491651
244.3000000000 -67.2230761581
244.4000000000 -67.2870019489
244.5000000000 -67.3508259034
244.6000000000 -67.4145473844
244.7000000000 -67.4781657519
244.8000000000 -67.5416803629
244.9000000000 -67.6050905714
245.0000000000 -67.6683957289
245.1000000000 -67.7315951845
245.2000000000 -67.7946882844
245.3000000000 -67.8576743727
245.4000000000 -67.9205527913
245.5000000000 -67.9833228798
245.6000000000 -68.0459839757
245.7000000000 -68.1085354149
245.8000000000 -68.1709765312
245.9000000000 -68.2333066567
246.0000000000 -68.2955251222
246.1000000000 -68.3576312567
246.2000000000 -68.4196243880
246.3000000000 -68.4815038428
246.4000000000 -68.5432689465
246.5000000000 -68.6049190235
246.6000000000 -68.6664533974
246.7000000000 -68.7278713911
246.8000000000 -68.7891723267
246.9000000000 -68.8503555260
247.0000000000 -68.9114203101
247.1000000000 -68.9723660001
247.2000000000 -69.0331919168
247.3000000000 -69.0938973810
247.4000000000 -69.1544817136
247.5000000000 -69.2149442356
247.6000000000 -69.2752842684
247.7000000000 -69.3355011339
247.8000000000 -69.3955941546
247.9000000000 -69.4555626534
248.0000000000 -69.5154059544
248.1000000000 -69.5751233824
248.2000000000 -69.6347142632
248.3000000000 -69.6941779240
248.4000000000 -69.7535136930
248.5000000000 -69.8127209001
248.6000000000 -69.8717988765
248.7000000000 -69.9307469552
248.8000000000 -69.9895644709
248.9000000000 -70.0482507602
249.0000000000 -70.1068051617
249.1000000000 -70.1652270161
249.2000000000 -70.2235156665
249.3000000000 -70.2816704580
249.4000000000 -70.3396907386
249.5000000000 -70.3975758586
249.6000000000 -70.4553251710
249.7000000000 -70.5129380318
249.8000000000 -70.5704137997
249.9000000000 -70.6277518366
250.0000000000 -70.6849515076
250.1000000000 -70.7420121808
250.2000000000 -70.7989332278
250.3000000000 -70.8557140239
250.4000000000 -70.9123539477
250.5000000000 -70.9688523814
250.6000000000 -71.0252087114
250.7000000000 -71.0814223277
250.8000000000 -71.1374926243
250.9000000000 -71.1934189994
251.0000000000 -71.2492008554
251.1000000000 -71.3048375989
251.2000000000 -71.3603286410
251.3000000000 -71.4156733974
251.4000000000 -71.4708712882
251.5000000000 -71.5259217382
251.6000000000 -71.5808241772
251.7000000000 -71.6355780396
251.8000000000 -71.6901827649
251.9000000000 -71.7446377977
252.0000000000 -71.7989425877
252.1000000000 -71.8530965897
252.2000000000 -71.9070992642
252.3000000000 -71.9609500766
252.4000000000 -72.0146484981
252.5000000000 -72.0681940054
252.6000000000 -72.1215860808
252.7000000000 -72.1748242124
252.8000000000 -72.2279078940
252.9000000000 -72.2808366253
253.0000000000 -72.3336099121
253.1000000000 -72.3862272659
253.2000000000 -72.4386882045
253.3000000000 -72.4909922519
253.4000000000 -72.5431389382
253.5000000000 -72.5951277998
253.6000000000 -72.6469583795
253.7000000000 -72.6986302265
253.8000000000 -72.7501428965
253.9000000000 -72.8014959516
254.0000000000 -72.8526889606
254.1000000000 -72.9037214991
254.2000000000 -72.9545931490
254.3000000000 -73.0053034993
254.4000000000 -73.0558521458
254.5000000000 -73.1062386908
254.6000000000 -73.1564627439
254.7000000000 -73.2065239214
254.8000000000 -73.2564218467
254.9000000000 -73.3061561502
255.0000000000 -73.3557264694
255.1000000000 -73.4051324489
255.2000000000 -73.4543737403
255.3000000000 -73.5034500026
255.4000000000 -73.5523609019
255.5000000000 -73.6011061117
255.6000000000 -73.6496853125
255.7000000000 -73.6980981923
255.8000000000 -73.7463444464
255.9000000000 -73.7944237776
256.0000000000 -73.8423358959
256.1000000000 -73.8900805187
256.2000000000 -73.9376573709
256.3000000000 -73.9850661849
256.4000000000 -74.0323067006
256.5000000000 -74.0793786652
256.6000000000 -74.1262818334
256.7000000000 -74.1730159678
256.8000000000 -74.2195808380
256.9000000000 -74.2659762215
257.0000000000 -74.3122019032
257.1000000000 -74.3582576756
257.2000000000 -74.4041433387
257.3000000000 -74.4498587000
257.4000000000 -74.4954035748
257.5000000000 -74.5407777858
257.6000000000 -74.5859811632
257.7000000000 -74.6310135449
257.8000000000 -74.6758747762
257.9000000000 -74.7205647102
258.0000000000 -74.7650832074
258.1000000000 -74.8094301357
258.2000000000 -74.8536053708
258.3000000000 -74.8976087958
258.4000000000 -74.9414403013
258.5000000000 -74.9850997853
258.6000000000 -75.0285871536
258.7000000000 -75.0719023191
258.8000000000 -75.1150452023
258.9000000000 -75.1580157313
259.0000000000 -75.2008138414
259.1000000000 -75.2434394753
259.2000000000 -75.2858925832
259.3000000000 -75.3281731226
259.4000000000 -75.3702810583
259.5000000000 -75.4122163624
259.6000000000 -75.4539790143
259.7000000000 -75.4955690007
259.8000000000 -75.5369863155
259.9000000000 -75.5782309597
