0.0000000000 -53.1111033236
0.1000000000 -53.2046805674
0.2000000000 -53.2981867307
0.3000000000 -53.3916213546
0.4000000000 -53.4849839913
0.5000000000 -53.5782742031
0.6000000000 -53.6714915623
0.7000000000 -53.7646356509
0.8000000000 -53.8577060606
0.9000000000 -53.9507023920
1.0000000000 -54.0436242548
1.1000000000 -54.1364712675
1.2000000000 -54.2292430567
1.3000000000 -54.3219392575
1.4000000000 -54.4145595126
1.5000000000 -54.5071034723
1.6000000000 -54.5995707944
1.7000000000 -54.6919611435
1.8000000000 -54.7842741911
1.9000000000 -54.8765096152
2.0000000000 -54.9686671000
2.1000000000 -55.0607463354
2.2000000000 -55.1527470174
2.3000000000 -55.2446688469
2.4000000000 -55.3365115302
2.5000000000 -55.4282747783
2.6000000000 -55.5199583066
2.7000000000 -55.6115618349
2.8000000000 -55.7030850870
2.9000000000 -55.7945277902
3.0000000000 -55.8858896754
3.1000000000 -55.9771704765
3.2000000000 -56.0683699302
3.3000000000 -56.1594877761
3.4000000000 -56.2505237556
3.5000000000 -56.3414776125
3.6000000000 -56.4323490921
3.7000000000 -56.5231379413
3.8000000000 -56.6138439081
3.9000000000 -56.7044667416
4.0000000000 -56.7950061913
4.1000000000 -56.8854620072
4.2000000000 -56.9758339394
4.3000000000 -57.0661217378
4.4000000000 -57.1563251521
4.5000000000 -57.2464439309
4.6000000000 -57.3364778221
4.7000000000 -57.4264265725
4.8000000000 -57.5162899273
4.9000000000 -57.6060676298
5.0000000000 -57.6957594217
5.1000000000 -57.7853650422
5.2000000000 -57.8748842281
5.3000000000 -57.9643167134
5.4000000000 -58.0536622294
5.5000000000 -58.1429205040
5.6000000000 -58.2320912615
5.7000000000 -58.3211742229
5.8000000000 -58.4101691050
5.9000000000 -58.4990756206
6.0000000000 -58.5878934781
6.1000000000 -58.6766223813
6.2000000000 -58.7652620291
6.3000000000 -58.8538121156
6.4000000000 -58.9422723296
6.5000000000 -59.0306423543
6.6000000000 -59.1189218674
6.7000000000 -59.2071105407
6.8000000000 -59.2952080400
6.9000000000 -59.3832140248
7.0000000000 -59.4711281481
7.1000000000 -59.5589500566
7.2000000000 -59.6466793899
7.3000000000 -59.7343157806
7.4000000000 -59.8218588544
7.5000000000 -59.9093082295
7.6000000000 -59.9966635166
7.7000000000 -60.0839243189
7.8000000000 -60.1710902317
7.9000000000 -60.2581608423
8.0000000000 -60.3451357301
8.1000000000 -60.4320144662
8.2000000000 -60.5187966131
8.3000000000 -60.6054817251
8.4000000000 -60.6920693477
8.5000000000 -60.7785590178
8.6000000000 -60.8649502631
8.7000000000 -60.9512426028
8.8000000000 -61.0374355467
8.9000000000 -61.1235285953
9.0000000000 -61.2095212403
9.1000000000 -61.2954129635
9.2000000000 -61.3812032375
9.3000000000 -61.4668915254
9.4000000000 -61.5524772805
9.5000000000 -61.6379599467
9.6000000000 -61.7233389579
9.7000000000 -61.8086137383
9.8000000000 -61.8937837023
9.9000000000 -61.9788482542
10.0000000000 -62.0638067886
10.1000000000 -62.1486586900
10.2000000000 -62.2334033329
10.3000000000 -62.3180400818
10.4000000000 -62.4025682910
10.5000000000 -62.4869873051
10.6000000000 -62.5712964582
10.7000000000 -62.6554950747
10.8000000000 -62.7395824686
10.9000000000 -62.8235579441
11.0000000000 -62.9074207953
11.1000000000 -62.9911703062
11.2000000000 -63.0748057508
11.3000000000 -63.1583263934
11.4000000000 -63.2417314880
11.5000000000 -63.3250202789
11.6000000000 -63.4081920008
11.7000000000 -63.4912458782
11.8000000000 -63.5741811263
11.9000000000 -63.6569969504
12.0000000000 -63.7396925462
12.1000000000 -63.8222671002
12.2000000000 -63.9047197893
12.3000000000 -63.9870497810
12.4000000000 -64.0692562337
12.5000000000 -64.1513382968
12.6000000000 -64.2332951104
12.7000000000 -64.3151258058
12.8000000000 -64.3968295057
12.9000000000 -64.4784053239
13.0000000000 -64.5598523658
13.1000000000 -64.6411697282
13.2000000000 -64.7223564998
13.3000000000 -64.8034117611
13.4000000000 -64.8843345846
13.5000000000 -64.9651240350
13.6000000000 -65.0457791693
13.7000000000 -65.1262990368
13.8000000000 -65.2066826798
13.9000000000 -65.2869291330
14.0000000000 -65.3670374244
14.1000000000 -65.4470065749
14.2000000000 -65.5268355990
14.3000000000 -65.6065235045
14.4000000000 -65.6860692929
14.5000000000 -65.7654719598
14.6000000000 -65.8447304947
14.7000000000 -65.9238438815
14.8000000000 -66.0028110986
14.9000000000 -66.0816311190
15.0000000000 -66.1603029108
15.1000000000 -66.2388254370
15.2000000000 -66.3171976561
15.3000000000 -66.3954185223
15.4000000000 -66.4734869852
15.5000000000 -66.5514019908
15.6000000000 -66.6291624812
15.7000000000 -66.7067673949
15.8000000000 -66.7842156672
15.9000000000 -66.8615062302
16.0000000000 -66.9386380135
16.1000000000 -67.0156099438
16.2000000000 -67.0924209456
16.3000000000 -67.1690699412
16.4000000000 -67.2455558513
16.5000000000 -67.3218775946
16.6000000000 -67.3980340888
16.7000000000 -67.4740242503
16.8000000000 -67.5498469947
16.9000000000 -67.6255012371
17.0000000000 -67.7009858919
17.1000000000 -67.7762998739
17.2000000000 -67.8514420975
17.3000000000 -67.9264114780
17.4000000000 -68.0012069311
17.5000000000 -68.0758273734
17.6000000000 -68.1502717228
17.7000000000 -68.2245388986
17.8000000000 -68.2986278216
17.9000000000 -68.3725374148
18.0000000000 -68.4462666032
18.1000000000 -68.5198143143
18.2000000000 -68.5931794783
18.3000000000 -68.6663610285
18.4000000000 -68.7393579011
18.5000000000 -68.8121690359
18.6000000000 -68.8847933765
18.7000000000 -68.9572298704
18.8000000000 -69.0294774691
18.9000000000 -69.1015351289
19.0000000000 -69.1734018105
19.1000000000 -69.2450764797
19.2000000000 -69.3165581074
19.3000000000 -69.3878456698
19.4000000000 -69.4589381490
19.5000000000 -69.5298345329
19.6000000000 -69.6005338154
19.7000000000 -69.6710349969
19.8000000000 -69.7413370843
19.9000000000 -69.8114390914
20.0000000000 -69.8813400389
20.1000000000 -69.9510389548
20.2000000000 -70.0205348747
20.3000000000 -70.0898268417
20.4000000000 -70.1589139069
20.5000000000 -70.2277951297
20.6000000000 -70.2964695774
20.7000000000 -70.3649363262
20.8000000000 -70.4331944608
20.9000000000 -70.5012430750
21.0000000000 -70.5690812717
21.1000000000 -70.6367081630
21.2000000000 -70.7041228705
21.3000000000 -70.7713245256
21.4000000000 -70.8383122696
21.5000000000 -70.9050852537
21.6000000000 -70.9716426394
21.7000000000 -71.0379835987
21.8000000000 -71.1041073139
21.9000000000 -71.1700129782
22.0000000000 -71.2356997958
22.1000000000 -71.3011669816
22.2000000000 -71.3664137621
22.3000000000 -71.4314393747
22.4000000000 -71.4962430688
22.5000000000 -71.5608241049
22.6000000000 -71.6251817556
22.7000000000 -71.6893153052
22.8000000000 -71.7532240503
22.9000000000 -71.8169072992
23.0000000000 -71.8803643730
23.1000000000 -71.9435946047
23.2000000000 -72.0065973401
23.3000000000 -72.0693719375
23.4000000000 -72.1319177678
23.5000000000 -72.1942342149
23.6000000000 -72.2563206754
23.7000000000 -72.3181765591
23.8000000000 -72.3798012888
23.9000000000 -72.4411943004
24.0000000000 -72.5023550430
24.1000000000 -72.5632829791
24.2000000000 -72.6239775847
24.3000000000 -72.6844383491
24.4000000000 -72.7446647750
24.5000000000 -72.8046563790
24.6000000000 -72.8644126912
24.7000000000 -72.9239332551
24.8000000000 -72.9832176284
24.9000000000 -73.0422653822
25.0000000000 -73.1010761016
25.1000000000 -73.1596493854
25.2000000000 -73.2179848466
25.3000000000 -73.2760821116
25.4000000000 -73.3339408212
25.5000000000 -73.3915606298
25.6000000000 -73.4489412060
25.7000000000 -73.5060822323
25.8000000000 -73.5629834051
25.9000000000 -73.6196444348
26.0000000000 -73.6760650460
26.1000000000 -73.7322449770
26.2000000000 -73.7881839802
26.3000000000 -73.8438818221
26.4000000000 -73.8993382830
26.5000000000 -73.9545531571
26.6000000000 -74.0095262527
26.7000000000 -74.0642573919
26.8000000000 -74.1187464106
26.9000000000 -74.1729931588
27.0000000000 -74.2269974999
27.1000000000 -74.2807593116
27.2000000000 -74.3342784848
27.3000000000 -74.3875549245
27.4000000000 -74.4405885492
27.5000000000 -74.4933792909
27.6000000000 -74.5459270955
27.7000000000 -74.5982319219
27.8000000000 -74.6502937429
27.9000000000 -74.7021125444
28.0000000000 -74.7536883257
28.1000000000 -74.8050210995
28.2000000000 -74.8561108915
28.3000000000 -74.9069577407
28.4000000000 -74.9575616989
28.5000000000 -75.0079228312
28.6000000000 -75.0580412153
28.7000000000 -75.1079169419
28.8000000000 -75.1575501145
28.9000000000 -75.2069408490
29.0000000000 -75.2560892742
29.1000000000 -75.3049955311
29.2000000000 -75.3536597732
29.3000000000 -75.4020821665
29.4000000000 -75.4502628888
29.5000000000 -75.4982021304
29.6000000000 -75.5459000933
29.7000000000 -75.5933569917
29.8000000000 -75.6405730513
29.9000000000 -75.6875485098
30.0000000000 -75.7342836163
30.1000000000 -75.7807786313
30.2000000000 -75.8270338269
30.3000000000 -75.8730494863
30.4000000000 -75.9188259039
30.5000000000 -75.9643633851
30.6000000000 -76.0096622459
30.7000000000 -76.0547228135
30.8000000000 -76.0995454255
30.9000000000 -76.1441304298
31.0000000000 -76.1884781849
31.1000000000 -76.2325890593
31.2000000000 -76.2764634316
31.3000000000 -76.3201016902
31.4000000000 -76.3635042332
31.5000000000 -76.4066714681
31.6000000000 -76.4496038117
31.7000000000 -76.4923016900
31.8000000000 -76.5347655376
31.9000000000 -76.5769957980
32.0000000000 -76.6189929227
32.1000000000 -76.6607573715
32.2000000000 -76.7022896115
32.3000000000 -76.7435901177
32.4000000000 -76.7846593715
32.5000000000 -76.8254978609
32.6000000000 -76.8661060802
32.7000000000 -76.9064845287
32.8000000000 -76.9466337106
32.9000000000 -76.9865541341
33.0000000000 -77.0262463106
33.1000000000 -77.0657107536
33.2000000000 -77.1049479780
33.3000000000 -77.1439584982
33.4000000000 -77.1827428271
33.5000000000 -77.2213014743
33.6000000000 -77.2596349442
33.7000000000 -77.2977437334
33.8000000000 -77.3356283287
33.9000000000 -77.3732892033
34.0000000000 -77.4107268138
34.1000000000 -77.4479415959
34.2000000000 -77.4849339594
34.3000000000 -77.5217042828
34.4000000000 -77.5582529067
34.5000000000 -77.5945801260
34.6000000000 -77.6306861812
34.7000000000 -77.6665712479
34.8000000000 -77.7022354244
34.9000000000 -77.7376787178
35.0000000000 -77.7729010271
35.1000000000 -77.8079021240
35.2000000000 -77.8426816299
35.3000000000 -77.8772389896
35.4000000000 -77.9115734399
35.5000000000 -77.9456839735
35.6000000000 -77.9795692963
35.7000000000 -78.0132277777
35.8000000000 -78.0466573923
35.9000000000 -78.0798556519
36.0000000000 -78.1128195254
36.1000000000 -78.1455453460
36.2000000000 -78.1780287014
36.3000000000 -78.2102643065
36.4000000000 -78.2422458533
36.5000000000 -78.2739658357
36.6000000000 -78.3054153450
36.7000000000 -78.3365838288
36.8000000000 -78.3674588109
36.9000000000 -78.3980255614
37.0000000000 -78.4282667114
37.1000000000 -78.4581618021
37.2000000000 -78.4876867556
37.3000000000 -78.5168132566
37.4000000000 -78.5455080267
37.5000000000 -78.5737319762
37.6000000000 -78.6014392088
37.7000000000 -78.6285758572
37.8000000000 -78.6550787179
37.9000000000 -78.6808736529
38.0000000000 -78.7058737163
38.1000000000 -78.7299769599
38.2000000000 -78.7530638615
38.3000000000 -78.7749943116
38.4000000000 -78.7956040821
38.5000000000 -78.8147006873
38.6000000000 -78.8320585333
38.7000000000 -78.8474132317
38.8000000000 -78.8604549338
38.9000000000 -78.8708205163
39.0000000000 -78.8780844181
39.1000000000 -78.8817478965
39.2000000000 -78.8812264271
39.3000000000 -78.8758349254
39.4000000000 -78.8647704120
39.5000000000 -78.8470916757
39.6000000000 -78.8216954106
39.7000000000 -78.7872882122
39.8000000000 -78.7423537070
39.9000000000 -78.6851139620
40.0000000000 -78.6134841652
40.1000000000 -78.5250193921
40.2000000000 -78.4168520497
40.3000000000 -78.2856183369
40.4000000000 -78.1273717470
40.5000000000 -77.9374812614
40.6000000000 -77.7105114266
40.7000000000 -77.4400809387
40.8000000000 -77.1186956499
40.9000000000 -76.7375510037
41.0000000000 -76.2862977202
41.1000000000 -75.7527629578
41.2000000000 -75.1226169621
41.3000000000 -74.3789720280
41.4000000000 -73.5018958505
41.5000000000 -72.4678139859
41.6000000000 -71.2487643680
41.7000000000 -69.8114473308
41.8000000000 -68.1159813819
41.9000000000 -66.1142168743
42.0000000000 -63.7473557370
42.1000000000 -60.9424357626
42.2000000000 -57.6068878039
42.3000000000 -53.6197283056
42.4000000000 -48.8167904407
42.5000000000 -42.9654998099
42.6000000000 -35.7224160964
42.7000000000 -26.5676963916
42.8000000000 -14.7338714770
42.9000000000 0.6994305123
43.0000000000 19.5021212637
43.1000000000 35.2950096358
43.2000000000 39.5727313543
43.3000000000 39.4830910235
43.4000000000 39.4516506208
43.5000000000 39.3930056231
43.6000000000 39.3271568988
43.7000000000 39.2542622268
43.8000000000 39.1738853679
43.9000000000 39.0854244637
44.0000000000 38.9882310171
44.1000000000 38.8816352777
44.2000000000 38.7649563451
44.3000000000 38.6375102885
44.4000000000 38.4986184936
44.5000000000 38.3476164940
44.6000000000 38.1838631613
44.7000000000 38.0067500301
44.8000000000 37.8157105108
44.9000000000 37.6102287344
45.0000000000 37.3898477853
45.1000000000 37.1541770975
45.2000000000 36.9028988179
45.3000000000 36.6357729827
45.4000000000 36.3526413896
45.5000000000 36.0534300985
45.6000000000 35.7381505362
45.7000000000 35.4068992259
45.8000000000 35.0598562010
45.9000000000 34.6972821983
46.0000000000 34.3195147536
46.1000000000 33.9269633442
46.2000000000 33.5201037378
46.3000000000 33.0994717144
46.4000000000 32.6656563299
46.5000000000 32.2192928843
46.6000000000 31.7610557523
46.7000000000 31.2916512167
46.8000000000 30.8118104329
46.9000000000 30.3222826354
47.0000000000 29.8238286785
47.1000000000 29.3172149840
47.2000000000 28.8032079542
47.3000000000 28.2825688887
47.4000000000 27.7560494282
47.5000000000 27.2243875375
47.6000000000 26.6883040238
47.7000000000 26.1484995798
47.8000000000 25.6056523293
47.9000000000 25.0604158502
48.0000000000 24.5134176415
48.1000000000 23.9652579979
48.2000000000 23.4165092565
48.3000000000 22.8677153747
48.4000000000 22.3193918007
48.5000000000 21.7720256003
48.6000000000 21.2260758006
48.7000000000 20.6819739182
48.8000000000 20.1401246377
48.9000000000 19.6009066118
49.0000000000 19.0646733549
49.1000000000 18.5317542060
49.2000000000 18.0024553384
49.3000000000 17.4770607980
49.4000000000 16.9558335531
49.5000000000 16.4390165407
49.6000000000 15.9268336989
49.7000000000 15.4194909744
49.8000000000 14.9171772978
49.9000000000 14.4200655198
50.0000000000 13.9283133055
50.1000000000 13.4420639809
50.2000000000 12.9614473329
50.3000000000 12.4865803591
50.4000000000 12.0175679693
50.5000000000 11.5545036387
50.6000000000 11.0974700153
50.7000000000 10.6465394820
50.8000000000 10.2017746777
50.9000000000 9.7632289786
51.0000000000 9.3309469443
51.1000000000 8.9049647305
51.2000000000 8.4853104722
51.3000000000 8.0720046413
51.4000000000 7.6650603803
51.5000000000 7.2644838167
51.6000000000 6.8702743604
51.7000000000 6.4824249866
51.8000000000 6.1009225074
51.9000000000 5.7257478337
52.0000000000 5.3568762302
52.1000000000 4.9942775652
52.2000000000 4.6379165551
52.3000000000 4.2877530081
52.4000000000 3.9437420642
52.5000000000 3.6058344361
52.6000000000 3.2739766476
52.7000000000 2.9481112736
52.8000000000 2.6281771786
52.9000000000 2.3141097552
53.0000000000 2.0058411627
53.1000000000 1.7033005638
53.2000000000 1.4064143608
53.3000000000 1.1151064287
53.4000000000 0.8292983468
53.5000000000 0.5489096264
53.6000000000 0.2738579344
53.7000000000 0.0040593127
53.8000000000 -0.2605716081
53.9000000000 -0.5201214007
54.0000000000 -0.7746776395
54.1000000000 -1.0243287069
54.2000000000 -1.2691636055
54.3000000000 -1.5092717801
54.4000000000 -1.7447429464
54.5000000000 -1.9756669291
54.6000000000 -2.2021335086
54.7000000000 -2.4242322762
54.8000000000 -2.6420524986
54.9000000000 -2.8556829913
55.0000000000 -3.0652120005
55.1000000000 -3.2707270944
55.2000000000 -3.4723150625
55.3000000000 -3.6700618236
55.4000000000 -3.8640523422
55.5000000000 -4.0543705527
55.6000000000 -4.2410992909
55.7000000000 -4.4243202334
55.8000000000 -4.6041138437
55.9000000000 -4.7805593251
56.0000000000 -4.9537345797
56.1000000000 -5.1237161741
56.2000000000 -5.2905793096
56.3000000000 -5.4543977989
56.4000000000 -5.6152440465
56.5000000000 -5.7731890350
56.6000000000 -5.9283023149
56.7000000000 -6.0806519982
56.8000000000 -6.2303047560
56.9000000000 -6.3773258198
57.0000000000 -6.5217789849
57.1000000000 -6.6637266172
57.2000000000 -6.8032296628
57.3000000000 -6.9403476592
57.4000000000 -7.0751387487
57.5000000000 -7.2076596942
57.6000000000 -7.3379658959
57.7000000000 -7.4661114098
57.8000000000 -7.5921489676
57.9000000000 -7.7161299969
58.0000000000 -7.8381046437
58.1000000000 -7.9581217943
58.2000000000 -8.0762290986
58.3000000000 -8.1924729940
58.4000000000 -8.3068987293
58.5000000000 -8.4195503890
58.6000000000 -8.5304709187
58.7000000000 -8.6397021490
58.8000000000 -8.7472848210
58.9000000000 -8.8532586110
59.0000000000 -8.9576621555
59.1000000000 -9.0605330758
59.2000000000 -9.1619080026
59.3000000000 -9.2618226002
59.4000000000 -9.3603115910
59.5000000000 -9.4574087791
59.6000000000 -9.5531470735
59.7000000000 -9.6475585120
59.8000000000 -9.7406742834
59.9000000000 -9.8325247500
60.0000000000 -9.9231394700
60.1000000000 -10.0125472186
60.2000000000 -10.1007760096
60.3000000000 -10.1878531160
60.4000000000 -10.2738050901
60.5000000000 -10.3586577839
60.6000000000 -10.4424363678
60.7000000000 -10.5251653504
60.8000000000 -10.6068685962
60.9000000000 -10.6875693443
61.0000000000 -10.7672902255
61.1000000000 -10.8460532801
61.2000000000 -10.9238799740
61.3000000000 -11.0007912155
61.4000000000 -11.0768073709
61.5000000000 -11.1519482799
61.6000000000 -11.2262332709
61.7000000000 -11.2996811754
61.8000000000 -11.3723103423
61.9000000000 -11.4441386519
62.0000000000 -11.5151835287
62.1000000000 -11.5854619555
62.2000000000 -11.6549904849
62.3000000000 -11.7237852526
62.4000000000 -11.7918619889
62.5000000000 -11.8592360302
62.6000000000 -11.9259223306
62.7000000000 -11.9919354729
62.8000000000 -12.0572896785
62.9000000000 -12.1219988189
63.0000000000 -12.1860764245
63.1000000000 -12.2495356951
63.2000000000 -12.3123895091
63.3000000000 -12.3746504327
63.4000000000 -12.4363307283
63.5000000000 -12.4974423639
63.6000000000 -12.5579970208
63.7000000000 -12.6180061020
63.8000000000 -12.6774807399
63.9000000000 -12.7364318039
64.0000000000 -12.7948699080
64.1000000000 -12.8528054177
64.2000000000 -12.9102484571
64.3000000000 -12.9672089155
64.4000000000 -13.0236964541
64.5000000000 -13.0797205121
64.6000000000 -13.1352903132
64.7000000000 -13.1904148710
64.8000000000 -13.2451029955
64.9000000000 -13.2993632980
65.0000000000 -13.3532041970
65.1000000000 -13.4066339232
65.2000000000 -13.4596605249
65.3000000000 -13.5122918726
65.4000000000 -13.5645356641
65.5000000000 -13.6163994291
65.6000000000 -13.6678905335
65.7000000000 -13.7190161843
65.8000000000 -13.7697834332
65.9000000000 -13.8201991812
66.0000000000 -13.8702701827
66.1000000000 -13.9200030488
66.2000000000 -13.9694042518
66.3000000000 -14.0184801283
66.4000000000 -14.0672368832
66.5000000000 -14.1156805927
66.6000000000 -14.1638172081
66.7000000000 -14.2116525588
66.8000000000 -14.2591923554
66.9000000000 -14.3064421930
67.0000000000 -14.3534075541
67.1000000000 -14.4000938113
67.2000000000 -14.4465062304
67.3000000000 -14.4926499731
67.4000000000 -14.5385300992
67.5000000000 -14.5841515698
67.6000000000 -14.6295192496
67.7000000000 -14.6746379090
67.8000000000 -14.7195122270
67.9000000000 -14.7641467929
68.0000000000 -14.8085461092
68.1000000000 -14.8527145931
68.2000000000 -14.8966565792
68.3000000000 -14.9403763212
68.4000000000 -14.9838779937
68.5000000000 -15.0271656949
68.6000000000 -15.0702434475
68.7000000000 -15.1131152014
68.8000000000 -15.1557848349
68.9000000000 -15.1982561566
69.0000000000 -15.2405329073
69.1000000000 -15.2826187614
69.2000000000 -15.3245173284
69.3000000000 -15.3662321548
69.4000000000 -15.4077667253
69.5000000000 -15.4491244645
69.6000000000 -15.4903087380
69.7000000000 -15.5313228543
69.8000000000 -15.5721700658
69.9000000000 -15.6128535699
70.0000000000 -15.6533765109
70.1000000000 -15.6937419808
70.2000000000 -15.7339530207
70.3000000000 -15.7740126218
70.4000000000 -15.8139237269
70.5000000000 -15.8536892311
70.6000000000 -15.8933119831
70.7000000000 -15.9327947866
70.8000000000 -15.9721404006
70.9000000000 -16.0113515411
71.0000000000 -16.0504308818
71.1000000000 -16.0893810551
71.2000000000 -16.1282046529
71.3000000000 -16.1669042277
71.4000000000 -16.2054822937
71.5000000000 -16.2439413269
71.6000000000 -16.2822837671
71.7000000000 -16.3205120175
71.8000000000 -16.3586284466
71.9000000000 -16.3966353880
72.0000000000 -16.4345351422
72.1000000000 -16.4723299765
72.2000000000 -16.5100221260
72.3000000000 -16.5476137946
72.4000000000 -16.5851071552
72.5000000000 -16.6225043510
72.6000000000 -16.6598074953
72.7000000000 -16.6970186733
72.8000000000 -16.7341399415
72.9000000000 -16.7711733293
73.0000000000 -16.8081208391
73.1000000000 -16.8449844470
73.2000000000 -16.8817661033
73.3000000000 -16.9184677335
73.4000000000 -16.9550912381
73.5000000000 -16.9916384937
73.6000000000 -17.0281113535
73.7000000000 -17.0645116476
73.8000000000 -17.1008411834
73.9000000000 -17.1371017465
74.0000000000 -17.1732951010
74.1000000000 -17.2094229898
74.2000000000 -17.2454871353
74.3000000000 -17.2814892395
74.4000000000 -17.3174309850
74.5000000000 -17.3533140349
74.6000000000 -17.3891400335
74.7000000000 -17.4249106066
74.8000000000 -17.4606273621
74.9000000000 -17.4962918900
75.0000000000 -17.5319057633
75.1000000000 -17.5674705377
75.2000000000 -17.6029877529
75.3000000000 -17.6384589319
75.4000000000 -17.6738855822
75.5000000000 -17.7092691959
75.6000000000 -17.7446112496
75.7000000000 -17.7799132056
75.8000000000 -17.8151765112
75.9000000000 -17.8504026000
76.0000000000 -17.8855928915
76.1000000000 -17.9207487918
76.2000000000 -17.9558716936
76.3000000000 -17.9909629769
76.4000000000 -18.0260240088
76.5000000000 -18.0610561442
76.6000000000 -18.0960607258
76.7000000000 -18.1310390845
76.8000000000 -18.1659925397
76.9000000000 -18.2009223995
77.0000000000 -18.2358299609
77.1000000000 -18.2707165101
77.2000000000 -18.3055833228
77.3000000000 -18.3404316643
77.4000000000 -18.3752627901
77.5000000000 -18.4100779455
77.6000000000 -18.4448783665
77.7000000000 -18.4796652794
77.8000000000 -18.5144399017
77.9000000000 -18.5492034416
78.0000000000 -18.5839570988
78.1000000000 -18.6187020643
78.2000000000 -18.6534395210
78.3000000000 -18.6881706434
78.4000000000 -18.7228965982
78.5000000000 -18.7576185443
78.6000000000 -18.7923376332
78.7000000000 -18.8270550088
78.8000000000 -18.8617718080
78.9000000000 -18.8964891606
79.0000000000 -18.9312081895
79.1000000000 -18.9659300111
79.2000000000 -19.0006557353
79.3000000000 -19.0353864655
79.4000000000 -19.0701232992
79.5000000000 -19.1048673276
79.6000000000 -19.1396196362
79.7000000000 -19.1743813050
79.8000000000 -19.2091534083
79.9000000000 -19.2439370148
80.0000000000 -19.2787331884
80.1000000000 -19.3135429876
80.2000000000 -19.3483674661
80.3000000000 -19.3832076728
80.4000000000 -19.4180646517
80.5000000000 -19.4529394427
80.6000000000 -19.4878330808
80.7000000000 -19.5227465972
80.8000000000 -19.5576810187
80.9000000000 -19.5926373680
81.0000000000 -19.6276166643
81.1000000000 -19.6626199226
81.2000000000 -19.6976481546
81.3000000000 -19.7327023683
81.4000000000 -19.7677835683
81.5000000000 -19.8028927559
81.6000000000 -19.8380309294
81.7000000000 -19.8731990839
81.8000000000 -19.9083982115
81.9000000000 -19.9436293015
82.0000000000 -19.9788933404
82.1000000000 -20.0141913124
82.2000000000 -20.0495241987
82.3000000000 -20.0848929783
82.4000000000 -20.1202986279
82.5000000000 -20.1557421219
82.6000000000 -20.1912244326
82.7000000000 -20.2267465302
82.8000000000 -20.2623093831
82.9000000000 -20.2979139577
83.0000000000 -20.3335612187
83.1000000000 -20.3692521291
83.2000000000 -20.4049876504
83.3000000000 -20.4407687424
83.4000000000 -20.4765963637
83.5000000000 -20.5124714715
83.6000000000 -20.5483950218
83.7000000000 -20.5843679693
83.8000000000 -20.6203912677
83.9000000000 -20.6564658697
84.0000000000 -20.6925927270
84.1000000000 -20.7287727907
84.2000000000 -20.7650070108
84.3000000000 -20.8012963367
84.4000000000 -20.8376417173
84.5000000000 -20.8740441007
84.6000000000 -20.9105044348
84.7000000000 -20.9470236667
84.8000000000 -20.9836027436
84.9000000000 -21.0202426120
85.0000000000 -21.0569442185
85.1000000000 -21.0937085093
85.2000000000 -21.1305364306
85.3000000000 -21.1674289287
85.4000000000 -21.2043869496
85.5000000000 -21.2414114397
85.6000000000 -21.2785033454
85.7000000000 -21.3156636133
85.8000000000 -21.3528931903
85.9000000000 -21.3901930237
86.0000000000 -21.4275640610
86.1000000000 -21.4650072502
86.2000000000 -21.5025235398
86.3000000000 -21.5401138787
86.4000000000 -21.5777792166
86.5000000000 -21.6155205037
86.6000000000 -21.6533386907
86.7000000000 -21.6912347293
86.8000000000 -21.7292095719
86.9000000000 -21.7672641716
87.0000000000 -21.8053994824
87.1000000000 -21.8436164592
87.2000000000 -21.8819160579
87.3000000000 -21.9202992352
87.4000000000 -21.9587669491
87.5000000000 -21.9973201583
87.6000000000 -22.0359598228
87.7000000000 -22.0746869039
87.8000000000 -22.1135023636
87.9000000000 -22.1524071655
88.0000000000 -22.1914022743
88.1000000000 -22.2304886558
88.2000000000 -22.2696672774
88.3000000000 -22.3089391075
88.4000000000 -22.3483051160
88.5000000000 -22.3877662742
88.6000000000 -22.4273235548
88.7000000000 -22.4669779319
88.8000000000 -22.5067303809
88.9000000000 -22.5465818789
89.0000000000 -22.5865334044
89.1000000000 -22.6265859373
89.2000000000 -22.6667404592
89.3000000000 -22.7069979532
89.4000000000 -22.7473594039
89.5000000000 -22.7878257976
89.6000000000 -22.8283981219
89.7000000000 -22.8690773664
89.8000000000 -22.9098645221
89.9000000000 -22.9507605815
90.0000000000 -22.9917665391
90.1000000000 -23.0328833908
90.2000000000 -23.0741121341
90.3000000000 -23.1154537682
90.4000000000 -23.1569092941
90.5000000000 -23.1984797143
90.6000000000 -23.2401660330
90.7000000000 -23.2819692560
90.8000000000 -23.3238903911
90.9000000000 -23.3659304472
91.0000000000 -23.4080904352
91.1000000000 -23.4503713677
91.2000000000 -23.4927742586
91.3000000000 -23.5353001239
91.4000000000 -23.5779499808
91.5000000000 -23.6207248483
91.6000000000 -23.6636257469
91.7000000000 -23.7066536988
91.8000000000 -23.7498097277
91.9000000000 -23.7930948588
92.0000000000 -23.8365101188
92.1000000000 -23.8800565360
92.2000000000 -23.9237351401
92.3000000000 -23.9675469624
92.4000000000 -24.0114930353
92.5000000000 -24.0555743929
92.6000000000 -24.0997920707
92.7000000000 -24.1441471052
92.8000000000 -24.1886405345
92.9000000000 -24.2332733978
93.0000000000 -24.2780467357
93.1000000000 -24.3229615899
93.2000000000 -24.3680190031
93.3000000000 -24.4132200195
93.4000000000 -24.4585656839
93.5000000000 -24.5040570425
93.6000000000 -24.5496951422
93.7000000000 -24.5954810310
93.8000000000 -24.6414157576
93.9000000000 -24.6875003718
94.0000000000 -24.7337359238
94.1000000000 -24.7801234649
94.2000000000 -24.8266640466
94.3000000000 -24.8733587212
94.4000000000 -24.9202085417
94.5000000000 -24.9672145613
94.6000000000 -25.0143778337
94.7000000000 -25.0616994127
94.8000000000 -25.1091803527
94.9000000000 -25.1568217080
95.0000000000 -25.2046245330
95.1000000000 -25.2525898822
95.2000000000 -25.3007188101
95.3000000000 -25.3490123709
95.4000000000 -25.3974716185
95.5000000000 -25.4460976067
95.6000000000 -25.4948913888
95.7000000000 -25.5438540174
95.8000000000 -25.5929865447
95.9000000000 -25.6422900223
96.0000000000 -25.6917655006
96.1000000000 -25.7414140295
96.2000000000 -25.7912366576
96.3000000000 -25.8412344327
96.4000000000 -25.8914084010
96.5000000000 -25.9417596076
96.6000000000 -25.9922890962
96.7000000000 -26.0429979088
96.8000000000 -26.0938870858
96.9000000000 -26.1449576656
97.0000000000 -26.1962106849
97.1000000000 -26.2476471783
97.2000000000 -26.2992681781
97.3000000000 -26.3510747144
97.4000000000 -26.4030678148
97.5000000000 -26.4552485044
97.6000000000 -26.5076178054
97.7000000000 -26.5601767373
97.8000000000 -26.6129263164
97.9000000000 -26.6658675561
98.0000000000 -26.7190014662
98.1000000000 -26.7723290533
98.2000000000 -26.8258513203
98.3000000000 -26.8795692662
98.4000000000 -26.9334838863
98.5000000000 -26.9875961715
98.6000000000 -27.0419071088
98.7000000000 -27.0964176805
98.8000000000 -27.1511288645
98.9000000000 -27.2060416338
99.0000000000 -27.2611569565
99.1000000000 -27.3164757956
99.2000000000 -27.3719991088
99.3000000000 -27.4277278483
99.4000000000 -27.4836629606
99.5000000000 -27.5398053865
99.6000000000 -27.5961560606
99.7000000000 -27.6527159114
99.8000000000 -27.7094858608
99.9000000000 -27.7664668243
100.0000000000 -27.8236597104
100.1000000000 -27.8810654207
100.2000000000 -27.9386848494
100.3000000000 -27.9965188835
100.4000000000 -28.0545684022
100.5000000000 -28.1128342770
100.6000000000 -28.1713173712
100.7000000000 -28.2300185398
100.8000000000 -28.2889386295
100.9000000000 -28.3480784781
101.0000000000 -28.4074389146
101.1000000000 -28.4670207588
101.2000000000 -28.5268248211
101.3000000000 -28.5868519024
101.4000000000 -28.6471027935
101.5000000000 -28.7075782756
101.6000000000 -28.7682791192
101.7000000000 -28.8292060846
101.8000000000 -28.8903599210
101.9000000000 -28.9517413669
102.0000000000 -29.0133511494
102.1000000000 -29.0751899843
102.2000000000 -29.1372585757
102.3000000000 -29.1995576155
102.4000000000 -29.2620877836
102.5000000000 -29.3248497475
102.6000000000 -29.3878441621
102.7000000000 -29.4510716691
102.8000000000 -29.5145328973
102.9000000000 -29.5782284620
103.0000000000 -29.6421589648
103.1000000000 -29.7063249936
103.2000000000 -29.7707271219
103.3000000000 -29.8353659089
103.4000000000 -29.9002418993
103.5000000000 -29.9653556226
103.6000000000 -30.0307075935
103.7000000000 -30.0962983112
103.8000000000 -30.1621282591
103.9000000000 -30.2281979048
104.0000000000 -30.2945077000
104.1000000000 -30.3610580798
104.2000000000 -30.4278494626
104.3000000000 -30.4948822502
104.4000000000 -30.5621568271
104.5000000000 -30.6296735604
104.6000000000 -30.6974327999
104.7000000000 -30.7654348772
104.8000000000 -30.8336801061
104.9000000000 -30.9021687818
105.0000000000 -30.9709011814
105.1000000000 -31.0398775627
105.2000000000 -31.1090981648
105.3000000000 -31.1785632076
105.4000000000 -31.2482728912
105.5000000000 -31.3182273964
105.6000000000 -31.3884268838
105.7000000000 -31.4588714939
105.8000000000 -31.5295613469
105.9000000000 -31.6004965424
106.0000000000 -31.6716771591
106.1000000000 -31.7431032550
106.2000000000 -31.8147748666
106.3000000000 -31.8866920090
106.4000000000 -31.9588546759
106.5000000000 -32.0312628390
106.6000000000 -32.1039164482
106.7000000000 -32.1768154309
106.8000000000 -32.2499596926
106.9000000000 -32.3233491158
107.0000000000 -32.3969835605
107.1000000000 -32.4708628639
107.2000000000 -32.5449868400
107.3000000000 -32.6193552796
107.4000000000 -32.6939679502
107.5000000000 -32.7688245959
107.6000000000 -32.8439249368
107.7000000000 -32.9192686696
107.8000000000 -32.9948554668
107.9000000000 -33.0706849770
108.0000000000 -33.1467568244
108.1000000000 -33.2230706093
108.2000000000 -33.2996259072
108.3000000000 -33.3764222693
108.4000000000 -33.4534592223
108.5000000000 -33.5307362679
108.6000000000 -33.6082528833
108.7000000000 -33.6860085208
108.8000000000 -33.7640026078
108.9000000000 -33.8422345465
109.0000000000 -33.9207037145
109.1000000000 -33.9994094638
109.2000000000 -34.0783511218
109.3000000000 -34.1575279903
109.4000000000 -34.2369393463
109.5000000000 -34.3165844413
109.6000000000 -34.3964625018
109.7000000000 -34.4765727290
109.8000000000 -34.5569142989
109.9000000000 -34.6374863625
110.0000000000 -34.7182880453
110.1000000000 -34.7993184481
110.2000000000 -34.8805766461
110.3000000000 -34.9620616899
110.4000000000 -35.0437726049
110.5000000000 -35.1257083917
110.6000000000 -35.2078680259
110.7000000000 -35.2902504585
110.8000000000 -35.3728546156
110.9000000000 -35.4556793990
111.0000000000 -35.5387236858
111.1000000000 -35.6219863289
111.2000000000 -35.7054661570
111.3000000000 -35.7891619744
111.4000000000 -35.8730725619
111.5000000000 -35.9571966762
111.6000000000 -36.0415330503
111.7000000000 -36.1260803940
111.8000000000 -36.2108373936
111.9000000000 -36.2958027125
112.0000000000 -36.3809749908
112.1000000000 -36.4663528463
112.2000000000 -36.5519348741
112.3000000000 -36.6377196470
112.4000000000 -36.7237057159
112.5000000000 -36.8098916097
112.6000000000 -36.8962758358
112.7000000000 -36.9828568805
112.8000000000 -37.0696332086
112.9000000000 -37.1566032645
113.0000000000 -37.2437654720
113.1000000000 -37.3311182346
113.2000000000 -37.4186599360
113.3000000000 -37.5063889401
113.4000000000 -37.5943035917
113.5000000000 -37.6824022164
113.6000000000 -37.7706831213
113.7000000000 -37.8591445950
113.8000000000 -37.9477849083
113.9000000000 -38.0366023141
114.0000000000 -38.1255950481
114.1000000000 -38.2147613292
114.2000000000 -38.3040993595
114.3000000000 -38.3936073249
114.4000000000 -38.4832833956
114.5000000000 -38.5731257264
114.6000000000 -38.6631324567
114.7000000000 -38.7533017116
114.8000000000 -38.8436316017
114.9000000000 -38.9341202239
115.0000000000 -39.0247656616
115.1000000000 -39.1155659851
115.2000000000 -39.2065192520
115.3000000000 -39.2976235081
115.4000000000 -39.3888767869
115.5000000000 -39.4802771111
115.6000000000 -39.5718224920
115.7000000000 -39.6635109309
115.8000000000 -39.7553404189
115.9000000000 -39.8473089374
116.0000000000 -39.9394144588
116.1000000000 -40.0316549470
116.2000000000 -40.1240283575
116.3000000000 -40.2165326381
116.4000000000 -40.3091657294
116.5000000000 -40.4019255649
116.6000000000 -40.4948100720
116.7000000000 -40.5878171723
116.8000000000 -40.6809447815
116.9000000000 -40.7741908108
117.0000000000 -40.8675531666
117.1000000000 -40.9610297515
117.2000000000 -41.0546184643
117.3000000000 -41.1483172008
117.4000000000 -41.2421238541
117.5000000000 -41.3360363152
117.6000000000 -41.4300524734
117.7000000000 -41.5241702167
117.8000000000 -41.6183874323
117.9000000000 -41.7127020071
118.0000000000 -41.8071118282
118.1000000000 -41.9016147831
118.2000000000 -41.9962087607
118.3000000000 -42.0908916509
118.4000000000 -42.1856613461
118.5000000000 -42.2805157407
118.6000000000 -42.3754527320
118.7000000000 -42.4704702208
118.8000000000 -42.5655661114
118.9000000000 -42.6607383123
119.0000000000 -42.7559847366
119.1000000000 -42.8513033025
119.2000000000 -42.9466919334
119.3000000000 -43.0421485589
119.4000000000 -43.1376711144
119.5000000000 -43.2332575423
119.6000000000 -43.3289057921
119.7000000000 -43.4246138205
119.8000000000 -43.5203795923
119.9000000000 -43.6162010804
120.0000000000 -43.7120762664
120.1000000000 -43.8080031409
120.2000000000 -43.9039797038
120.3000000000 -44.0000039647
120.4000000000 -44.0960739436
120.5000000000 -44.1921876705
120.6000000000 -44.2883431864
120.7000000000 -44.3845385435
120.8000000000 -44.4807718053
120.9000000000 -44.5770410472
121.0000000000 -44.6733443565
121.1000000000 -44.7696798332
121.2000000000 -44.8660455897
121.3000000000 -44.9624397515
121.4000000000 -45.0588604575
121.5000000000 -45.1553058601
121.6000000000 -45.2517741254
121.7000000000 -45.3482634339
121.8000000000 -45.4447719800
121.9000000000 -45.5412979732
122.0000000000 -45.6378396377
122.1000000000 -45.7343952125
122.2000000000 -45.8309629523
122.3000000000 -45.9275411271
122.4000000000 -46.0241280228
122.5000000000 -46.1207219411
122.6000000000 -46.2173212000
122.7000000000 -46.3139241335
122.8000000000 -46.4105290925
122.9000000000 -46.5071344444
123.0000000000 -46.6037385733
123.1000000000 -46.7003398805
123.2000000000 -46.7969367844
123.3000000000 -46.8935277206
123.4000000000 -46.9901111420
123.5000000000 -47.0866855193
123.6000000000 -47.1832493407
123.7000000000 -47.2798011120
123.8000000000 -47.3763393571
123.9000000000 -47.4728626176
124.0000000000 -47.5693694532
124.1000000000 -47.6658584417
124.2000000000 -47.7623281791
124.3000000000 -47.8587772796
124.4000000000 -47.9552043754
124.5000000000 -48.0516081174
124.6000000000 -48.1479871745
124.7000000000 -48.2443402342
124.8000000000 -48.3406660022
124.9000000000 -48.4369632027
125.0000000000 -48.5332305784
125.1000000000 -48.6294668900
125.2000000000 -48.7256709171
125.3000000000 -48.8218414573
125.4000000000 -48.9179773267
125.5000000000 -49.0140773597
125.6000000000 -49.1101404088
125.7000000000 -49.2061653450
125.8000000000 -49.3021510573
125.9000000000 -49.3980964529
126.0000000000 -49.4940004569
126.1000000000 -49.5898620126
126.2000000000 -49.6856800810
126.3000000000 -49.7814536411
126.4000000000 -49.8771816894
126.5000000000 -49.9728632401
126.6000000000 -50.0684973250
126.7000000000 -50.1640829934
126.8000000000 -50.2596193115
126.9000000000 -50.3551053631
127.0000000000 -50.4505402488
127.1000000000 -50.5459230862
127.2000000000 -50.6412530096
127.3000000000 -50.7365291700
127.4000000000 -50.8317507348
127.5000000000 -50.9269168879
127.6000000000 -51.0220268291
127.7000000000 -51.1170797743
127.8000000000 -51.2120749554
127.9000000000 -51.3070116197
128.0000000000 -51.4018890302
128.1000000000 -51.4967064649
128.2000000000 -51.5914632172
128.3000000000 -51.6861585953
128.4000000000 -51.7807919220
128.5000000000 -51.8753625348
128.6000000000 -51.9698697854
128.7000000000 -52.0643130395
128.8000000000 -52.1586916770
128.9000000000 -52.2530050910
129.0000000000 -52.3472526886
129.1000000000 -52.4414338896
129.2000000000 -52.5355481272
129.3000000000 -52.6295948470
129.4000000000 -52.7235735075
129.5000000000 -52.8174835793
129.6000000000 -52.9113245450
129.7000000000 -53.0050958991
129.8000000000 -53.0987971477
129.9000000000 -53.1924278082
130.0000000000 -53.2859874089
130.1000000000 -53.3794754893
130.2000000000 -53.4728915990
130.3000000000 -53.5662352982
130.4000000000 -53.6595061571
130.5000000000 -53.7527037556
130.6000000000 -53.8458276831
130.7000000000 -53.9388775385
130.8000000000 -54.0318529293
130.9000000000 -54.1247534720
131.0000000000 -54.2175787915
131.1000000000 -54.3103285207
131.2000000000 -54.4030023006
131.3000000000 -54.4955997798
131.4000000000 -54.5881206142
131.5000000000 -54.6805644667
131.6000000000 -54.7729310071
131.7000000000 -54.8652199118
131.8000000000 -54.9574308632
131.9000000000 -55.0495635498
132.0000000000 -55.1416176658
132.1000000000 -55.2335929108
132.2000000000 -55.3254889895
132.3000000000 -55.4173056113
132.4000000000 -55.5090424905
132.5000000000 -55.6006993453
132.6000000000 -55.6922758981
132.7000000000 -55.7837718751
132.8000000000 -55.8751870056
132.9000000000 -55.9665210224
133.0000000000 -56.0577736610
133.1000000000 -56.1489446596
133.2000000000 -56.2400337587
133.3000000000 -56.3310407006
133.4000000000 -56.4219652298
133.5000000000 -56.5128070919
133.6000000000 -56.6035660340
133.7000000000 -56.6942418039
133.8000000000 -56.7848341504
133.9000000000 -56.8753428223
134.0000000000 -56.9657675687
134.1000000000 -57.0561081388
134.2000000000 -57.1463642811
134.3000000000 -57.2365357435
134.4000000000 -57.3266222730
134.5000000000 -57.4166236154
134.6000000000 -57.5065395152
134.7000000000 -57.5963697150
134.8000000000 -57.6861139554
134.9000000000 -57.7757719752
135.0000000000 -57.8653435102
135.1000000000 -57.9548282938
135.2000000000 -58.0442260566
135.3000000000 -58.1335365256
135.4000000000 -58.2227594248
135.5000000000 -58.3118944742
135.6000000000 -58.4009413901
135.7000000000 -58.4898998847
135.8000000000 -58.5787696656
135.9000000000 -58.6675504363
136.0000000000 -58.7562418950
136.1000000000 -58.8448437352
136.2000000000 -58.9333556451
136.3000000000 -59.0217773074
136.4000000000 -59.1101083993
136.5000000000 -59.1983485920
136.6000000000 -59.2864975509
136.7000000000 -59.3745549349
136.8000000000 -59.4625203967
136.9000000000 -59.5503935822
137.0000000000 -59.6381741307
137.1000000000 -59.7258616744
137.2000000000 -59.8134558384
137.3000000000 -59.9009562405
137.4000000000 -59.9883624910
137.5000000000 -60.0756741926
137.6000000000 -60.1628909402
137.7000000000 -60.2500123207
137.8000000000 -60.3370379130
137.9000000000 -60.4239672877
138.0000000000 -60.5108000071
138.1000000000 -60.5975356249
138.2000000000 -60.6841736863
138.3000000000 -60.7707137276
138.4000000000 -60.8571552763
138.5000000000 -60.9434978511
138.6000000000 -61.0297409613
138.7000000000 -61.1158841072
138.8000000000 -61.2019267798
138.9000000000 -61.2878684607
139.0000000000 -61.3737086221
139.1000000000 -61.4594467265
139.2000000000 -61.5450822271
139.3000000000 -61.6306145670
139.4000000000 -61.7160431798
139.5000000000 -61.8013674894
139.6000000000 -61.8865869095
139.7000000000 -61.9717008443
139.8000000000 -62.0567086877
139.9000000000 -62.1416098239
140.0000000000 -62.2264036269
140.1000000000 -62.3110894607
140.2000000000 -62.3956666792
140.3000000000 -62.4801346265
140.4000000000 -62.5644926362
140.5000000000 -62.6487400322
140.6000000000 -62.7328761281
140.7000000000 -62.8169002275
140.8000000000 -62.9008116241
140.9000000000 -62.9846096013
141.0000000000 -63.0682934326
141.1000000000 -63.1518623818
141.2000000000 -63.2353157023
141.3000000000 -63.3186526380
141.4000000000 -63.4018724228
141.5000000000 -63.4849742809
141.6000000000 -63.5679574267
141.7000000000 -63.6508210651
141.8000000000 -63.7335643912
141.9000000000 -63.8161865907
142.0000000000 -63.8986868401
142.1000000000 -63.9810643061
142.2000000000 -64.0633181467
142.3000000000 -64.1454475105
142.4000000000 -64.2274515369
142.5000000000 -64.3093293568
142.6000000000 -64.3910800920
142.7000000000 -64.4727028556
142.8000000000 -64.5541967524
142.9000000000 -64.6355608785
143.0000000000 -64.7167943219
143.1000000000 -64.7978961623
143.2000000000 -64.8788654716
143.3000000000 -64.9597013136
143.4000000000 -65.0404027447
143.5000000000 -65.1209688134
143.6000000000 -65.2013985611
143.7000000000 -65.2816910220
143.8000000000 -65.3618452230
143.9000000000 -65.4418601845
144.0000000000 -65.5217349199
144.1000000000 -65.6014684364
144.2000000000 -65.6810597346
144.3000000000 -65.7605078092
144.4000000000 -65.8398116489
144.5000000000 -65.9189702368
144.6000000000 -65.9979825504
144.7000000000 -66.0768475618
144.8000000000 -66.1555642382
144.9000000000 -66.2341315419
145.0000000000 -66.3125484304
145.1000000000 -66.3908138568
145.2000000000 -66.4689267701
145.3000000000 -66.5468861152
145.4000000000 -66.6246908333
145.5000000000 -66.7023398620
145.6000000000 -66.7798321357
145.7000000000 -66.8571665855
145.8000000000 -66.9343421401
145.9000000000 -67.0113577252
146.0000000000 -67.0882122643
146.1000000000 -67.1649046788
146.2000000000 -67.2414338884
146.3000000000 -67.3177988110
146.4000000000 -67.3939983630
146.5000000000 -67.4700314601
146.6000000000 -67.5458970168
146.7000000000 -67.6215939471
146.8000000000 -67.6971211647
146.9000000000 -67.7724775831
147.0000000000 -67.8476621159
147.1000000000 -67.9226736774
147.2000000000 -67.9975111821
147.3000000000 -68.0721735458
147.4000000000 -68.1466596854
147.5000000000 -68.2209685190
147.6000000000 -68.2950989666
147.7000000000 -68.3690499501
147.8000000000 -68.4428203936
147.9000000000 -68.5164092235
148.0000000000 -68.5898153690
148.1000000000 -68.6630377624
148.2000000000 -68.7360753389
148.3000000000 -68.8089270375
148.4000000000 -68.8815918005
148.5000000000 -68.9540685745
148.6000000000 -69.0263563103
148.7000000000 -69.0984539628
148.8000000000 -69.1703604919
148.9000000000 -69.2420748625
149.0000000000 -69.3135960443
149.1000000000 -69.3849230129
149.2000000000 -69.4560547491
149.3000000000 -69.5269902400
149.4000000000 -69.5977284786
149.5000000000 -69.6682684643
149.6000000000 -69.7386092030
149.7000000000 -69.8087497076
149.8000000000 -69.8786889979
149.9000000000 -69.9484261010
150.0000000000 -70.0179600516
150.1000000000 -70.0872898920
150.2000000000 -70.1564146722
150.3000000000 -70.2253334508
150.4000000000 -70.2940452943
150.5000000000 -70.3625492780
150.6000000000 -70.4308444857
150.7000000000 -70.4989300105
150.8000000000 -70.5668049542
150.9000000000 -70.6344684283
151.0000000000 -70.7019195536
151.1000000000 -70.7691574607
151.2000000000 -70.8361812899
151.3000000000 -70.9029901919
151.4000000000 -70.9695833273
151.5000000000 -71.0359598673
151.6000000000 -71.1021189936
151.7000000000 -71.1680598986
151.8000000000 -71.2337817858
151.9000000000 -71.2992838694
152.0000000000 -71.3645653751
152.1000000000 -71.4296255399
152.2000000000 -71.4944636123
152.3000000000 -71.5590788522
152.4000000000 -71.6234705316
152.5000000000 -71.6876379343
152.6000000000 -71.7515803561
152.7000000000 -71.8152971049
152.8000000000 -71.8787875010
152.9000000000 -71.9420508770
153.0000000000 -72.0050865782
153.1000000000 -72.0678939622
153.2000000000 -72.1304723996
153.3000000000 -72.1928212736
153.4000000000 -72.2549399805
153.5000000000 -72.3168279296
153.6000000000 -72.3784845431
153.7000000000 -72.4399092565
153.8000000000 -72.5011015187
153.9000000000 -72.5620607917
154.0000000000 -72.6227865510
154.1000000000 -72.6832782856
154.2000000000 -72.7435354980
154.3000000000 -72.8035577042
154.4000000000 -72.8633444341
154.5000000000 -72.9228952310
154.6000000000 -72.9822096522
154.7000000000 -73.0412872685
154.8000000000 -73.1001276649
154.9000000000 -73.1587304399
155.0000000000 -73.2170952062
155.1000000000 -73.2752215901
155.2000000000 -73.3331092321
155.3000000000 -73.3907577866
155.4000000000 -73.4481669220
155.5000000000 -73.5053363205
155.6000000000 -73.5622656786
155.7000000000 -73.6189547066
155.8000000000 -73.6754031288
155.9000000000 -73.7316106836
156.0000000000 -73.7875771234
156.1000000000 -73.8433022146
156.2000000000 -73.8987857374
156.3000000000 -73.9540274861
156.4000000000 -74.0090272690
156.5000000000 -74.0637849083
156.6000000000 -74.1183002398
156.7000000000 -74.1725731136
156.8000000000 -74.2266033934
156.9000000000 -74.2803909567
157.0000000000 -74.3339356947
157.1000000000 -74.3872375124
157.2000000000 -74.4402963286
157.3000000000 -74.4931120754
157.4000000000 -74.5456846987
157.5000000000 -74.5980141579
157.6000000000 -74.6501004259
157.7000000000 -74.7019434887
157.8000000000 -74.7535433460
157.9000000000 -74.8049000107
158.0000000000 -74.8560135088
158.1000000000 -74.9068838794
158.2000000000 -74.9575111749
158.3000000000 -75.0078954605
158.4000000000 -75.0580368143
158.5000000000 -75.1079353275
158.6000000000 -75.1575911036
158.7000000000 -75.2070042593
158.8000000000 -75.2561749235
158.9000000000 -75.3051032378
159.0000000000 -75.3537893561
159.1000000000 -75.4022334446
159.2000000000 -75.4504356819
159.3000000000 -75.4983962586
159.4000000000 -75.5461153773
159.5000000000 -75.5935932526
159.6000000000 -75.6408301109
159.7000000000 -75.6878261904
159.8000000000 -75.7345817406
159.9000000000 -75.7810970230
160.0000000000 -75.8273723100
160.1000000000 -75.8734078857
160.2000000000 -75.9192040450
160.3000000000 -75.9647610941
160.4000000000 -76.0100793500
160.5000000000 -76.0551591405
160.6000000000 -76.1000008041
160.7000000000 -76.1446046898
160.8000000000 -76.1889711569
160.9000000000 -76.2331005751
161.0000000000 -76.2769933242
161.1000000000 -76.3206497937
161.2000000000 -76.3640703833
161.3000000000 -76.4072555018
161.4000000000 -76.4502055679
161.5000000000 -76.4929210092
161.6000000000 -76.5354022626
161.7000000000 -76.5776497737
161.8000000000 -76.6196639966
161.9000000000 -76.6614453939
162.0000000000 -76.7029944362
162.1000000000 -76.7443116020
162.2000000000 -76.7853973769
162.3000000000 -76.8262522539
162.4000000000 -76.8668767324
162.5000000000 -76.9072713184
162.6000000000 -76.9474365230
162.7000000000 -76.9873728630
162.8000000000 -77.0270808594
162.9000000000 -77.0665610367
163.0000000000 -77.1058139226
163.1000000000 -77.1448400467
163.2000000000 -77.1836399390
163.3000000000 -77.2222141295
163.4000000000 -77.2605631456
163.5000000000 -77.2986875116
163.6000000000 -77.3365877457
163.7000000000 -77.3742643583
163.8000000000 -77.4117178489
163.9000000000 -77.4489487035
164.0000000000 -77.4859573906
164.1000000000 -77.5227443571
164.2000000000 -77.5593100235
164.3000000000 -77.5956547780
164.4000000000 -77.6317789700
164.5000000000 -77.6676829024
164.6000000000 -77.7033668223
164.7000000000 -77.7388309105
164.8000000000 -77.7740752694
164.9000000000 -77.8090999079
165.0000000000 -77.8439047253
165.1000000000 -77.8784894907
165.2000000000 -77.9128538206
165.3000000000 -77.9469971516
165.4000000000 -77.9809187085
165.5000000000 -78.0146174678
165.6000000000 -78.0480921140
165.7000000000 -78.0813409893
165.8000000000 -78.1143620342
165.9000000000 -78.1471527179
166.0000000000 -78.1797099578
166.1000000000 -78.2120300237
166.2000000000 -78.2441084270
166.3000000000 -78.2759397907
166.4000000000 -78.3075176967
166.5000000000 -78.3388345073
166.6000000000 -78.3698811566
166.7000000000 -78.4006469058
166.8000000000 -78.4311190566
166.9000000000 -78.4612826159
167.0000000000 -78.4911199033
167.1000000000 -78.5206100906
167.2000000000 -78.5497286635
167.3000000000 -78.5784467903
167.4000000000 -78.6067305831
167.5000000000 -78.6345402318
167.6000000000 -78.6618289900
167.7000000000 -78.6885419868
167.8000000000 -78.7146148348
167.9000000000 -78.7399719994
168.0000000000 -78.7645248876
168.1000000000 -78.7881696087
168.2000000000 -78.8107843501
168.3000000000 -78.8322263021
168.4000000000 -78.8523280536
168.5000000000 -78.8708933665
168.6000000000 -78.8876922245
168.7000000000 -78.9024550265
168.8000000000 -78.9148657802
168.9000000000 -78.9245541219
169.0000000000 -78.9310859576
169.1000000000 -78.9339524888
169.2000000000 -78.9325573400
169.3000000000 -78.9262014612
169.4000000000 -78.9140654142
169.5000000000 -78.8951885911
169.6000000000 -78.8684448265
169.7000000000 -78.8325137741
169.8000000000 -78.7858473062
169.9000000000 -78.7266300602
170.0000000000 -78.6527331028
170.1000000000 -78.5616594937
170.2000000000 -78.4504803090
170.3000000000 -78.3157594227
170.4000000000 -78.1534650193
170.5000000000 -77.9588654298
170.6000000000 -77.7264064088
170.7000000000 -77.4495663847
170.8000000000 -77.1206854839
170.9000000000 -76.7307631888
171.0000000000 -76.2692182562
171.1000000000 -75.7236028604
171.2000000000 -75.0792606033
171.3000000000 -74.3189146816
171.4000000000 -73.4221674779
171.5000000000 -72.3648850265
171.6000000000 -71.1184272322
171.7000000000 -69.6486638275
171.8000000000 -67.9146803029
171.9000000000 -65.8670152961
172.0000000000 -63.4451582244
172.1000000000 -60.5738298478
172.2000000000 -57.1571873805
172.3000000000 -53.0693933028
172.4000000000 -48.1387338905
172.5000000000 -42.1204629383
172.6000000000 -34.6513207789
172.7000000000 -25.1807973430
172.8000000000 -12.9045938303
172.9000000000 3.0767490426
173.0000000000 22.0863907603
173.1000000000 36.5803142953
173.2000000000 39.5953071855
173.3000000000 39.4829381665
173.4000000000 39.4463847452
173.5000000000 39.3869457889
173.6000000000 39.3204076481
173.7000000000 39.2468118167
173.8000000000 39.1656827372
173.9000000000 39.0764100456
174.0000000000 38.9783425156
174.1000000000 38.8708092309
174.2000000000 38.7531290201
174.3000000000 38.6246185127
174.4000000000 38.4846005194
174.5000000000 38.3324129003
174.6000000000 38.1674177708
174.7000000000 37.9890108199
174.8000000000 37.7966304899
174.9000000000 37.5897667648
175.0000000000 37.3679693219
175.1000000000 37.1308548274
175.2000000000 36.8781131833
175.3000000000 36.6095125731
175.4000000000 36.3249031972
175.5000000000 36.0242196329
175.6000000000 35.7074817989
175.7000000000 35.3747945513
175.8000000000 35.0263459719
175.9000000000 34.6624044487
176.0000000000 34.2833146723
176.1000000000 33.8894926960
176.2000000000 33.4814202192
176.3000000000 33.0596382607
176.4000000000 32.6247403904
176.5000000000 32.1773656828
176.6000000000 31.7181915465
176.7000000000 31.2479265706
176.8000000000 30.7673035137
176.9000000000 30.2770725447
177.0000000000 29.7779948251
177.1000000000 29.2708365056
177.2000000000 28.7563631910
177.3000000000 28.2353349123
177.4000000000 27.7085016267
177.5000000000 27.1765992569
177.6000000000 26.6403462646
177.7000000000 26.1004407458
177.8000000000 25.5575580276
177.9000000000 25.0123487375
178.0000000000 24.4654373132
178.1000000000 23.9174209168
178.2000000000 23.3688687166
178.3000000000 22.8203214957
178.4000000000 22.2722915499
178.5000000000 21.7252628370
178.6000000000 21.1796913405
178.7000000000 20.6360056136
178.8000000000 20.0946074706
178.9000000000 19.5558727971
179.0000000000 19.0201524507
179.1000000000 18.4877732291
179.2000000000 17.9590388831
179.3000000000 17.4342311560
179.4000000000 16.9136108327
179.5000000000 16.3974187857
179.6000000000 15.8858770039
179.7000000000 15.3791895973
179.8000000000 14.8775437684
179.9000000000 14.3811107437
180.0000000000 13.8900466632
180.1000000000 13.4044934224
180.2000000000 12.9245794663
180.3000000000 12.4504205349
180.4000000000 11.9821203592
180.5000000000 11.5197713101
180.6000000000 11.0634550002
180.7000000000 10.6132428420
180.8000000000 10.1691965648
180.9000000000 9.7313686920
181.0000000000 9.2998029833
181.1000000000 8.8745348444
181.2000000000 8.4555917070
181.3000000000 8.0429933837
181.4000000000 7.6367523993
181.5000000000 7.2368743029
181.6000000000 6.8433579633
181.7000000000 6.4561958504
181.8000000000 6.0753743047
181.9000000000 5.7008737989
182.0000000000 5.3326691908
182.1000000000 4.9707299721
182.2000000000 4.6150205128
182.3000000000 4.2655003027
182.4000000000 3.9221241921
182.5000000000 3.5848426306
182.6000000000 3.2536019059
182.7000000000 2.9283443823
182.8000000000 2.6090087390
182.9000000000 2.2955302078
183.0000000000 1.9878408108
183.1000000000 1.6858695967
183.2000000000 1.3895428755
183.3000000000 1.0987844522
183.4000000000 0.8135158561
183.5000000000 0.5336565684
183.6000000000 0.2591242450
183.7000000000 -0.0101650655
183.8000000000 -0.2742967084
183.9000000000 -0.5333572165
184.0000000000 -0.7874341091
184.1000000000 -1.0366156990
184.2000000000 -1.2809909066
184.3000000000 -1.5206490817
184.4000000000 -1.7556798341
184.5000000000 -1.9861728719
184.6000000000 -2.2122178500
184.7000000000 -2.4339042253
184.8000000000 -2.6513211227
184.9000000000 -2.8645572091
185.0000000000 -3.0737005764
185.1000000000 -3.2788386329
185.2000000000 -3.4800580043
185.3000000000 -3.6774444418
185.4000000000 -3.8710827392
185.5000000000 -4.0610566580
185.6000000000 -4.2474488591
185.7000000000 -4.4303408434
185.8000000000 -4.6098128977
185.9000000000 -4.7859440486
186.0000000000 -4.9588120216
186.1000000000 -5.1284932075
186.2000000000 -5.2950626326
186.3000000000 -5.4585939361
186.4000000000 -5.6191593506
186.5000000000 -5.7768296890
186.6000000000 -5.9316743336
186.7000000000 -6.0837612311
186.8000000000 -6.2331568899
186.9000000000 -6.3799263811
187.0000000000 -6.5241333428
187.1000000000 -6.6658399866
187.2000000000 -6.8051071073
187.3000000000 -6.9419940943
187.4000000000 -7.0765589450
187.5000000000 -7.2088582808
187.6000000000 -7.3389473634
187.7000000000 -7.4668801140
187.8000000000 -7.5927091323
187.9000000000 -7.7164857178
188.0000000000 -7.8382598914
188.1000000000 -7.9580804176
188.2000000000 -8.0759948279
188.3000000000 -8.1920494444
188.4000000000 -8.3062894037
188.5000000000 -8.4187586818
188.6000000000 -8.5295001181
188.7000000000 -8.6385554407
188.8000000000 -8.7459652909
188.9000000000 -8.8517692482
189.0000000000 -8.9560058551
189.1000000000 -9.0587126418
189.2000000000 -9.1599261507
189.3000000000 -9.2596819604
189.4000000000 -9.3580147102
189.5000000000 -9.4549581237
189.6000000000 -9.5505450320
189.7000000000 -9.6448073971
189.8000000000 -9.7377763347
189.9000000000 -9.8294821362
190.0000000000 -9.9199542909
190.1000000000 -10.0092215077
190.2000000000 -10.0973117357
190.3000000000 -10.1842521855
190.4000000000 -10.2700693491
190.5000000000 -10.3547890198
190.6000000000 -10.4384363114
190.7000000000 -10.5210356776
190.8000000000 -10.6026109298
190.9000000000 -10.6831852555
191.0000000000 -10.7627812358
191.1000000000 -10.8414208627
191.2000000000 -10.9191255554
191.3000000000 -10.9959161769
191.4000000000 -11.0718130496
191.5000000000 -11.1468359709
191.6000000000 -11.2210042281
191.7000000000 -11.2943366128
191.8000000000 -11.3668514353
191.9000000000 -11.4385665385
192.0000000000 -11.5094993109
192.1000000000 -11.5796667000
192.2000000000 -11.6490852245
192.3000000000 -11.7177709871
192.4000000000 -11.7857396862
192.5000000000 -11.8530066272
192.6000000000 -11.9195867344
192.7000000000 -11.9854945610
192.8000000000 -12.0507443008
192.9000000000 -12.1153497974
193.0000000000 -12.1793245550
193.1000000000 -12.2426817475
193.2000000000 -12.3054342283
193.3000000000 -12.3675945392
193.4000000000 -12.4291749194
193.5000000000 -12.4901873138
193.6000000000 -12.5506433816
193.7000000000 -12.6105545042
193.8000000000 -12.6699317930
193.9000000000 -12.7287860973
194.0000000000 -12.7871280112
194.1000000000 -12.8449678810
194.2000000000 -12.9023158121
194.3000000000 -12.9591816757
194.4000000000 -13.0155751154
194.5000000000 -13.0715055532
194.6000000000 -13.1269821961
194.7000000000 -13.1820140416
194.8000000000 -13.2366098838
194.9000000000 -13.2907783185
195.0000000000 -13.3445277494
195.1000000000 -13.3978663926
195.2000000000 -13.4508022822
195.3000000000 -13.5033432748
195.4000000000 -13.5554970548
195.5000000000 -13.6072711387
195.6000000000 -13.6586728796
195.7000000000 -13.7097094720
195.8000000000 -13.7603879555
195.9000000000 -13.8107152192
196.0000000000 -13.8606980058
196.1000000000 -13.9103429152
196.2000000000 -13.9596564085
196.3000000000 -14.0086448117
196.4000000000 -14.0573143190
196.5000000000 -14.1056709964
196.6000000000 -14.1537207851
196.7000000000 -14.2014695047
196.8000000000 -14.2489228560
196.9000000000 -14.2960864250
197.0000000000 -14.3429656847
197.1000000000 -14.3895659989
197.2000000000 -14.4358926244
197.3000000000 -14.4819507144
197.4000000000 -14.5277453202
197.5000000000 -14.5732813947
197.6000000000 -14.6185637943
197.7000000000 -14.6635972816
197.8000000000 -14.7083865276
197.9000000000 -14.7529361143
198.0000000000 -14.7972505363
198.1000000000 -14.8413342037
198.2000000000 -14.8851914438
198.3000000000 -14.9288265030
198.4000000000 -14.9722435493
198.5000000000 -15.0154466738
198.6000000000 -15.0584398925
198.7000000000 -15.1012271487
198.8000000000 -15.1438123141
198.9000000000 -15.1861991911
199.0000000000 -15.2283915140
199.1000000000 -15.2703929511
199.2000000000 -15.3122071058
199.3000000000 -15.3538375185
199.4000000000 -15.3952876681
199.5000000000 -15.4365609733
199.6000000000 -15.4776607940
199.7000000000 -15.5185904329
199.8000000000 -15.5593531369
199.9000000000 -15.5999520979
200.0000000000 -15.6403904548
200.1000000000 -15.6806712941
200.2000000000 -15.7207976517
200.3000000000 -15.7607725135
200.4000000000 -15.8005988170
200.5000000000 -15.8402794524
200.6000000000 -15.8798172634
200.7000000000 -15.9192150484
200.8000000000 -15.9584755617
200.9000000000 -15.9976015144
201.0000000000 -16.0365955752
201.1000000000 -16.0754603717
201.2000000000 -16.1141984913
201.3000000000 -16.1528124816
201.4000000000 -16.1913048521
201.5000000000 -16.2296780744
201.6000000000 -16.2679345835
201.7000000000 -16.3060767782
201.8000000000 -16.3441070224
201.9000000000 -16.3820276455
202.0000000000 -16.4198409432
202.1000000000 -16.4575491785
202.2000000000 -16.4951545824
202.3000000000 -16.5326593541
202.4000000000 -16.5700656625
202.5000000000 -16.6073756462
202.6000000000 -16.6445914147
202.7000000000 -16.6817150485
202.8000000000 -16.7187486003
202.9000000000 -16.7556940950
203.0000000000 -16.7925535310
203.1000000000 -16.8293288802
203.2000000000 -16.8660220890
203.3000000000 -16.9026350785
203.4000000000 -16.9391697452
203.5000000000 -16.9756279619
203.6000000000 -17.0120115774
203.7000000000 -17.0483224178
203.8000000000 -17.0845622867
203.9000000000 -17.1207329657
204.0000000000 -17.1568362147
204.1000000000 -17.1928737727
204.2000000000 -17.2288473581
204.3000000000 -17.2647586691
204.4000000000 -17.3006093842
204.5000000000 -17.3364011626
204.6000000000 -17.3721356447
204.7000000000 -17.4078144524
204.8000000000 -17.4434391896
204.9000000000 -17.4790114424
205.0000000000 -17.5145327799
205.1000000000 -17.5500047539
205.2000000000 -17.5854289002
205.3000000000 -17.6208067379
205.4000000000 -17.6561397706
205.5000000000 -17.6914294865
205.6000000000 -17.7266773584
205.7000000000 -17.7618848446
205.8000000000 -17.7970533886
205.9000000000 -17.8321844200
206.0000000000 -17.8672793545
206.1000000000 -17.9023395942
206.2000000000 -17.9373665280
206.3000000000 -17.9723615320
206.4000000000 -18.0073259694
206.5000000000 -18.0422611911
206.6000000000 -18.0771685360
206.7000000000 -18.1120493312
206.8000000000 -18.1469048920
206.9000000000 -18.1817365225
207.0000000000 -18.2165455160
207.1000000000 -18.2513331547
207.2000000000 -18.2861007102
207.3000000000 -18.3208494442
207.4000000000 -18.3555806079
207.5000000000 -18.3902954428
207.6000000000 -18.4249951809
207.7000000000 -18.4596810446
207.8000000000 -18.4943542473
207.9000000000 -18.5290159933
208.0000000000 -18.5636674783
208.1000000000 -18.5983098892
208.2000000000 -18.6329444049
208.3000000000 -18.6675721960
208.4000000000 -18.7021944249
208.5000000000 -18.7368122468
208.6000000000 -18.7714268088
208.7000000000 -18.8060392509
208.8000000000 -18.8406507059
208.9000000000 -18.8752622994
209.0000000000 -18.9098751504
209.1000000000 -18.9444903710
209.2000000000 -18.9791090670
209.3000000000 -19.0137323377
209.4000000000 -19.0483612763
209.5000000000 -19.0829969700
209.6000000000 -19.1176405001
209.7000000000 -19.1522929422
209.8000000000 -19.1869553665
209.9000000000 -19.2216288377
210.0000000000 -19.2563144150
210.1000000000 -19.2910131530
210.2000000000 -19.3257261010
210.3000000000 -19.3604543036
210.4000000000 -19.3951988005
210.5000000000 -19.4299606272
210.6000000000 -19.4647408146
210.7000000000 -19.4995403893
210.8000000000 -19.5343603738
210.9000000000 -19.5692017865
211.0000000000 -19.6040656421
211.1000000000 -19.6389529512
211.2000000000 -19.6738647211
211.3000000000 -19.7088019553
211.4000000000 -19.7437656540
211.5000000000 -19.7787568141
211.6000000000 -19.8137764292
211.7000000000 -19.8488254899
211.8000000000 -19.8839049838
211.9000000000 -19.9190158957
212.0000000000 -19.9541592076
212.1000000000 -19.9893358989
212.2000000000 -20.0245469464
212.3000000000 -20.0597933243
212.4000000000 -20.0950760049
212.5000000000 -20.1303959577
212.6000000000 -20.1657541504
212.7000000000 -20.2011515486
212.8000000000 -20.2365891159
212.9000000000 -20.2720678139
213.0000000000 -20.3075886027
213.1000000000 -20.3431524405
213.2000000000 -20.3787602840
213.3000000000 -20.4144130882
213.4000000000 -20.4501118069
213.5000000000 -20.4858573925
213.6000000000 -20.5216507960
213.7000000000 -20.5574929674
213.8000000000 -20.5933848555
213.9000000000 -20.6293274080
214.0000000000 -20.6653215719
214.1000000000 -20.7013682931
214.2000000000 -20.7374685167
214.3000000000 -20.7736231872
214.4000000000 -20.8098332485
214.5000000000 -20.8460996437
214.6000000000 -20.8824233157
214.7000000000 -20.9188052065
214.8000000000 -20.9552462583
214.9000000000 -20.9917474126
215.0000000000 -21.0283096108
215.1000000000 -21.0649337940
215.2000000000 -21.1016209034
215.3000000000 -21.1383718799
215.4000000000 -21.1751876648
215.5000000000 -21.2120691990
215.6000000000 -21.2490174238
215.7000000000 -21.2860332807
215.8000000000 -21.3231177114
215.9000000000 -21.3602716578
216.0000000000 -21.3974960623
216.1000000000 -21.4347918677
216.2000000000 -21.4721600172
216.3000000000 -21.5096014545
216.4000000000 -21.5471171239
216.5000000000 -21.5847079704
216.6000000000 -21.6223749394
216.7000000000 -21.6601189773
216.8000000000 -21.6979410310
216.9000000000 -21.7358420485
217.0000000000 -21.7738229784
217.1000000000 -21.8118847702
217.2000000000 -21.8500283745
217.3000000000 -21.8882547426
217.4000000000 -21.9265648271
217.5000000000 -21.9649595814
217.6000000000 -22.0034399601
217.7000000000 -22.0420069190
217.8000000000 -22.0806614148
217.9000000000 -22.1194044057
218.0000000000 -22.1582368510
218.1000000000 -22.1971597110
218.2000000000 -22.2361739477
218.3000000000 -22.2752805243
218.4000000000 -22.3144804050
218.5000000000 -22.3537745559
218.6000000000 -22.3931639441
218.7000000000 -22.4326495384
218.8000000000 -22.4722323087
218.9000000000 -22.5119132268
219.0000000000 -22.5516932657
219.1000000000 -22.5915733999
219.2000000000 -22.6315546057
219.3000000000 -22.6716378607
219.4000000000 -22.7118241441
219.5000000000 -22.7521144368
219.6000000000 -22.7925097211
219.7000000000 -22.8330109813
219.8000000000 -22.8736192028
219.9000000000 -22.9143353731
220.0000000000 -22.9551604811
220.1000000000 -22.9960955174
220.2000000000 -23.0371414742
220.3000000000 -23.0782993456
220.4000000000 -23.1195701272
220.5000000000 -23.1609548161
220.6000000000 -23.2024544115
220.7000000000 -23.2440699139
220.8000000000 -23.2858023258
220.9000000000 -23.3276526510
221.0000000000 -23.3696218953
221.1000000000 -23.4117110661
221.2000000000 -23.4539211724
221.3000000000 -23.4962532247
221.4000000000 -23.5387082355
221.5000000000 -23.5812872187
221.6000000000 -23.6239911899
221.7000000000 -23.6668211662
221.8000000000 -23.7097781665
221.9000000000 -23.7528632110
222.0000000000 -23.7960773217
222.1000000000 -23.8394215221
222.2000000000 -23.8828968370
222.3000000000 -23.9265042930
222.4000000000 -23.9702449180
222.5000000000 -24.0141197414
222.6000000000 -24.0581297939
222.7000000000 -24.1022761078
222.8000000000 -24.1465597165
222.9000000000 -24.1909816549
223.0000000000 -24.2355429592
223.1000000000 -24.2802446666
223.2000000000 -24.3250878159
223.3000000000 -24.3700734468
223.4000000000 -24.4152026000
223.5000000000 -24.4604763178
223.6000000000 -24.5058956429
223.7000000000 -24.5514616195
223.8000000000 -24.5971752925
223.9000000000 -24.6430377076
224.0000000000 -24.6890499116
224.1000000000 -24.7352129519
224.2000000000 -24.7815278767
224.3000000000 -24.8279957348
224.4000000000 -24.8746175755
224.5000000000 -24.9213944489
224.6000000000 -24.9683274055
224.7000000000 -25.0154174959
224.8000000000 -25.0626657715
224.9000000000 -25.1100732836
225.0000000000 -25.1576410838
225.1000000000 -25.2053702239
225.2000000000 -25.2532617556
225.3000000000 -25.3013167307
225.4000000000 -25.3495362006
225.5000000000 -25.3979212169
225.6000000000 -25.4464728304
225.7000000000 -25.4951920920
225.8000000000 -25.5440800516
225.9000000000 -25.5931377590
226.0000000000 -25.6423662631
226.1000000000 -25.6917666119
226.2000000000 -25.7413398528
226.3000000000 -25.7910870320
226.4000000000 -25.8410091947
226.5000000000 -25.8911073849
226.6000000000 -25.9413826452
226.7000000000 -25.9918360169
226.8000000000 -26.0424685398
226.9000000000 -26.0932812518
227.0000000000 -26.1442751893
227.1000000000 -26.1954513866
227.2000000000 -26.2468108762
227.3000000000 -26.2983546881
227.4000000000 -26.3500838503
227.5000000000 -26.4019993884
227.6000000000 -26.4541023251
227.7000000000 -26.5063936809
227.8000000000 -26.5588744730
227.9000000000 -26.6115457160
228.0000000000 -26.6644084210
228.1000000000 -26.7174635962
228.2000000000 -26.7707122461
228.3000000000 -26.8241553718
228.4000000000 -26.8777939706
228.5000000000 -26.9316290359
228.6000000000 -26.9856615569
228.7000000000 -27.0398925189
228.8000000000 -27.0943229025
228.9000000000 -27.1489536840
229.0000000000 -27.2037858349
229.1000000000 -27.2588203216
229.2000000000 -27.3140581056
229.3000000000 -27.3695001433
229.4000000000 -27.4251473854
229.5000000000 -27.4810007770
229.6000000000 -27.5370612576
229.7000000000 -27.5933297605
229.8000000000 -27.6498072129
229.9000000000 -27.7064945356
230.0000000000 -27.7633926429
230.1000000000 -27.8205024422
230.2000000000 -27.8778248340
230.3000000000 -27.9353607117
230.4000000000 -27.9931109611
230.5000000000 -28.0510764606
230.6000000000 -28.1092580808
230.7000000000 -28.1676566842
230.8000000000 -28.2262731252
230.9000000000 -28.2851082496
231.0000000000 -28.3441628947
231.1000000000 -28.4034378887
231.2000000000 -28.4629340511
231.3000000000 -28.5226521917
231.4000000000 -28.5825931110
231.5000000000 -28.6427575995
231.6000000000 -28.7031464380
231.7000000000 -28.7637603968
231.8000000000 -28.8246002359
231.9000000000 -28.8856667045
232.0000000000 -28.9469605411
232.1000000000 -29.0084824726
232.2000000000 -29.0702332151
232.3000000000 -29.1322134724
232.4000000000 -29.1944239370
232.5000000000 -29.2568652889
232.6000000000 -29.3195381959
232.7000000000 -29.3824433132
232.8000000000 -29.4455812831
232.9000000000 -29.5089527348
233.0000000000 -29.5725582842
233.1000000000 -29.6363985336
233.2000000000 -29.7004740715
233.3000000000 -29.7647854723
233.4000000000 -29.8293332959
233.5000000000 -29.8941180881
233.6000000000 -29.9591403793
233.7000000000 -30.0244006853
233.8000000000 -30.0898995063
233.9000000000 -30.1556373270
234.0000000000 -30.2216146165
234.1000000000 -30.2878318275
234.2000000000 -30.3542893966
234.3000000000 -30.4209877439
234.4000000000 -30.4879272726
234.5000000000 -30.5551083689
234.6000000000 -30.6225314017
234.7000000000 -30.6901967224
234.8000000000 -30.7581046646
234.9000000000 -30.8262555441
235.0000000000 -30.8946496581
235.1000000000 -30.9632872856
235.2000000000 -31.0321686870
235.3000000000 -31.1012941033
235.4000000000 -31.1706637568
235.5000000000 -31.2402778502
235.6000000000 -31.3101365665
235.7000000000 -31.3802400690
235.8000000000 -31.4505885010
235.9000000000 -31.5211819851
236.0000000000 -31.5920206240
236.1000000000 -31.6631044992
236.2000000000 -31.7344336714
236.3000000000 -31.8060081804
236.4000000000 -31.8778280444
236.5000000000 -31.9498932601
236.6000000000 -32.0222038026
236.7000000000 -32.0947596250
236.8000000000 -32.1675606583
236.9000000000 -32.2406068112
237.0000000000 -32.3138979701
237.1000000000 -32.3874339984
237.2000000000 -32.4612147371
237.3000000000 -32.5352400039
237.4000000000 -32.6095095935
237.5000000000 -32.6840232774
237.6000000000 -32.7587808035
237.7000000000 -32.8337818962
237.8000000000 -32.9090262561
237.9000000000 -32.9845135601
238.0000000000 -33.0602434609
238.1000000000 -33.1362155872
238.2000000000 -33.2124295436
238.3000000000 -33.2888849102
238.4000000000 -33.3655812426
238.5000000000 -33.4425180721
238.6000000000 -33.5196949053
238.7000000000 -33.5971112239
238.8000000000 -33.6747664850
238.9000000000 -33.7526601209
239.0000000000 -33.8307915389
239.1000000000 -33.9091601211
239.2000000000 -33.9877652250
239.3000000000 -34.0666061828
239.4000000000 -34.1456823016
239.5000000000 -34.2249928634
239.6000000000 -34.3045371251
239.7000000000 -34.3843143185
239.8000000000 -34.4643236499
239.9000000000 -34.5445643010
240.0000000000 -34.6250354279
240.1000000000 -34.7057361619
240.2000000000 -34.7866656089
240.3000000000 -34.8678228501
240.4000000000 -34.9492069413
240.5000000000 -35.0308169138
240.6000000000 -35.1126517737
240.7000000000 -35.1947105023
240.8000000000 -35.2769920563
240.9000000000 -35.3594953677
241.0000000000 -35.4422193439
241.1000000000 -35.5251628680
241.2000000000 -35.6083247985
241.3000000000 -35.6917039700
241.4000000000 -35.7752991929
241.5000000000 -35.8591092535
241.6000000000 -35.9431329146
241.7000000000 -36.0273689153
241.8000000000 -36.1118159710
241.9000000000 -36.1964727741
242.0000000000 -36.2813379937
242.1000000000 -36.3664102762
242.2000000000 -36.4516882452
242.3000000000 -36.5371705016
242.4000000000 -36.6228556244
242.5000000000 -36.7087421702
242.6000000000 -36.7948286739
242.7000000000 -36.8811136490
242.8000000000 -36.9675955874
242.9000000000 -37.0542729600
243.0000000000 -37.1411442171
243.1000000000 -37.2282077883
243.2000000000 -37.3154620829
243.3000000000 -37.4029054905
243.4000000000 -37.4905363808
243.5000000000 -37.5783531043
243.6000000000 -37.6663539925
243.7000000000 -37.7545373580
243.8000000000 -37.8429014952
243.9000000000 -37.9314446805
244.0000000000 -38.0201651725
244.1000000000 -38.1090612124
244.2000000000 -38.1981310245
244.3000000000 -38.2873728166
244.4000000000 -38.3767847799
244.5000000000 -38.4663650901
244.6000000000 -38.5561119070
244.7000000000 -38.6460233757
244.8000000000 -38.7360976264
244.9000000000 -38.8263327748
245.0000000000 -38.9167269228
245.1000000000 -39.0072781591
245.2000000000 -39.0979845587
245.3000000000 -39.1888441845
245.4000000000 -39.2798550868
245.5000000000 -39.3710153041
245.6000000000 -39.4623228636
245.7000000000 -39.5537757816
245.8000000000 -39.6453720636
245.9000000000 -39.7371097053
246.0000000000 -39.8289866927
246.1000000000 -39.9210010024
246.2000000000 -40.0131506025
246.3000000000 -40.1054334528
246.4000000000 -40.1978475050
246.5000000000 -40.2903907039
246.6000000000 -40.3830609869
246.7000000000 -40.4758562852
246.8000000000 -40.5687745240
246.9000000000 -40.6618136229
247.0000000000 -40.7549714966
247.1000000000 -40.8482460549
247.2000000000 -40.9416352037
247.3000000000 -41.0351368452
247.4000000000 -41.1287488784
247.5000000000 -41.2224691995
247.6000000000 -41.3162957025
247.7000000000 -41.4102262795
247.8000000000 -41.5042588213
247.9000000000 -41.5983912178
248.0000000000 -41.6926213586
248.1000000000 -41.7869471332
248.2000000000 -41.8813664316
248.3000000000 -41.9758771448
248.4000000000 -42.0704771651
248.5000000000 -42.1651643868
248.6000000000 -42.2599367063
248.7000000000 -42.3547920230
248.8000000000 -42.4497282392
248.9000000000 -42.5447432610
249.0000000000 -42.6398349985
249.1000000000 -42.7350013662
249.2000000000 -42.8302402836
249.3000000000 -42.9255496755
249.4000000000 -43.0209274724
249.5000000000 -43.1163716111
249.6000000000 -43.2118800348
249.7000000000 -43.3074506937
249.8000000000 -43.4030815453
249.9000000000 -43.4987705552
250.0000000000 -43.5945156966
250.1000000000 -43.6903149517
250.2000000000 -43.7861663113
250.3000000000 -43.8820677757
250.4000000000 -43.9780173545
250.5000000000 -44.0740130677
250.6000000000 -44.1700529454
250.7000000000 -44.2661350284
250.8000000000 -44.3622573685
250.9000000000 -44.4584180290
251.0000000000 -44.5546150848
251.1000000000 -44.6508466226
251.2000000000 -44.7471107418
251.3000000000 -44.8434055541
251.4000000000 -44.9397291843
251.5000000000 -45.0360797702
251.6000000000 -45.1324554633
251.7000000000 -45.2288544287
251.8000000000 -45.3252748455
251.9000000000 -45.4217149071
252.0000000000 -45.5181728217
252.1000000000 -45.6146468118
252.2000000000 -45.7111351152
252.3000000000 -45.8076359849
252.4000000000 -45.9041476894
252.5000000000 -46.0006685127
252.6000000000 -46.0971967548
252.7000000000 -46.1937307318
252.8000000000 -46.2902687759
252.9000000000 -46.3868092359
253.0000000000 -46.4833504771
253.1000000000 -46.5798908816
253.2000000000 -46.6764288485
253.3000000000 -46.7729627938
253.4000000000 -46.8694911508
253.5000000000 -46.9660123703
253.6000000000 -47.0625249203
253.7000000000 -47.1590272865
253.8000000000 -47.2555179724
253.9000000000 -47.3519954991
254.0000000000 -47.4484584058
254.1000000000 -47.5449052493
254.2000000000 -47.6413346049
254.3000000000 -47.7377450657
254.4000000000 -47.8341352430
254.5000000000 -47.9305037664
254.6000000000 -48.0268492838
254.7000000000 -48.1231704612
254.8000000000 -48.2194659831
254.9000000000 -48.3157345524
255.0000000000 -48.4119748902
255.1000000000 -48.5081857360
255.2000000000 -48.6043658478
255.3000000000 -48.7005140019
255.4000000000 -48.7966289928
255.5000000000 -48.8927096336
255.6000000000 -48.9887547554
255.7000000000 -49.0847632077
255.8000000000 -49.1807338584
255.9000000000 -49.2766655932
256.0000000000 -49.3725573162
256.1000000000 -49.4684079493
256.2000000000 -49.5642164326
256.3000000000 -49.6599817239
256.4000000000 -49.7557027990
256.5000000000 -49.8513786514
256.6000000000 -49.9470082919
256.7000000000 -50.0425907494
256.8000000000 -50.1381250696
256.9000000000 -50.2336103159
257.0000000000 -50.3290455689
257.1000000000 -50.4244299260
257.2000000000 -50.5197625016
257.3000000000 -50.6150424271
257.4000000000 -50.7102688504
257.5000000000 -50.8054409357
257.6000000000 -50.9005578639
257.7000000000 -50.9956188319
257.8000000000 -51.0906230526
257.9000000000 -51.1855697548
258.0000000000 -51.2804581830
258.1000000000 -51.3752875973
258.2000000000 -51.4700572729
258.3000000000 -51.5647665002
258.4000000000 -51.6594145847
258.5000000000 -51.7540008466
258.6000000000 -51.8485246205
258.7000000000 -51.9429852555
258.8000000000 -52.0373821149
258.9000000000 -52.1317145756
259.0000000000 -52.2259820286
259.1000000000 -52.3201838781
259.2000000000 -52.4143195419
259.3000000000 -52.5083884506
259.4000000000 -52.6023900475
259.5000000000 -52.6963237889
259.6000000000 -52.7901891431
259.7000000000 -52.8839855907
259.8000000000 -52.9777126240
259.9000000000 -53.0713697471
