0.0000000000 -57.4249312339
0.1000000000 -57.5086528204
0.2000000000 -57.5923130429
0.3000000000 -57.6759116739
0.4000000000 -57.7594484831
0.5000000000 -57.8429232370
0.6000000000 -57.9263356993
0.7000000000 -58.0096856304
0.8000000000 -58.0929727874
0.9000000000 -58.1761969237
1.0000000000 -58.2593577892
1.1000000000 -58.3424551295
1.2000000000 -58.4254886867
1.3000000000 -58.5084581982
1.4000000000 -58.5913633974
1.5000000000 -58.6742040130
1.6000000000 -58.7569797690
1.7000000000 -58.8396903846
1.8000000000 -58.9223355742
1.9000000000 -59.0049150467
2.0000000000 -59.0874285062
2.1000000000 -59.1698756509
2.2000000000 -59.2522561738
2.3000000000 -59.3345697621
2.4000000000 -59.4168160971
2.5000000000 -59.4989948542
2.6000000000 -59.5811057027
2.7000000000 -59.6631483057
2.8000000000 -59.7451223198
2.9000000000 -59.8270273955
3.0000000000 -59.9088631763
3.1000000000 -59.9906292992
3.2000000000 -60.0723253944
3.3000000000 -60.1539510851
3.4000000000 -60.2355059875
3.5000000000 -60.3169897106
3.6000000000 -60.3984018563
3.7000000000 -60.4797420191
3.8000000000 -60.5610097859
3.9000000000 -60.6422047362
4.0000000000 -60.7233264421
4.1000000000 -60.8043744677
4.2000000000 -60.8853483693
4.3000000000 -60.9662476957
4.4000000000 -61.0470719874
4.5000000000 -61.1278207771
4.6000000000 -61.2084935894
4.7000000000 -61.2890899407
4.8000000000 -61.3696093392
4.9000000000 -61.4500512850
5.0000000000 -61.5304152698
5.1000000000 -61.6107007770
5.2000000000 -61.6909072814
5.3000000000 -61.7710342498
5.4000000000 -61.8510811401
5.5000000000 -61.9310474019
5.6000000000 -62.0109324764
5.7000000000 -62.0907357958
5.8000000000 -62.1704567843
5.9000000000 -62.2500948570
6.0000000000 -62.3296494208
6.1000000000 -62.4091198737
6.2000000000 -62.4885056051
6.3000000000 -62.5678059960
6.4000000000 -62.6470204186
6.5000000000 -62.7261482364
6.6000000000 -62.8051888045
6.7000000000 -62.8841414694
6.8000000000 -62.9630055689
6.9000000000 -63.0417804323
7.0000000000 -63.1204653804
7.1000000000 -63.1990597255
7.2000000000 -63.2775627715
7.3000000000 -63.3559738138
7.4000000000 -63.4342921396
7.5000000000 -63.5125170275
7.6000000000 -63.5906477481
7.7000000000 -63.6686835637
7.8000000000 -63.7466237283
7.9000000000 -63.8244674880
8.0000000000 -63.9022140807
8.1000000000 -63.9798627367
8.2000000000 -64.0574126779
8.3000000000 -64.1348631187
8.4000000000 -64.2122132659
8.5000000000 -64.2894623184
8.6000000000 -64.3666094678
8.7000000000 -64.4436538979
8.8000000000 -64.5205947856
8.9000000000 -64.5974313002
9.0000000000 -64.6741626040
9.1000000000 -64.7507878522
9.2000000000 -64.8273061933
9.3000000000 -64.9037167686
9.4000000000 -64.9800187131
9.5000000000 -65.0562111549
9.6000000000 -65.1322932159
9.7000000000 -65.2082640116
9.8000000000 -65.2841226513
9.9000000000 -65.3598682382
10.0000000000 -65.4354998698
10.1000000000 -65.5110166375
10.2000000000 -65.5864176274
10.3000000000 -65.6617019199
10.4000000000 -65.7368685903
10.5000000000 -65.8119167084
10.6000000000 -65.8868453393
10.7000000000 -65.9616535430
10.8000000000 -66.0363403750
10.9000000000 -66.1109048861
11.0000000000 -66.1853461228
11.1000000000 -66.2596631274
11.2000000000 -66.3338549381
11.3000000000 -66.4079205894
11.4000000000 -66.4818591119
11.5000000000 -66.5556695327
11.6000000000 -66.6293508759
11.7000000000 -66.7029021619
11.8000000000 -66.7763224087
11.9000000000 -66.8496106311
12.0000000000 -66.9227658414
12.1000000000 -66.9957870497
12.2000000000 -67.0686732634
12.3000000000 -67.1414234885
12.4000000000 -67.2140367285
12.5000000000 -67.2865119858
12.6000000000 -67.3588482609
12.7000000000 -67.4310445534
12.8000000000 -67.5030998616
12.9000000000 -67.5750131830
13.0000000000 -67.6467835144
13.1000000000 -67.7184098521
13.2000000000 -67.7898911922
13.3000000000 -67.8612265306
13.4000000000 -67.9324148635
13.5000000000 -68.0034551873
13.6000000000 -68.0743464988
13.7000000000 -68.1450877958
13.8000000000 -68.2156780769
13.9000000000 -68.2861163416
14.0000000000 -68.3564015910
14.1000000000 -68.4265328277
14.2000000000 -68.4965090559
14.3000000000 -68.5663292817
14.4000000000 -68.6359925135
14.5000000000 -68.7054977618
14.6000000000 -68.7748440399
14.7000000000 -68.8440303635
14.8000000000 -68.9130557514
14.9000000000 -68.9819192254
15.0000000000 -69.0506198108
15.1000000000 -69.1191565361
15.2000000000 -69.1875284338
15.3000000000 -69.2557345401
15.4000000000 -69.3237738952
15.5000000000 -69.3916455439
15.6000000000 -69.4593485350
15.7000000000 -69.5268819223
15.8000000000 -69.5942447643
15.9000000000 -69.6614361245
16.0000000000 -69.7284550715
16.1000000000 -69.7953006795
16.2000000000 -69.8619720282
16.3000000000 -69.9284682027
16.4000000000 -69.9947882945
16.5000000000 -70.0609314008
16.6000000000 -70.1268966253
16.7000000000 -70.1926830779
16.8000000000 -70.2582898754
16.9000000000 -70.3237161410
17.0000000000 -70.3889610051
17.1000000000 -70.4540236049
17.2000000000 -70.5189030852
17.3000000000 -70.5835985979
17.4000000000 -70.6481093026
17.5000000000 -70.7124343664
17.6000000000 -70.7765729646
17.7000000000 -70.8405242802
17.8000000000 -70.9042875045
17.9000000000 -70.9678618370
18.0000000000 -71.0312464857
18.1000000000 -71.0944406670
18.2000000000 -71.1574436062
18.3000000000 -71.2202545374
18.4000000000 -71.2828727034
18.5000000000 -71.3452973565
18.6000000000 -71.4075277578
18.7000000000 -71.4695631780
18.8000000000 -71.5314028971
18.9000000000 -71.5930462048
19.0000000000 -71.6544924002
19.1000000000 -71.7157407924
19.2000000000 -71.7767907003
19.3000000000 -71.8376414529
19.4000000000 -71.8982923891
19.5000000000 -71.9587428582
19.6000000000 -72.0189922194
19.7000000000 -72.0790398427
19.8000000000 -72.1388851084
19.9000000000 -72.1985274071
20.0000000000 -72.2579661404
20.1000000000 -72.3172007203
20.2000000000 -72.3762305698
20.3000000000 -72.4350551226
20.4000000000 -72.4936738233
20.5000000000 -72.5520861276
20.6000000000 -72.6102915022
20.7000000000 -72.6682894249
20.8000000000 -72.7260793845
20.9000000000 -72.7836608814
21.0000000000 -72.8410334269
21.1000000000 -72.8981965437
21.2000000000 -72.9551497661
21.3000000000 -73.0118926394
21.4000000000 -73.0684247207
21.5000000000 -73.1247455784
21.6000000000 -73.1808547924
21.7000000000 -73.2367519541
21.8000000000 -73.2924366666
21.9000000000 -73.3479085444
22.0000000000 -73.4031672137
22.1000000000 -73.4582123123
22.2000000000 -73.5130434895
22.3000000000 -73.5676604064
22.4000000000 -73.6220627355
22.5000000000 -73.6762501610
22.6000000000 -73.7302223787
22.7000000000 -73.7839790961
22.8000000000 -73.8375200319
22.9000000000 -73.8908449168
23.0000000000 -73.9439534925
23.1000000000 -73.9968455124
23.2000000000 -74.0495207414
23.3000000000 -74.1019789553
23.4000000000 -74.1542199416
23.5000000000 -74.2062434986
23.6000000000 -74.2580494358
23.7000000000 -74.3096375737
23.8000000000 -74.3610077432
23.9000000000 -74.4121597863
24.0000000000 -74.4630935550
24.1000000000 -74.5138089117
24.2000000000 -74.5643057287
24.3000000000 -74.6145838879
24.4000000000 -74.6646432805
24.5000000000 -74.7144838065
24.6000000000 -74.7641053745
24.7000000000 -74.8135079008
24.8000000000 -74.8626913091
24.9000000000 -74.9116555297
25.0000000000 -74.9604004983
25.1000000000 -75.0089261556
25.2000000000 -75.0572324458
25.3000000000 -75.1053193155
25.4000000000 -75.1531867117
25.5000000000 -75.2008345807
25.6000000000 -75.2482628655
25.7000000000 -75.2954715035
25.8000000000 -75.3424604237
25.9000000000 -75.3892295433
26.0000000000 -75.4357787640
26.1000000000 -75.4821079673
26.2000000000 -75.5282170093
26.3000000000 -75.5741057147
26.4000000000 -75.6197738691
26.5000000000 -75.6652212112
26.6000000000 -75.7104474225
26.7000000000 -75.7554521160
26.8000000000 -75.8002348227
26.9000000000 -75.8447949760
27.0000000000 -75.8891318929
27.1000000000 -75.9332447530
27.2000000000 -75.9771325729
27.3000000000 -76.0207941770
27.4000000000 -76.0642281629
27.5000000000 -76.1074328611
27.6000000000 -76.1504062880
27.7000000000 -76.1931460902
27.8000000000 -76.2356494807
27.9000000000 -76.2779131624
28.0000000000 -76.3199332403
28.1000000000 -76.3617051177
28.2000000000 -76.4032233751
28.3000000000 -76.4444816281
28.4000000000 -76.4854723619
28.5000000000 -76.5261867365
28.6000000000 -76.5666143598
28.7000000000 -76.6067430209
28.8000000000 -76.6465583789
28.9000000000 -76.6860435985
29.0000000000 -76.7251789222
29.1000000000 -76.7639411718
29.2000000000 -76.8023031625
29.3000000000 -76.8402330191
29.4000000000 -76.8776933738
29.5000000000 -76.9146404288
29.6000000000 -76.9510228573
29.7000000000 -76.9867805186
29.8000000000 -77.0218429527
29.9000000000 -77.0561276186
30.0000000000 -77.0895378322
30.1000000000 -77.1219603515
30.2000000000 -77.1532625506
30.3000000000 -77.1832891108
30.4000000000 -77.2118581476
30.5000000000 -77.2387566757
30.6000000000 -77.2637353012
30.7000000000 -77.2865020076
30.8000000000 -77.3067148807
30.9000000000 -77.3239735936
31.0000000000 -77.3378094371
31.1000000000 -77.3476736507
31.2000000000 -77.3529237624
31.3000000000 -77.3528075991
31.4000000000 -77.3464445702
31.5000000000 -77.3328037619
31.6000000000 -77.3106782976
31.7000000000 -77.2786553325
31.8000000000 -77.2350809388
31.9000000000 -77.1780190184
32.0000000000 -77.1052032284
32.1000000000 -77.0139807423
32.2000000000 -76.9012464663
32.3000000000 -76.7633661060
32.4000000000 -76.5960862101
32.5000000000 -76.3944290110
32.6000000000 -76.1525695210
32.7000000000 -75.8636919309
32.8000000000 -75.5198218718
32.9000000000 -75.1116305375
33.0000000000 -74.6282060021
33.1000000000 -74.0567862782
33.2000000000 -73.3824476960
33.3000000000 -72.5877409683
33.4000000000 -71.6522656878
33.5000000000 -70.5521717016
33.6000000000 -69.2595722846
33.7000000000 -67.7418482217
33.8000000000 -65.9608117288
33.9000000000 -63.8716804757
34.0000000000 -61.4217768477
34.1000000000 -58.5488008771
34.2000000000 -55.1784000375
34.3000000000 -51.2205329645
34.4000000000 -46.5637491817
34.5000000000 -41.0659846131
34.6000000000 -34.5399844014
34.7000000000 -26.7315115581
34.8000000000 -17.2911724600
34.9000000000 -5.7674865783
35.0000000000 8.1515118862
35.1000000000 23.1869348776
35.2000000000 34.3616206390
35.3000000000 38.3491064863
35.4000000000 38.4038449007
35.5000000000 37.9635757995
35.6000000000 37.7740928789
35.7000000000 37.7459833985
35.8000000000 37.7791570060
35.9000000000 37.8227712714
36.0000000000 37.8539274866
36.1000000000 37.8633303480
36.2000000000 37.8480525541
36.3000000000 37.8080154142
36.4000000000 37.7442979126
36.5000000000 37.6583419793
36.6000000000 37.5515970113
36.7000000000 37.4253779961
36.8000000000 37.2808251303
36.9000000000 37.1189092140
37.0000000000 36.9404553630
37.1000000000 36.7461718147
37.2000000000 36.5366777675
37.3000000000 36.3125277645
37.4000000000 36.0742318779
37.5000000000 35.8222717613
37.6000000000 35.5571129835
37.7000000000 35.2792141728
37.8000000000 34.9890335047
37.9000000000 34.6870330253
38.0000000000 34.3736812416
38.1000000000 34.0494543507
38.2000000000 33.7148364193
38.3000000000 33.3703187743
38.4000000000 33.0163988210
38.5000000000 32.6535784652
38.6000000000 32.2823622835
38.7000000000 31.9032555566
38.8000000000 31.5167622589
38.9000000000 31.1233830748
39.0000000000 30.7236134965
39.1000000000 30.3179420445
39.2000000000 29.9068486374
39.3000000000 29.4908031310
39.4000000000 29.0702640366
39.5000000000 28.6456774222
39.6000000000 28.2174759945
39.7000000000 27.7860783586
39.8000000000 27.3518884447
39.9000000000 26.9152950919
40.0000000000 26.4766717777
40.1000000000 26.0363764791
40.2000000000 25.5947516529
40.3000000000 25.1521243202
40.4000000000 24.7088062432
40.5000000000 24.2650941808
40.6000000000 23.8212702102
40.7000000000 23.3776021041
40.8000000000 22.9343437527
40.9000000000 22.4917356194
41.0000000000 22.0500052230
41.1000000000 21.6093676384
41.2000000000 21.1700260071
41.3000000000 20.7321720532
41.4000000000 20.2959865986
41.5000000000 19.8616400730
41.6000000000 19.4292930144
41.7000000000 18.9990965576
41.8000000000 18.5711929072
41.9000000000 18.1457157939
42.0000000000 17.7227909114
42.1000000000 17.3025363334
42.2000000000 16.8850629101
42.3000000000 16.4704746422
42.4000000000 16.0588690351
42.5000000000 15.6503374297
42.6000000000 15.2449653133
42.7000000000 14.8428326090
42.8000000000 14.4440139457
42.9000000000 14.0485789079
43.0000000000 13.6565922673
43.1000000000 13.2681141976
43.2000000000 12.8832004714
43.3000000000 12.5019026427
43.4000000000 12.1242682144
43.5000000000 11.7503407930
43.6000000000 11.3801602306
43.7000000000 11.0137627560
43.8000000000 10.6511810956
43.9000000000 10.2924445854
44.0000000000 9.9375792748
44.1000000000 9.5866080231
44.2000000000 9.2395505898
44.3000000000 8.8964237192
44.4000000000 8.5572412208
44.5000000000 8.2220140453
44.6000000000 7.8907503573
44.7000000000 7.5634556064
44.8000000000 7.2401325951
44.9000000000 6.9207815465
45.0000000000 6.6054001708
45.1000000000 6.2939837318
45.2000000000 5.9865251129
45.3000000000 5.6830148847
45.4000000000 5.3834413723
45.5000000000 5.0877907242
45.6000000000 4.7960469820
45.7000000000 4.5081921519
45.8000000000 4.2242062763
45.9000000000 3.9440675079
46.0000000000 3.6677521842
46.1000000000 3.3952349031
46.2000000000 3.1264885997
46.3000000000 2.8614846240
46.4000000000 2.6001928185
46.5000000000 2.3425815972
46.6000000000 2.0886180240
46.7000000000 1.8382678916
46.8000000000 1.5914958004
46.9000000000 1.3482652361
47.0000000000 1.1085386479
47.1000000000 0.8722775249
47.2000000000 0.6394424722
47.3000000000 0.4099932856
47.4000000000 0.1838890248
47.5000000000 -0.0389119147
47.6000000000 -0.2584517314
47.7000000000 -0.4747731493
47.8000000000 -0.6879193513
47.9000000000 -0.8979339149
48.0000000000 -1.1048607494
48.1000000000 -1.3087440360
48.2000000000 -1.5096281692
48.3000000000 -1.7075577016
48.4000000000 -1.9025772898
48.5000000000 -2.0947316437
48.6000000000 -2.2840654775
48.7000000000 -2.4706234629
48.8000000000 -2.6544501855
48.9000000000 -2.8355901027
49.0000000000 -3.0140875040
49.1000000000 -3.1899864737
49.2000000000 -3.3633308564
49.3000000000 -3.5341642230
49.4000000000 -3.7025298408
49.5000000000 -3.8684706446
49.6000000000 -4.0320292095
49.7000000000 -4.1932477265
49.8000000000 -4.3521679795
49.9000000000 -4.5088313241
50.0000000000 -4.6632786684
50.1000000000 -4.8155504550
50.2000000000 -4.9656866452
50.3000000000 -5.1137267046
50.4000000000 -5.2597095895
50.5000000000 -5.4036737359
50.6000000000 -5.5456570488
50.7000000000 -5.6856968935
50.8000000000 -5.8238300875
50.9000000000 -5.9600928943
51.0000000000 -6.0945210174
51.1000000000 -6.2271495964
51.2000000000 -6.3580132032
51.3000000000 -6.4871458395
51.4000000000 -6.6145809353
51.5000000000 -6.7403513481
51.6000000000 -6.8644893627
51.7000000000 -6.9870266919
51.8000000000 -7.1079944785
51.9000000000 -7.2274232966
52.0000000000 -7.3453431545
52.1000000000 -7.4617834984
52.2000000000 -7.5767732155
52.3000000000 -7.6903406387
52.4000000000 -7.8025135512
52.5000000000 -7.9133191914
52.6000000000 -8.0227842588
52.7000000000 -8.1309349196
52.8000000000 -8.2377968129
52.9000000000 -8.3433950573
53.0000000000 -8.4477542578
53.1000000000 -8.5508985121
53.2000000000 -8.6528514188
53.3000000000 -8.7536360840
53.4000000000 -8.8532751292
53.5000000000 -8.9517906990
53.6000000000 -9.0492044688
53.7000000000 -9.1455376531
53.8000000000 -9.2408110129
53.9000000000 -9.3350448645
54.0000000000 -9.4282590870
54.1000000000 -9.5204731311
54.2000000000 -9.6117060269
54.3000000000 -9.7019763920
54.4000000000 -9.7913024402
54.5000000000 -9.8797019894
54.6000000000 -9.9671924696
54.7000000000 -10.0537909313
54.8000000000 -10.1395140535
54.9000000000 -10.2243781517
55.0000000000 -10.3083991857
55.1000000000 -10.3915927677
55.2000000000 -10.4739741699
55.3000000000 -10.5555583324
55.4000000000 -10.6363598706
55.5000000000 -10.7163930827
55.6000000000 -10.7956719573
55.7000000000 -10.8742101803
55.8000000000 -10.9520211426
55.9000000000 -11.0291179466
56.0000000000 -11.1055134135
56.1000000000 -11.1812200900
56.2000000000 -11.2562502549
56.3000000000 -11.3306159257
56.4000000000 -11.4043288651
56.5000000000 -11.4774005871
56.6000000000 -11.5498423633
56.7000000000 -11.6216652289
56.8000000000 -11.6928799888
56.9000000000 -11.7634972228
57.0000000000 -11.8335272918
57.1000000000 -11.9029803432
57.2000000000 -11.9718663159
57.3000000000 -12.0401949462
57.4000000000 -12.1079757721
57.5000000000 -12.1752181389
57.6000000000 -12.2419312042
57.7000000000 -12.3081239418
57.8000000000 -12.3738051473
57.9000000000 -12.4389834419
58.0000000000 -12.5036672772
58.1000000000 -12.5678649392
58.2000000000 -12.6315845527
58.3000000000 -12.6948340850
58.4000000000 -12.7576213504
58.5000000000 -12.8199540133
58.6000000000 -12.8818395924
58.7000000000 -12.9432854645
58.8000000000 -13.0042988674
58.9000000000 -13.0648869037
59.0000000000 -13.1250565443
59.1000000000 -13.1848146312
59.2000000000 -13.2441678808
59.3000000000 -13.3031228874
59.4000000000 -13.3616861254
59.5000000000 -13.4198639526
59.6000000000 -13.4776626132
59.7000000000 -13.5350882400
59.8000000000 -13.5921468575
59.9000000000 -13.6488443843
60.0000000000 -13.7051866355
60.1000000000 -13.7611793252
60.2000000000 -13.8168280691
60.3000000000 -13.8721383863
60.4000000000 -13.9271157019
60.5000000000 -13.9817653491
60.6000000000 -14.0360925713
60.7000000000 -14.0901025238
60.8000000000 -14.1438002765
60.9000000000 -14.1971908152
61.0000000000 -14.2502790436
61.1000000000 -14.3030697855
61.2000000000 -14.3555677859
61.3000000000 -14.4077777136
61.4000000000 -14.4597041621
61.5000000000 -14.5113516515
61.6000000000 -14.5627246302
61.7000000000 -14.6138274765
61.8000000000 -14.6646644998
61.9000000000 -14.7152399422
62.0000000000 -14.7655579801
62.1000000000 -14.8156227255
62.2000000000 -14.8654382272
62.3000000000 -14.9150084721
62.4000000000 -14.9643373869
62.5000000000 -15.0134288388
62.6000000000 -15.0622866371
62.7000000000 -15.1109145342
62.8000000000 -15.1593162270
62.9000000000 -15.2074953576
63.0000000000 -15.2554555148
63.1000000000 -15.3032002349
63.2000000000 -15.3507330031
63.3000000000 -15.3980572541
63.4000000000 -15.4451763733
63.5000000000 -15.4920936978
63.6000000000 -15.5388125173
63.7000000000 -15.5853360752
63.8000000000 -15.6316675690
63.9000000000 -15.6778101520
64.0000000000 -15.7237669333
64.1000000000 -15.7695409792
64.2000000000 -15.8151353139
64.3000000000 -15.8605529202
64.4000000000 -15.9057967405
64.5000000000 -15.9508696773
64.6000000000 -15.9957745942
64.7000000000 -16.0405143163
64.8000000000 -16.0850916316
64.9000000000 -16.1295092908
65.0000000000 -16.1737700087
65.1000000000 -16.2178764646
65.2000000000 -16.2618313030
65.3000000000 -16.3056371341
65.4000000000 -16.3492965347
65.5000000000 -16.3928120488
65.6000000000 -16.4361861878
65.7000000000 -16.4794214317
65.8000000000 -16.5225202292
65.9000000000 -16.5654849986
66.0000000000 -16.6083181281
66.1000000000 -16.6510219765
66.2000000000 -16.6935988737
66.3000000000 -16.7360511213
66.4000000000 -16.7783809930
66.5000000000 -16.8205907351
66.6000000000 -16.8626825671
66.7000000000 -16.9046586823
66.8000000000 -16.9465212479
66.9000000000 -16.9882724057
67.0000000000 -17.0299142728
67.1000000000 -17.0714489416
67.2000000000 -17.1128784804
67.3000000000 -17.1542049341
67.4000000000 -17.1954303243
67.5000000000 -17.2365566497
67.6000000000 -17.2775858869
67.7000000000 -17.3185199904
67.8000000000 -17.3593608932
67.9000000000 -17.4001105069
68.0000000000 -17.4407707227
68.1000000000 -17.4813434112
68.2000000000 -17.5218304228
68.3000000000 -17.5622335886
68.4000000000 -17.6025547200
68.5000000000 -17.6427956097
68.6000000000 -17.6829580316
68.7000000000 -17.7230437413
68.8000000000 -17.7630544766
68.9000000000 -17.8029919575
69.0000000000 -17.8428578867
69.1000000000 -17.8826539501
69.2000000000 -17.9223818165
69.3000000000 -17.9620431388
69.4000000000 -18.0016395534
69.5000000000 -18.0411726811
69.6000000000 -18.0806441271
69.7000000000 -18.1200554815
69.8000000000 -18.1594083193
69.9000000000 -18.1987042008
70.0000000000 -18.2379446721
70.1000000000 -18.2771312649
70.2000000000 -18.3162654972
70.3000000000 -18.3553488734
70.4000000000 -18.3943828842
70.5000000000 -18.4333690075
70.6000000000 -18.4723087083
70.7000000000 -18.5112034387
70.8000000000 -18.5500546386
70.9000000000 -18.5888637356
71.0000000000 -18.6276321455
71.1000000000 -18.6663612722
71.2000000000 -18.7050525081
71.3000000000 -18.7437072345
71.4000000000 -18.7823268212
71.5000000000 -18.8209126276
71.6000000000 -18.8594660022
71.7000000000 -18.8979882830
71.8000000000 -18.9364807977
71.9000000000 -18.9749448642
72.0000000000 -19.0133817902
72.1000000000 -19.0517928738
72.2000000000 -19.0901794038
72.3000000000 -19.1285426594
72.4000000000 -19.1668839108
72.5000000000 -19.2052044192
72.6000000000 -19.2435054371
72.7000000000 -19.2817882083
72.8000000000 -19.3200539682
72.9000000000 -19.3583039439
73.0000000000 -19.3965393543
73.1000000000 -19.4347614106
73.2000000000 -19.4729713159
73.3000000000 -19.5111702660
73.4000000000 -19.5493594488
73.5000000000 -19.5875400453
73.6000000000 -19.6257132291
73.7000000000 -19.6638801667
73.8000000000 -19.7020420179
73.9000000000 -19.7401999356
74.0000000000 -19.7783550662
74.1000000000 -19.8165085496
74.2000000000 -19.8546615193
74.3000000000 -19.8928151026
74.4000000000 -19.9309704210
74.5000000000 -19.9691285896
74.6000000000 -20.0072907181
74.7000000000 -20.0454579103
74.8000000000 -20.0836312645
74.9000000000 -20.1218118735
75.0000000000 -20.1600008249
75.1000000000 -20.1981992011
75.2000000000 -20.2364080791
75.3000000000 -20.2746285314
75.4000000000 -20.3128616253
75.5000000000 -20.3511084235
75.6000000000 -20.3893699839
75.7000000000 -20.4276473601
75.8000000000 -20.4659416011
75.9000000000 -20.5042537515
76.0000000000 -20.5425848520
76.1000000000 -20.5809359389
76.2000000000 -20.6193080444
76.3000000000 -20.6577021970
76.4000000000 -20.6961194214
76.5000000000 -20.7345607382
76.6000000000 -20.7730271647
76.7000000000 -20.8115197146
76.8000000000 -20.8500393979
76.9000000000 -20.8885872215
77.0000000000 -20.9271641888
77.1000000000 -20.9657713001
77.2000000000 -21.0044095526
77.3000000000 -21.0430799403
77.4000000000 -21.0817834544
77.5000000000 -21.1205210831
77.6000000000 -21.1592938118
77.7000000000 -21.1981026234
77.8000000000 -21.2369484978
77.9000000000 -21.2758324125
78.0000000000 -21.3147553424
78.1000000000 -21.3537182601
78.2000000000 -21.3927221358
78.3000000000 -21.4317679372
78.4000000000 -21.4708566301
78.5000000000 -21.5099891778
78.6000000000 -21.5491665417
78.7000000000 -21.5883896811
78.8000000000 -21.6276595533
78.9000000000 -21.6669771137
79.0000000000 -21.7063433160
79.1000000000 -21.7457591117
79.2000000000 -21.7852254510
79.3000000000 -21.8247432822
79.4000000000 -21.8643135519
79.5000000000 -21.9039372053
79.6000000000 -21.9436151859
79.7000000000 -21.9833484358
79.8000000000 -22.0231378958
79.9000000000 -22.0629845051
80.0000000000 -22.1028892018
80.1000000000 -22.1428529225
80.2000000000 -22.1828766026
80.3000000000 -22.2229611765
80.4000000000 -22.2631075772
80.5000000000 -22.3033167368
80.6000000000 -22.3435895862
80.7000000000 -22.3839270554
80.8000000000 -22.4243300731
80.9000000000 -22.4647995674
81.0000000000 -22.5053364654
81.1000000000 -22.5459416932
81.2000000000 -22.5866161761
81.3000000000 -22.6273608387
81.4000000000 -22.6681766046
81.5000000000 -22.7090643967
81.6000000000 -22.7500251375
81.7000000000 -22.7910597483
81.8000000000 -22.8321691500
81.9000000000 -22.8733542629
82.0000000000 -22.9146160066
82.1000000000 -22.9559553000
82.2000000000 -22.9973730615
82.3000000000 -23.0388702092
82.4000000000 -23.0804476602
82.5000000000 -23.1221063314
82.6000000000 -23.1638471391
82.7000000000 -23.2056709991
82.8000000000 -23.2475788268
82.9000000000 -23.2895715372
83.0000000000 -23.3316500446
83.1000000000 -23.3738152631
83.2000000000 -23.4160681063
83.3000000000 -23.4584094875
83.4000000000 -23.5008403193
83.5000000000 -23.5433615143
83.6000000000 -23.5859739844
83.7000000000 -23.6286786413
83.8000000000 -23.6714763961
83.9000000000 -23.7143681598
84.0000000000 -23.7573548428
84.1000000000 -23.8004373552
84.2000000000 -23.8436166066
84.3000000000 -23.8868935065
84.4000000000 -23.9302689636
84.5000000000 -23.9737438866
84.6000000000 -24.0173191835
84.7000000000 -24.0609957620
84.8000000000 -24.1047745294
84.9000000000 -24.1486563925
85.0000000000 -24.1926422577
85.1000000000 -24.2367330309
85.2000000000 -24.2809296175
85.3000000000 -24.3252329225
85.4000000000 -24.3696438503
85.5000000000 -24.4141633048
85.6000000000 -24.4587921893
85.7000000000 -24.5035314066
85.8000000000 -24.5483818589
85.9000000000 -24.5933444477
86.0000000000 -24.6384200739
86.1000000000 -24.6836096378
86.2000000000 -24.7289140388
86.3000000000 -24.7743341757
86.4000000000 -24.8198709466
86.5000000000 -24.8655252487
86.6000000000 -24.9112979783
86.7000000000 -24.9571900309
86.8000000000 -25.0032023012
86.9000000000 -25.0493356827
87.0000000000 -25.0955910682
87.1000000000 -25.1419693493
87.2000000000 -25.1884714165
87.3000000000 -25.2350981594
87.4000000000 -25.2818504660
87.5000000000 -25.3287292236
87.6000000000 -25.3757353179
87.7000000000 -25.4228696334
87.8000000000 -25.4701330532
87.9000000000 -25.5175264590
88.0000000000 -25.5650507311
88.1000000000 -25.6127067481
88.2000000000 -25.6604953872
88.3000000000 -25.7084175237
88.4000000000 -25.7564740314
88.5000000000 -25.8046657824
88.6000000000 -25.8529936466
88.7000000000 -25.9014584923
88.8000000000 -25.9500611858
88.9000000000 -25.9988025911
89.0000000000 -26.0476835705
89.1000000000 -26.0967049837
89.2000000000 -26.1458676885
89.3000000000 -26.1951725399
89.4000000000 -26.2446203910
89.5000000000 -26.2942120921
89.6000000000 -26.3439484909
89.7000000000 -26.3938304326
89.8000000000 -26.4438587596
89.9000000000 -26.4940343114
90.0000000000 -26.5443579246
90.1000000000 -26.5948304328
90.2000000000 -26.6454526667
90.3000000000 -26.6962254534
90.4000000000 -26.7471496172
90.5000000000 -26.7982259786
90.6000000000 -26.8494553549
90.7000000000 -26.9008385598
90.8000000000 -26.9523764031
90.9000000000 -27.0040696911
91.0000000000 -27.0559192261
91.1000000000 -27.1079258064
91.2000000000 -27.1600902263
91.3000000000 -27.2124132759
91.4000000000 -27.2648957410
91.5000000000 -27.3175384028
91.6000000000 -27.3703420381
91.7000000000 -27.4233074193
91.8000000000 -27.4764353137
91.9000000000 -27.5297264839
92.0000000000 -27.5831816874
92.1000000000 -27.6368016768
92.2000000000 -27.6905871993
92.3000000000 -27.7445389968
92.4000000000 -27.7986578057
92.5000000000 -27.8529443568
92.6000000000 -27.9073993754
92.7000000000 -27.9620235806
92.8000000000 -28.0168176857
92.9000000000 -28.0717823980
93.0000000000 -28.1269184183
93.1000000000 -28.1822264412
93.2000000000 -28.2377071549
93.3000000000 -28.2933612407
93.4000000000 -28.3491893733
93.5000000000 -28.4051922205
93.6000000000 -28.4613704430
93.7000000000 -28.5177246942
93.8000000000 -28.5742556205
93.9000000000 -28.6309638604
94.0000000000 -28.6878500452
94.1000000000 -28.7449147981
94.2000000000 -28.8021587347
94.3000000000 -28.8595824625
94.4000000000 -28.9171865805
94.5000000000 -28.9749716799
94.6000000000 -29.0329383430
94.7000000000 -29.0910871436
94.8000000000 -29.1494186468
94.9000000000 -29.2079334088
95.0000000000 -29.2666319766
95.1000000000 -29.3255148880
95.2000000000 -29.3845826716
95.3000000000 -29.4438358463
95.4000000000 -29.5032749214
95.5000000000 -29.5629003964
95.6000000000 -29.6227127609
95.7000000000 -29.6827124942
95.8000000000 -29.7429000654
95.9000000000 -29.8032759333
96.0000000000 -29.8638405460
96.1000000000 -29.9245943410
96.2000000000 -29.9855377446
96.3000000000 -30.0466711726
96.4000000000 -30.1079950292
96.5000000000 -30.1695097073
96.6000000000 -30.2312155886
96.7000000000 -30.2931130430
96.8000000000 -30.3552024286
96.9000000000 -30.4174840915
97.0000000000 -30.4799583660
97.1000000000 -30.5426255740
97.2000000000 -30.6054860249
97.3000000000 -30.6685400159
97.4000000000 -30.7317878313
97.5000000000 -30.7952297428
97.6000000000 -30.8588660089
97.7000000000 -30.9226968753
97.8000000000 -30.9867225742
97.9000000000 -31.0509433247
98.0000000000 -31.1153593321
98.1000000000 -31.1799707884
98.2000000000 -31.2447778717
98.3000000000 -31.3097807459
98.4000000000 -31.3749795614
98.5000000000 -31.4403744539
98.6000000000 -31.5059655452
98.7000000000 -31.5717529425
98.8000000000 -31.6377367385
98.9000000000 -31.7039170111
99.0000000000 -31.7702938235
99.1000000000 -31.8368672242
99.2000000000 -31.9036372462
99.3000000000 -31.9706039078
99.4000000000 -32.0377672119
99.5000000000 -32.1051271459
99.6000000000 -32.1726836818
99.7000000000 -32.2404367763
99.8000000000 -32.3083863700
99.9000000000 -32.3765323879
100.0000000000 -32.4448747393
100.1000000000 -32.5134133173
100.2000000000 -32.5821479991
100.3000000000 -32.6510786456
100.4000000000 -32.7202051017
100.5000000000 -32.7895271957
100.6000000000 -32.8590447399
100.7000000000 -32.9287575299
100.8000000000 -32.9986653446
100.9000000000 -33.0687679468
101.0000000000 -33.1390650822
101.1000000000 -33.2095564801
101.2000000000 -33.2802418527
101.3000000000 -33.3511208956
101.4000000000 -33.4221932876
101.5000000000 -33.4934586903
101.6000000000 -33.5649167487
101.7000000000 -33.6365670904
101.8000000000 -33.7084093263
101.9000000000 -33.7804430502
102.0000000000 -33.8526678385
102.1000000000 -33.9250832510
102.2000000000 -33.9976888300
102.3000000000 -34.0704841008
102.4000000000 -34.1434685715
102.5000000000 -34.2166417332
102.6000000000 -34.2900030597
102.7000000000 -34.3635520078
102.8000000000 -34.4372880171
102.9000000000 -34.5112105101
103.0000000000 -34.5853188922
103.1000000000 -34.6596125517
103.2000000000 -34.7340908600
103.3000000000 -34.8087531714
103.4000000000 -34.8835988232
103.5000000000 -34.9586271358
103.6000000000 -35.0338374128
103.7000000000 -35.1092289409
103.8000000000 -35.1848009901
103.9000000000 -35.2605528137
104.0000000000 -35.3364836482
104.1000000000 -35.4125927137
104.2000000000 -35.4888792138
104.3000000000 -35.5653423356
104.4000000000 -35.6419812501
104.5000000000 -35.7187951118
104.6000000000 -35.7957830591
104.7000000000 -35.8729442147
104.8000000000 -35.9502776849
104.9000000000 -36.0277825605
105.0000000000 -36.1054579165
105.1000000000 -36.1833028123
105.2000000000 -36.2613162919
105.3000000000 -36.3394973839
105.4000000000 -36.4178451018
105.5000000000 -36.4963584441
105.6000000000 -36.5750363940
105.7000000000 -36.6538779205
105.8000000000 -36.7328819776
105.9000000000 -36.8120475050
106.0000000000 -36.8913734280
106.1000000000 -36.9708586579
106.2000000000 -37.0505020919
106.3000000000 -37.1303026137
106.4000000000 -37.2102590930
106.5000000000 -37.2903703864
106.6000000000 -37.3706353372
106.7000000000 -37.4510527755
106.8000000000 -37.5316215188
106.9000000000 -37.6123403718
107.0000000000 -37.6932081267
107.1000000000 -37.7742235637
107.2000000000 -37.8553854508
107.3000000000 -37.9366925442
107.4000000000 -38.0181435886
107.5000000000 -38.0997373172
107.6000000000 -38.1814724522
107.7000000000 -38.2633477048
107.8000000000 -38.3453617756
107.9000000000 -38.4275133546
108.0000000000 -38.5098011218
108.1000000000 -38.5922237471
108.2000000000 -38.6747798907
108.3000000000 -38.7574682034
108.4000000000 -38.8402873265
108.5000000000 -38.9232358928
108.6000000000 -39.0063125259
108.7000000000 -39.0895158413
108.8000000000 -39.1728444460
108.9000000000 -39.2562969394
109.0000000000 -39.3398719130
109.1000000000 -39.4235679508
109.2000000000 -39.5073836298
109.3000000000 -39.5913175203
109.4000000000 -39.6753681856
109.5000000000 -39.7595341830
109.6000000000 -39.8438140636
109.7000000000 -39.9282063727
109.8000000000 -40.0127096501
109.9000000000 -40.0973224305
110.0000000000 -40.1820432436
110.1000000000 -40.2668706143
110.2000000000 -40.3518030632
110.3000000000 -40.4368391068
110.4000000000 -40.5219772578
110.5000000000 -40.6072160253
110.6000000000 -40.6925539151
110.7000000000 -40.7779894302
110.8000000000 -40.8635210707
110.9000000000 -40.9491473344
111.0000000000 -41.0348667168
111.1000000000 -41.1206777117
111.2000000000 -41.2065788114
111.3000000000 -41.2925685067
111.4000000000 -41.3786452875
111.5000000000 -41.4648076430
111.6000000000 -41.5510540617
111.7000000000 -41.6373830323
111.8000000000 -41.7237930434
111.9000000000 -41.8102825839
112.0000000000 -41.8968501434
112.1000000000 -41.9834942125
112.2000000000 -42.0702132829
112.3000000000 -42.1570058477
112.4000000000 -42.2438704020
112.5000000000 -42.3308054425
112.6000000000 -42.4178094685
112.7000000000 -42.5048809816
112.8000000000 -42.5920184861
112.9000000000 -42.6792204897
113.0000000000 -42.7664855030
113.1000000000 -42.8538120404
113.2000000000 -42.9411986198
113.3000000000 -43.0286437635
113.4000000000 -43.1161459978
113.5000000000 -43.2037038536
113.6000000000 -43.2913158667
113.7000000000 -43.3789805776
113.8000000000 -43.4666965323
113.9000000000 -43.5544622821
114.0000000000 -43.6422763841
114.1000000000 -43.7301374013
114.2000000000 -43.8180439028
114.3000000000 -43.9059944640
114.4000000000 -43.9939876669
114.5000000000 -44.0820221003
114.6000000000 -44.1700963599
114.7000000000 -44.2582090488
114.8000000000 -44.3463587772
114.9000000000 -44.4345441630
115.0000000000 -44.5227638320
115.1000000000 -44.6110164177
115.2000000000 -44.6993005619
115.3000000000 -44.7876149147
115.4000000000 -44.8759581348
115.5000000000 -44.9643288893
115.6000000000 -45.0527258545
115.7000000000 -45.1411477154
115.8000000000 -45.2295931662
115.9000000000 -45.3180609107
116.0000000000 -45.4065496618
116.1000000000 -45.4950581422
116.2000000000 -45.5835850845
116.3000000000 -45.6721292309
116.4000000000 -45.7606893339
116.5000000000 -45.8492641559
116.6000000000 -45.9378524699
116.7000000000 -46.0264530591
116.8000000000 -46.1150647173
116.9000000000 -46.2036862489
117.0000000000 -46.2923164692
117.1000000000 -46.3809542041
117.2000000000 -46.4695982908
117.3000000000 -46.5582475772
117.4000000000 -46.6469009225
117.5000000000 -46.7355571973
117.6000000000 -46.8242152832
117.7000000000 -46.9128740734
117.8000000000 -47.0015324725
117.9000000000 -47.0901893966
118.0000000000 -47.1788437734
118.1000000000 -47.2674945424
118.2000000000 -47.3561406547
118.3000000000 -47.4447810730
118.4000000000 -47.5334147722
118.5000000000 -47.6220407386
118.6000000000 -47.7106579708
118.7000000000 -47.7992654791
118.8000000000 -47.8878622857
118.9000000000 -47.9764474251
119.0000000000 -48.0650199434
119.1000000000 -48.1535788990
119.2000000000 -48.2421233622
119.3000000000 -48.3306524154
119.4000000000 -48.4191651531
119.5000000000 -48.5076606816
119.6000000000 -48.5961381195
119.7000000000 -48.6845965974
119.8000000000 -48.7730352579
119.9000000000 -48.8614532554
120.0000000000 -48.9498497566
120.1000000000 -49.0382239400
120.2000000000 -49.1265749960
120.3000000000 -49.2149021270
120.4000000000 -49.3032045473
120.5000000000 -49.3914814829
120.6000000000 -49.4797321716
120.7000000000 -49.5679558630
120.8000000000 -49.6561518184
120.9000000000 -49.7443193106
121.0000000000 -49.8324576243
121.1000000000 -49.9205660553
121.2000000000 -50.0086439111
121.3000000000 -50.0966905105
121.4000000000 -50.1847051836
121.5000000000 -50.2726872719
121.6000000000 -50.3606361278
121.7000000000 -50.4485511150
121.8000000000 -50.5364316080
121.9000000000 -50.6242769924
122.0000000000 -50.7120866643
122.1000000000 -50.7998600309
122.2000000000 -50.8875965098
122.3000000000 -50.9752955291
122.4000000000 -51.0629565273
122.5000000000 -51.1505789534
122.6000000000 -51.2381622664
122.7000000000 -51.3257059355
122.8000000000 -51.4132094397
122.9000000000 -51.5006722681
123.0000000000 -51.5880939192
123.1000000000 -51.6754739016
123.2000000000 -51.7628117328
123.3000000000 -51.8501069400
123.4000000000 -51.9373590597
123.5000000000 -52.0245676372
123.6000000000 -52.1117322270
123.7000000000 -52.1988523922
123.8000000000 -52.2859277047
123.9000000000 -52.3729577450
124.0000000000 -52.4599421018
124.1000000000 -52.5468803721
124.2000000000 -52.6337721611
124.3000000000 -52.7206170819
124.4000000000 -52.8074147552
124.5000000000 -52.8941648095
124.6000000000 -52.9808668809
124.7000000000 -53.0675206124
124.8000000000 -53.1541256546
124.9000000000 -53.2406816647
125.0000000000 -53.3271883071
125.1000000000 -53.4136452525
125.2000000000 -53.5000521784
125.3000000000 -53.5864087683
125.4000000000 -53.6727147122
125.5000000000 -53.7589697058
125.6000000000 -53.8451734507
125.7000000000 -53.9313256542
125.8000000000 -54.0174260289
125.9000000000 -54.1034742929
126.0000000000 -54.1894701691
126.1000000000 -54.2754133855
126.2000000000 -54.3613036749
126.3000000000 -54.4471407746
126.4000000000 -54.5329244261
126.5000000000 -54.6186543754
126.6000000000 -54.7043303722
126.7000000000 -54.7899521702
126.8000000000 -54.8755195268
126.9000000000 -54.9610322026
127.0000000000 -55.0464899616
127.1000000000 -55.1318925711
127.2000000000 -55.2172398008
127.3000000000 -55.3025314235
127.4000000000 -55.3877672144
127.5000000000 -55.4729469509
127.6000000000 -55.5580704126
127.7000000000 -55.6431373812
127.8000000000 -55.7281476399
127.9000000000 -55.8131009737
128.0000000000 -55.8979971687
128.1000000000 -55.9828360124
128.2000000000 -56.0676172931
128.3000000000 -56.1523408002
128.4000000000 -56.2370063235
128.5000000000 -56.3216136531
128.6000000000 -56.4061625797
128.7000000000 -56.4906528937
128.8000000000 -56.5750843854
128.9000000000 -56.6594568451
129.0000000000 -56.7437700622
129.1000000000 -56.8280238256
129.2000000000 -56.9122179232
129.3000000000 -56.9963521419
129.4000000000 -57.0804262673
129.5000000000 -57.1644400836
129.6000000000 -57.2483933735
129.7000000000 -57.3322859175
129.8000000000 -57.4161174946
129.9000000000 -57.4998878813
130.0000000000 -57.5835968518
130.1000000000 -57.6672441781
130.2000000000 -57.7508296290
130.3000000000 -57.8343529709
130.4000000000 -57.9178139668
130.5000000000 -58.0012123767
130.6000000000 -58.0845479572
130.7000000000 -58.1678204613
130.8000000000 -58.2510296384
130.9000000000 -58.3341752338
131.0000000000 -58.4172569889
131.1000000000 -58.5002746410
131.2000000000 -58.5832279228
131.3000000000 -58.6661165628
131.4000000000 -58.7489402845
131.5000000000 -58.8316988068
131.6000000000 -58.9143918436
131.7000000000 -58.9970191035
131.8000000000 -59.0795802900
131.9000000000 -59.1620751013
132.0000000000 -59.2445032297
132.1000000000 -59.3268643622
132.2000000000 -59.4091581797
132.3000000000 -59.4913843573
132.4000000000 -59.5735425639
132.5000000000 -59.6556324621
132.6000000000 -59.7376537085
132.7000000000 -59.8196059529
132.8000000000 -59.9014888386
132.9000000000 -59.9833020024
133.0000000000 -60.0650450739
133.1000000000 -60.1467176760
133.2000000000 -60.2283194247
133.3000000000 -60.3098499286
133.4000000000 -60.3913087893
133.5000000000 -60.4726956007
133.6000000000 -60.5540099497
133.7000000000 -60.6352514154
133.8000000000 -60.7164195693
133.9000000000 -60.7975139754
134.0000000000 -60.8785341897
134.1000000000 -60.9594797604
134.2000000000 -61.0403502278
134.3000000000 -61.1211451242
134.4000000000 -61.2018639739
134.5000000000 -61.2825062928
134.6000000000 -61.3630715890
134.7000000000 -61.4435593620
134.8000000000 -61.5239691032
134.9000000000 -61.6043002956
135.0000000000 -61.6845524138
135.1000000000 -61.7647249240
135.2000000000 -61.8448172837
135.3000000000 -61.9248289423
135.4000000000 -62.0047593404
135.5000000000 -62.0846079100
135.6000000000 -62.1643740747
135.7000000000 -62.2440572494
135.8000000000 -62.3236568403
135.9000000000 -62.4031722452
136.0000000000 -62.4826028530
136.1000000000 -62.5619480443
136.2000000000 -62.6412071907
136.3000000000 -62.7203796556
136.4000000000 -62.7994647933
136.5000000000 -62.8784619499
136.6000000000 -62.9573704629
136.7000000000 -63.0361896609
136.8000000000 -63.1149188644
136.9000000000 -63.1935573852
137.0000000000 -63.2721045266
137.1000000000 -63.3505595837
137.2000000000 -63.4289218428
137.3000000000 -63.5071905824
137.4000000000 -63.5853650724
137.5000000000 -63.6634445744
137.6000000000 -63.7414283422
137.7000000000 -63.8193156211
137.8000000000 -63.8971056487
137.9000000000 -63.9747976543
138.0000000000 -64.0523908597
138.1000000000 -64.1298844785
138.2000000000 -64.2072777169
138.3000000000 -64.2845697733
138.4000000000 -64.3617598386
138.5000000000 -64.4388470961
138.6000000000 -64.5158307220
138.7000000000 -64.5927098850
138.8000000000 -64.6694837469
138.9000000000 -64.7461514621
139.0000000000 -64.8227121785
139.1000000000 -64.8991650368
139.2000000000 -64.9755091713
139.3000000000 -65.0517437095
139.4000000000 -65.1278677725
139.5000000000 -65.2038804753
139.6000000000 -65.2797809263
139.7000000000 -65.3555682283
139.8000000000 -65.4312414778
139.9000000000 -65.5067997657
140.0000000000 -65.5822421774
140.1000000000 -65.6575677925
140.2000000000 -65.7327756855
140.3000000000 -65.8078649257
140.4000000000 -65.8828345774
140.5000000000 -65.9576836997
140.6000000000 -66.0324113475
140.7000000000 -66.1070165709
140.8000000000 -66.1814984155
140.9000000000 -66.2558559230
141.0000000000 -66.3300881308
141.1000000000 -66.4041940725
141.2000000000 -66.4781727780
141.3000000000 -66.5520232738
141.4000000000 -66.6257445830
141.5000000000 -66.6993357254
141.6000000000 -66.7727957181
141.7000000000 -66.8461235751
141.8000000000 -66.9193183080
141.9000000000 -66.9923789260
142.0000000000 -67.0653044359
142.1000000000 -67.1380938426
142.2000000000 -67.2107461491
142.3000000000 -67.2832603568
142.4000000000 -67.3556354656
142.5000000000 -67.4278704741
142.6000000000 -67.4999643799
142.7000000000 -67.5719161796
142.8000000000 -67.6437248693
142.9000000000 -67.7153894444
143.0000000000 -67.7869089003
143.1000000000 -67.8582822321
143.2000000000 -67.9295084352
143.3000000000 -68.0005865050
143.4000000000 -68.0715154377
143.5000000000 -68.1422942302
143.6000000000 -68.2129218803
143.7000000000 -68.2833973868
143.8000000000 -68.3537197499
143.9000000000 -68.4238879715
144.0000000000 -68.4939010548
144.1000000000 -68.5637580054
144.2000000000 -68.6334578307
144.3000000000 -68.7029995406
144.4000000000 -68.7723821474
144.5000000000 -68.8416046661
144.6000000000 -68.9106661148
144.7000000000 -68.9795655145
144.8000000000 -69.0483018897
144.9000000000 -69.1168742682
145.0000000000 -69.1852816817
145.1000000000 -69.2535231656
145.2000000000 -69.3215977595
145.3000000000 -69.3895045072
145.4000000000 -69.4572424571
145.5000000000 -69.5248106621
145.6000000000 -69.5922081799
145.7000000000 -69.6594340734
145.8000000000 -69.7264874105
145.9000000000 -69.7933672647
146.0000000000 -69.8600727148
146.1000000000 -69.9266028456
146.2000000000 -69.9929567476
146.3000000000 -70.0591335174
146.4000000000 -70.1251322581
146.5000000000 -70.1909520790
146.6000000000 -70.2565920961
146.7000000000 -70.3220514320
146.8000000000 -70.3873292165
146.9000000000 -70.4524245863
147.0000000000 -70.5173366854
147.1000000000 -70.5820646652
147.2000000000 -70.6466076846
147.3000000000 -70.7109649103
147.4000000000 -70.7751355169
147.5000000000 -70.8391186868
147.6000000000 -70.9029136109
147.7000000000 -70.9665194880
147.8000000000 -71.0299355256
147.9000000000 -71.0931609397
148.0000000000 -71.1561949550
148.1000000000 -71.2190368051
148.2000000000 -71.2816857324
148.3000000000 -71.3441409886
148.4000000000 -71.4064018344
148.5000000000 -71.4684675400
148.6000000000 -71.5303373851
148.7000000000 -71.5920106587
148.8000000000 -71.6534866598
148.9000000000 -71.7147646969
149.0000000000 -71.7758440886
149.1000000000 -71.8367241634
149.2000000000 -71.8974042599
149.3000000000 -71.9578837270
149.4000000000 -72.0181619238
149.5000000000 -72.0782382197
149.6000000000 -72.1381119946
149.7000000000 -72.1977826392
149.8000000000 -72.2572495545
149.9000000000 -72.3165121523
150.0000000000 -72.3755698553
150.1000000000 -72.4344220970
150.2000000000 -72.4930683217
150.3000000000 -72.5515079850
150.4000000000 -72.6097405533
150.5000000000 -72.6677655042
150.6000000000 -72.7255823265
150.7000000000 -72.7831905201
150.8000000000 -72.8405895965
150.9000000000 -72.8977790781
151.0000000000 -72.9547584991
151.1000000000 -73.0115274047
151.2000000000 -73.0680853520
151.3000000000 -73.1244319092
151.4000000000 -73.1805666563
151.5000000000 -73.2364891846
151.6000000000 -73.2921990973
151.7000000000 -73.3476960089
151.8000000000 -73.4029795456
151.9000000000 -73.4580493453
152.0000000000 -73.5129050575
152.1000000000 -73.5675463434
152.2000000000 -73.6219728756
152.3000000000 -73.6761843387
152.4000000000 -73.7301804287
152.5000000000 -73.7839608534
152.6000000000 -73.8375253320
152.7000000000 -73.8908735954
152.8000000000 -73.9440053861
152.9000000000 -73.9969204581
153.0000000000 -74.0496185768
153.1000000000 -74.1020995191
153.2000000000 -74.1543630732
153.3000000000 -74.2064090387
153.4000000000 -74.2582372263
153.5000000000 -74.3098474579
153.6000000000 -74.3612395664
153.7000000000 -74.4124133954
153.8000000000 -74.4633687994
153.9000000000 -74.5141056435
154.0000000000 -74.5646238029
154.1000000000 -74.6149231631
154.2000000000 -74.6650036195
154.3000000000 -74.7148650770
154.4000000000 -74.7645074496
154.5000000000 -74.8139306602
154.6000000000 -74.8631346399
154.7000000000 -74.9121193279
154.8000000000 -74.9608846700
154.9000000000 -75.0094306190
155.0000000000 -75.0577571329
155.1000000000 -75.1058641743
155.2000000000 -75.1537517093
155.3000000000 -75.2014197060
155.4000000000 -75.2488681332
155.5000000000 -75.2960969583
155.6000000000 -75.3431061451
155.7000000000 -75.3898956519
155.8000000000 -75.4364654281
155.9000000000 -75.4828154108
156.0000000000 -75.5289455215
156.1000000000 -75.5748556609
156.2000000000 -75.6205457036
156.3000000000 -75.6660154923
156.4000000000 -75.7112648302
156.5000000000 -75.7562934725
156.6000000000 -75.8011011163
156.7000000000 -75.8456873894
156.8000000000 -75.8900518363
156.9000000000 -75.9341939021
157.0000000000 -75.9781129145
157.1000000000 -76.0218080613
157.2000000000 -76.0652783655
157.3000000000 -76.1085226549
157.4000000000 -76.1515395277
157.5000000000 -76.1943273112
157.6000000000 -76.2368840143
157.7000000000 -76.2792072713
157.8000000000 -76.3212942768
157.9000000000 -76.3631417086
158.0000000000 -76.4047456382
158.1000000000 -76.4461014258
158.2000000000 -76.4872035975
158.3000000000 -76.5280457012
158.4000000000 -76.5686201386
158.5000000000 -76.6089179676
158.6000000000 -76.6489286718
158.7000000000 -76.6886398905
158.8000000000 -76.7280371024
158.9000000000 -76.7671032554
159.0000000000 -76.8058183330
159.1000000000 -76.8441588477
159.2000000000 -76.8820972463
159.3000000000 -76.9196012149
159.4000000000 -76.9566328652
159.5000000000 -76.9931477809
159.6000000000 -77.0290939022
159.7000000000 -77.0644102199
159.8000000000 -77.0990252454
159.9000000000 -77.1328552207
160.0000000000 -77.1658020218
160.1000000000 -77.1977507045
160.2000000000 -77.2285666307
160.3000000000 -77.2580921042
160.4000000000 -77.2861424318
160.5000000000 -77.3125013110
160.6000000000 -77.3369154314
160.7000000000 -77.3590881522
160.8000000000 -77.3786721016
160.9000000000 -77.3952605110
161.0000000000 -77.4083770702
161.1000000000 -77.4174640505
161.2000000000 -77.4218684001
161.3000000000 -77.4208254657
161.4000000000 -77.4134399374
161.5000000000 -77.3986635422
161.6000000000 -77.3752689344
161.7000000000 -77.3418191341
161.8000000000 -77.2966317608
161.9000000000 -77.2377371763
162.0000000000 -77.1628295064
162.1000000000 -77.0692093369
162.2000000000 -76.9537166791
162.3000000000 -76.8126525637
162.4000000000 -76.6416873553
162.5000000000 -76.4357535598
162.6000000000 -76.1889205334
162.7000000000 -75.8942480786
162.8000000000 -75.5436154155
162.9000000000 -75.1275214440
163.0000000000 -74.6348515303
163.1000000000 -74.0526052428
163.2000000000 -73.3655784718
163.3000000000 -72.5559921072
163.4000000000 -71.6030577672
163.5000000000 -70.4824686571
163.6000000000 -69.1657999100
163.7000000000 -67.6197965746
163.8000000000 -65.8055164954
163.9000000000 -63.6772752378
164.0000000000 -61.1813022721
164.1000000000 -58.2539455268
164.2000000000 -54.8191261919
164.3000000000 -50.7845025895
164.4000000000 -46.0354031912
164.5000000000 -40.4250466491
164.6000000000 -33.7590923470
164.7000000000 -25.7727161581
164.8000000000 -16.1018734399
164.9000000000 -4.2848057759
165.0000000000 9.9253675890
165.1000000000 24.8801893460
165.2000000000 35.2836377365
165.3000000000 38.5553321484
165.4000000000 38.4094867636
165.5000000000 37.9757628184
165.6000000000 37.8024932844
165.7000000000 37.7797033301
165.8000000000 37.8120559951
165.9000000000 37.8522457993
166.0000000000 37.8791266034
166.1000000000 37.8842011559
166.2000000000 37.8648747518
166.3000000000 37.8211806539
166.4000000000 37.7542090891
166.5000000000 37.6653708712
166.6000000000 37.5560698799
166.7000000000 37.4275741039
166.8000000000 37.2809807660
166.9000000000 37.1172236276
167.0000000000 36.9370969265
167.1000000000 36.7412836789
167.2000000000 36.5303827535
167.3000000000 36.3049324515
167.4000000000 36.0654299441
167.5000000000 35.8123466737
167.6000000000 35.5461401380
167.7000000000 35.2672625786
167.8000000000 34.9761670981
167.9000000000 34.6733116824
168.0000000000 34.3591615519
168.1000000000 34.0341901978
168.2000000000 33.6988794114
168.3000000000 33.3537185562
168.4000000000 32.9992032943
168.5000000000 32.6358339387
168.6000000000 32.2641135702
168.7000000000 31.8845460327
168.8000000000 31.4976338948
168.9000000000 31.1038764468
169.0000000000 30.7037677871
169.1000000000 30.2977950349
169.2000000000 29.8864366983
169.3000000000 29.4701612129
169.4000000000 29.0494256628
169.5000000000 28.6246746848
169.6000000000 28.1963395563
169.7000000000 27.7648374592
169.8000000000 27.3305709122
169.9000000000 26.8939273604
170.0000000000 26.4552789090
170.1000000000 26.0149821900
170.2000000000 25.5733783456
170.3000000000 25.1307931175
170.4000000000 24.6875370259
170.5000000000 24.2439056280
170.6000000000 23.8001798419
170.7000000000 23.3566263250
170.8000000000 22.9134978970
170.9000000000 22.4710339963
171.0000000000 22.0294611626
171.1000000000 21.5889935370
171.2000000000 21.1498333723
171.3000000000 20.7121715483
171.4000000000 20.2761880858
171.5000000000 19.8420526555
171.6000000000 19.4099250772
171.7000000000 18.9799558070
171.8000000000 18.5522864085
171.9000000000 18.1270500074
172.0000000000 17.7043717271
172.1000000000 17.2843691038
172.2000000000 16.8671524811
172.3000000000 16.4528253831
172.4000000000 16.0414848658
172.5000000000 15.6332218472
172.6000000000 15.2281214164
172.7000000000 14.8262631214
172.8000000000 14.4277212375
172.9000000000 14.0325650162
173.0000000000 13.6408589154
173.1000000000 13.2526628123
173.2000000000 12.8680322000
173.3000000000 12.4870183686
173.4000000000 12.1096685714
173.5000000000 11.7360261793
173.6000000000 11.3661308213
173.7000000000 11.0000185150
173.8000000000 10.6377217872
173.9000000000 10.2792697845
174.0000000000 9.9246883770
174.1000000000 9.5740002539
174.2000000000 9.2272250133
174.3000000000 8.8843792468
174.4000000000 8.5454766188
174.5000000000 8.2105279422
174.6000000000 7.8795412513
174.7000000000 7.5525218719
174.8000000000 7.2294724894
174.9000000000 6.9103932162
175.0000000000 6.5952816579
175.1000000000 6.2841329794
175.2000000000 5.9769399715
175.3000000000 5.6736931177
175.4000000000 5.3743806617
175.5000000000 5.0789886761
175.6000000000 4.7875011323
175.7000000000 4.4998999714
175.8000000000 4.2161651764
175.9000000000 3.9362748457
176.0000000000 3.6602052674
176.1000000000 3.3879309956
176.2000000000 3.1194249263
176.3000000000 2.8546583750
176.4000000000 2.5936011550
176.5000000000 2.3362216552
176.6000000000 2.0824869193
176.7000000000 1.8323627238
176.8000000000 1.5858136571
176.9000000000 1.3428031972
177.0000000000 1.1032937891
177.1000000000 0.8672469217
177.2000000000 0.6346232033
177.3000000000 0.4053824360
177.4000000000 0.1794836895
177.5000000000 -0.0431146283
177.6000000000 -0.2624547001
177.7000000000 -0.4785792317
177.8000000000 -0.6915313855
177.9000000000 -0.9013547158
178.0000000000 -1.1080931069
178.1000000000 -1.3117907125
178.2000000000 -1.5124918984
178.3000000000 -1.7102411861
178.4000000000 -1.9050832001
178.5000000000 -2.0970626165
178.6000000000 -2.2862241143
178.7000000000 -2.4726123293
178.8000000000 -2.6562718098
178.9000000000 -2.8372469748
179.0000000000 -3.0155820750
179.1000000000 -3.1913211551
179.2000000000 -3.3645080191
179.3000000000 -3.5351861973
179.4000000000 -3.7033989158
179.5000000000 -3.8691890676
179.6000000000 -4.0325991859
179.7000000000 -4.1936714196
179.8000000000 -4.3524475105
179.9000000000 -4.5089687718
180.0000000000 -4.6632760692
180.1000000000 -4.8154098031
180.2000000000 -4.9654098925
180.3000000000 -5.1133157609
180.4000000000 -5.2591663229
180.5000000000 -5.4029999725
180.6000000000 -5.5448545736
180.7000000000 -5.6847674500
180.8000000000 -5.8227753785
180.9000000000 -5.9589145821
181.0000000000 -6.0932207243
181.1000000000 -6.2257289048
181.2000000000 -6.3564736563
181.3000000000 -6.4854889417
181.4000000000 -6.6128081526
181.5000000000 -6.7384641085
181.6000000000 -6.8624890567
181.7000000000 -6.9849146735
181.8000000000 -7.1057720650
181.9000000000 -7.2250917694
182.0000000000 -7.3429037601
182.1000000000 -7.4592374482
182.2000000000 -7.5741216870
182.3000000000 -7.6875847757
182.4000000000 -7.7996544644
182.5000000000 -7.9103579593
182.6000000000 -8.0197219280
182.7000000000 -8.1277725055
182.8000000000 -8.2345353004
182.9000000000 -8.3400354011
183.0000000000 -8.4442973832
183.1000000000 -8.5473453159
183.2000000000 -8.6492027692
183.3000000000 -8.7498928219
183.4000000000 -8.8494380684
183.5000000000 -8.9478606270
183.6000000000 -9.0451821473
183.7000000000 -9.1414238185
183.8000000000 -9.2366063772
183.9000000000 -9.3307501156
184.0000000000 -9.4238748894
184.1000000000 -9.5160001265
184.2000000000 -9.6071448345
184.3000000000 -9.6973276096
184.4000000000 -9.7865666443
184.5000000000 -9.8748797359
184.6000000000 -9.9622842943
184.7000000000 -10.0487973506
184.8000000000 -10.1344355648
184.9000000000 -10.2192152337
185.0000000000 -10.3031522994
185.1000000000 -10.3862623564
185.2000000000 -10.4685606601
185.3000000000 -10.5500621340
185.4000000000 -10.6307813775
185.5000000000 -10.7107326731
185.6000000000 -10.7899299943
185.7000000000 -10.8683870124
185.8000000000 -10.9461171040
185.9000000000 -11.0231333576
186.0000000000 -11.0994485810
186.1000000000 -11.1750753079
186.2000000000 -11.2500258044
186.3000000000 -11.3243120756
186.4000000000 -11.3979458724
186.5000000000 -11.4709386972
186.6000000000 -11.5433018105
186.7000000000 -11.6150462365
186.8000000000 -11.6861827694
186.9000000000 -11.7567219791
187.0000000000 -11.8266742163
187.1000000000 -11.8960496188
187.2000000000 -11.9648581162
187.3000000000 -12.0331094355
187.4000000000 -12.1008131061
187.5000000000 -12.1679784648
187.6000000000 -12.2346146606
187.7000000000 -12.3007306595
187.8000000000 -12.3663352491
187.9000000000 -12.4314370430
188.0000000000 -12.4960444855
188.1000000000 -12.5601658552
188.2000000000 -12.6238092700
188.3000000000 -12.6869826905
188.4000000000 -12.7496939242
188.5000000000 -12.8119506291
188.6000000000 -12.8737603178
188.7000000000 -12.9351303607
188.8000000000 -12.9960679897
188.9000000000 -13.0565803018
189.0000000000 -13.1166742620
189.1000000000 -13.1763567069
189.2000000000 -13.2356343476
189.3000000000 -13.2945137729
189.4000000000 -13.3530014521
189.5000000000 -13.4111037382
189.6000000000 -13.4688268702
189.7000000000 -13.5261769763
189.8000000000 -13.5831600762
189.9000000000 -13.6397820839
190.0000000000 -13.6960488100
190.1000000000 -13.7519659642
190.2000000000 -13.8075391578
190.3000000000 -13.8627739056
190.4000000000 -13.9176756287
190.5000000000 -13.9722496561
190.6000000000 -14.0265012270
190.7000000000 -14.0804354930
190.8000000000 -14.1340575199
190.9000000000 -14.1873722898
191.0000000000 -14.2403847025
191.1000000000 -14.2930995782
191.2000000000 -14.3455216582
191.3000000000 -14.3976556076
191.4000000000 -14.4495060162
191.5000000000 -14.5010774009
191.6000000000 -14.5523742065
191.7000000000 -14.6034008077
191.8000000000 -14.6541615106
191.9000000000 -14.7046605540
192.0000000000 -14.7549021110
192.1000000000 -14.8048902901
192.2000000000 -14.8546291369
192.3000000000 -14.9041226353
192.4000000000 -14.9533747085
192.5000000000 -15.0023892207
192.6000000000 -15.0511699780
192.7000000000 -15.0997207298
192.8000000000 -15.1480451697
192.9000000000 -15.1961469368
193.0000000000 -15.2440296168
193.1000000000 -15.2916967432
193.2000000000 -15.3391517978
193.3000000000 -15.3863982126
193.4000000000 -15.4334393699
193.5000000000 -15.4802786038
193.6000000000 -15.5269192012
193.7000000000 -15.5733644024
193.8000000000 -15.6196174022
193.9000000000 -15.6656813507
194.0000000000 -15.7115593542
194.1000000000 -15.7572544762
194.2000000000 -15.8027697380
194.3000000000 -15.8481081195
194.4000000000 -15.8932725602
194.5000000000 -15.9382659598
194.6000000000 -15.9830911789
194.7000000000 -16.0277510401
194.8000000000 -16.0722483282
194.9000000000 -16.1165857914
195.0000000000 -16.1607661414
195.1000000000 -16.2047920549
195.2000000000 -16.2486661734
195.3000000000 -16.2923911045
195.4000000000 -16.3359694220
195.5000000000 -16.3794036672
195.6000000000 -16.4226963487
195.7000000000 -16.4658499437
195.8000000000 -16.5088668981
195.9000000000 -16.5517496274
196.0000000000 -16.5945005170
196.1000000000 -16.6371219229
196.2000000000 -16.6796161722
196.3000000000 -16.7219855637
196.4000000000 -16.7642323684
196.5000000000 -16.8063588297
196.6000000000 -16.8483671644
196.7000000000 -16.8902595629
196.8000000000 -16.9320381897
196.9000000000 -16.9737051838
197.0000000000 -17.0152626594
197.1000000000 -17.0567127061
197.2000000000 -17.0980573895
197.3000000000 -17.1392987517
197.4000000000 -17.1804388113
197.5000000000 -17.2214795644
197.6000000000 -17.2624229846
197.7000000000 -17.3032710237
197.8000000000 -17.3440256117
197.9000000000 -17.3846886576
198.0000000000 -17.4252620497
198.1000000000 -17.4657476556
198.2000000000 -17.5061473231
198.3000000000 -17.5464628802
198.4000000000 -17.5866961356
198.5000000000 -17.6268488790
198.6000000000 -17.6669228815
198.7000000000 -17.7069198959
198.8000000000 -17.7468416570
198.9000000000 -17.7866898819
199.0000000000 -17.8264662706
199.1000000000 -17.8661725058
199.2000000000 -17.9058102537
199.3000000000 -17.9453811640
199.4000000000 -17.9848868704
199.5000000000 -18.0243289906
199.6000000000 -18.0637091269
199.7000000000 -18.1030288664
199.8000000000 -18.1422897812
199.9000000000 -18.1814934288
200.0000000000 -18.2206413520
200.1000000000 -18.2597350798
200.2000000000 -18.2987761271
200.3000000000 -18.3377659952
200.4000000000 -18.3767061719
200.5000000000 -18.4155981321
200.6000000000 -18.4544433377
200.7000000000 -18.4932432378
200.8000000000 -18.5319992693
200.9000000000 -18.5707128567
201.0000000000 -18.6093854127
201.1000000000 -18.6480183381
201.2000000000 -18.6866130223
201.3000000000 -18.7251708434
201.4000000000 -18.7636931683
201.5000000000 -18.8021813531
201.6000000000 -18.8406367431
201.7000000000 -18.8790606734
201.8000000000 -18.9174544685
201.9000000000 -18.9558194429
202.0000000000 -18.9941569014
202.1000000000 -19.0324681389
202.2000000000 -19.0707544409
202.3000000000 -19.1090170834
202.4000000000 -19.1472573335
202.5000000000 -19.1854764491
202.6000000000 -19.2236756794
202.7000000000 -19.2618562651
202.8000000000 -19.3000194382
202.9000000000 -19.3381664226
203.0000000000 -19.3762984340
203.1000000000 -19.4144166802
203.2000000000 -19.4525223610
203.3000000000 -19.4906166689
203.4000000000 -19.5287007886
203.5000000000 -19.5667758976
203.6000000000 -19.6048431661
203.7000000000 -19.6429037575
203.8000000000 -19.6809588279
203.9000000000 -19.7190095271
204.0000000000 -19.7570569980
204.1000000000 -19.7951023771
204.2000000000 -19.8331467944
204.3000000000 -19.8711913739
204.4000000000 -19.9092372335
204.5000000000 -19.9472854851
204.6000000000 -19.9853372347
204.7000000000 -20.0233935828
204.8000000000 -20.0614556240
204.9000000000 -20.0995244478
205.0000000000 -20.1376011382
205.1000000000 -20.1756867740
205.2000000000 -20.2137824289
205.3000000000 -20.2518891717
205.4000000000 -20.2900080661
205.5000000000 -20.3281401712
205.6000000000 -20.3662865415
205.7000000000 -20.4044482269
205.8000000000 -20.4426262729
205.9000000000 -20.4808217204
206.0000000000 -20.5190356064
206.1000000000 -20.5572689636
206.2000000000 -20.5955228208
206.3000000000 -20.6337982026
206.4000000000 -20.6720961299
206.5000000000 -20.7104176200
206.6000000000 -20.7487636864
206.7000000000 -20.7871353389
206.8000000000 -20.8255335839
206.9000000000 -20.8639594247
207.0000000000 -20.9024138609
207.1000000000 -20.9408978890
207.2000000000 -20.9794125025
207.3000000000 -21.0179586917
207.4000000000 -21.0565374440
207.5000000000 -21.0951497439
207.6000000000 -21.1337965729
207.7000000000 -21.1724789101
207.8000000000 -21.2111977317
207.9000000000 -21.2499540114
208.0000000000 -21.2887487203
208.1000000000 -21.3275828271
208.2000000000 -21.3664572982
208.3000000000 -21.4053730975
208.4000000000 -21.4443311869
208.5000000000 -21.4833325260
208.6000000000 -21.5223780721
208.7000000000 -21.5614687809
208.8000000000 -21.6006056057
208.9000000000 -21.6397894981
209.0000000000 -21.6790214078
209.1000000000 -21.7183022826
209.2000000000 -21.7576330687
209.3000000000 -21.7970147105
209.4000000000 -21.8364481508
209.5000000000 -21.8759343308
209.6000000000 -21.9154741902
209.7000000000 -21.9550686672
209.8000000000 -21.9947186986
209.9000000000 -22.0344252198
210.0000000000 -22.0741891649
210.1000000000 -22.1140114667
210.2000000000 -22.1538930567
210.3000000000 -22.1938348653
210.4000000000 -22.2338378216
210.5000000000 -22.2739028539
210.6000000000 -22.3140308892
210.7000000000 -22.3542228533
210.8000000000 -22.3944796715
210.9000000000 -22.4348022677
211.0000000000 -22.4751915651
211.1000000000 -22.5156484860
211.2000000000 -22.5561739518
211.3000000000 -22.5967688831
211.4000000000 -22.6374341998
211.5000000000 -22.6781708210
211.6000000000 -22.7189796651
211.7000000000 -22.7598616497
211.8000000000 -22.8008176918
211.9000000000 -22.8418487080
212.0000000000 -22.8829556138
212.1000000000 -22.9241393246
212.2000000000 -22.9654007549
212.3000000000 -23.0067408188
212.4000000000 -23.0481604299
212.5000000000 -23.0896605011
212.6000000000 -23.1312419452
212.7000000000 -23.1729056741
212.8000000000 -23.2146525996
212.9000000000 -23.2564836327
213.0000000000 -23.2983996843
213.1000000000 -23.3404016648
213.2000000000 -23.3824904841
213.3000000000 -23.4246670517
213.4000000000 -23.4669322770
213.5000000000 -23.5092870686
213.6000000000 -23.5517323350
213.7000000000 -23.5942689842
213.8000000000 -23.6368979241
213.9000000000 -23.6796200619
214.0000000000 -23.7224363047
214.1000000000 -23.7653475591
214.2000000000 -23.8083547313
214.3000000000 -23.8514587273
214.4000000000 -23.8946604526
214.5000000000 -23.9379608124
214.6000000000 -23.9813607116
214.7000000000 -24.0248610545
214.8000000000 -24.0684627452
214.9000000000 -24.1121666874
215.0000000000 -24.1559737842
215.1000000000 -24.1998849384
215.2000000000 -24.2439010524
215.3000000000 -24.2880230281
215.4000000000 -24.3322517669
215.5000000000 -24.3765881697
215.6000000000 -24.4210331370
215.7000000000 -24.4655875687
215.8000000000 -24.5102523641
215.9000000000 -24.5550284219
216.0000000000 -24.5999166404
216.1000000000 -24.6449179172
216.2000000000 -24.6900331489
216.3000000000 -24.7352632320
216.4000000000 -24.7806090618
216.5000000000 -24.8260715332
216.6000000000 -24.8716515400
216.7000000000 -24.9173499755
216.8000000000 -24.9631677320
216.9000000000 -25.0091057008
217.0000000000 -25.0551647724
217.1000000000 -25.1013458365
217.2000000000 -25.1476497814
217.3000000000 -25.1940774948
217.4000000000 -25.2406298628
217.5000000000 -25.2873077709
217.6000000000 -25.3341121029
217.7000000000 -25.3810437418
217.8000000000 -25.4281035689
217.9000000000 -25.4752924646
218.0000000000 -25.5226113075
218.1000000000 -25.5700609749
218.2000000000 -25.6176423426
218.3000000000 -25.6653562850
218.4000000000 -25.7132036745
218.5000000000 -25.7611853822
218.6000000000 -25.8093022771
218.7000000000 -25.8575552266
218.8000000000 -25.9059450961
218.9000000000 -25.9544727492
219.0000000000 -26.0031390474
219.1000000000 -26.0519448500
219.2000000000 -26.1008910142
219.3000000000 -26.1499783951
219.4000000000 -26.1992078453
219.5000000000 -26.2485802150
219.6000000000 -26.2980963522
219.7000000000 -26.3477571019
219.8000000000 -26.3975633069
219.9000000000 -26.4475158071
220.0000000000 -26.4976154394
220.1000000000 -26.5478630382
220.2000000000 -26.5982594346
220.3000000000 -26.6488054569
220.4000000000 -26.6995019299
220.5000000000 -26.7503496754
220.6000000000 -26.8013495118
220.7000000000 -26.8525022541
220.8000000000 -26.9038087137
220.9000000000 -26.9552696982
221.0000000000 -27.0068860117
221.1000000000 -27.0586584544
221.2000000000 -27.1105878226
221.3000000000 -27.1626749082
221.4000000000 -27.2149204994
221.5000000000 -27.2673253799
221.6000000000 -27.3198903290
221.7000000000 -27.3726161216
221.8000000000 -27.4255035279
221.9000000000 -27.4785533135
222.0000000000 -27.5317662389
222.1000000000 -27.5851430600
222.2000000000 -27.6386845275
222.3000000000 -27.6923913867
222.4000000000 -27.7462643779
222.5000000000 -27.8003042358
222.6000000000 -27.8545116895
222.7000000000 -27.9088874625
222.8000000000 -27.9634322724
222.9000000000 -28.0181468310
223.0000000000 -28.0730318440
223.1000000000 -28.1280880107
223.2000000000 -28.1833160242
223.3000000000 -28.2387165713
223.4000000000 -28.2942903320
223.5000000000 -28.3500379796
223.6000000000 -28.4059601805
223.7000000000 -28.4620575941
223.8000000000 -28.5183308728
223.9000000000 -28.5747806615
224.0000000000 -28.6314075978
224.1000000000 -28.6882123118
224.2000000000 -28.7451954257
224.3000000000 -28.8023575539
224.4000000000 -28.8596993030
224.5000000000 -28.9172212712
224.6000000000 -28.9749240485
224.7000000000 -29.0328082165
224.8000000000 -29.0908743483
224.9000000000 -29.1491230081
225.0000000000 -29.2075547513
225.1000000000 -29.2661701243
225.2000000000 -29.3249696644
225.3000000000 -29.3839538994
225.4000000000 -29.4431233477
225.5000000000 -29.5024785182
225.6000000000 -29.5620199099
225.7000000000 -29.6217480119
225.8000000000 -29.6816633033
225.9000000000 -29.7417662528
226.0000000000 -29.8020573190
226.1000000000 -29.8625369498
226.2000000000 -29.9232055823
226.3000000000 -29.9840636431
226.4000000000 -30.0451115476
226.5000000000 -30.1063497000
226.6000000000 -30.1677784936
226.7000000000 -30.2293983098
226.8000000000 -30.2912095188
226.9000000000 -30.3532124789
227.0000000000 -30.4154075365
227.1000000000 -30.4777950260
227.2000000000 -30.5403752698
227.3000000000 -30.6031485777
227.4000000000 -30.6661152474
227.5000000000 -30.7292755636
227.6000000000 -30.7926297986
227.7000000000 -30.8561782115
227.8000000000 -30.9199210487
227.9000000000 -30.9838585432
228.0000000000 -31.0479909147
228.1000000000 -31.1123183696
228.2000000000 -31.1768411006
228.3000000000 -31.2415592867
228.4000000000 -31.3064730929
228.5000000000 -31.3715826706
228.6000000000 -31.4368881567
228.7000000000 -31.5023896741
228.8000000000 -31.5680873313
228.9000000000 -31.6339812220
229.0000000000 -31.7000714258
229.1000000000 -31.7663580071
229.2000000000 -31.8328410157
229.3000000000 -31.8995204865
229.4000000000 -31.9663964390
229.5000000000 -32.0334688777
229.6000000000 -32.1007377919
229.7000000000 -32.1682031553
229.8000000000 -32.2358649260
229.9000000000 -32.3037230469
230.0000000000 -32.3717774447
230.1000000000 -32.4400280305
230.2000000000 -32.5084746996
230.3000000000 -32.5771173311
230.4000000000 -32.6459557881
230.5000000000 -32.7149899175
230.6000000000 -32.7842195500
230.7000000000 -32.8536445001
230.8000000000 -32.9232645655
230.9000000000 -32.9930795279
231.0000000000 -33.0630891521
231.1000000000 -33.1332931865
231.2000000000 -33.2036913627
231.3000000000 -33.2742833957
231.4000000000 -33.3450689837
231.5000000000 -33.4160478081
231.6000000000 -33.4872195332
231.7000000000 -33.5585838067
231.8000000000 -33.6301402592
231.9000000000 -33.7018885044
232.0000000000 -33.7738281388
232.1000000000 -33.8459587422
232.2000000000 -33.9182798769
232.3000000000 -33.9907910886
232.4000000000 -34.0634919055
232.5000000000 -34.1363818390
232.6000000000 -34.2094603832
232.7000000000 -34.2827270152
232.8000000000 -34.3561811952
232.9000000000 -34.4298223658
233.0000000000 -34.5036499531
233.1000000000 -34.5776633657
233.2000000000 -34.6518619955
233.3000000000 -34.7262452172
233.4000000000 -34.8008123887
233.5000000000 -34.8755628508
233.6000000000 -34.9504959275
233.7000000000 -35.0256109259
233.8000000000 -35.1009071363
233.9000000000 -35.1763838325
234.0000000000 -35.2520402714
234.1000000000 -35.3278756933
234.2000000000 -35.4038893219
234.3000000000 -35.4800803648
234.4000000000 -35.5564480127
234.5000000000 -35.6329914404
234.6000000000 -35.7097098065
234.7000000000 -35.7866022531
234.8000000000 -35.8636679067
234.9000000000 -35.9409058777
235.0000000000 -36.0183152608
235.1000000000 -36.0958951349
235.2000000000 -36.1736445634
235.3000000000 -36.2515625943
235.4000000000 -36.3296482602
235.5000000000 -36.4079005786
235.6000000000 -36.4863185519
235.7000000000 -36.5649011676
235.8000000000 -36.6436473985
235.9000000000 -36.7225562028
236.0000000000 -36.8016265243
236.1000000000 -36.8808572922
236.2000000000 -36.9602474220
236.3000000000 -37.0397958150
236.4000000000 -37.1195013588
236.5000000000 -37.1993629274
236.6000000000 -37.2793793813
236.7000000000 -37.3595495680
236.8000000000 -37.4398723216
236.9000000000 -37.5203464636
237.0000000000 -37.6009708029
237.1000000000 -37.6817441358
237.2000000000 -37.7626652463
237.3000000000 -37.8437329066
237.4000000000 -37.9249458769
237.5000000000 -38.0063029058
237.6000000000 -38.0878027307
237.7000000000 -38.1694440777
237.8000000000 -38.2512256619
237.9000000000 -38.3331461879
238.0000000000 -38.4152043496
238.1000000000 -38.4973988309
238.2000000000 -38.5797283056
238.3000000000 -38.6621914377
238.4000000000 -38.7447868819
238.5000000000 -38.8275132833
238.6000000000 -38.9103692784
238.7000000000 -38.9933534948
238.8000000000 -39.0764645514
238.9000000000 -39.1597010592
239.0000000000 -39.2430616209
239.1000000000 -39.3265448319
239.2000000000 -39.4101492798
239.3000000000 -39.4938735451
239.4000000000 -39.5777162015
239.5000000000 -39.6616758160
239.6000000000 -39.7457509492
239.7000000000 -39.8299401556
239.8000000000 -39.9142419840
239.9000000000 -39.9986549774
240.0000000000 -40.0831776739
240.1000000000 -40.1678086062
240.2000000000 -40.2525463026
240.3000000000 -40.3373892869
240.4000000000 -40.4223360785
240.5000000000 -40.5073851933
240.6000000000 -40.5925351434
240.7000000000 -40.6777844375
240.8000000000 -40.7631315815
240.9000000000 -40.8485750783
241.0000000000 -40.9341134286
241.1000000000 -41.0197451307
241.2000000000 -41.1054686810
241.3000000000 -41.1912825745
241.4000000000 -41.2771853045
241.5000000000 -41.3631753635
241.6000000000 -41.4492512431
241.7000000000 -41.5354114344
241.8000000000 -41.6216544283
241.9000000000 -41.7079787157
242.0000000000 -41.7943827878
242.1000000000 -41.8808651365
242.2000000000 -41.9674242544
242.3000000000 -42.0540586352
242.4000000000 -42.1407667743
242.5000000000 -42.2275471684
242.6000000000 -42.3143983163
242.7000000000 -42.4013187191
242.8000000000 -42.4883068801
242.9000000000 -42.5753613054
243.0000000000 -42.6624805042
243.1000000000 -42.7496629889
243.2000000000 -42.8369072752
243.3000000000 -42.9242118827
243.4000000000 -43.0115753348
243.5000000000 -43.0989961594
243.6000000000 -43.1864728885
243.7000000000 -43.2740040592
243.8000000000 -43.3615882131
243.9000000000 -43.4492238973
244.0000000000 -43.5369096642
244.1000000000 -43.6246440718
244.2000000000 -43.7124256840
244.3000000000 -43.8002530706
244.4000000000 -43.8881248080
244.5000000000 -43.9760394788
244.6000000000 -44.0639956724
244.7000000000 -44.1519919853
244.8000000000 -44.2400270208
244.9000000000 -44.3280993898
245.0000000000 -44.4162077107
245.1000000000 -44.5043506094
245.2000000000 -44.5925267198
245.3000000000 -44.6807346840
245.4000000000 -44.7689731522
245.5000000000 -44.8572407832
245.6000000000 -44.9455362442
245.7000000000 -45.0338582115
245.8000000000 -45.1222053699
245.9000000000 -45.2105764138
246.0000000000 -45.2989700466
246.1000000000 -45.3873849810
246.2000000000 -45.4758199395
246.3000000000 -45.5642736542
246.4000000000 -45.6527448672
246.5000000000 -45.7412323302
246.6000000000 -45.8297348055
246.7000000000 -45.9182510654
246.8000000000 -46.0067798924
246.9000000000 -46.0953200798
247.0000000000 -46.1838704314
247.1000000000 -46.2724297615
247.2000000000 -46.3609968956
247.3000000000 -46.4495706697
247.4000000000 -46.5381499310
247.5000000000 -46.6267335379
247.6000000000 -46.7153203598
247.7000000000 -46.8039092775
247.8000000000 -46.8924991831
247.9000000000 -46.9810889801
248.0000000000 -47.0696775835
248.1000000000 -47.1582639200
248.2000000000 -47.2468469276
248.3000000000 -47.3354255564
248.4000000000 -47.4239987678
248.5000000000 -47.5125655353
248.6000000000 -47.6011248441
248.7000000000 -47.6896756912
248.8000000000 -47.7782170855
248.9000000000 -47.8667480481
249.0000000000 -47.9552676117
249.1000000000 -48.0437748210
249.2000000000 -48.1322687330
249.3000000000 -48.2207484165
249.4000000000 -48.3092129521
249.5000000000 -48.3976614329
249.6000000000 -48.4860929637
249.7000000000 -48.5745066613
249.8000000000 -48.6629016547
249.9000000000 -48.7512770848
250.0000000000 -48.8396321044
250.1000000000 -48.9279658785
250.2000000000 -49.0162775839
250.3000000000 -49.1045664092
250.4000000000 -49.1928315552
250.5000000000 -49.2810722343
250.6000000000 -49.3692876708
250.7000000000 -49.4574771008
250.8000000000 -49.5456397720
250.9000000000 -49.6337749441
251.0000000000 -49.7218818880
251.1000000000 -49.8099598865
251.2000000000 -49.8980082337
251.3000000000 -49.9860262354
251.4000000000 -50.0740132085
251.5000000000 -50.1619684814
251.6000000000 -50.2498913937
251.7000000000 -50.3377812960
251.8000000000 -50.4256375503
251.9000000000 -50.5134595292
252.0000000000 -50.6012466166
252.1000000000 -50.6889982069
252.2000000000 -50.7767137054
252.3000000000 -50.8643925280
252.4000000000 -50.9520341011
252.5000000000 -51.0396378615
252.6000000000 -51.1272032563
252.7000000000 -51.2147297431
252.8000000000 -51.3022167891
252.9000000000 -51.3896638719
253.0000000000 -51.4770704788
253.1000000000 -51.5644361068
253.2000000000 -51.6517602627
253.3000000000 -51.7390424626
253.4000000000 -51.8262822321
253.5000000000 -51.9134791060
253.6000000000 -52.0006326284
253.7000000000 -52.0877423519
253.8000000000 -52.1748078385
253.9000000000 -52.2618286586
254.0000000000 -52.3488043911
254.1000000000 -52.4357346236
254.2000000000 -52.5226189516
254.3000000000 -52.6094569790
254.4000000000 -52.6962483176
254.5000000000 -52.7829925870
254.6000000000 -52.8696894144
254.7000000000 -52.9563384347
254.8000000000 -53.0429392899
254.9000000000 -53.1294916294
255.0000000000 -53.2159951094
255.1000000000 -53.3024493932
255.2000000000 -53.3888541508
255.3000000000 -53.4752090584
255.4000000000 -53.5615137990
255.5000000000 -53.6477680615
255.6000000000 -53.7339715409
255.7000000000 -53.8201239380
255.8000000000 -53.9062249596
255.9000000000 -53.9922743174
256.0000000000 -54.0782717291
256.1000000000 -54.1642169169
256.2000000000 -54.2501096086
256.3000000000 -54.3359495362
256.4000000000 -54.4217364367
256.5000000000 -54.5074700514
256.6000000000 -54.5931501259
256.7000000000 -54.6787764097
256.8000000000 -54.7643486564
256.9000000000 -54.8498666232
257.0000000000 -54.9353300706
257.1000000000 -55.0207387628
257.2000000000 -55.1060924668
257.3000000000 -55.1913909528
257.4000000000 -55.2766339935
257.5000000000 -55.3618213645
257.6000000000 -55.4469528434
257.7000000000 -55.5320282103
257.8000000000 -55.6170472471
257.9000000000 -55.7020097376
258.0000000000 -55.7869154673
258.1000000000 -55.8717642230
258.2000000000 -55.9565557928
258.3000000000 -56.0412899658
258.4000000000 -56.1259665321
258.5000000000 -56.2105852824
258.6000000000 -56.2951460078
258.7000000000 -56.3796484998
258.8000000000 -56.4640925500
258.9000000000 -56.5484779500
259.0000000000 -56.6328044910
259.1000000000 -56.7170719637
259.2000000000 -56.8012801585
259.3000000000 -56.8854288645
259.4000000000 -56.9695178703
259.5000000000 -57.0535469628
259.6000000000 -57.1375159279
259.7000000000 -57.2214245498
259.8000000000 -57.3052726111
259.9000000000 -57.3890598922
