0 -87 0.01
5 35.69272707 0.924069953
10 32.72205326 0.9998343342
15 20.58504163 0.9984539698
20 12.09955095 0.9931141613
25 6.751187705 0.983297732
30 3.703355377 0.9730870738
35 2.088845689 0.965702697
40 1.260309458 0.9612811416
45 0.8295738628 0.9588031092
50 0.5877619299 0.9573615192
55 0.4286424153 0.9563975666
60 0.2999302744 0.9556109342
65 0.1763854724 0.9548489723
70 0.04595895994 0.9540350042
75 -0.09704570007 0.9531295945
80 -0.2552579084 0.9521111937
85 -0.4297937119 0.9509668308
90 -0.620986818 0.9496877283
95 -0.8287360825 0.9482672539
100 -1.052676716 0.9466999656
105 -1.292271245 0.944981161
110 -1.54686399 0.9431066585
115 -1.815718601 0.9410726824
120 -2.098047147 0.9388757948
125 -2.393034325 0.936512848
130 -2.699858191 0.933980943
135 -3.017707955 0.93127739
140 -3.345799061 0.9283996685
145 16.86775598 0.9965593752
150 17.49056205 0.9972754896
155 11.85761836 0.9928845609
160 4.976849911 0.9783411452
165 -0.368046145 0.9524442494
170 -3.709733133 0.9259104578
175 -5.675153702 0.9058362025
180 -6.886104443 0.8917882827
185 -7.715793751 0.8814608182
190 -8.357835821 0.8730991773
195 -8.908693972 0.8656748792
200 -9.416556974 0.8586259793
205 -9.906129908 0.8516456514
210 -10.39068108 0.8445593494
215 -10.87788594 0.8372593815
220 -11.37271443 0.8296705263
225 -11.87890928 0.8217314566
230 -12.39979211 0.81338396
235 -12.93875518 0.804565786
240 -13.49962121 0.7952048567
245 -14.08697371 0.7852134564
250 -14.70652741 0.7744813517
255 -15.36560115 0.7628668147
260 -16.07376423 0.7501843224
265 -16.84374908 0.7361873646
270 -17.69275602 0.7205443956
275 -18.64431152 0.7028058668
280 -19.7308523 0.682361453
285 3.797575243 0.9703413755
290 2.039826084 0.9665592183
295 -3.795033467 0.926569755
300 -8.943864675 0.8675817067
305 -12.82455979 0.8084981614
310 -15.93583442 0.7543512938
315 -18.79108463 0.7014956406
320 -21.79629667 0.6445352906
325 -25.32162867 0.5781335907
330 -29.70893433 0.4988242185
335 -35.13061809 0.4089810628
340 -41.38877216 0.3188557119
345 -47.98129082 0.2402930081
350 -54.45302065 0.1786299516
355 -60.55561315 0.1329495917
360 -66.10516634 0.1003956667
365 -70.87824208 0.0781678333
370 -74.7003465 0.06362787021
375 -77.55261136 0.0544093317
380 -79.55859581 0.04866863551
385 -80.90368581 0.04513366304
390 -81.76870382 0.0429852986
395 -82.30012602 0.04171140927
400 -82.60550309 0.04099402018
405 -82.75961397 0.04063493338
410 -82.81292885 0.04050953786
415 -82.79900846 0.04053866396
420 -82.74004093 0.0406714572
