0 -26.51581588 0.5550609785
1 -26.99780813 0.5462386558
2 -27.49488407 0.5372003734
3 -28.00773632 0.5279428433
4 -28.53701791 0.5184644407
5 -29.08333105 0.5087654271
6 -29.64721498 0.4988481726
7 -30.22913278 0.4887173683
8 -30.82945772 0.478380219
9 -31.44845941 0.4678466037
10 -32.08629024 0.4571291924
11 -32.74297274 0.4462435071
12 -33.41838844 0.4352079138
13 -34.11226893 0.4240435382
14 -34.82418975 0.4127740962
15 -35.5535676 0.401425638
16 -36.29966159 0.3900262062
17 -37.06157862 0.3786054165
18 -37.8382831 0.3671939712
19 -38.62861093 0.3558231242
20 -39.43128745 0.3445241177
21 -40.24494861 0.3333276132
22 -41.06816481 0.3222631409
23 -41.89946634 0.3113585915
24 -42.73736954 0.3006397678
25 -43.5804025 0.2901300159
26 -44.42712957 0.2798499431
27 -45.27617352 0.2698172308
28 -46.12623497 0.2600465416
29 -46.97610826 0.250549515
30 -47.82469365 0.2413348447
31 -48.6710056 0.2324084244
32 -49.51417722 0.2237735497
33 -50.3534609 0.2154311616
34 -51.18822565 0.2073801191
35 -52.01795118 0.1996174864
36 -52.84221945 0.1921388256
37 -53.66070371 0.1849384838
38 -54.47315585 0.1780098681
39 -55.2793922 0.1713457024
40 -56.07927824 0.1649382608
41 -56.87271275 0.1587795762
42 -57.65961166 0.1528616204
43 -58.43989213 0.1471764561
44 -59.21345708 0.1417163608
45 -59.98018091 0.1364739205
46 -60.73989649 0.1314420981
47 -61.49238399 0.1266142741
48 -62.23736202 0.1219842639
49 -62.97448115 0.1175463137
50 -63.70332036 0.1132950764
51 -64.42338635 0.1092255732
52 -65.13411592 0.1053331421
53 -65.83488134 0.1016133784
54 -66.52499837 0.09806207135
55 -67.20373683 0.09467513891
56 -67.87033312 0.09144856641
57 -68.52400423 0.08837835014
58 -69.1639627 0.08546044914
59 -69.78943186 0.08269074675
60 -70.39966083 0.08006502264
61 -70.99393868 0.07757893576
62 -71.5716074 0.07522801769
63 -72.1320731 0.07300767558
64 -72.67481539 0.07091320323
65 -73.19939464 0.0689397989
66 -73.70545706 0.06708258819
67 -74.19273769 0.06533665017
68 -74.66106139 0.06369704549
69 -75.11034189 0.06215884484
70 -75.54057933 0.0607171569
71 -75.95185612 0.05936715491
72 -76.34433074 0.0581041039
73 -76.71822188 0.05692340685
74 -77.07372355 0.05582081803
75 -77.41037433 0.05479398596
76 -77.72207848 0.05385446609
77 -77.95741294 0.05312240375
78 -77.70254938 0.053587438
79 -73.65596083 0.06405638732
80 -40.50174661 0.2320344129
81 34.24903105 0.996105757
82 37.68893985 0.999930755
83 36.21013694 0.9999132678
84 33.36321706 0.9998555525
85 29.62064205 0.9997146562
86 25.40158374 0.9993847936
87 21.06137993 0.998652591
88 16.84145339 0.9971470736
89 12.88636031 0.994330452
90 9.275807967 0.9895872379
91 6.046756129 0.9824236631
92 3.205240382 0.9726856827
93 0.7340499969 0.9606483188
94 -1.399827407 0.9469152717
95 -3.237658272 0.9322113501
96 -4.822581965 0.9171969879
97 -6.195307288 0.902371846
98 -7.391880399 0.8880598637
99 -8.442972648 0.8744384197
100 -9.37406002 0.8615799248
101 -10.20601845 0.8494892906
102 -10.95584545 0.8381320059
103 -11.63735906 0.8274530802
104 -12.26181158 0.8173889351
105 -12.83840148 0.8078744208
106 -13.3746882 0.7988466848
107 -13.87692317 0.7902470969
108 -14.35031168 0.7820220252
109 -14.7992196 0.7741229584
110 -15.22733646 0.7665062782
111 -15.63780438 0.7591328623
112 -16.0333206 0.7519676207
113 -16.41621909 0.7449790248
114 -16.78853617 0.7381386581
115 -17.15206342 0.7314208043
116 -17.50839059 0.7248020765
117 -17.85894072 0.7182610898
118 -18.20499907 0.7117781731
119 -18.54773696 0.7053351176
120 -18.88823177 0.6989149584
121 -19.22748363 0.6925017848
122 -19.56642954 0.6860805764
123 -19.90595538 0.6796370623
124 -20.2469061 0.6731575999
125 -20.59009455 0.6666290727
126 -20.93630896 0.6600388041
127 -21.28631945 0.653374487
128 -21.64088359 0.6466241283
129 -22.00075107 0.639776007
130 -22.36666774 0.6328186472
131 -22.7393788 0.6257408051
132 -23.11963132 0.6185314707
133 -23.50817608 0.6111798854
134 -23.90576862 0.6036755758
135 -24.31316948 0.5960084046
136 -24.73114366 0.5881686406
137 -25.16045908 0.5801470476
138 -25.6018841 0.5719349936
139 -26.05618391 0.5635245809
140 -26.52411574 0.554908797
141 -27.00642288 0.5460816855
142 -27.50382736 0.5370385355
143 -28.01702131 0.5277760868
144 -28.546657 0.5182927469
145 -29.09333573 0.5085888144
146 -29.65759552 0.498666701
147 -30.23989797 0.4885311437
148 -30.8406146 0.4781893969
149 -31.46001298 0.4676513926
150 -32.0982432 0.4569298561
151 -32.75532521 0.4460403653
152 -33.43113779 0.4350013423
153 -34.12540957 0.4238339665
154 -34.83771301 0.4125620042
155 -35.56746173 0.4012115504
156 -36.31391178 0.3898106857
157 -37.07616711 0.3783890548
158 -37.85318938 0.3669773797
159 -38.64381209 0.3556069231
160 -39.44675847 0.3443089251
161 -40.26066285 0.3331140336
162 -41.08409444 0.3220517552
163 -41.91558287 0.3111499467
164 -42.75364431 0.3004343694
165 -43.5968072 0.2899283202
166 -44.44363667 0.2796523529
167 -45.29275674 0.2696240918
168 -46.14286958 0.259858141
169 -46.99277141 0.2503660821
170 -47.84136458 0.2411565525
171 -48.68766578 0.2322353927
172 -49.53081039 0.2236058491
173 -50.37005309 0.2152688186
174 -51.20476509 0.2072231212
175 -52.03442819 0.1994657877
176 -52.85862619 0.1919923526
177 -53.67703404 0.1847971405
178 -54.48940501 0.1778735419
179 -55.29555651 0.1712142683
180 -56.0953548 0.1648115862
181 -56.88869911 0.1586575245
182 -57.67550552 0.1527440547
183 -58.45569095 0.1470632418
184 -59.22915785 0.1416073678
185 -59.99577979 0.1363690251
186 -60.7553886 0.1313411838
187 -61.50776319 0.1265172324
188 -62.25262073 0.1218909946
189 -62.98961026 0.1174567242
190 -63.71830915 0.1132090815
191 -64.43822255 0.1091430939
192 -65.14878576 0.1052541044
193 -65.84936968 0.1015377122
194 -66.53928892 0.09798970892
195 -67.2178124 0.09460601368
196 -67.88417589 0.09138261164
197 -68.53759607 0.08831549778
198 -69.17728551 0.08540062898
199 -69.80246787 0.08263388566
200 -70.41239293 0.08001104411
201 -71.00635076 0.07752775967
202 -71.58368456 0.07517956029
203 -72.1438019 0.07296184963
204 -72.68618406 0.07086991837
205 -73.21039319 0.0688989621
206 -73.71607739 0.06704410428
207 -74.20297366 0.06530042251
208 -74.67090878 0.06366297657
209 -75.11979843 0.06212683697
210 -75.54964457 0.06068711277
211 -75.9605314 0.05933897823
212 -76.35261903 0.05807769992
213 -76.72612762 0.05689868291
214 -77.08125214 0.05579768487
215 -77.41752877 0.05477236522
216 -77.72883291 0.05383434971
217 -77.96349472 0.05310434164
218 -77.70563962 0.05357667607
219 -73.63695225 0.0641064436
220 -40.313671 0.233463798
221 34.29140385 0.9961862972
222 37.68922413 0.9999307855
223 36.20594712 0.9999132051
224 33.35667925 0.9998553817
225 29.61275268 0.9997142454
226 25.393218 0.9993838569
227 21.0531628 0.9986505993
228 16.83376103 0.9971432015
229 12.87939455 0.9943236682
230 9.269660746 0.9895766098
231 6.04144688 0.9824087838
232 3.200737393 0.9726669501
233 0.7302870566 0.960626855
234 -1.40293516 0.9468925507
235 -3.240200644 0.9321887916
236 -4.824644093 0.9171757082
237 -6.196964463 0.9023525919
238 -7.393196308 0.8880430595
239 -8.443999687 0.8744242545
240 -9.374840591 0.8615684348
241 -10.20658657 0.8494804237
242 -10.95622827 0.8381256646
243 -11.63757824 0.8274491489
244 -12.26188442 0.8173872961
245 -12.83834179 0.8078749633
246 -13.37450701 0.7988493087
247 -13.87662928 0.7902517151
248 -14.34991211 0.7820285635
249 -14.7987199 0.7741313554
250 -15.22674094 0.7665164842
251 -15.6371164 0.7591448385
252 -16.03254262 0.7519813383
253 -16.41535287 0.7449944641
254 -16.78758284 0.7381558079
255 -17.15102353 0.7314396609
256 -17.5072642 0.7248226435
257 -17.85772746 0.7182833776
258 -18.20369811 0.7118021983
259 -18.5463471 0.7053609029
260 -18.88675142 0.6989425321
261 -19.22591085 0.6925311807
262 -19.56476202 0.6861118338
263 -19.90419046 0.6796702256
264 -20.2450408 0.6731927185
265 -20.58812551 0.6666662009
266 -20.93423248 0.660078001
267 -21.28413149 0.6534158162
268 -21.63857974 0.6466676576
269 -21.99832657 0.6398218086
270 -22.36411748 0.6328667968
271 -22.7366973 0.6257913818
272 -23.11681275 0.6185845565
273 -23.50521426 0.6112355644
274 -23.90265703 0.6037339336
275 -24.30990128 0.5960695274
276 -24.72771171 0.5882326139
277 -25.15685598 0.580213955
278 -25.59810223 0.5720049153
279 -26.05221546 0.563597592
280 -26.51995282 0.5549849653
281 -27.00205757 0.5461610695
282 -27.49925181 0.5371211817
283 -28.01222782 0.5278620273
284 -28.54163822 0.5183819967
285 -29.08808471 0.5086813682
286 -29.65210591 0.4987625306
287 -30.2341642 0.4886301951
288 -30.83463201 0.4782915878
289 -31.45377802 0.4677566104
290 -32.09175357 0.4570379561
291 -32.74858006 0.4461511697
292 -33.42413781 0.4351146401
293 -34.11815717 0.4239495143
294 -34.83021235 0.4126795279
295 -35.55971878 0.4013307479
296 -36.30593431 0.3899312309
297 -37.06796465 0.3785106022
298 -37.84477312 0.3670995699
299 -38.63519468 0.3557293889
300 -39.43795389 0.3444312979
301 -40.25168611 0.3332359502
302 -41.07496134 0.3221728638
303 -41.90630971 0.3112699129
304 -42.74424758 0.3005528811
305 -43.5873033 0.2900450923
306 -44.43404163 0.27976713
307 -45.28308597 0.2697366512
308 -46.13313764 0.2599682931
309 -46.98299185 0.2504736711
310 -47.83154977 0.2412614551
311 -48.67782686 0.232337517
312 -49.52095717 0.2237051324
313 -50.3601941 0.2153652245
314 -51.19490757 0.2073166369
315 -52.02457819 0.1995564207
316 -52.84878869 0.1920801273
317 -53.66721302 0.1848820954
318 -54.47960367 0.1779557261
319 -55.28577741 0.1712937389
320 -56.08560008 0.1648884055
321 -56.87897068 0.1587317579
322 -57.66580522 0.1528157683
323 -58.44602082 0.147132501
324 -59.21952028 0.1416742356
325 -59.98617772 0.1364335613
326 -60.74582565 0.1314034443
327 -61.49824386 0.1265772687
328 -62.24315044 0.1219488537
329 -62.98019545 0.1175124488
330 -63.70895735 0.1132627102
331 -64.4289423 0.1091946622
332 -65.13958662 0.105303645
333 -65.84026211 0.1015852562
334 -66.53028419 0.09803528632
335 -67.20892238 0.09464965446
336 -67.8754129 0.09142434649
337 -68.52897268 0.08835535886
338 -69.1688143 0.08543865047
339 -69.79416124 0.08267010422
340 -70.40426289 0.08004549921
341 -70.99840869 0.07756049373
342 -71.57594108 0.07521061867
343 -72.13626669 0.07299128054
344 -72.67886573 0.07089777263
345 -73.2032992 0.06892529283
346 -73.70921396 0.06706896653
347 -74.19634575 0.06532387281
348 -74.66452007 0.06368507254
349 -75.11365131 0.06214763681
350 -75.54374023 0.06070667491
351 -75.95486985 0.05935736086
352 -76.34719917 0.05809496064
353 -76.72094737 0.05691487833
354 -77.07630882 0.05581286959
355 -77.41282162 0.05478658614
356 -77.72438307 0.05384760064
357 -77.95950904 0.05311619363
358 -77.70385609 0.05358316098
359 -73.6516035 0.06406744444
360 -40.45359638 0.2323983055
361 34.26041211 0.9961268867
362 37.68917734 0.9999307652
363 36.20923641 0.9999132545
364 33.36177305 0.9998555148
365 29.61891456 0.9997145662
366 25.39978837 0.9993845921
367 21.05966493 0.9986521739
368 16.8399032 0.9971462896
369 12.88501533 0.9943291338
370 9.274681435 0.9895852735
371 6.045844352 0.9824210782
372 3.204528937 0.9726826753
373 0.7335183442 0.9606452158
374 -1.400202062 0.9469124357
375 -3.237898069 0.9322090962
376 -4.822706636 0.9171955431
377 -6.19533344 0.9023713485
378 -7.391821491 0.8880603814
379 -8.442839324 0.8744399742
380 -9.373860564 0.8615825098
381 -10.20575925 0.8494928863
382 -10.95553139 0.8381365872
383 -11.63699384 0.8274586218
384 -12.26139799 0.8173954141
385 -12.83794158 0.8078818182
386 -13.37418347 0.7988549855
387 -13.87637461 0.7902562904
388 -14.34971994 0.7820321049
389 -14.798585 0.7741339216
390 -15.22665904 0.7665181259
391 -15.63708397 0.7591455987
392 -16.0325568 0.7519812533
393 -16.41541132 0.7449935641
394 -16.78768369 0.7381541174
395 -17.1511653 0.7314371996
396 -17.50744574 0.7248194264
397 -17.85794791 0.7182794157
398 -18.2039569 0.7117974989
399 -18.54664388 0.7053554696
400 -18.88708607 0.6989363656
401 -19.22628343 0.6925242787
402 -19.56517281 0.686104191
403 -19.90463989 0.6796618341
404 -20.24552948 0.6731835681
405 -20.58865421 0.6666562788
406 -20.93480214 0.6600672921
407 -21.2847432 0.6534043034
408 -21.63923474 0.6466553218
409 -21.99902626 0.6398086286
410 -22.36486341 0.6328527498
411 -22.73749115 0.6257764433
412 -23.11765638 0.6185687006
413 -23.50610965 0.6112187642
414 -23.90360629 0.603716161
415 -24.31090668 0.5960507539
416 -24.72877562 0.5882128108
417 -25.15798089 0.580193094
418 -25.59929072 0.5719829687
419 -26.0534702 0.5635745335
420 -26.52127653 0.554960771
