0 -87 0.01
5 -84.77216347 0.03618725031
10 -83.04343688 0.03991476921
15 -81.63004664 0.0432195578
20 -80.41576507 0.04625538174
25 -44.59015945 0.208444161
30 34.79113487 0.9998868944
35 22.79206942 0.9989645022
40 13.3203692 0.9944217485
45 7.266885501 0.9846398752
50 3.895859512 0.9738747612
55 2.167763144 0.9661017223
60 1.305792537 0.9615335999
65 0.8666896708 0.9590184893
70 0.6239886908 0.9575770983
75 0.4668622651 0.9566288424
80 0.3418866501 0.9558683051
85 0.2233693032 0.9551410406
90 0.09890657609 0.9543688623
95 -0.03751488456 0.9535108969
100 -0.1887890581 0.952544378
105 -0.3562400266 0.9514553918
110 -0.5403602414 0.9502344577
115 -0.7411683143 0.948874421
120 -0.958389085 0.9473694441
125 -1.191550933 0.9457145178
130 -1.440044499 0.9439052182
135 -1.703163109 0.941937579
140 -1.980134016 0.9398080169
145 -2.270144416 0.9375132811
150 -2.572363867 0.9350504118
155 -2.885963704 0.9324167015
160 -3.210133694 0.9296096551
165 -3.544096046 0.9266269486
170 -3.887116913 0.9234663845
175 -4.238515558 0.9201258438
180 -4.597671437 0.9166032348
185 -4.964029453 0.912896439
190 -5.337103712 0.9090032527
195 -5.716480067 0.9049213246
200 -6.101817784 0.9006480894
205 -6.492850613 0.8961806952
210 -6.889387556 0.8915159256
215 -7.291313341 0.8866501161
220 -7.6985874 0.8815790835
225 -8.111242157 0.8762980638
230 -8.529390501 0.8708015349
235 -8.953241505 0.8650829038
240 -9.383104004 0.8591343273
245 -9.819380689 0.8529466743
250 -10.26256932 0.8465094061
255 -10.71327372 0.8398103179
260 -11.17222082 0.8328351753
265 -11.64028181 0.8255672709
270 -12.11849729 0.8179868985
275 -12.6081079 0.8100707214
280 -13.11059278 0.8017909946
285 -13.62771901 0.7931145855
290 -14.16160599 0.7840017229
295 -14.71481021 0.774404378
300 -15.2904375 0.7642641506
305 -15.89229351 0.7535094823
310 -16.52508706 0.7420519477
315 -17.19470836 0.729781275
320 -17.90861385 0.7165586084
325 -18.67636424 0.7022073444
330 -19.51038308 0.6865006707
335 -20.42702947 0.6691448034
340 -21.44810317 0.6497571654
345 -22.60289434 0.6278402391
350 -23.93076526 0.6027566973
355 -25.48379181 0.5737240896
360 -27.32779465 0.5398738194
365 -29.5378256 0.5004564178
370 -32.18197582 0.4552768231
375 -35.29033065 0.4052895925
380 -38.8206125 0.3529294125
385 -42.6499219 0.3016091259
390 -46.61213453 0.2544712995
395 -50.55860559 0.2133367821
400 -54.3981012 0.1785640601
405 -58.09625565 0.1495957201
410 -61.64579034 0.1255995871
415 -65.0293652 0.105861217
420 -68.19687887 0.08987446901
425 -71.07140268 0.07723796977
430 -73.57751469 0.06753061078
435 -53.2744604 0.1597578991
440 29.36555268 0.9997009945
445 9.072227789 0.9892501712
450 -3.310171946 0.9315998748
455 -9.366706645 0.861671124
460 -12.77690205 0.8088635098
465 -15.11810925 0.7684131053
470 -16.99219277 0.7343326462
475 -18.66829359 0.7030151183
480 -20.29383571 0.6722138239
485 -21.96911636 0.6403224822
490 -23.77787681 0.6060259525
495 -25.80071525 0.5681795453
500 -28.11830807 0.5258784549
505 -30.80397843 0.4787312511
510 -33.90359099 0.4272940321
515 -37.40714658 0.3734140586
520 -41.23043187 0.3200365811
525 -45.23036153 0.270285202
530 -49.25401774 0.2263536818
535 -53.18819931 0.1890188508
540 -56.97730171 0.157939891
545 -60.60692849 0.1322759901
550 -64.07035202 0.1111771283
555 -67.33788691 0.09399790806
560 -70.34677177 0.08027612862
565 -73.0184905 0.06960600937
570 -75.29053199 0.06154572361
575 -77.13946653 0.0556153567
580 -78.58360268 0.05134724771
585 -79.67053499 0.04833270614
590 -80.46085628 0.04624230725
595 -81.01545536 0.04482431184
600 -81.38835558 0.04389256059
605 -81.62402389 0.0433119793
610 -81.75736223 0.04298554068
615 -81.81494167 0.04284385438
