0 -29.90422104 0.4940899655
1 -30.41308624 0.4852740799
2 -30.93912192 0.476248791
3 -31.48255703 0.4670214946
4 -32.04353174 0.4576017702
5 -32.62208698 0.4480014642
6 -33.21815476 0.4382347282
7 -33.83155006 0.4283180013
8 -34.46196456 0.418269934
9 -35.10896268 0.4081112464
10 -35.7719804 0.397864522
11 -36.450327 0.3875539377
12 -37.14319004 0.3772049371
13 -37.84964352 0.3668438555
14 -38.56865912 0.3564975096
15 -39.29912023 0.3461927657
16 -40.03983841 0.3359561039
17 -40.78957164 0.3258131933
18 -41.54704381 0.3157884956
19 -42.31096473 0.3059049099
20 -43.08005004 0.2961834712
21 -43.85304018 0.2866431097
22 -44.62871813 0.2773004769
23 -45.40592511 0.2681698391
24 -46.18357409 0.2592630363
25 -46.96066078 0.2505895015
26 -47.73627191 0.2421563348
27 -48.50959079 0.2339684221
28 -49.27990032 0.2260285915
29 -50.04658337 0.2183377964
30 -50.80912094 0.210895318
31 -51.56708815 0.2036989778
32 -52.3201484 0.1967453547
33 -53.06804597 0.1900299987
34 -53.81059714 0.1835476381
35 -54.54768031 0.177292375
36 -55.27922519 0.1712578675
37 -56.0052013 0.1654374953
38 -56.72560606 0.1598245082
39 -57.44045269 0.1544121561
40 -58.14975809 0.1491938002
41 -58.85353101 0.1441630055
42 -59.55176075 0.1393136141
43 -60.24440666 0.1346398003
44 -60.93138861 0.1301361078
45 -61.61257891 0.1257974698
46 -62.28779566 0.1216192133
47 -62.95679802 0.1175970487
48 -63.61928335 0.1137270468
49 -64.27488648 0.1100056048
50 -64.92318112 0.1064294038
51 -65.56368338 0.1029953597
52 -66.19585732 0.09970057124
53 -66.81912223 0.09654226587
54 -67.43286164 0.09351774743
55 -68.03643334 0.09062434691
56 -68.62918046 0.08785937834
57 -69.21044294 0.08522010129
58 -69.77956904 0.08270369081
59 -70.33592666 0.08030721536
60 -70.8789139 0.07802762284
61 -71.40796876 0.07586173438
62 -71.92257764 0.07380624518
63 -72.42228244 0.07185773157
64 -72.90668631 0.07001266323
65 -73.37545778 0.06826741948
66 -73.82833344 0.06661830838
67 -74.26511926 0.06506158779
68 -74.68569049 0.06359348715
69 -75.08999038 0.06221022941
70 -75.4780277 0.06090805275
71 -75.8498717 0.05968323533
72 -76.20563292 0.05853215315
73 -76.54533131 0.05745162066
74 -76.86783857 0.05644154584
75 -77.1622128 0.05552637352
76 -77.33679929 0.0549289449
77 -76.64221971 0.05651598786
78 -69.03944045 0.07867495152
79 -11.44205062 0.5313360801
80 36.65925524 0.9996198109
81 37.41732239 0.9999289759
82 35.49674017 0.9999015194
83 32.39628234 0.9998276905
84 28.54345848 0.9996522563
85 24.33957468 0.9992527294
86 20.09723483 0.9983952693
87 16.0182875 0.9966961221
88 12.22053231 0.993632638
89 8.767514536 0.9886488909
90 5.686690699 0.9813468928
91 2.978865192 0.9716659712
92 0.6247342978 0.9599291509
93 -1.408465249 0.9467285638
94 -3.160260638 0.9327363964
95 -4.671377027 0.9185487707
96 -5.980033671 0.9046100386
97 -7.120044853 0.8912054108
98 -8.120232538 0.8784891622
99 -9.004608808 0.8665221206
100 -9.792919819 0.8553049776
101 -10.50130121 0.8448032299
102 -11.14291473 0.8349640814
103 -11.72851009 0.8257271227
104 -12.26689622 0.8170306831
105 -12.76532555 0.808815362
106 -13.22980219 0.8010258062
107 -13.66532716 0.7936114374
108 -14.0760928 0.7865265769
109 -14.46563682 0.7797302447
110 -14.83696459 0.7731857959
111 -15.19264663 0.7668604941
112 -15.53489653 0.7607250727
113 -15.86563364 0.7547533159
114 -16.18653369 0.7489216727
115 -16.49907 0.7432089081
116 -16.80454713 0.7375957937
117 -17.10412858 0.7320648353
118 -17.39885966 0.7266000335
119 -17.68968661 0.7211866755
120 -17.97747256 0.7158111521
121 -18.26301098 0.7104607994
122 -18.5470371 0.7051237591
123 -18.8302377 0.6997888579
124 -19.11325945 0.694445501
125 -19.39671613 0.6890835792
126 -19.68119499 0.6836933875
127 -19.96726216 0.6782655542
128 -20.25546762 0.6727909788
129 -20.54634934 0.6672607781
130 -20.84043721 0.6616662401
131 -21.13825631 0.6559987851
132 -21.44032999 0.6502499331
133 -21.74718246 0.6444112782
134 -22.05934121 0.6384744699
135 -22.37733898 0.632431201
136 -22.70171553 0.6262732026
137 -23.03301907 0.6199922472
138 -23.37180732 0.6135801596
139 -23.71864829 0.6070288369
140 -24.0741206 0.6003302786
141 -24.43881341 0.5934766266
142 -24.81332587 0.586460217
143 -25.198266 0.5792736446
144 -25.594249 0.5719098402
145 -26.00189483 0.5643621617
146 -26.42182515 0.5566245001
147 -26.85465934 0.5486913995
148 -27.30100972 0.5405581917
149 -27.76147584 0.5322211443
150 -28.23663777 0.5236776199
151 -28.72704849 0.5149262457
152 -29.23322532 0.5059670888
153 -29.75564045 0.4968018323
154 -30.29471076 0.4874339486
155 -30.85078708 0.4778688616
156 -31.42414301 0.4681140901
157 -32.01496381 0.4581793655
158 -32.62333555 0.4480767136
159 -33.249235 0.4378204922
160 -33.89252076 0.4274273774
161 -34.55292598 0.4169162901
162 -35.23005337 0.4063082596
163 -35.92337268 0.3956262219
164 -36.63222121 0.3848947521
165 -37.35580757 0.3741397389
166 -38.09321872 0.3633880056
167 -38.84343048 0.3526668923
168 -39.6053211 0.3420038114
169 -40.37768764 0.3314257948
170 -41.15926467 0.3209590486
171 -41.94874458 0.3106285335
172 -42.74479878 0.3004575853
173 -43.54609914 0.2904675912
174 -44.35133868 0.2806777287
175 -45.15925109 0.2711047764
176 -45.96862822 0.2617629971
177 -46.77833519 0.2526640923
178 -47.58732271 0.2438172245
179 -48.39463642 0.2352290983
180 -49.19942312 0.2269040932
181 -50.00093403 0.2188444359
182 -50.79852507 0.2110504044
183 -51.59165455 0.2035205507
184 -52.37987833 0.1962519362
185 -53.16284295 0.1892403682
186 -53.94027688 0.1824806341
187 -54.71198024 0.1759667244
188 -55.47781338 0.169692043
189 -56.23768446 0.1636495997
190 -56.99153647 0.1578321838
191 -57.73933383 0.1522325163
192 -58.48104897 0.1468433816
193 -59.21664912 0.1416577366
194 -59.94608363 0.1366687984
195 -60.66927207 0.1318701112
196 -61.3860935 0.127255592
197 -62.09637716 0.1228195579
198 -62.79989492 0.1185567346
199 -63.49635564 0.1144622488
200 -64.18540192 0.1105316058
201 -64.86660903 0.1067606553
202 -65.5394865 0.1031455471
203 -66.20348204 0.09968267989
204 -66.85798793 0.09636864527
205 -67.50234944 0.09320017118
206 -68.13587524 0.09017406584
207 -68.75784919 0.08728716566
208 -69.36754322 0.08453628873
209 -69.96423077 0.0819181957
210 -70.54720021 0.07942955901
211 -71.11576804 0.07706694102
212 -71.66929101 0.07482678119
213 -72.20717728 0.07270539175
214 -72.72889592 0.07069896119
215 -73.23398471 0.06880356437
216 -73.72205622 0.06701517818
217 -74.19280189 0.06532970121
218 -74.6459943 0.06374297634
219 -75.08148777 0.06225081484
220 -75.49921727 0.06084902098
221 -75.899196 0.05953341621
222 -76.2815117 0.05829986208
223 -76.64632207 0.05714428144
224 -76.99384936 0.05606267742
225 -77.32437447 0.05505115001
226 -77.63823064 0.05410591015
227 -77.93579711 0.0532232912
228 -78.21749256 0.05239975804
229 -78.48376886 0.05163191382
230 -78.73510497 0.0509165046
231 -78.97200112 0.05025042212
232 -79.19497339 0.04963070486
233 -79.40454877 0.0490545376
234 -79.60126054 0.04851924989
235 -79.78564422 0.04802231334
236 -79.95823391 0.04756133818
237 -80.11955908 0.04713406912
238 -80.27014185 0.04673838071
239 -80.41049459 0.04637227234
240 -80.54111797 0.04603386298
241 -80.66249933 0.04572138576
242 -80.77511136 0.0454331825
243 -80.87941112 0.04516769822
244 -80.97583927 0.04492347571
245 -81.06481956 0.04469915018
246 -81.14675848 0.04449344411
247 -81.22204514 0.04430516218
248 -81.29105129 0.04413318643
249 -81.35413142 0.04397647162
250 -81.41162297 0.04383404085
251 -81.46384643 0.04370498187
252 -81.51110327 0.04358844794
253 -81.55365515 0.04348369661
254 -81.59153848 0.04339045836
255 -81.62293369 0.04331219262
256 -81.62984398 0.04328468269
257 -81.45224108 0.04362880149
258 -79.68270555 0.04730848309
259 -64.09719125 0.09306790898
260 27.98794696 0.930666482
261 38.50971952 0.9999281148
262 37.78713002 0.9999345619
263 35.74145058 0.9999059881
264 32.72416566 0.9998374968
265 29.0428671 0.9996815615
266 25.05012903 0.9993401196
267 21.02448231 0.9986331919
268 17.1451199 0.997272218
269 13.51649402 0.9948646515
270 10.19600665 0.9909788452
271 7.210889644 0.9852702677
272 4.566484032 0.9776170128
273 2.251066332 0.9681843819
274 0.2404022718 0.9573781941
275 -1.497319737 0.9457215726
276 -2.996872456 0.9337269889
277 -4.292456033 0.9218136118
278 -5.415507141 0.9102783447
279 -6.393667898 0.8993037526
280 -7.250554096 0.8889823697
281 -8.005981342 0.8793434544
282 -8.676402566 0.8703756566
283 -9.275406398 0.862043853
284 -9.814196823 0.8543006522
285 -10.30201886 0.8470937858
286 -10.74651978 0.8403705945
287 -11.15404775 0.8340805809
288 -11.52989501 0.8281767276
289 -11.87849417 0.8226160548
290 -12.20357612 0.817359728
291 -12.50829688 0.8123729138
292 -12.79533959 0.8076245034
293 -13.06699674 0.8030867801
294 -13.32523661 0.7987350715
295 -13.57175731 0.7945474124
296 -13.80803073 0.7905042298
297 -14.03533862 0.7865880566
298 -14.2548022 0.7827832735
299 -14.46740672 0.7790758819
300 -14.67402178 0.7754533013
301 -14.87541837 0.7719041932
302 -15.07228306 0.7684183057
303 -15.26523007 0.7649863378
304 -15.45481134 0.76159982
305 -15.64152524 0.7582510107
306 -15.82582388 0.7549328041
307 -16.00811947 0.7516386503
308 -16.18878971 0.7483624839
309 -16.36818257 0.7450986619
310 -16.54662035 0.7418419078
311 -16.72440326 0.7385872624
312 -16.90181255 0.7353300398
313 -17.07911334 0.7320657882
314 -17.25655702 0.7287902541
315 -17.43438351 0.7254993503
316 -17.61282319 0.722189127
317 -17.7920987 0.7188557451
318 -17.97242661 0.7154954517
319 -18.15401885 0.7121045579
320 -18.33708415 0.7086794176
321 -18.52182929 0.7052164082
322 -18.70846033 0.7017119121
323 -18.89718375 0.6981622996
324 -19.08820754 0.6945639123
325 -19.28174225 0.6909130479
326 -19.47800202 0.6872059445
327 -19.67720559 0.683438767
328 -19.87957722 0.6796075928
329 -20.08534775 0.675708399
330 -20.29475544 0.6717370492
331 -20.50804704 0.667689282
332 -20.72547865 0.6635606989
333 -20.9473167 0.6593467542
334 -21.1738389 0.6550427445
335 -21.40533517 0.6506438004
336 -21.64210856 0.6461448788
337 -21.88447615 0.6415407566
338 -22.13276993 0.6368260267
339 -22.38733767 0.6319950962
340 -22.64854365 0.6270421871
341 -22.91676939 0.6219613405
342 -23.19241426 0.6167464245
343 -23.47589596 0.6113911468
344 -23.76765078 0.6058890733
345 -24.06813377 0.6002336525
346 -24.37781853 0.594418247
347 -24.69719681 0.5884361748
348 -25.02677761 0.5822807591
349 -25.36708597 0.5759453888
350 -25.71866117 0.5694235921
351 -26.08205439 0.5627091221
352 -26.45782566 0.5557960561
353 -26.8465401 0.548678911
354 -27.24876334 0.5413527714
355 -27.66505605 0.533813434
356 -28.09596751 0.526057565
357 -28.54202831 0.5180828693
358 -29.00374202 0.5098882696
359 -29.48157601 0.5014740904
360 -29.97595144 0.4928422435
361 -30.48723265 0.4839964069
362 -31.01571605 0.4749421925
363 -31.56161896 0.4656872912
364 -32.12506849 0.4562415904
365 -32.70609117 0.4466172506
366 -33.30460347 0.4368287366
367 -33.92040395 0.4268927928
368 -34.5531672 0.4168283573
369 -35.20244032 0.4066564121
370 -35.86764204 0.3963997679
371 -36.54806498 0.3860827863
372 -37.24288095 0.3757310459
373 -37.95114964 0.3653709624
374 -38.67183012 0.3550293744
375 -39.40379536 0.3447331104
376 -40.14584884 0.3345085539
377 -40.89674306 0.3243812219
378 -41.65519912 0.314375373
379 -42.41992676 0.3045136599
380 -43.18964414 0.2948168348
381 -43.96309671 0.2853035186
382 -44.7390747 0.275990036
383 -45.51642851 0.2668903174
384 -46.29408192 0.2580158673
385 -47.07104273 0.2493757907
386 -47.8464106 0.2409768743
387 -48.61938238 0.2328237103
388 -49.38925465 0.2249188573
389 -50.15542382 0.2172630263
390 -50.91738401 0.2098552851
391 -51.67472276 0.2026932717
392 -52.42711495 0.1957734111
393 -53.1743152 0.1890911284
394 -53.91614886 0.1826410546
395 -54.65250194 0.1764172207
396 -55.38331023 0.1704132371
397 -56.10854773 0.1646224573
398 -56.82821469 0.1590381239
399 -57.54232548 0.1536534959
400 -58.25089654 0.1484619574
401 -58.95393455 0.1434571074
402 -59.65142526 0.1386328307
403 -60.34332306 0.1339833504
404 -61.02954171 0.1295032628
405 -61.70994633 0.1251875551
406 -62.38434711 0.1210316079
407 -63.05249472 0.1170311829
408 -63.71407781 0.1131823978
409 -64.36872251 0.1094816917
410 -65.01599418 0.1059257812
411 -65.6554012 0.1025116107
412 -66.28640075 0.09923630032
413 -66.90840638 0.09609709129
414 -67.52079714 0.09309129449
415 -68.12292785 0.09021624148
416 -68.71414018 0.08746924131
417 -69.2937742 0.08484754393
418 -69.8611799 0.0823483112
419 -70.41572841 0.07996859594
420 -70.9568225 0.07770532904
421 -71.4839061 0.07555531422
422 -71.99647265 0.07351522981
423 -72.49407201 0.07158163659
424 -72.976316 0.06975099063
425 -73.44288233 0.06801966004
426 -73.8935171 0.06638394442
427 -74.32803588 0.06484009607
428 -74.7463235 0.06338434186
429 -75.14833257 0.06201290513
430 -75.53408086 0.06072202723
431 -75.90364619 0.05950799205
432 -76.25714718 0.05836718349
433 -76.59461151 0.05729642445
434 -76.91491957 0.05629562234
435 -77.20714352 0.05538915539
436 -77.37962476 0.05479943243
437 -76.68221797 0.05639143212
438 -69.0633085 0.07856289801
439 -11.30552282 0.5326968448
440 36.68149374 0.9996239515
441 37.42649006 0.9999291073
442 35.50595917 0.9999016876
443 32.40741036 0.9998280407
444 28.55642195 0.9996530745
445 24.35386896 0.9992546481
446 20.11235003 0.998399556
447 16.03379521 0.996704974
448 12.2360782 0.9936492468
449 8.782809979 0.9886769966
450 5.701519797 0.9813898302
451 2.993095372 0.9717256876
452 0.6383167039 0.9600058031
453 -1.395509214 0.9468208584
454 -3.147861006 0.932842318
455 -4.659437246 0.918666251
456 -5.968447816 0.904737349
457 -7.108708785 0.8913412951
458 -8.109049953 0.8786328117
459 -8.993493756 0.8666730854
460 -9.781797121 0.8554630692
461 -10.49010577 0.8449684387
462 -11.13159038 0.8351365142
463 -11.71700825 0.8259069593
464 -12.2551747 0.8172181471
465 -12.75334736 0.8090107025
466 -13.21753458 0.8012292866
467 -13.65274079 0.7938233288
468 -14.063161 0.7867471549
469 -14.452335 0.779959788
470 -14.82326978 0.7734245865
471 -15.17853701 0.7671088175
472 -15.52035109 0.7609832195
473 -15.85063187 0.7550215834
474 -16.17105532 0.7492003658
475 -16.48309476 0.7434983412
476 -16.78805456 0.7378962926
477 -17.08709782 0.7323767384
478 -17.38126931 0.7269236935
479 -17.67151456 0.7215224608
480 -17.95869585 0.7161594484
481 -18.24360565 0.710822011
482 -18.52697809 0.7054983104
483 -18.80949869 0.7001771946
484 -19.09181274 0.6948480914
485 -19.37453254 0.6895009153
486 -19.65824371 0.684125986
487 -19.94351068 0.6787139576
488 -20.23088153 0.6732557559
489 -20.52089231 0.6677425251
490 -20.81407081 0.6621655807
491 -21.11093994 0.6565163706
492 -21.41202074 0.6507864423
493 -21.71783507 0.6449674172
494 -22.02890791 0.6390509706
495 -22.3457695 0.6330288198
496 -22.66895698 0.6268927185
497 -22.99901594 0.6206344585
498 -23.33650145 0.6142458805
499 -23.68197891 0.6077188927
500 -24.03602438 0.6010454998
501 -24.39922458 0.5942178419
502 -24.77217636 0.587228245
503 -25.15548569 0.5800692836
504 -25.54976599 0.5727338566
505 -25.95563586 0.5652152767
506 -26.37371603 0.5575073745
507 -26.80462556 0.5496046167
508 -27.24897713 0.5415022387
509 -27.70737143 0.5331963913
510 -28.18039063 0.5246842984
511 -28.66859084 0.5159644253
512 -29.17249368 0.5070366535
513 -29.69257692 0.4979024567
514 -30.22926439 0.4885650752
515 -30.78291529 0.4790296788
516 -31.35381309 0.4693035139
517 -31.94215437 0.4593960244
518 -32.54803792 0.4493189383
519 -33.17145457 0.4390863119
520 -33.81227807 0.4287145223
521 -34.47025767 0.4182222024
522 -35.14501277 0.4076301126
523 -35.83603006 0.3969609475
524 -36.54266367 0.3862390769
525 -37.26413849 0.3754902276
526 -37.99955676 0.3647411107
527 -38.7479082 0.354019009
528 -39.50808311 0.3433513348
529 -40.27888849 0.3327651782
530 -41.05906641 0.3222868602
531 -41.84731413 0.3119415087
532 -42.64230525 0.3017526746
533 -43.44271109 0.2917419998
534 -44.24722154 0.281928948
535 -45.05456471 0.2723306067
536 -45.86352475 0.2629615602
537 -46.67295719 0.2538338363
538 -47.4818017 0.2449569192
539 -48.28909177 0.2363378238
540 -49.09396135 0.2279812219
