0 -87 0.01
5 -84.77216347 0.0361872503
10 -83.04343724 0.03991476844
15 -81.63005191 0.04321954537
20 -80.41597895 0.04625488651
25 -79.32632536 0.04914206631
30 -78.3072126 0.05198820061
35 -77.31449376 0.05490180286
40 -76.30583815 0.05801047482
45 -75.23290918 0.06148765249
50 -74.03008258 0.06560302872
55 -72.59258924 0.07083560424
60 -70.72270019 0.07817963008
65 35.05754992 0.9967881891
70 31.5173115 0.999792676
75 19.79302883 0.9982184401
80 11.25439615 0.9920634229
85 6.036034006 0.9812959697
90 3.229104401 0.971086306
95 1.818599049 0.9643126494
100 1.11988495 0.9604862285
105 0.7605402109 0.9583934648
110 0.5547515389 0.9571611405
115 0.4128653726 0.956301159
120 0.2921422539 0.9555638924
125 0.1722578814 0.9548250289
130 0.0435313308 0.9540220705
135 -0.09864388768 0.9531222491
140 -0.2564140289 0.9521070158
145 -0.4306894067 0.950964692
150 -0.6217208657 0.9496870213
155 -0.8293767943 0.9482675549
160 -1.053282797 0.9467008937
165 -1.292898762 0.9449823266
170 -1.54756733 0.9431076522
175 -1.816548953 0.9410730829
180 -2.099050113 0.9388751866
185 -2.394247382 0.9365108429
190 -2.701308358 0.9339772048
195 -3.01940981 0.9312716604
200 -3.347753166 0.928391793
205 -3.685577428 0.9253353386
210 -4.032169665 0.92210014
215 -4.386873266 0.9186840976
220 -4.749094227 0.9150851173
225 -5.118305734 0.911301054
230 -5.494051375 0.9073296524
235 -5.875947273 0.9031684826
240 -6.263683466 0.8988148711
245 -6.657024816 0.8942658268
250 -7.055811735 0.8895179592
255 -7.459960982 0.8845673883
260 -7.869466807 0.8794096449
265 -8.28440267 0.8740395571
270 -8.704923809 0.8684511215
275 -9.131270929 0.8626373547
280 -9.563775319 0.8565901196
285 -10.00286577 0.8502999211
290 -10.44907775 0.8437556626
295 -10.90306529 0.8369443536
300 -11.36561654 0.8298507541
305 -11.83767354 0.8224569398
310 -12.32035783 0.8147417639
315 -12.81500319 0.8066801868
320 -13.32319791 0.7982424311
325 -13.84683945 0.7893929118
330 -14.38820562 0.7800888643
335 -14.95004787 0.7702785752
340 -15.5357145 0.7598990799
345 -16.14931477 0.7488731458
350 -16.79593917 0.7371052951
355 -17.48195729 0.7244765436
360 -18.21542301 0.710837438
365 -19.00662743 0.6959988977
370 -19.86885181 0.679720369
375 -20.81938168 0.6616950554
380 -21.88083616 0.6415329048
385 -23.08280939 0.6187444655
390 -24.46364029 0.5927342794
395 -26.07168005 0.5628234571
400 -27.96452491 0.528338346
405 -30.20333364 0.4888169374
410 -32.8385584 0.444361799
415 -35.88623211 0.3960468767
420 -39.30361658 0.346075687
425 -42.9840458 0.2973458301
430 -46.78492495 0.2525053769
435 -50.57520924 0.213139008
440 -54.27043782 0.179611598
445 -57.83711402 0.1514655797
450 -61.27147145 0.1279472223
455 -64.56745713 0.1083748837
460 -67.69037716 0.09227236519
465 -70.57192737 0.07931041585
470 -73.13119392 0.06917430481
475 -75.3065189 0.06148333008
480 -77.07611503 0.05580217464
485 -78.45855443 0.05169797721
490 -79.4998307 0.04878894135
495 -80.25774641 0.0467654248
500 -80.79009666 0.04538950988
505 -81.14810617 0.04448431176
510 -81.37396563 0.04392085798
515 -78.33331165 0.0509311523
520 34.89231134 0.9998903061
525 16.11059061 0.9967288169
530 1.903507001 0.9664765624
535 -5.348668899 0.9108785074
540 -8.989970178 0.8658784351
545 -11.10011485 0.8347360771
550 -12.52259201 0.8119649951
555 -13.60919405 0.7937564929
560 -14.52389922 0.7779578645
565 -15.35185668 0.7633326873
570 -16.14202088 0.7491221101
575 -16.92577736 0.734814775
580 -17.72599224 0.7200227636
585 -18.5619324 0.7044094314
590 -19.45234419 0.6876424044
595 -20.41775818 0.6693583734
600 -21.48256454 0.6491333824
605 -22.67712294 0.6264575234
610 -24.03989944 0.6007195857
615 -25.61915522 0.5712185214
620 -27.47281092 0.5372367236
625 -29.66369422 0.4982287567
630 -32.24628753 0.4541660122
635 -35.24330697 0.4059671105
640 -38.61976563 0.3557234129
645 -42.27434655 0.3063372574
650 -46.06439903 0.2605859093
655 -49.85358718 0.2202328852
660 -53.55004113 0.1857839695
665 -57.11438289 0.1568466842
670 -60.54110417 0.1326661799
675 -63.82776968 0.1125223368
