0 -87 0.01
5 -84.77216347 0.03618725031
10 -83.04343688 0.03991476921
15 -81.63004664 0.0432195578
20 -80.41576507 0.04625538174
25 -44.59015945 0.208444161
30 34.79113487 0.9998868944
35 22.79206942 0.9989645022
40 13.3203692 0.9944217485
45 7.266885501 0.9846398752
50 3.895859512 0.9738747612
55 2.167763144 0.9661017223
60 1.305792537 0.9615335999
65 0.8666896708 0.9590184893
70 0.6239886908 0.9575770983
75 0.4668622651 0.9566288424
80 0.3418866501 0.9558683051
85 0.2233693032 0.9551410406
90 0.09890657609 0.9543688623
95 -0.03751488456 0.9535108969
100 -0.1887890581 0.952544378
105 -0.3562400266 0.9514553918
110 -0.5403602414 0.9502344577
115 -0.7411683143 0.948874421
120 -0.958389085 0.9473694441
125 -1.191550933 0.9457145178
130 -1.440044499 0.9439052182
135 -1.703163109 0.941937579
140 -1.980134016 0.9398080169
145 -2.270144416 0.9375132811
150 -2.572363867 0.9350504118
155 -2.885963704 0.9324167015
160 -3.210133694 0.9296096551
165 -3.544096046 0.9266269486
170 -3.887116913 0.9234663845
175 -4.238515558 0.9201258438
180 -4.597671429 0.9166032348
185 -4.964029182 0.9128964416
190 -5.337100933 0.9090032807
195 -5.716467305 0.9049214599
200 -6.101784222 0.900648461
205 -6.492790926 0.8961813827
210 -6.88930687 0.8915168893
215 -7.291224407 0.8866512153
220 -7.69850703 0.8815801123
225 -8.111192358 0.8762987322
230 -8.529396944 0.8708014779
235 -8.953321536 0.8650818377
240 -9.383256548 0.8591322079
245 -9.819588303 0.8529436974
250 -10.2628069 0.8465059035
255 -10.71351653 0.8398066448
260 -11.17244916 0.8328316363
265 -11.6404823 0.8255640907
270 -12.11866209 0.8179842249
275 -12.60823304 0.8100686447
280 -13.11067642 0.801789572
285 -13.62775987 0.7931138642
290 -14.16160213 0.7840017612
295 -14.71475776 0.7744052672
300 -15.29032924 0.7642660423
305 -15.89211665 0.7535126299
310 -16.52481948 0.7420567782
315 -17.19431172 0.7297885196
320 -17.90802073 0.7165695458
325 -18.67545389 0.702224259
330 -19.50893585 0.68652771
335 -20.42464207 0.6691895583
340 -21.4440349 0.649833492
345 -22.59579933 0.6279730272
350 -23.91825981 0.602989156
355 -25.46184611 0.5741268057
360 -27.29010574 0.5405507841
365 -29.475687 0.5015360591
370 -32.08541272 0.4568742513
375 -35.15029878 0.4074521904
380 -38.62917698 0.355629857
385 -42.39564243 0.3048194533
390 -46.27420839 0.2582313878
395 -50.10373331 0.217756192
400 -53.78025355 0.1837831112
405 -57.26094067 0.1557234339
410 -60.54306616 0.132628785
415 -63.63650673 0.1135914736
420 -66.5410457 0.09790836814
425 -69.23509796 0.08508384826
430 -71.679182 0.07475259008
435 -73.83095257 0.0665944386
440 -75.66212166 0.06028821145
445 -77.16795387 0.05550994172
450 -78.36672651 0.05195310577
455 -79.29266391 0.04934815783
460 -79.98734094 0.04747187188
465 -80.49278319 0.04614720605
470 -80.84725241 0.04523775767
475 -81.08336085 0.04464033651
480 -81.22772933 0.0442777063
485 -81.30147361 0.04409237253
490 -81.32102816 0.04404162445
495 -81.29902626 0.04409373221
500 -81.24510182 0.04422509576
505 -81.16656369 0.04441813451
510 -81.06893771 0.04465973475
515 -80.95639046 0.04494011036
520 -80.83205493 0.04525196651
525 -80.69827818 0.04558988519
