0 -17.80027042 0.7187575643
1 -17.99422588 0.715140466
2 -18.18897791 0.7115005584
3 -18.38478649 0.7078333699
4 -18.58190531 0.7041345202
5 -18.78058352 0.7003996955
6 -18.98106729 0.696624625
7 -19.18360127 0.6928050596
8 -19.38842997 0.688936752
9 -19.59579907 0.6850154377
10 -19.80595662 0.6810368181
11 -20.01915426 0.676996544
12 -20.23564833 0.6728902004
13 -20.45570097 0.6687132925
14 -20.67958119 0.6644612325
15 -20.90756591 0.6601293278
16 -21.13994095 0.6557127703
17 -21.37700204 0.6512066267
18 -21.61905577 0.6466058308
19 -21.86642047 0.641905177
20 -22.11942715 0.6370993163
21 -22.37842029 0.632182754
22 -22.64375864 0.6271498503
23 -22.91581587 0.6219948245
24 -23.19498122 0.6167117616
25 -23.48165994 0.6112946249
26 -23.77627365 0.6057372714
27 -24.07926048 0.6000334749
28 -24.39107501 0.5941769539
29 -24.71218794 0.5881614077
30 -25.0430855 0.5819805603
31 -25.38426838 0.5756282138
32 -25.73625042 0.5690983112
33 -26.0995566 0.5623850109
34 -26.4747207 0.5554827721
35 -26.86228216 0.5483864528
36 -27.26278239 0.5410914206
37 -27.67676022 0.533593675
38 -28.10474669 0.5258899825
39 -28.54725891 0.5179780221
40 -29.00479312 0.50985654
41 -29.47781689 0.5015255103
42 -29.96676057 0.4929862984
43 -30.47200807 0.4842418231
44 -30.99388695 0.4752967112
45 -31.53265835 0.466157438
46 -32.08850658 0.456832448
47 -32.66152908 0.4473322465
48 -33.25172678 0.4376694552
49 -33.85899546 0.427858825
50 -34.48311842 0.4179171981
51 -35.12376095 0.4078634158
52 -35.78046692 0.3977181682
53 -36.45265794 0.387503785
54 -37.13963533 0.3772439716
55 -37.84058497 0.3669634934
56 -38.55458529 0.3566878196
57 -39.2806181 0.346442736
58 -40.0175821 0.3362539404
59 -40.76430869 0.3261466367
60 -41.51957964 0.3161451409
61 -42.2821458 0.3062725149
62 -43.05074653 0.2965502406
63 -43.82412892 0.2869979447
64 -44.60106622 0.2776331821
65 -45.38037502 0.2684712819
66 -46.16093052 0.2595252577
67 -46.94167958 0.2508057795
68 -47.72165129 0.2423212035
69 -48.4999649 0.2340776517
70 -49.27583505 0.2260791358
71 -50.04857436 0.2183277143
72 -50.81759352 0.2108236754
73 -51.58239906 0.2035657365
74 -52.34258904 0.1965512537
75 -53.09784685 0.189776433
76 -53.84793347 0.1832365382
77 -54.59267833 0.1769260914
78 -55.33196911 0.1708390612
79 -56.06574064 0.1649690372
80 -56.79396321 0.1593093879
81 -57.51663042 0.1538534015
82 -58.2337469 0.1485944078
83 -58.94531609 0.1435258828
84 -59.65132826 0.138641533
85 -60.35174922 0.1339353628
86 -61.04650976 0.1294017231
87 -61.73549624 0.1250353424
88 -62.41854265 0.1208313416
89 -63.09542419 0.116785234
90 -63.76585288 0.1128929098
91 -64.42947519 0.1091506101
92 -65.0858719 0.105554889
93 -65.73456022 0.1021025682
94 -66.37499824 0.09879068667
95 -67.00659141 0.09561644546
96 -67.62870104 0.09257715338
97 -68.24065438 0.08967017366
98 -68.84175601 0.08689287462
99 -69.43130009 0.08424258613
100 -70.00858302 0.08171656306
101 -70.57291614 0.07931195683
102 -71.12363788 0.07702579537
103 -71.66012524 0.07485497151
104 -72.18180396 0.07279623942
105 -72.6881574 0.0708462183
106 -73.17873376 0.06900140229
107 -73.65315164 0.06725817559
108 -74.11110384 0.06561283132
109 -74.55235955 0.0640615932
110 -74.97676484 0.06260063866
111 -75.38424176 0.06122612251
112 -75.77478609 0.05993420039
113 -76.14846379 0.05872105172
114 -76.50540467 0.05758290572
115 -76.84578091 0.05651610185
116 -77.16966995 0.05551743272
117 -77.47599857 0.05458672395
118 -77.75413273 0.05374710698
119 -77.91636147 0.05320631675
120 -77.25396981 0.05468270792
121 -70.07400367 0.07488584101
122 -14.94537611 0.4874421199
123 36.7301307 0.9995475521
124 37.5591737 0.9999307772
125 35.68887726 0.9999049088
126 32.63646895 0.9998350938
127 28.81342278 0.999668994
128 24.62011039 0.9992897924
129 20.37463611 0.9984728594
130 16.28427762 0.9968461998
131 12.47045456 0.9938971864
132 8.998912991 0.9890711884
133 5.898572556 0.9819577046
134 3.171351212 0.9724721679
135 0.7988076315 0.9609119771
136 -1.251232168 0.9478516673
137 -3.017987055 0.9339575004
138 -4.542109673 0.9198289461
139 -5.861907386 0.9059183659
140 -7.011370251 0.892519874
141 -8.019529617 0.8797955114
142 -8.910607356 0.867812066
143 -9.704542674 0.8565744458
144 -10.41764067 0.8460509553
145 -11.06320782 0.83619057
146 -11.6521156 0.8269339314
147 -12.19327452 0.818219937
148 -12.6940215 0.8099894409
149 -13.16043092 0.802187146
150 -13.59756241 0.7947624085
151 -14.00965737 0.7876694124
152 -14.40029479 0.7808670002
153 -14.77251502 0.7743183303
154 -15.12891846 0.7679904614
155 -15.47174437 0.7618539217
156 -15.80293445 0.7558822934
157 -16.12418404 0.7500518282
158 -16.43698391 0.7443410989
159 -16.74265431 0.7387306894
160 -17.04237305 0.7332029211
161 -17.33719877 0.7277416123
162 -17.62809019 0.7223318678
163 -17.91592244 0.7169598949
164 -18.20150062 0.7116128423
165 -18.48557153 0.7062786596
166 -18.76883349 0.7009459739
167 -19.05194494 0.6956039817
168 -19.3355318 0.6902423543
169 -19.62019395 0.6848511541
170 -19.90651082 0.679420762
171 -20.19504644 0.6739418135
172 -20.4863538 0.668405143
173 -20.78097881 0.662801736
174 -21.07946379 0.6571226883
175 -21.38235061 0.6513591728
176 -21.69018346 0.6455024123
177 -22.00351127 0.6395436604
178 -22.32288989 0.6334741888
179 -22.64888385 0.6272852835
180 -22.98206784 0.6209682483
181 -23.32302782 0.6145144187
182 -23.67236173 0.6079151846
183 -24.03067971 0.6011620254
184 -24.39860393 0.5942465564
185 -24.77676772 0.5871605892
186 -25.16581417 0.579896206
187 -25.56639399 0.5724458494
188 -25.9791625 0.5648024297
189 -26.40477589 0.5569594472
190 -26.84388637 0.5489111334
191 -27.29713637 0.5406526075
192 -27.76515167 0.5321800483
193 -28.24853344 0.5234908801
194 -28.74784913 0.5145839667
195 -29.26362242 0.5054598124
196 -29.79632224 0.4961207604
197 -30.34635105 0.4865711842
198 -30.91403266 0.4768176618
199 -31.49959996 0.4668691237
200 -32.10318287 0.4567369646
201 -32.72479703 0.4464351076
202 -33.36433384 0.4359800122
203 -34.02155217 0.4253906177
204 -34.69607252 0.4146882147
205 -35.38737402 0.4038962433
206 -36.09479456 0.3930400175
207 -36.81753465 0.3821463805
208 -37.55466484 0.3712433007
209 -38.30513678 0.3603594211
210 -39.06779778 0.3495235768
211 -39.84140834 0.3387643019
212 -40.62466204 0.3281093428
213 -41.41620721 0.3175851988
214 -42.21466954 0.3072167067
215 -43.01867466 0.2970266844
216 -43.82687008 0.287035645
217 -44.63794566 0.2772615873
218 -45.45065193 0.2677198658
219 -46.26381578 0.2584231381
220 -47.07635329 0.2493813849
221 -47.88727925 0.2406019937
222 -48.6957136 0.2320898979
223 -49.5008846 0.2238477578
224 -50.30212903 0.2158761757
225 -51.09888966 0.2081739307
226 -51.89071015 0.2007382261
227 -52.67722783 0.1935649394
228 -53.45816459 0.1866488681
229 -54.23331624 0.1799839648
230 -55.00254063 0.173563558
231 -55.7657449 0.1673805548
232 -56.522872 0.1614276226
233 -57.27388702 0.1556973497
234 -58.01876338 0.1501823823
235 -58.75746939 0.1448755386
236 -59.48995534 0.1397699007
237 -60.21614156 0.1348588825
238 -60.93590767 0.1301362778
239 -61.64908344 0.1255962864
240 -62.35544141 0.1212335219
241 -63.05469176 0.1170430026
242 -63.74647929 0.1130201265
243 -64.43038301 0.1091606352
244 -65.10591815 0.1054605666
245 -65.77254054 0.1019162022
246 -66.42965339 0.09852400958
247 -67.07661599 0.09528058508
248 -67.71275422 0.09218259759
249 -68.33737226 0.08922673725
250 -68.9497652 0.08640967036
251 -69.54923203 0.08372800217
252 -70.13508849 0.08117824833
253 -70.70667945 0.07875681562
254 -71.26339032 0.07645999146
255 -71.80465724 0.07428394197
256 -72.32997574 0.07222471737
257 -72.83890778 0.0702782638
258 -73.33108705 0.06844044004
259 -73.80622248 0.06670703795
260 -74.26410008 0.06507380536
261 -74.70458315 0.06353646998
262 -75.12761113 0.06209076366
263 -75.53319711 0.06073244583
264 -75.92142432 0.05945732553
265 -76.29244173 0.05826128163
266 -76.64645905 0.05714028074
267 -76.98374118 0.05609039272
268 -77.30460244 0.0551078037
269 -77.6094006 0.05418882659
270 -77.89853097 0.05332990924
271 -78.17242057 0.05252764041
272 -78.43152249 0.05177875369
273 -78.67631057 0.05108012962
274 -78.90727442 0.05042879627
275 -79.12491474 0.04982192837
276 -79.32973914 0.04925684541
277 -79.52225832 0.04873100872
278 -79.7029826 0.04824201774
279 -79.87241898 0.04778760583
280 -80.03106848 0.04736563549
281 -80.1794239 0.0469740933
282 -80.31796789 0.04661108465
283 -80.4471714 0.04627482834
284 -80.56749234 0.04596365113
285 -80.67937457 0.04567598229
286 -80.78324715 0.0454103482
287 -80.87952366 0.04516536723
288 -80.96860166 0.04493974495
289 -81.05086055 0.04473227321
290 -81.12664461 0.04454185979
291 -81.19611525 0.04436782522
292 -81.25795443 0.04421253452
293 -81.29798941 0.04410446978
294 -81.18942156 0.04430125912
295 -79.818955 0.04715266054
296 -67.52832405 0.08093150275
297 19.98072697 0.8443725706
298 38.34909375 0.9999056824
299 37.87889752 0.9999355211
300 35.91467752 0.9999088769
301 32.93975477 0.9998438237
302 29.25981089 0.9996941675
303 25.23537464 0.9993626174
304 21.15860308 0.9986673346
305 17.22010858 0.9973116607
306 13.53176564 0.9948854388
307 10.15531213 0.9909307574
308 7.120310554 0.9850761016
309 4.433062588 0.9771840551
310 2.081796201 0.9674238638
311 0.04153509047 0.9562224994
312 -1.72063812 0.944131662
313 -3.240678692 0.9316899621
314 -4.553857298 0.9193350873
315 -5.692483714 0.9073743159
316 -6.684863587 0.8959943379
317 -7.555092477 0.8852879212
318 -8.323320414 0.8752825537
319 -9.006226862 0.8659643336
320 -9.6175502 0.8572954833
321 -10.16859115 0.8492261785
322 -10.66865571 0.841702055
323 -11.12542863 0.8346687073
324 -11.54528034 0.8280742061
325 -11.93351596 0.8218703648
326 -12.29457533 0.8160132454
327 -12.63219357 0.8104632209
328 -12.94952951 0.8051847912
329 -13.24926881 0.8001462769
330 -13.53370683 0.7953194615
331 -13.80481558 0.7906792251
332 -14.06429789 0.7862031925
333 -14.3136316 0.7818714071
334 -14.55410562 0.7776660358
335 -14.78684963 0.7735711045
336 -15.01285857 0.7695722656
337 -15.233013 0.7656565915
338 -15.44809605 0.7618123956
339 -15.65880767 0.7580290738
340 -15.86577657 0.7542969671
341 -16.06957039 0.7506072407
342 -16.27070428 0.7469517783
343 -16.46964834 0.7433230892
344 -16.66683383 0.739714227
345 -16.86265876 0.7361187174
346 -17.0574925 0.7325304943
347 -17.25167999 0.7289438438
348 -17.44554532 0.7253533538
349 -17.63939493 0.7217538688
350 -17.83352043 0.7181404497
351 -18.02820112 0.7145083375
352 -18.22370625 0.7108529201
353 -18.4202971 0.7071697026
354 -18.61822878 0.7034542798
355 -18.81775201 0.6997023108
356 -19.01911465 0.6959094964
357 -19.22256316 0.6920715568
358 -19.42834404 0.6881842124
359 -19.63670506 0.6842431646
360 -19.84789655 0.6802440788
361 -20.06217254 0.6761825681
362 -20.27979193 0.6720541778
363 -20.5010196 0.6678543722
364 -20.72612743 0.6635785206
365 -20.95539541 0.6592218862
366 -21.18911258 0.6547796154
367 -21.42757806 0.6502467283
368 -21.67110202 0.6456181113
369 -21.92000652 0.640888511
370 -22.17462647 0.6360525303
371 -22.43531042 0.6311046272
372 -22.70242129 0.6260391155
373 -22.97633711 0.6208501698
374 -23.25745154 0.6155318338
375 -23.54617434 0.6100780325
376 -23.84293169 0.6044825902
377 -24.14816627 0.5987392544
378 -24.46233713 0.5928417253
379 -24.78591936 0.5867836941
380 -25.11940332 0.5805588888
381 -25.46329356 0.5741611298
382 -25.81810734 0.5675843959
383 -26.18437257 0.5608229009
384 -26.56262522 0.5538711821
385 -26.95340612 0.5467242018
386 -27.35725701 0.5393774607
387 -27.7747159 0.5318271235
388 -28.20631155 0.5240701571
389 -28.65255719 0.5161044781
390 -29.11394333 0.50792911
391 -29.59092981 0.4995443444
392 -30.08393703 0.4909519056
393 -30.59333652 0.4821551109
394 -31.11944104 0.4731590226
395 -31.66249431 0.4639705851
396 -32.22266069 0.4545987388
397 -32.80001519 0.4450545039
398 -33.39453404 0.4353510266
399 -34.00608628 0.4255035798
400 -34.63442688 0.4155295124
401 -35.27919162 0.405448143
402 -35.93989434 0.3952805951
403 -36.61592674 0.3850495738
404 -37.30656103 0.3747790884
405 -38.01095559 0.3644941256
406 -38.72816363 0.354220284
407 -39.45714476 0.3439833812
408 -40.19677911 0.3338090467
409 -40.94588366 0.3237223174
410 -41.70323021 0.3137472485
411 -42.46756439 0.3039065561
412 -43.23762509 0.2942213021
413 -44.01216357 0.2847106329
414 -44.78996163 0.2753915776
415 -45.56984841 0.2662789099
416 -46.3507151 0.2573850734
417 -47.13152748 0.2487201689
418 -47.9113358 0.2402919965
419 -48.68928206 0.2321061477
420 -49.46460458 0.224166138
421 -50.23663997 0.2164735713
422 -51.00482262 0.2090283283
423 -51.76868192 0.2018287691
424 -52.52783748 0.1948719435
425 -53.28199248 0.1881538028
426 -54.03092559 0.1816694059
427 -54.77448152 0.1754131174
428 -55.51256056 0.1693787928
429 -56.24510732 0.1635599493
430 -56.97209887 0.1579499192
431 -57.69353259 0.1525419866
432 -58.40941379 0.147329505
433 -59.11974358 0.1423059969
434 -59.82450703 0.1374652339
435 -60.52366199 0.1328012992
436 -61.21712883 0.1283086322
437 -61.90478136 0.123982055
438 -62.58643922 0.119816784
439 -63.261862 0.115808425
440 -63.93074529 0.1119529558
441 -64.59271889 0.1082466961
442 -65.24734722 0.1046862683
443 -65.89413208 0.1012685503
444 -66.53251756 0.09799062331
445 -67.16189711 0.09484971722
446 -67.78162244 0.09184315597
447 -68.39101399 0.08896830509
448 -68.98937256 0.08622252369
449 -69.57599174 0.08360312252
450 -70.15017057 0.08110732948
451 -70.71122617 0.07873226319
452 -71.25850579 0.07647491514
453 -71.7913979 0.0743321402
454 -72.30934214 0.07230065496
455 -72.81183775 0.0703770431
456 -73.29845035 0.06855776675
457 -73.76881713 0.06683918266
458 -74.22265017 0.06521756195
459 -74.6597382 0.06368911215
460 -75.07994673 0.06225000066
461 -75.48321682 0.06089637835
462 -75.86956251 0.05962440282
463 -76.23906698 0.05843026096
464 -76.59187605 0.05731019472
465 -76.92817591 0.05626056216
466 -77.24805125 0.05527819024
467 -77.55038895 0.05436304282
468 -77.82412626 0.05353924493
469 -77.97784025 0.05302277964
470 -77.27137904 0.05460501365
471 -69.74908153 0.07589067416
472 -12.35212613 0.5175689107
473 36.84298182 0.9996144455
474 37.54881792 0.9999307385
475 35.65009664 0.999904258
476 32.58115381 0.9998334295
477 28.74975289 0.9996651208
478 24.55480215 0.9992813036
479 20.31214758 0.9984556152
480 16.22712348 0.9968142796
481 12.41986758 0.9938439805
482 8.955338291 0.9889918292
483 5.861947757 0.9818518272
484 3.141272089 0.9723451512
485 0.7746576476 0.9607736745
486 -1.270165965 0.9477135327
487 -3.032420687 0.9338298858
488 -4.552701278 0.9197196451
489 -5.869227615 0.9058323861
490 -7.01589542 0.8924599061
491 -8.021647877 0.8797626018
492 -8.91063052 0.8678062241
493 -9.702719295 0.8565950969
494 -10.41416815 0.8460972439
495 -11.05824277 0.8362615469
496 -11.64578222 0.8270286618
497 -12.18567132 0.8183375584
498 -12.68522649 0.81012919
499 -13.15050571 0.8023483688
500 -13.5865553 0.7949445599
501 -13.99760577 0.7878720517
502 -14.38722712 0.7810897843
503 -14.75845215 0.7745610061
504 -15.11387477 0.7682528588
505 -15.45572871 0.7621359471
506 -15.78595073 0.7561839246
507 -16.1062318 0.750373109
508 -16.41805865 0.7446821358
509 -16.72274784 0.7390916483
510 -17.02147369 0.733584025
511 -17.31529147 0.7281431395
512 -17.60515669 0.7227541506
513 -17.89194125 0.7174033187
514 -18.17644712 0.7120778456
515 -18.45941789 0.7067657334
516 -18.74154866 0.7014556624
517 -19.02349459 0.6961368823
518 -19.30587822 0.6907991182
519 -19.58929596 0.6854324874
520 -19.87432366 0.6800274259
521 -20.16152161 0.6745746253
522 -20.45143896 0.6690649764
523 -20.74461761 0.6634895217
524 -21.04159573 0.6578394142
525 -21.34291088 0.6521058835
