0 
32 
318 586 
516 2347 772 554 
12027 1142 2398 952 
6585 1304 2140 2465 
1975 2664 6711 3844 1360 11849 
1527 4056 11371 2813 6739 4647 2768 1490 
4091 1739 11648 4453 2949 1618 3003 4815 6219 6996 11432 6884 
1807 3576 7143 1898 3099 11214 4210 5331 4416 6421 6501 4969 
6125 7276 3372 5080 3213 5477 5173 10253 
3499 7466 10900 10381 5529 5945 3391 7499 
10577 10493 5746 7814 10918 7703 11077 5627 
10724 8511 5795 10595 7963 5911 
9374 8538 8223 8053 
9474 10006 8377 8707 8470 9236 
9753 9577 8917 9183 
9773 9888 
