0.0000000000 -67.4631588010
0.1000000000 -67.5409542031
0.2000000000 -67.6185671345
0.3000000000 -67.6959964946
0.4000000000 -67.7732411836
0.5000000000 -67.8503001026
0.6000000000 -67.9271721543
0.7000000000 -68.0038562426
0.8000000000 -68.0803512736
0.9000000000 -68.1566561555
1.0000000000 -68.2327697987
1.1000000000 -68.3086911165
1.2000000000 -68.3844190250
1.3000000000 -68.4599524435
1.4000000000 -68.5352902947
1.5000000000 -68.6104315052
1.6000000000 -68.6853750053
1.7000000000 -68.7601197297
1.8000000000 -68.8346646177
1.9000000000 -68.9090086131
2.0000000000 -68.9831506648
2.1000000000 -69.0570897270
2.2000000000 -69.1308247595
2.3000000000 -69.2043547276
2.4000000000 -69.2776786027
2.5000000000 -69.3507953626
2.6000000000 -69.4237039914
2.7000000000 -69.4964034801
2.8000000000 -69.5688928264
2.9000000000 -69.6411710356
3.0000000000 -69.7132371202
3.1000000000 -69.7850901002
3.2000000000 -69.8567290040
3.3000000000 -69.9281528676
3.4000000000 -69.9993607356
3.5000000000 -70.0703516612
3.6000000000 -70.1411247063
3.7000000000 -70.2116789417
3.8000000000 -70.2820134477
3.9000000000 -70.3521273137
4.0000000000 -70.4220196388
4.1000000000 -70.4916895320
4.2000000000 -70.5611361122
4.3000000000 -70.6303585086
4.4000000000 -70.6993558606
4.5000000000 -70.7681273183
4.6000000000 -70.8366720426
4.7000000000 -70.9049892053
4.8000000000 -70.9730779891
4.9000000000 -71.0409375882
5.0000000000 -71.1085672081
5.1000000000 -71.1759660660
5.2000000000 -71.2431333908
5.3000000000 -71.3100684232
5.4000000000 -71.3767704161
5.5000000000 -71.4432386345
5.6000000000 -71.5094723556
5.7000000000 -71.5754708695
5.8000000000 -71.6412334783
5.9000000000 -71.7067594974
6.0000000000 -71.7720482546
6.1000000000 -71.8370990909
6.2000000000 -71.9019113604
6.3000000000 -71.9664844302
6.4000000000 -72.0308176808
6.5000000000 -72.0949105062
6.6000000000 -72.1587623137
6.7000000000 -72.2223725243
6.8000000000 -72.2857405726
6.9000000000 -72.3488659071
7.0000000000 -72.4117479900
7.1000000000 -72.4743862974
7.2000000000 -72.5367803194
7.3000000000 -72.5989295602
7.4000000000 -72.6608335380
7.5000000000 -72.7224917854
7.6000000000 -72.7839038489
7.7000000000 -72.8450692895
7.8000000000 -72.9059876824
7.9000000000 -72.9666586172
8.0000000000 -73.0270816978
8.1000000000 -73.0872565427
8.2000000000 -73.1471827847
8.3000000000 -73.2068600710
8.4000000000 -73.2662880636
8.5000000000 -73.3254664388
8.6000000000 -73.3843948872
8.7000000000 -73.4430731144
8.8000000000 -73.5015008402
8.9000000000 -73.5596777991
9.0000000000 -73.6176037398
9.1000000000 -73.6752784261
9.2000000000 -73.7327016356
9.3000000000 -73.7898731611
9.4000000000 -73.8467928092
9.5000000000 -73.9034604014
9.6000000000 -73.9598757734
9.7000000000 -74.0160387753
9.8000000000 -74.0719492717
9.9000000000 -74.1276071411
10.0000000000 -74.1830122767
10.1000000000 -74.2381645856
10.2000000000 -74.2930639892
10.3000000000 -74.3477104227
10.4000000000 -74.4021038356
10.5000000000 -74.4562441913
10.6000000000 -74.5101314668
10.7000000000 -74.5637656531
10.8000000000 -74.6171467548
10.9000000000 -74.6702747900
11.0000000000 -74.7231497904
11.1000000000 -74.7757718009
11.2000000000 -74.8281408796
11.3000000000 -74.8802570978
11.4000000000 -74.9321205396
11.5000000000 -74.9837313017
11.6000000000 -75.0350894935
11.7000000000 -75.0861952369
11.8000000000 -75.1370486655
11.9000000000 -75.1876499250
12.0000000000 -75.2379991727
12.1000000000 -75.2880965770
12.2000000000 -75.3379423171
12.3000000000 -75.3875365830
12.4000000000 -75.4368795745
12.5000000000 -75.4859715008
12.6000000000 -75.5348125802
12.7000000000 -75.5834030392
12.8000000000 -75.6317431118
12.9000000000 -75.6798330386
13.0000000000 -75.7276730657
13.1000000000 -75.7752634440
13.2000000000 -75.8226044270
13.3000000000 -75.8696962705
13.4000000000 -75.9165392296
13.5000000000 -75.9631335575
13.6000000000 -76.0094795030
13.7000000000 -76.0555773076
13.8000000000 -76.1014272023
13.9000000000 -76.1470294045
14.0000000000 -76.1923841129
14.1000000000 -76.2374915035
14.2000000000 -76.2823517232
14.3000000000 -76.3269648837
14.4000000000 -76.3713310533
14.5000000000 -76.4154502483
14.6000000000 -76.4593224223
14.7000000000 -76.5029474545
14.8000000000 -76.5463251347
14.9000000000 -76.5894551480
15.0000000000 -76.6323370543
15.1000000000 -76.6749702670
15.2000000000 -76.7173540263
15.3000000000 -76.7594873689
15.4000000000 -76.8013690928
15.5000000000 -76.8429977156
15.6000000000 -76.8843714265
15.7000000000 -76.9254880301
15.8000000000 -76.9663448804
15.9000000000 -77.0069388049
16.0000000000 -77.0472660148
16.1000000000 -77.0873220010
16.2000000000 -77.1271014124
16.3000000000 -77.1665979142
16.4000000000 -77.2058040219
16.5000000000 -77.2447109083
16.6000000000 -77.2833081776
16.7000000000 -77.3215836019
16.8000000000 -77.3595228137
16.9000000000 -77.3971089465
17.0000000000 -77.4343222153
17.1000000000 -77.4711394268
17.2000000000 -77.5075334074
17.3000000000 -77.5434723346
17.4000000000 -77.5789189565
17.5000000000 -77.6138296801
17.6000000000 -77.6481535055
17.7000000000 -77.6818307817
17.8000000000 -77.7147917514
17.9000000000 -77.7469548519
18.0000000000 -77.7782247283
18.1000000000 -77.8084899117
18.2000000000 -77.8376201054
18.3000000000 -77.8654630122
18.4000000000 -77.8918406253
18.5000000000 -77.9165448909
18.6000000000 -77.9393326371
18.7000000000 -77.9599196424
18.8000000000 -77.9779736981
18.9000000000 -77.9931064938
19.0000000000 -78.0048641226
19.1000000000 -78.0127159732
19.2000000000 -78.0160417296
19.3000000000 -78.0141161568
19.4000000000 -78.0060912895
19.5000000000 -77.9909755805
19.6000000000 -77.9676094817
19.7000000000 -77.9346368438
19.8000000000 -77.8904714097
19.9000000000 -77.8332575501
20.0000000000 -77.7608242376
20.1000000000 -77.6706310756
20.2000000000 -77.5597049845
20.3000000000 -77.4245658896
20.4000000000 -77.2611394467
20.5000000000 -77.0646544653
20.6000000000 -76.8295222279
20.7000000000 -76.5491943345
20.8000000000 -76.2159949747
20.9000000000 -75.8209226030
21.0000000000 -75.3534147602
21.1000000000 -74.8010681112
21.2000000000 -74.1493034211
21.3000000000 -73.3809617749
21.4000000000 -72.4758132036
21.5000000000 -71.4099508657
21.6000000000 -70.1550310313
21.7000000000 -68.6772977294
21.8000000000 -66.9362944798
21.9000000000 -64.8831019761
22.0000000000 -62.4578274106
22.1000000000 -59.5858664391
22.2000000000 -56.1720857552
22.3000000000 -52.0914000496
22.4000000000 -47.1730489530
22.5000000000 -41.1740982486
22.6000000000 -33.7360035816
22.7000000000 -24.3212256872
22.8000000000 -12.1590472394
22.9000000000 3.5697291026
23.0000000000 22.0607196719
23.1000000000 36.1058667549
23.2000000000 39.4509164463
23.3000000000 39.4437293252
23.4000000000 39.3946801755
23.5000000000 39.3303903626
23.6000000000 39.2579947349
23.7000000000 39.1779253665
23.8000000000 39.0897199720
23.9000000000 38.9927480389
24.0000000000 38.8863342811
24.1000000000 38.7697861190
24.2000000000 38.6424052119
24.3000000000 38.5034966226
24.4000000000 38.3523779693
24.5000000000 38.1883888607
24.6000000000 38.0109004833
24.7000000000 37.8193251129
24.8000000000 37.6131252910
24.9000000000 37.3918224167
25.0000000000 37.1550045164
25.1000000000 36.9023329871
25.2000000000 36.6335481430
25.3000000000 36.3484734406
25.4000000000 36.0470183036
25.5000000000 35.7291795130
25.6000000000 35.3950411788
25.7000000000 35.0447733458
25.8000000000 34.6786293262
25.9000000000 34.2969418821
26.0000000000 33.9001184019
26.1000000000 33.4886352329
26.2000000000 33.0630313413
26.3000000000 32.6239014723
26.4000000000 32.1718889798
26.5000000000 31.7076784886
26.6000000000 31.2319885358
26.7000000000 30.7455643281
26.8000000000 30.2491707284
26.9000000000 29.7435855717
27.0000000000 29.2295933890
27.1000000000 28.7079795985
27.2000000000 28.1795252095
27.3000000000 27.6450020648
27.4000000000 27.1051686336
27.5000000000 26.5607663561
27.6000000000 26.0125165283
27.7000000000 25.4611177063
27.8000000000 24.9072436045
27.9000000000 24.3515414536
28.0000000000 23.7946307841
28.1000000000 23.2371025949
28.2000000000 22.6795188684
28.3000000000 22.1224123914
28.4000000000 21.5662868426
28.5000000000 21.0116171093
28.6000000000 20.4588497962
28.7000000000 19.9084038939
28.8000000000 19.3606715739
28.9000000000 18.8160190845
29.0000000000 18.2747877190
29.1000000000 17.7372948356
29.2000000000 17.2038349075
29.3000000000 16.6746805869
29.4000000000 16.1500837669
29.5000000000 15.6302766303
29.6000000000 15.1154726732
29.7000000000 14.6058676968
29.8000000000 14.1016407606
29.9000000000 13.6029550910
30.0000000000 13.1099589441
30.1000000000 12.6227864191
30.2000000000 12.1415582227
30.3000000000 11.6663823833
30.4000000000 11.1973549174
30.5000000000 10.7345604490
30.6000000000 10.2780727845
30.7000000000 9.8279554461
30.8000000000 9.3842621656
30.9000000000 8.9470373437
31.0000000000 8.5163164764
31.1000000000 8.0921265531
31.2000000000 7.6744864289
31.3000000000 7.2634071755
31.4000000000 6.8588924131
31.5000000000 6.4609386268
31.6000000000 6.0695354693
31.7000000000 5.6846660548
31.8000000000 5.3063072430
31.9000000000 4.9344299182
32.0000000000 4.5689992639
32.1000000000 4.2099750336
32.2000000000 3.8573118206
32.3000000000 3.5109593259
32.4000000000 3.1708626261
32.5000000000 2.8369624405
32.6000000000 2.5091953981
32.7000000000 2.1874943044
32.8000000000 1.8717884074
32.9000000000 1.5620036620
33.0000000000 1.2580629933
33.1000000000 0.9598865574
33.2000000000 0.6673919984
33.3000000000 0.3804947022
33.4000000000 0.0991080456
33.5000000000 -0.1768563608
33.6000000000 -0.4474884347
33.7000000000 -0.7128793925
33.8000000000 -0.9731215261
33.9000000000 -1.2283079883
34.0000000000 -1.4785325873
34.1000000000 -1.7238895894
34.2000000000 -1.9644735321
34.3000000000 -2.2003790463
34.4000000000 -2.4317006889
34.5000000000 -2.6585327851
34.6000000000 -2.8809692814
34.7000000000 -3.0991036080
34.8000000000 -3.3130285514
34.9000000000 -3.5228361379
35.0000000000 -3.7286175250
35.1000000000 -3.9304629036
35.2000000000 -4.1284614091
35.3000000000 -4.3227010408
35.4000000000 -4.5132685904
35.5000000000 -4.7002495785
35.6000000000 -4.8837281983
35.7000000000 -5.0637872676
35.8000000000 -5.2405081867
35.9000000000 -5.4139709038
36.0000000000 -5.5842538858
36.1000000000 -5.7514340951
36.2000000000 -5.9155869721
36.3000000000 -6.0767864217
36.4000000000 -6.2351048055
36.5000000000 -6.3906129373
36.6000000000 -6.5433800831
36.7000000000 -6.6934739641
36.8000000000 -6.8409607636
36.9000000000 -6.9859051359
37.0000000000 -7.1283702186
37.1000000000 -7.2684176469
37.2000000000 -7.4061075700
37.3000000000 -7.5414986695
37.4000000000 -7.6746481793
37.5000000000 -7.8056119073
37.6000000000 -7.9344442575
37.7000000000 -8.0611982541
37.8000000000 -8.1859255659
37.9000000000 -8.3086765320
38.0000000000 -8.4295001871
38.1000000000 -8.5484442888
38.2000000000 -8.6655553437
38.3000000000 -8.7808786347
38.4000000000 -8.8944582485
38.5000000000 -9.0063371024
38.6000000000 -9.1165569721
38.7000000000 -9.2251585185
38.8000000000 -9.3321813154
38.9000000000 -9.4376638756
39.0000000000 -9.5416436782
39.1000000000 -9.6441571948
39.2000000000 -9.7452399154
39.3000000000 -9.8449263745
39.4000000000 -9.9432501757
39.5000000000 -10.0402440175
39.6000000000 -10.1359397170
39.7000000000 -10.2303682343
39.8000000000 -10.3235596959
39.9000000000 -10.4155434179
40.0000000000 -10.5063479284
40.1000000000 -10.5960009897
40.2000000000 -10.6845296200
40.3000000000 -10.7719601140
40.4000000000 -10.8583180641
40.5000000000 -10.9436283802
40.6000000000 -11.0279153090
40.7000000000 -11.1112024536
40.8000000000 -11.1935127916
40.9000000000 -11.2748686936
41.0000000000 -11.3552919404
41.1000000000 -11.4348037406
41.2000000000 -11.5134247467
41.3000000000 -11.5911750719
41.4000000000 -11.6680743053
41.5000000000 -11.7441415277
41.6000000000 -11.8193953259
41.7000000000 -11.8938538077
41.8000000000 -11.9675346156
41.9000000000 -12.0404549404
42.0000000000 -12.1126315345
42.1000000000 -12.1840807248
42.2000000000 -12.2548184250
42.3000000000 -12.3248601475
42.4000000000 -12.3942210155
42.5000000000 -12.4629157743
42.6000000000 -12.5309588018
42.7000000000 -12.5983641198
42.8000000000 -12.6651454040
42.9000000000 -12.7313159943
43.0000000000 -12.7968889042
43.1000000000 -12.8618768305
43.2000000000 -12.9262921623
43.3000000000 -12.9901469899
43.4000000000 -13.0534531135
43.5000000000 -13.1162220513
43.6000000000 -13.1784650481
43.7000000000 -13.2401930822
43.8000000000 -13.3014168739
43.9000000000 -13.3621468924
44.0000000000 -13.4223933631
44.1000000000 -13.4821662741
44.2000000000 -13.5414753836
44.3000000000 -13.6003302258
44.4000000000 -13.6587401175
44.5000000000 -13.7167141639
44.6000000000 -13.7742612649
44.7000000000 -13.8313901205
44.8000000000 -13.8881092367
44.9000000000 -13.9444269304
45.0000000000 -14.0003513351
45.1000000000 -14.0558904055
45.2000000000 -14.1110519230
45.3000000000 -14.1658435000
45.4000000000 -14.2202725844
45.5000000000 -14.2743464647
45.6000000000 -14.3280722737
45.7000000000 -14.3814569929
45.8000000000 -14.4345074570
45.9000000000 -14.4872303572
46.0000000000 -14.5396322454
46.1000000000 -14.5917195380
46.2000000000 -14.6434985193
46.3000000000 -14.6949753451
46.4000000000 -14.7461560463
46.5000000000 -14.7970465316
46.6000000000 -14.8476525917
46.7000000000 -14.8979799013
46.8000000000 -14.9480340231
46.9000000000 -14.9978204101
47.0000000000 -15.0473444085
47.1000000000 -15.0966112610
47.2000000000 -15.1456261087
47.3000000000 -15.1943939945
47.4000000000 -15.2429198648
47.5000000000 -15.2912085729
47.6000000000 -15.3392648806
47.7000000000 -15.3870934608
47.8000000000 -15.4346989000
47.9000000000 -15.4820857000
48.0000000000 -15.5292582805
48.1000000000 -15.5762209809
48.2000000000 -15.6229780625
48.3000000000 -15.6695337101
48.4000000000 -15.7158920345
48.5000000000 -15.7620570736
48.6000000000 -15.8080327950
48.7000000000 -15.8538230970
48.8000000000 -15.8994318110
48.9000000000 -15.9448627024
49.0000000000 -15.9901194729
49.1000000000 -16.0352057619
49.2000000000 -16.0801251474
49.3000000000 -16.1248811486
49.4000000000 -16.1694772262
49.5000000000 -16.2139167848
49.6000000000 -16.2582031735
49.7000000000 -16.3023396876
49.8000000000 -16.3463295699
49.9000000000 -16.3901760119
50.0000000000 -16.4338821548
50.1000000000 -16.4774510913
50.2000000000 -16.5208858661
50.3000000000 -16.5641894775
50.4000000000 -16.6073648781
50.5000000000 -16.6504149764
50.6000000000 -16.6933426373
50.7000000000 -16.7361506835
50.8000000000 -16.7788418964
50.9000000000 -16.8214190171
51.0000000000 -16.8638847471
51.1000000000 -16.9062417496
51.2000000000 -16.9484926502
51.3000000000 -16.9906400377
51.4000000000 -17.0326864652
51.5000000000 -17.0746344508
51.6000000000 -17.1164864783
51.7000000000 -17.1582449981
51.8000000000 -17.1999124282
51.9000000000 -17.2414911545
52.0000000000 -17.2829835319
52.1000000000 -17.3243918848
52.2000000000 -17.3657185082
52.3000000000 -17.4069656677
52.4000000000 -17.4481356009
52.5000000000 -17.4892305175
52.6000000000 -17.5302526002
52.7000000000 -17.5712040055
52.8000000000 -17.6120868638
52.9000000000 -17.6529032805
53.0000000000 -17.6936553363
53.1000000000 -17.7343450879
53.2000000000 -17.7749745683
53.3000000000 -17.8155457879
53.4000000000 -17.8560607345
53.5000000000 -17.8965213738
53.6000000000 -17.9369296505
53.7000000000 -17.9772874881
53.8000000000 -18.0175967897
53.9000000000 -18.0578594388
54.0000000000 -18.0980772989
54.1000000000 -18.1382522150
54.2000000000 -18.1783860131
54.3000000000 -18.2184805013
54.4000000000 -18.2585374699
54.5000000000 -18.2985586919
54.6000000000 -18.3385459235
54.7000000000 -18.3785009043
54.8000000000 -18.4184253578
54.9000000000 -18.4583209919
55.0000000000 -18.4981894988
55.1000000000 -18.5380325561
55.2000000000 -18.5778518267
55.3000000000 -18.6176489590
55.4000000000 -18.6574255877
55.5000000000 -18.6971833337
55.6000000000 -18.7369238049
55.7000000000 -18.7766485960
55.8000000000 -18.8163592890
55.9000000000 -18.8560574540
56.0000000000 -18.8957446486
56.1000000000 -18.9354224190
56.2000000000 -18.9750922998
56.3000000000 -19.0147558145
56.4000000000 -19.0544144757
56.5000000000 -19.0940697854
56.6000000000 -19.1337232354
56.7000000000 -19.1733763073
56.8000000000 -19.2130304729
56.9000000000 -19.2526871945
57.0000000000 -19.2923479251
57.1000000000 -19.3320141086
57.2000000000 -19.3716871800
57.3000000000 -19.4113685660
57.4000000000 -19.4510596845
57.5000000000 -19.4907619456
57.6000000000 -19.5304767515
57.7000000000 -19.5702054964
57.8000000000 -19.6099495673
57.9000000000 -19.6497103438
58.0000000000 -19.6894891984
58.1000000000 -19.7292874968
58.2000000000 -19.7691065980
58.3000000000 -19.8089478545
58.4000000000 -19.8488126126
58.5000000000 -19.8887022122
58.6000000000 -19.9286179877
58.7000000000 -19.9685612674
58.8000000000 -20.0085333741
58.9000000000 -20.0485356253
59.0000000000 -20.0885693333
59.1000000000 -20.1286358052
59.2000000000 -20.1687363431
59.3000000000 -20.2088722447
59.4000000000 -20.2490448027
59.5000000000 -20.2892553058
59.6000000000 -20.3295050380
59.7000000000 -20.3697952795
59.8000000000 -20.4101273062
59.9000000000 -20.4505023904
60.0000000000 -20.4909218005
60.1000000000 -20.5313868016
60.2000000000 -20.5718986550
60.3000000000 -20.6124586190
60.4000000000 -20.6530679485
60.5000000000 -20.6937278954
60.6000000000 -20.7344397089
60.7000000000 -20.7752046350
60.8000000000 -20.8160239173
60.9000000000 -20.8568987967
61.0000000000 -20.8978305118
61.1000000000 -20.9388202986
61.2000000000 -20.9798693910
61.3000000000 -21.0209790209
61.4000000000 -21.0621504180
61.5000000000 -21.1033848100
61.6000000000 -21.1446834231
61.7000000000 -21.1860474816
61.8000000000 -21.2274782080
61.9000000000 -21.2689768235
62.0000000000 -21.3105445479
62.1000000000 -21.3521825995
62.2000000000 -21.3938921953
62.3000000000 -21.4356745514
62.4000000000 -21.4775308825
62.5000000000 -21.5194624025
62.6000000000 -21.5614703242
62.7000000000 -21.6035558598
62.8000000000 -21.6457202204
62.9000000000 -21.6879646167
63.0000000000 -21.7302902587
63.1000000000 -21.7726983556
63.2000000000 -21.8151901165
63.3000000000 -21.8577667497
63.4000000000 -21.9004294635
63.5000000000 -21.9431794655
63.6000000000 -21.9860179635
63.7000000000 -22.0289461647
63.8000000000 -22.0719652765
63.9000000000 -22.1150765060
64.0000000000 -22.1582810605
64.1000000000 -22.2015801472
64.2000000000 -22.2449749733
64.3000000000 -22.2884667463
64.4000000000 -22.3320566737
64.5000000000 -22.3757459635
64.6000000000 -22.4195358235
64.7000000000 -22.4634274623
64.8000000000 -22.5074220884
64.9000000000 -22.5515209110
65.0000000000 -22.5957251394
65.1000000000 -22.6400359836
65.2000000000 -22.6844546539
65.3000000000 -22.7289823610
65.4000000000 -22.7736203163
65.5000000000 -22.8183697316
65.6000000000 -22.8632318194
65.7000000000 -22.9082077925
65.8000000000 -22.9532988646
65.9000000000 -22.9985062497
66.0000000000 -23.0438311626
66.1000000000 -23.0892748188
66.2000000000 -23.1348384341
66.3000000000 -23.1805232253
66.4000000000 -23.2263304096
66.5000000000 -23.2722612050
66.6000000000 -23.3183168299
66.7000000000 -23.3644985037
66.8000000000 -23.4108074460
66.9000000000 -23.4572448774
67.0000000000 -23.5038120189
67.1000000000 -23.5505100922
67.2000000000 -23.5973403196
67.3000000000 -23.6443039239
67.4000000000 -23.6914021284
67.5000000000 -23.7386361571
67.6000000000 -23.7860072344
67.7000000000 -23.8335165853
67.8000000000 -23.8811654351
67.9000000000 -23.9289550096
68.0000000000 -23.9768865350
68.1000000000 -24.0249612379
68.2000000000 -24.0731803451
68.3000000000 -24.1215450838
68.4000000000 -24.1700566814
68.5000000000 -24.2187163654
68.6000000000 -24.2675253637
68.7000000000 -24.3164849039
68.8000000000 -24.3655962141
68.9000000000 -24.4148605220
69.0000000000 -24.4642790555
69.1000000000 -24.5138530422
69.2000000000 -24.5635837095
69.3000000000 -24.6134722847
69.4000000000 -24.6635199945
69.5000000000 -24.7137280656
69.6000000000 -24.7640977238
69.7000000000 -24.8146301945
69.8000000000 -24.8653267027
69.9000000000 -24.9161884723
70.0000000000 -24.9672167266
70.1000000000 -25.0184126881
70.2000000000 -25.0697775781
70.3000000000 -25.1213126169
70.4000000000 -25.1730190237
70.5000000000 -25.2248980165
70.6000000000 -25.2769508116
70.7000000000 -25.3291786241
70.8000000000 -25.3815826674
70.9000000000 -25.4341641533
71.0000000000 -25.4869242917
71.1000000000 -25.5398642905
71.2000000000 -25.5929853556
71.3000000000 -25.6462886908
71.4000000000 -25.6997754975
71.5000000000 -25.7534469746
71.6000000000 -25.8073043185
71.7000000000 -25.8613487230
71.8000000000 -25.9155813789
71.9000000000 -25.9700034740
72.0000000000 -26.0246161931
72.1000000000 -26.0794207175
72.2000000000 -26.1344182253
72.3000000000 -26.1896098908
72.4000000000 -26.2449968847
72.5000000000 -26.3005803736
72.6000000000 -26.3563615202
72.7000000000 -26.4123414829
72.8000000000 -26.4685214157
72.9000000000 -26.5249024679
73.0000000000 -26.5814857841
73.1000000000 -26.6382725039
73.2000000000 -26.6952637620
73.3000000000 -26.7524606873
73.4000000000 -26.8098644037
73.5000000000 -26.8674760290
73.6000000000 -26.9252966754
73.7000000000 -26.9833274487
73.8000000000 -27.0415694487
73.9000000000 -27.1000237684
74.0000000000 -27.1586914943
74.1000000000 -27.2175737059
74.2000000000 -27.2766714754
74.3000000000 -27.3359858679
74.4000000000 -27.3955179408
74.5000000000 -27.4552687437
74.6000000000 -27.5152393180
74.7000000000 -27.5754306971
74.8000000000 -27.6358439058
74.9000000000 -27.6964799601
75.0000000000 -27.7573398672
75.1000000000 -27.8184246250
75.2000000000 -27.8797352218
75.3000000000 -27.9412726365
75.4000000000 -28.0030378378
75.5000000000 -28.0650317844
75.6000000000 -28.1272554245
75.7000000000 -28.1897096955
75.8000000000 -28.2523955240
75.9000000000 -28.3153138253
76.0000000000 -28.3784655033
76.1000000000 -28.4418514499
76.2000000000 -28.5054725454
76.3000000000 -28.5693296575
76.4000000000 -28.6334236416
76.5000000000 -28.6977553401
76.6000000000 -28.7623255824
76.7000000000 -28.8271351845
76.8000000000 -28.8921849489
76.9000000000 -28.9574756640
77.0000000000 -29.0230081041
77.1000000000 -29.0887830291
77.2000000000 -29.1548011840
77.3000000000 -29.2210632989
77.4000000000 -29.2875700885
77.5000000000 -29.3543222520
77.6000000000 -29.4213204725
77.7000000000 -29.4885654173
77.8000000000 -29.5560577370
77.9000000000 -29.6237980654
78.0000000000 -29.6917870195
78.1000000000 -29.7600251987
78.2000000000 -29.8285131852
78.3000000000 -29.8972515430
78.4000000000 -29.9662408180
78.5000000000 -30.0354815378
78.6000000000 -30.1049742111
78.7000000000 -30.1747193276
78.8000000000 -30.2447173579
78.9000000000 -30.3149687528
79.0000000000 -30.3854739433
79.1000000000 -30.4562333403
79.2000000000 -30.5272473343
79.3000000000 -30.5985162950
79.4000000000 -30.6700405713
79.5000000000 -30.7418204907
79.6000000000 -30.8138563594
79.7000000000 -30.8861484617
79.8000000000 -30.9586970598
79.9000000000 -31.0315023937
80.0000000000 -31.1045646809
80.1000000000 -31.1778841160
80.2000000000 -31.2514608706
80.3000000000 -31.3252950928
80.4000000000 -31.3993869074
80.5000000000 -31.4737364152
80.6000000000 -31.5483436932
80.7000000000 -31.6232087938
80.8000000000 -31.6983317452
80.9000000000 -31.7737125507
81.0000000000 -31.8493511887
81.1000000000 -31.9252476123
81.2000000000 -32.0014017496
81.3000000000 -32.0778135027
81.4000000000 -32.1544827481
81.5000000000 -32.2314093364
81.6000000000 -32.3085930919
81.7000000000 -32.3860338125
81.8000000000 -32.4637312698
81.9000000000 -32.5416852085
82.0000000000 -32.6198953465
82.1000000000 -32.6983613747
82.2000000000 -32.7770829568
82.3000000000 -32.8560597291
82.4000000000 -32.9352913008
82.5000000000 -33.0147772530
82.6000000000 -33.0945171394
82.7000000000 -33.1745104859
82.8000000000 -33.2547567903
82.9000000000 -33.3352555226
83.0000000000 -33.4160061243
83.1000000000 -33.4970080092
83.2000000000 -33.5782605624
83.3000000000 -33.6597631409
83.4000000000 -33.7415150731
83.5000000000 -33.8235156592
83.6000000000 -33.9057641706
83.7000000000 -33.9882598506
83.8000000000 -34.0710019134
83.9000000000 -34.1539895452
84.0000000000 -34.2372219033
84.1000000000 -34.3206981164
84.2000000000 -34.4044172850
84.3000000000 -34.4883784808
84.4000000000 -34.5725807471
84.5000000000 -34.6570230988
84.6000000000 -34.7417045223
84.7000000000 -34.8266239759
84.8000000000 -34.9117803896
84.9000000000 -34.9971726650
85.0000000000 -35.0827996761
85.1000000000 -35.1686602685
85.2000000000 -35.2547532603
85.3000000000 -35.3410774416
85.4000000000 -35.4276315753
85.5000000000 -35.5144143965
85.6000000000 -35.6014246132
85.7000000000 -35.6886609064
85.8000000000 -35.7761219301
85.9000000000 -35.8638063115
86.0000000000 -35.9517126513
86.1000000000 -36.0398395240
86.2000000000 -36.1281854777
86.3000000000 -36.2167490351
86.4000000000 -36.3055286927
86.5000000000 -36.3945229222
86.6000000000 -36.4837301696
86.7000000000 -36.5731488566
86.8000000000 -36.6627773799
86.9000000000 -36.7526141121
87.0000000000 -36.8426574019
87.1000000000 -36.9329055741
87.2000000000 -37.0233569303
87.3000000000 -37.1140097491
87.4000000000 -37.2048622863
87.5000000000 -37.2959127754
87.6000000000 -37.3871594280
87.7000000000 -37.4786004339
87.8000000000 -37.5702339619
87.9000000000 -37.6620581597
88.0000000000 -37.7540711547
88.1000000000 -37.8462710541
88.2000000000 -37.9386559455
88.3000000000 -38.0312238972
88.4000000000 -38.1239729586
88.5000000000 -38.2169011610
88.6000000000 -38.3100065174
88.7000000000 -38.4032870234
88.8000000000 -38.4967406575
88.9000000000 -38.5903653817
89.0000000000 -38.6841591417
89.1000000000 -38.7781198677
89.2000000000 -38.8722454744
89.3000000000 -38.9665338622
89.4000000000 -39.0609829168
89.5000000000 -39.1555905106
89.6000000000 -39.2503545023
89.7000000000 -39.3452727384
89.8000000000 -39.4403430526
89.9000000000 -39.5355632672
90.0000000000 -39.6309311932
90.1000000000 -39.7264446311
90.2000000000 -39.8221013708
90.3000000000 -39.9178991929
90.4000000000 -40.0138358688
90.5000000000 -40.1099091612
90.6000000000 -40.2061168248
90.7000000000 -40.3024566068
90.8000000000 -40.3989262474
90.9000000000 -40.4955234803
91.0000000000 -40.5922460332
91.1000000000 -40.6890916285
91.2000000000 -40.7860579838
91.3000000000 -40.8831428123
91.4000000000 -40.9803438235
91.5000000000 -41.0776587235
91.6000000000 -41.1750852158
91.7000000000 -41.2726210019
91.8000000000 -41.3702637813
91.9000000000 -41.4680112528
92.0000000000 -41.5658611144
92.1000000000 -41.6638110640
92.2000000000 -41.7618588001
92.3000000000 -41.8600020223
92.4000000000 -41.9582384315
92.5000000000 -42.0565657308
92.6000000000 -42.1549816259
92.7000000000 -42.2534838255
92.8000000000 -42.3520700417
92.9000000000 -42.4507379911
93.0000000000 -42.5494853945
93.1000000000 -42.6483099779
93.2000000000 -42.7472094729
93.3000000000 -42.8461816170
93.4000000000 -42.9452241544
93.5000000000 -43.0443348362
93.6000000000 -43.1435114209
93.7000000000 -43.2427516750
93.8000000000 -43.3420533732
93.9000000000 -43.4414142993
94.0000000000 -43.5408322461
94.1000000000 -43.6403050161
94.2000000000 -43.7398304220
94.3000000000 -43.8394062870
94.4000000000 -43.9390304452
94.5000000000 -44.0387007422
94.6000000000 -44.1384150350
94.7000000000 -44.2381711931
94.8000000000 -44.3379670982
94.9000000000 -44.4378006452
95.0000000000 -44.5376697418
95.1000000000 -44.6375723097
95.2000000000 -44.7375062843
95.3000000000 -44.8374696154
95.4000000000 -44.9374602673
95.5000000000 -45.0374762194
95.6000000000 -45.1375154661
95.7000000000 -45.2375760176
95.8000000000 -45.3376558996
95.9000000000 -45.4377531543
96.0000000000 -45.5378658399
96.1000000000 -45.6379920315
96.2000000000 -45.7381298212
96.3000000000 -45.8382773180
96.4000000000 -45.9384326483
96.5000000000 -46.0385939564
96.6000000000 -46.1387594042
96.7000000000 -46.2389271716
96.8000000000 -46.3390954569
96.9000000000 -46.4392624769
97.0000000000 -46.5394264666
97.1000000000 -46.6395856804
97.2000000000 -46.7397383910
97.3000000000 -46.8398828906
97.4000000000 -46.9400174906
97.5000000000 -47.0401405215
97.6000000000 -47.1402503336
97.7000000000 -47.2403452966
97.8000000000 -47.3404238000
97.9000000000 -47.4404842530
98.0000000000 -47.5405250848
98.1000000000 -47.6405447443
98.2000000000 -47.7405417007
98.3000000000 -47.8405144432
98.4000000000 -47.9404614809
98.5000000000 -48.0403813434
98.6000000000 -48.1402725802
98.7000000000 -48.2401337611
98.8000000000 -48.3399634762
98.9000000000 -48.4397603357
99.0000000000 -48.5395229701
99.1000000000 -48.6392500300
99.2000000000 -48.7389401862
99.3000000000 -48.8385921297
99.4000000000 -48.9382045715
99.5000000000 -49.0377762428
99.6000000000 -49.1373058947
99.7000000000 -49.2367922982
99.8000000000 -49.3362342442
99.9000000000 -49.4356305433
100.0000000000 -49.5349800260
100.1000000000 -49.6342815422
100.2000000000 -49.7335339614
100.3000000000 -49.8327361723
100.4000000000 -49.9318870830
100.5000000000 -50.0309856208
100.6000000000 -50.1300307320
100.7000000000 -50.2290213816
100.8000000000 -50.3279565534
100.9000000000 -50.4268352499
101.0000000000 -50.5256564919
101.1000000000 -50.6244193185
101.2000000000 -50.7231227868
101.3000000000 -50.8217659718
101.4000000000 -50.9203479663
101.5000000000 -51.0188678807
101.6000000000 -51.1173248425
101.7000000000 -51.2157179966
101.8000000000 -51.3140465047
101.9000000000 -51.4123095452
102.0000000000 -51.5105063131
102.1000000000 -51.6086360195
102.2000000000 -51.7066978919
102.3000000000 -51.8046911733
102.4000000000 -51.9026151225
102.5000000000 -52.0004690135
102.6000000000 -52.0982521356
102.7000000000 -52.1959637929
102.8000000000 -52.2936033040
102.9000000000 -52.3911700020
103.0000000000 -52.4886632341
103.1000000000 -52.5860823613
103.2000000000 -52.6834267581
103.3000000000 -52.7806958124
103.4000000000 -52.8778889253
103.5000000000 -52.9750055103
103.6000000000 -53.0720449935
103.7000000000 -53.1690068134
103.8000000000 -53.2658904203
103.9000000000 -53.3626952759
104.0000000000 -53.4594208535
104.1000000000 -53.5560666374
104.2000000000 -53.6526321226
104.3000000000 -53.7491168145
104.4000000000 -53.8455202288
104.5000000000 -53.9418418911
104.6000000000 -54.0380813362
104.7000000000 -54.1342381085
104.8000000000 -54.2303117613
104.9000000000 -54.3263018564
105.0000000000 -54.4222079640
105.1000000000 -54.5180296625
105.2000000000 -54.6137665377
105.3000000000 -54.7094181830
105.4000000000 -54.8049841990
105.5000000000 -54.9004641929
105.6000000000 -54.9958577785
105.7000000000 -55.0911645756
105.8000000000 -55.1863842102
105.9000000000 -55.2815163134
106.0000000000 -55.3765605219
106.1000000000 -55.4715164772
106.2000000000 -55.5663838254
106.3000000000 -55.6611622169
106.4000000000 -55.7558513061
106.5000000000 -55.8504507511
106.6000000000 -55.9449602134
106.7000000000 -56.0393793575
106.8000000000 -56.1337078508
106.9000000000 -56.2279453631
107.0000000000 -56.3220915662
107.1000000000 -56.4161461340
107.2000000000 -56.5101087418
107.3000000000 -56.6039790662
107.4000000000 -56.6977567848
107.5000000000 -56.7914415759
107.6000000000 -56.8850331180
107.7000000000 -56.9785310898
107.8000000000 -57.0719351698
107.9000000000 -57.1652450360
108.0000000000 -57.2584603656
108.1000000000 -57.3515808347
108.2000000000 -57.4446061181
108.3000000000 -57.5375358891
108.4000000000 -57.6303698189
108.5000000000 -57.7231075767
108.6000000000 -57.8157488291
108.7000000000 -57.9082932402
108.8000000000 -58.0007404711
108.9000000000 -58.0930901796
109.0000000000 -58.1853420202
109.1000000000 -58.2774956434
109.2000000000 -58.3695506960
109.3000000000 -58.4615068205
109.4000000000 -58.5533636550
109.5000000000 -58.6451208329
109.6000000000 -58.7367779826
109.7000000000 -58.8283347276
109.8000000000 -58.9197906857
109.9000000000 -59.0111454694
110.0000000000 -59.1023986853
110.1000000000 -59.1935499340
110.2000000000 -59.2845988098
110.3000000000 -59.3755449009
110.4000000000 -59.4663877885
110.5000000000 -59.5571270473
110.6000000000 -59.6477622449
110.7000000000 -59.7382929417
110.8000000000 -59.8287186909
110.9000000000 -59.9190390381
111.0000000000 -60.0092535211
111.1000000000 -60.0993616702
111.2000000000 -60.1893630074
111.3000000000 -60.2792570468
111.4000000000 -60.3690432940
111.5000000000 -60.4587212463
111.6000000000 -60.5482903925
111.7000000000 -60.6377502126
111.8000000000 -60.7271001779
111.9000000000 -60.8163397507
112.0000000000 -60.9054683845
112.1000000000 -60.9944855233
112.2000000000 -61.0833906022
112.3000000000 -61.1721830468
112.4000000000 -61.2608622734
112.5000000000 -61.3494276888
112.6000000000 -61.4378786902
112.7000000000 -61.5262146652
112.8000000000 -61.6144349918
112.9000000000 -61.7025390380
113.0000000000 -61.7905261625
113.1000000000 -61.8783957136
113.2000000000 -61.9661470301
113.3000000000 -62.0537794408
113.4000000000 -62.1412922646
113.5000000000 -62.2286848105
113.6000000000 -62.3159563774
113.7000000000 -62.4031062545
113.8000000000 -62.4901337207
113.9000000000 -62.5770380454
114.0000000000 -62.6638184876
114.1000000000 -62.7504742967
114.2000000000 -62.8370047121
114.3000000000 -62.9234089634
114.4000000000 -63.0096862704
114.5000000000 -63.0958358430
114.6000000000 -63.1818568816
114.7000000000 -63.2677485767
114.8000000000 -63.3535101094
114.9000000000 -63.4391406511
115.0000000000 -63.5246393640
115.1000000000 -63.6100054006
115.2000000000 -63.6952379044
115.3000000000 -63.7803360096
115.4000000000 -63.8652988412
115.5000000000 -63.9501255155
115.6000000000 -64.0348151396
115.7000000000 -64.1193668120
115.8000000000 -64.2037796226
115.9000000000 -64.2880526528
116.0000000000 -64.3721849756
116.1000000000 -64.4561756555
116.2000000000 -64.5400237494
116.3000000000 -64.6237283058
116.4000000000 -64.7072883657
116.5000000000 -64.7907029623
116.6000000000 -64.8739711215
116.7000000000 -64.9570918617
116.8000000000 -65.0400641943
116.9000000000 -65.1228871238
117.0000000000 -65.2055596477
117.1000000000 -65.2880807571
117.2000000000 -65.3704494368
117.3000000000 -65.4526646653
117.4000000000 -65.5347254149
117.5000000000 -65.6166306525
117.6000000000 -65.6983793392
117.7000000000 -65.7799704307
117.8000000000 -65.8614028777
117.9000000000 -65.9426756258
118.0000000000 -66.0237876161
118.1000000000 -66.1047377849
118.2000000000 -66.1855250646
118.3000000000 -66.2661483832
118.4000000000 -66.3466066654
118.5000000000 -66.4268988318
118.6000000000 -66.5070238000
118.7000000000 -66.5869804846
118.8000000000 -66.6667677972
118.9000000000 -66.7463846468
119.0000000000 -66.8258299403
119.1000000000 -66.9051025823
119.2000000000 -66.9842014756
119.3000000000 -67.0631255216
119.4000000000 -67.1418736203
119.5000000000 -67.2204446706
119.6000000000 -67.2988375707
119.7000000000 -67.3770512182
119.8000000000 -67.4550845104
119.9000000000 -67.5329363448
120.0000000000 -67.6106056189
120.1000000000 -67.6880912309
120.2000000000 -67.7653920798
120.3000000000 -67.8425070655
120.4000000000 -67.9194350893
120.5000000000 -67.9961750543
120.6000000000 -68.0727258651
120.7000000000 -68.1490864286
120.8000000000 -68.2252556541
120.9000000000 -68.3012324536
121.0000000000 -68.3770157418
121.1000000000 -68.4526044367
121.2000000000 -68.5279974599
121.3000000000 -68.6031937365
121.4000000000 -68.6781921956
121.5000000000 -68.7529917705
121.6000000000 -68.8275913990
121.7000000000 -68.9019900238
121.8000000000 -68.9761865924
121.9000000000 -69.0501800576
122.0000000000 -69.1239693777
122.1000000000 -69.1975535167
122.2000000000 -69.2709314447
122.3000000000 -69.3441021380
122.4000000000 -69.4170645794
122.5000000000 -69.4898177583
122.6000000000 -69.5623606713
122.7000000000 -69.6346923221
122.8000000000 -69.7068117217
122.9000000000 -69.7787178890
123.0000000000 -69.8504098505
123.1000000000 -69.9218866412
123.2000000000 -69.9931473042
123.3000000000 -70.0641908912
123.4000000000 -70.1350164627
123.5000000000 -70.2056230881
123.6000000000 -70.2760098462
123.7000000000 -70.3461758251
123.8000000000 -70.4161201224
123.9000000000 -70.4858418457
124.0000000000 -70.5553401126
124.1000000000 -70.6246140507
124.2000000000 -70.6936627982
124.3000000000 -70.7624855037
124.4000000000 -70.8310813267
124.5000000000 -70.8994494376
124.6000000000 -70.9675890177
124.7000000000 -71.0354992600
124.8000000000 -71.1031793685
124.9000000000 -71.1706285590
125.0000000000 -71.2378460591
125.1000000000 -71.3048311082
125.2000000000 -71.3715829578
125.3000000000 -71.4381008715
125.4000000000 -71.5043841254
125.5000000000 -71.5704320080
125.6000000000 -71.6362438205
125.7000000000 -71.7018188766
125.8000000000 -71.7671565031
125.9000000000 -71.8322560396
126.0000000000 -71.8971168390
126.1000000000 -71.9617382671
126.2000000000 -72.0261197033
126.3000000000 -72.0902605403
126.4000000000 -72.1541601843
126.5000000000 -72.2178180549
126.6000000000 -72.2812335858
126.7000000000 -72.3444062241
126.8000000000 -72.4073354310
126.9000000000 -72.4700206814
127.0000000000 -72.5324614643
127.1000000000 -72.5946572829
127.2000000000 -72.6566076542
127.3000000000 -72.7183121098
127.4000000000 -72.7797701951
127.5000000000 -72.8409814701
127.6000000000 -72.9019455091
127.7000000000 -72.9626619005
127.8000000000 -73.0231302474
127.9000000000 -73.0833501672
128.0000000000 -73.1433212918
128.1000000000 -73.2030432677
128.2000000000 -73.2625157557
128.3000000000 -73.3217384312
128.4000000000 -73.3807109843
128.5000000000 -73.4394331195
128.6000000000 -73.4979045558
128.7000000000 -73.5561250269
128.8000000000 -73.6140942810
128.9000000000 -73.6718120807
129.0000000000 -73.7292782033
129.1000000000 -73.7864924406
129.2000000000 -73.8434545988
129.3000000000 -73.9001644986
129.4000000000 -73.9566219752
129.5000000000 -74.0128268780
129.6000000000 -74.0687790711
129.7000000000 -74.1244784327
129.8000000000 -74.1799248552
129.9000000000 -74.2351182456
130.0000000000 -74.2900585246
130.1000000000 -74.3447456274
130.2000000000 -74.3991795031
130.3000000000 -74.4533601147
130.4000000000 -74.5072874394
130.5000000000 -74.5609614679
130.6000000000 -74.6143822048
130.7000000000 -74.6675496685
130.8000000000 -74.7204638907
130.9000000000 -74.7731249166
131.0000000000 -74.8255328049
131.1000000000 -74.8776876274
131.2000000000 -74.9295894688
131.3000000000 -74.9812384271
131.4000000000 -75.0326346126
131.5000000000 -75.0837781487
131.6000000000 -75.1346691707
131.7000000000 -75.1853078264
131.8000000000 -75.2356942753
131.9000000000 -75.2858286889
132.0000000000 -75.3357112498
132.1000000000 -75.3853421517
132.2000000000 -75.4347215991
132.3000000000 -75.4838498068
132.4000000000 -75.5327269994
132.5000000000 -75.5813534107
132.6000000000 -75.6297292833
132.7000000000 -75.6778548680
132.8000000000 -75.7257304226
132.9000000000 -75.7733562114
133.0000000000 -75.8207325043
133.1000000000 -75.8678595752
133.2000000000 -75.9147377009
133.3000000000 -75.9613671597
133.4000000000 -76.0077482296
133.5000000000 -76.0538811859
133.6000000000 -76.0997662994
133.7000000000 -76.1454038334
133.8000000000 -76.1907940403
133.9000000000 -76.2359371584
134.0000000000 -76.2808334073
134.1000000000 -76.3254829832
134.2000000000 -76.3698860529
134.3000000000 -76.4140427474
134.4000000000 -76.4579531540
134.5000000000 -76.5016173073
134.6000000000 -76.5450351785
134.7000000000 -76.5882066636
134.8000000000 -76.6311315686
134.9000000000 -76.6738095934
135.0000000000 -76.7162403121
135.1000000000 -76.7584231506
135.2000000000 -76.8003573602
135.3000000000 -76.8420419871
135.4000000000 -76.8834758365
135.5000000000 -76.9246574308
135.6000000000 -76.9655849614
135.7000000000 -77.0062562314
135.8000000000 -77.0466685897
135.9000000000 -77.0868188540
136.0000000000 -77.1267032198
136.1000000000 -77.1663171563
136.2000000000 -77.2056552828
136.3000000000 -77.2447112254
136.4000000000 -77.2834774504
136.5000000000 -77.3219450680
136.6000000000 -77.3601036047
136.7000000000 -77.3979407371
136.8000000000 -77.4354419807
136.9000000000 -77.4725903265
137.0000000000 -77.5093658173
137.1000000000 -77.5457450519
137.2000000000 -77.5817006062
137.3000000000 -77.6172003578
137.4000000000 -77.6522066953
137.5000000000 -77.6866755960
137.6000000000 -77.7205555472
137.7000000000 -77.7537862864
137.8000000000 -77.7862973283
137.9000000000 -77.8180062439
138.0000000000 -77.8488166483
138.1000000000 -77.8786158491
138.2000000000 -77.9072720966
138.3000000000 -77.9346313697
138.4000000000 -77.9605136161
138.5000000000 -77.9847083575
138.6000000000 -78.0069695475
138.7000000000 -78.0270095591
138.8000000000 -78.0444921498
138.9000000000 -78.0590242322
139.0000000000 -78.0701462440
139.1000000000 -78.0773208796
139.2000000000 -78.0799199010
139.3000000000 -78.0772086995
139.4000000000 -78.0683282211
139.5000000000 -78.0522738015
139.6000000000 -78.0278703796
139.7000000000 -77.9937434600
139.8000000000 -77.9482850921
139.9000000000 -77.8896139958
140.0000000000 -77.8155288155
140.1000000000 -77.7234532959
140.2000000000 -77.6103719595
140.3000000000 -77.4727545983
140.4000000000 -77.3064675819
140.5000000000 -77.1066695968
140.6000000000 -76.8676889633
140.7000000000 -76.5828790911
140.8000000000 -76.2444478949
140.9000000000 -75.8432560355
141.0000000000 -75.3685775884
141.1000000000 -74.8078150173
141.2000000000 -74.1461579027
141.3000000000 -73.3661713338
141.4000000000 -72.4472945275
141.5000000000 -71.3652218794
141.6000000000 -70.0911251565
141.7000000000 -68.5906531079
141.8000000000 -66.8226064436
141.9000000000 -64.7371191120
142.0000000000 -62.2730571892
142.1000000000 -59.3541299404
142.2000000000 -55.8828121750
142.3000000000 -51.7304628535
142.4000000000 -46.7207936061
142.5000000000 -40.6019958231
142.6000000000 -33.0012494139
142.7000000000 -23.3595336283
142.8000000000 -10.8829707605
142.9000000000 5.2160126087
143.0000000000 23.7637491751
143.1000000000 36.8652419210
143.2000000000 39.4809085748
143.3000000000 39.4428889505
143.4000000000 39.3921492032
143.5000000000 39.3273104493
143.6000000000 39.2545468136
143.7000000000 39.1741188157
143.8000000000 39.0855340676
143.9000000000 38.9881559504
144.0000000000 38.8813076978
144.1000000000 38.7642964792
144.2000000000 38.6364243020
144.3000000000 38.4969970573
144.4000000000 38.3453336528
144.5000000000 38.1807754423
144.6000000000 38.0026958035
144.7000000000 37.8105096283
144.8000000000 37.6036824683
144.9000000000 37.3817390831
145.0000000000 37.1442711588
145.1000000000 36.8909439902
145.2000000000 36.6215019625
145.3000000000 36.3357727060
145.4000000000 36.0336698509
145.5000000000 35.7151943475
145.6000000000 35.3804343711
145.7000000000 35.0295638659
145.8000000000 34.6628398225
145.9000000000 34.2805984122
146.0000000000 33.8832501233
146.1000000000 33.4712740633
146.2000000000 33.0452115961
146.3000000000 32.6056594886
146.4000000000 32.1532627353
146.5000000000 31.6887072214
146.6000000000 31.2127123742
146.7000000000 30.7260239333
146.8000000000 30.2294069576
146.9000000000 29.7236391638
147.0000000000 29.2095046758
147.1000000000 28.6877882448
147.2000000000 28.1592699815
147.3000000000 27.6247206280
147.4000000000 27.0848973808
147.5000000000 26.5405402632
147.6000000000 25.9923690377
147.7000000000 25.4410806361
147.8000000000 24.8873470817
147.9000000000 24.3318138690
148.0000000000 23.7750987675
148.1000000000 23.2177910075
148.2000000000 22.6604508112
148.3000000000 22.1036092266
148.4000000000 21.5477682270
148.5000000000 20.9934010368
148.6000000000 20.4409526482
148.7000000000 19.8908404959
148.8000000000 19.3434552568
148.9000000000 18.7991617496
149.0000000000 18.2582999045
149.1000000000 17.7211857851
149.2000000000 17.1881126385
149.3000000000 16.6593519587
149.4000000000 16.1351545482
149.5000000000 15.6157515644
149.6000000000 15.1013555421
149.7000000000 14.5921613828
149.8000000000 14.0883473051
149.9000000000 13.5900757517
150.0000000000 13.0974942487
150.1000000000 12.6107362167
150.2000000000 12.1299217326
150.3000000000 11.6551582408
150.4000000000 11.1865412176
150.5000000000 10.7241547878
150.6000000000 10.2680722975
150.7000000000 9.8183568451
150.8000000000 9.3750617731
150.9000000000 8.9382311257
151.0000000000 8.5079000732
151.1000000000 8.0840953081
151.2000000000 7.6668354168
151.3000000000 7.2561312281
151.4000000000 6.8519861445
151.5000000000 6.4543964566
151.6000000000 6.0633516459
151.7000000000 5.6788346763
151.8000000000 5.3008222780
151.9000000000 4.9292852253
152.0000000000 4.5641886105
152.1000000000 4.2054921137
152.2000000000 3.8531502718
152.3000000000 3.5071127457
152.4000000000 3.1673245872
152.5000000000 2.8337265057
152.6000000000 2.5062551339
152.7000000000 2.1848432944
152.8000000000 1.8694202644
152.9000000000 1.5599120398
153.0000000000 1.2562415976
153.1000000000 0.9583291556
153.2000000000 0.6660924290
153.3000000000 0.3794468837
153.4000000000 0.0983059839
153.5000000000 -0.1774185650
153.6000000000 -0.4478165795
153.7000000000 -0.7129791691
153.8000000000 -0.9729985138
153.9000000000 -1.2279676501
154.0000000000 -1.4779802661
154.1000000000 -1.7231305047
154.2000000000 -1.9635127777
154.3000000000 -2.1992215881
154.4000000000 -2.4303513633
154.5000000000 -2.6569962982
154.6000000000 -2.8792502079
154.7000000000 -3.0972063915
154.8000000000 -3.3109575046
154.9000000000 -3.5205954429
155.0000000000 -3.7262112342
155.1000000000 -3.9278949413
155.2000000000 -4.1257355725
155.3000000000 -4.3198210020
155.4000000000 -4.5102378982
155.5000000000 -4.6970716602
155.6000000000 -4.8804063626
155.7000000000 -5.0603247064
155.8000000000 -5.2369079779
155.9000000000 -5.4102360140
156.0000000000 -5.5803871726
156.1000000000 -5.7474383103
156.2000000000 -5.9114647641
156.3000000000 -6.0725403386
156.4000000000 -6.2307372978
156.5000000000 -6.3861263608
156.6000000000 -6.5387767019
156.7000000000 -6.6887559531
156.8000000000 -6.8361302115
156.9000000000 -6.9809640479
157.0000000000 -7.1233205192
157.1000000000 -7.2632611826
157.2000000000 -7.4008461120
157.3000000000 -7.5361339161
157.4000000000 -7.6691817588
157.5000000000 -7.8000453800
157.6000000000 -7.9287791184
157.7000000000 -8.0554359352
157.8000000000 -8.1800674387
157.9000000000 -8.3027239093
158.0000000000 -8.4234543258
158.1000000000 -8.5423063912
158.2000000000 -8.6593265602
158.3000000000 -8.7745600656
158.4000000000 -8.8880509455
158.5000000000 -8.9998420710
158.6000000000 -9.1099751732
158.7000000000 -9.2184908700
158.8000000000 -9.3254286937
158.9000000000 -9.4308271176
159.0000000000 -9.5347235827
159.1000000000 -9.6371545238
159.2000000000 -9.7381553957
159.3000000000 -9.8377606989
159.4000000000 -9.9360040045
159.5000000000 -10.0329179797
159.6000000000 -10.1285344115
159.7000000000 -10.2228842309
159.8000000000 -10.3159975368
159.9000000000 -10.4079036185
160.0000000000 -10.4986309783
160.1000000000 -10.5882073539
160.2000000000 -10.6766597396
160.3000000000 -10.7640144073
160.4000000000 -10.8502969274
160.5000000000 -10.9355321886
160.6000000000 -11.0197444173
160.7000000000 -11.1029571969
160.8000000000 -11.1851934862
160.9000000000 -11.2664756377
161.0000000000 -11.3468254147
161.1000000000 -11.4262640089
161.2000000000 -11.5048120566
161.3000000000 -11.5824896554
161.4000000000 -11.6593163794
161.5000000000 -11.7353112946
161.6000000000 -11.8104929742
161.7000000000 -11.8848795123
161.8000000000 -11.9584885383
161.9000000000 -12.0313372305
162.0000000000 -12.1034423292
162.1000000000 -12.1748201494
162.2000000000 -12.2454865937
162.3000000000 -12.3154571634
162.4000000000 -12.3847469713
162.5000000000 -12.4533707521
162.6000000000 -12.5213428742
162.7000000000 -12.5886773496
162.8000000000 -12.6553878449
162.9000000000 -12.7214876908
163.0000000000 -12.7869898922
163.1000000000 -12.8519071373
163.2000000000 -12.9162518073
163.3000000000 -12.9800359844
163.4000000000 -13.0432714610
163.5000000000 -13.1059697481
163.6000000000 -13.1681420829
163.7000000000 -13.2297994368
163.8000000000 -13.2909525232
163.9000000000 -13.3516118046
164.0000000000 -13.4117874999
164.1000000000 -13.4714895908
164.2000000000 -13.5307278294
164.3000000000 -13.5895117439
164.4000000000 -13.6478506450
164.5000000000 -13.7057536324
164.6000000000 -13.7632296003
164.7000000000 -13.8202872434
164.8000000000 -13.8769350620
164.9000000000 -13.9331813680
165.0000000000 -13.9890342897
165.1000000000 -14.0445017770
165.2000000000 -14.0995916061
165.3000000000 -14.1543113847
165.4000000000 -14.2086685561
165.5000000000 -14.2626704039
165.6000000000 -14.3163240565
165.7000000000 -14.3696364911
165.8000000000 -14.4226145377
165.9000000000 -14.4752648833
166.0000000000 -14.5275940757
166.1000000000 -14.5796085269
166.2000000000 -14.6313145173
166.3000000000 -14.6827181984
166.4000000000 -14.7338255972
166.5000000000 -14.7846426186
166.6000000000 -14.8351750492
166.7000000000 -14.8854285599
166.8000000000 -14.9354087097
166.9000000000 -14.9851209476
167.0000000000 -15.0345706164
167.1000000000 -15.0837629549
167.2000000000 -15.1327031007
167.3000000000 -15.1813960930
167.4000000000 -15.2298468747
167.5000000000 -15.2780602954
167.6000000000 -15.3260411135
167.7000000000 -15.3737939985
167.8000000000 -15.4213235333
167.9000000000 -15.4686342163
168.0000000000 -15.5157304638
168.1000000000 -15.5626166119
168.2000000000 -15.6092969183
168.3000000000 -15.6557755647
168.4000000000 -15.7020566583
168.5000000000 -15.7481442340
168.6000000000 -15.7940422558
168.7000000000 -15.8397546190
168.8000000000 -15.8852851513
168.9000000000 -15.9306376152
169.0000000000 -15.9758157090
169.1000000000 -16.0208230688
169.2000000000 -16.0656632695
169.3000000000 -16.1103398268
169.4000000000 -16.1548561985
169.5000000000 -16.1992157857
169.6000000000 -16.2434219344
169.7000000000 -16.2874779367
169.8000000000 -16.3313870320
169.9000000000 -16.3751524088
170.0000000000 -16.4187772050
170.1000000000 -16.4622645101
170.2000000000 -16.5056173655
170.3000000000 -16.5488387663
170.4000000000 -16.5919316619
170.5000000000 -16.6348989576
170.6000000000 -16.6777435151
170.7000000000 -16.7204681538
170.8000000000 -16.7630756518
170.9000000000 -16.8055687471
171.0000000000 -16.8479501378
171.1000000000 -16.8902224840
171.2000000000 -16.9323884079
171.3000000000 -16.9744504951
171.4000000000 -17.0164112955
171.5000000000 -17.0582733237
171.6000000000 -17.1000390603
171.7000000000 -17.1417109525
171.8000000000 -17.1832914148
171.9000000000 -17.2247828299
172.0000000000 -17.2661875493
172.1000000000 -17.3075078942
172.2000000000 -17.3487461560
172.3000000000 -17.3899045971
172.4000000000 -17.4309854516
172.5000000000 -17.4719909259
172.6000000000 -17.5129231993
172.7000000000 -17.5537844247
172.8000000000 -17.5945767293
172.9000000000 -17.6353022149
173.0000000000 -17.6759629588
173.1000000000 -17.7165610142
173.2000000000 -17.7570984106
173.3000000000 -17.7975771549
173.4000000000 -17.8379992313
173.5000000000 -17.8783666021
173.6000000000 -17.9186812083
173.7000000000 -17.9589449699
173.8000000000 -17.9991597864
173.9000000000 -18.0393275377
174.0000000000 -18.0794500837
174.1000000000 -18.1195292657
174.2000000000 -18.1595669060
174.3000000000 -18.1995648092
174.4000000000 -18.2395247618
174.5000000000 -18.2794485331
174.6000000000 -18.3193378755
174.7000000000 -18.3591945249
174.8000000000 -18.3990202011
174.9000000000 -18.4388166080
175.0000000000 -18.4785854343
175.1000000000 -18.5183283536
175.2000000000 -18.5580470250
175.3000000000 -18.5977430930
175.4000000000 -18.6374181884
175.5000000000 -18.6770739283
175.6000000000 -18.7167119166
175.7000000000 -18.7563337440
175.8000000000 -18.7959409887
175.9000000000 -18.8355352167
176.0000000000 -18.8751179816
176.1000000000 -18.9146908257
176.2000000000 -18.9542552793
176.3000000000 -18.9938128621
176.4000000000 -19.0333650825
176.5000000000 -19.0729134384
176.6000000000 -19.1124594175
176.7000000000 -19.1520044972
176.8000000000 -19.1915501453
176.9000000000 -19.2310978197
177.0000000000 -19.2706489692
177.1000000000 -19.3102050336
177.2000000000 -19.3497674436
177.3000000000 -19.3893376216
177.4000000000 -19.4289169813
177.5000000000 -19.4685069284
177.6000000000 -19.5081088606
177.7000000000 -19.5477241681
177.8000000000 -19.5873542333
177.9000000000 -19.6270004314
178.0000000000 -19.6666641306
178.1000000000 -19.7063466920
178.2000000000 -19.7460494703
178.3000000000 -19.7857738135
178.4000000000 -19.8255210632
178.5000000000 -19.8652925550
178.6000000000 -19.9050896186
178.7000000000 -19.9449135778
178.8000000000 -19.9847657509
178.9000000000 -20.0246474507
179.0000000000 -20.0645599849
179.1000000000 -20.1045046558
179.2000000000 -20.1444827612
179.3000000000 -20.1844955937
179.4000000000 -20.2245444417
179.5000000000 -20.2646305888
179.6000000000 -20.3047553145
179.7000000000 -20.3449198940
179.8000000000 -20.3851255987
179.9000000000 -20.4253736960
180.0000000000 -20.4656654494
180.1000000000 -20.5060021192
180.2000000000 -20.5463849619
180.3000000000 -20.5868152308
180.4000000000 -20.6272941761
180.5000000000 -20.6678230447
180.6000000000 -20.7084030807
180.7000000000 -20.7490355255
180.8000000000 -20.7897216174
180.9000000000 -20.8304625926
181.0000000000 -20.8712596845
181.1000000000 -20.9121141243
181.2000000000 -20.9530271407
181.3000000000 -20.9939999606
181.4000000000 -21.0350338087
181.5000000000 -21.0761299077
181.6000000000 -21.1172894786
181.7000000000 -21.1585137405
181.8000000000 -21.1998039111
181.9000000000 -21.2411612063
182.0000000000 -21.2825868408
182.1000000000 -21.3240820277
182.2000000000 -21.3656479790
182.3000000000 -21.4072859055
182.4000000000 -21.4489970168
182.5000000000 -21.4907825216
182.6000000000 -21.5326436276
182.7000000000 -21.5745815416
182.8000000000 -21.6165974698
182.9000000000 -21.6586926174
183.0000000000 -21.7008681893
183.1000000000 -21.7431253896
183.2000000000 -21.7854654219
183.3000000000 -21.8278894896
183.4000000000 -21.8703987955
183.5000000000 -21.9129945422
183.6000000000 -21.9556779320
183.7000000000 -21.9984501671
183.8000000000 -22.0413124495
183.9000000000 -22.0842659813
184.0000000000 -22.1273119643
184.1000000000 -22.1704516005
184.2000000000 -22.2136860920
184.3000000000 -22.2570166411
184.4000000000 -22.3004444500
184.5000000000 -22.3439707214
184.6000000000 -22.3875966581
184.7000000000 -22.4313234634
184.8000000000 -22.4751523406
184.9000000000 -22.5190844937
185.0000000000 -22.5631211270
185.1000000000 -22.6072634451
185.2000000000 -22.6515126533
185.3000000000 -22.6958699572
185.4000000000 -22.7403365631
185.5000000000 -22.7849136777
185.6000000000 -22.8296025083
185.7000000000 -22.8744042628
185.8000000000 -22.9193201498
185.9000000000 -22.9643513783
186.0000000000 -23.0094991583
186.1000000000 -23.0547647000
186.2000000000 -23.1001492145
186.3000000000 -23.1456539136
186.4000000000 -23.1912800097
186.5000000000 -23.2370287158
186.6000000000 -23.2829012458
186.7000000000 -23.3288988140
186.8000000000 -23.3750226354
186.9000000000 -23.4212739260
187.0000000000 -23.4676539020
187.1000000000 -23.5141637804
187.2000000000 -23.5608047791
187.3000000000 -23.6075781162
187.4000000000 -23.6544850107
187.5000000000 -23.7015266820
187.6000000000 -23.7487043502
187.7000000000 -23.7960192359
187.8000000000 -23.8434725601
187.9000000000 -23.8910655444
188.0000000000 -23.9387994108
188.1000000000 -23.9866753817
188.2000000000 -24.0346946801
188.3000000000 -24.0828585289
188.4000000000 -24.1311681518
188.5000000000 -24.1796247724
188.6000000000 -24.2282296147
188.7000000000 -24.2769839027
188.8000000000 -24.3258888608
188.9000000000 -24.3749457131
189.0000000000 -24.4241556841
189.1000000000 -24.4735199979
189.2000000000 -24.5230398786
189.3000000000 -24.5727165502
189.4000000000 -24.6225512365
189.5000000000 -24.6725451609
189.6000000000 -24.7226995462
189.7000000000 -24.7730156152
189.8000000000 -24.8234945898
189.9000000000 -24.8741376915
190.0000000000 -24.9249461409
190.1000000000 -24.9759211580
190.2000000000 -25.0270639619
190.3000000000 -25.0783757705
190.4000000000 -25.1298578010
190.5000000000 -25.1815112692
190.6000000000 -25.2333373897
190.7000000000 -25.2853373758
190.8000000000 -25.3375124392
190.9000000000 -25.3898637902
191.0000000000 -25.4423926373
191.1000000000 -25.4951001872
191.2000000000 -25.5479876447
191.3000000000 -25.6010562126
191.4000000000 -25.6543070915
191.5000000000 -25.7077414796
191.6000000000 -25.7613605728
191.7000000000 -25.8151655644
191.8000000000 -25.8691576451
191.9000000000 -25.9233380026
192.0000000000 -25.9777078218
192.1000000000 -26.0322682843
192.2000000000 -26.0870205686
192.3000000000 -26.1419658495
192.4000000000 -26.1971052986
192.5000000000 -26.2524400835
192.6000000000 -26.3079713680
192.7000000000 -26.3637003118
192.8000000000 -26.4196280703
192.9000000000 -26.4757557946
193.0000000000 -26.5320846312
193.1000000000 -26.5886157219
193.2000000000 -26.6453502034
193.3000000000 -26.7022892074
193.4000000000 -26.7594338603
193.5000000000 -26.8167852830
193.6000000000 -26.8743445906
193.7000000000 -26.9321128924
193.8000000000 -26.9900912917
193.9000000000 -27.0482808853
194.0000000000 -27.1066827638
194.1000000000 -27.1652980108
194.2000000000 -27.2241277031
194.3000000000 -27.2831729105
194.4000000000 -27.3424346952
194.5000000000 -27.4019141122
194.6000000000 -27.4616122083
194.7000000000 -27.5215300225
194.8000000000 -27.5816685856
194.9000000000 -27.6420289199
195.0000000000 -27.7026120389
195.1000000000 -27.7634189473
195.2000000000 -27.8244506404
195.3000000000 -27.8857081042
195.4000000000 -27.9471923152
195.5000000000 -28.0089042397
195.6000000000 -28.0708448340
195.7000000000 -28.1330150439
195.8000000000 -28.1954158046
195.9000000000 -28.2580480402
196.0000000000 -28.3209126639
196.1000000000 -28.3840105773
196.2000000000 -28.4473426701
196.3000000000 -28.5109098203
196.4000000000 -28.5747128936
196.5000000000 -28.6387527431
196.6000000000 -28.7030302092
196.7000000000 -28.7675461192
196.8000000000 -28.8323012869
196.9000000000 -28.8972965129
197.0000000000 -28.9625325836
197.1000000000 -29.0280102713
197.2000000000 -29.0937303339
197.3000000000 -29.1596935146
197.4000000000 -29.2259005416
197.5000000000 -29.2923521276
197.6000000000 -29.3590489702
197.7000000000 -29.4259917507
197.8000000000 -29.4931811345
197.9000000000 -29.5606177705
198.0000000000 -29.6283022910
198.1000000000 -29.6962353111
198.2000000000 -29.7644174290
198.3000000000 -29.8328492248
198.4000000000 -29.9015312613
198.5000000000 -29.9704640829
198.6000000000 -30.0396482156
198.7000000000 -30.1090841668
198.8000000000 -30.1787724248
198.9000000000 -30.2487134587
199.0000000000 -30.3189077181
199.1000000000 -30.3893556328
199.2000000000 -30.4600576125
199.3000000000 -30.5310140463
199.4000000000 -30.6022253030
199.5000000000 -30.6736917302
199.6000000000 -30.7454136546
199.7000000000 -30.8173913812
199.8000000000 -30.8896251932
199.9000000000 -30.9621153522
200.0000000000 -31.0348620972
200.1000000000 -31.1078656447
200.2000000000 -31.1811261887
200.3000000000 -31.2546438999
200.4000000000 -31.3284189259
200.5000000000 -31.4024513907
200.6000000000 -31.4767413946
200.7000000000 -31.5512890140
200.8000000000 -31.6260943008
200.9000000000 -31.7011572827
201.0000000000 -31.7764779626
201.1000000000 -31.8520563186
201.2000000000 -31.9278923036
201.3000000000 -32.0039858452
201.4000000000 -32.0803368453
201.5000000000 -32.1569451805
201.6000000000 -32.2338107010
201.7000000000 -32.3109332313
201.8000000000 -32.3883125691
201.9000000000 -32.4659484861
202.0000000000 -32.5438407272
202.1000000000 -32.6219890104
202.2000000000 -32.7003930267
202.3000000000 -32.7790524402
202.4000000000 -32.8579668875
202.5000000000 -32.9371359780
202.6000000000 -33.0165592934
202.7000000000 -33.0962363879
202.8000000000 -33.1761667877
202.9000000000 -33.2563499914
203.0000000000 -33.3367854694
203.1000000000 -33.4174726642
203.2000000000 -33.4984109900
203.3000000000 -33.5795998328
203.4000000000 -33.6610385506
203.5000000000 -33.7427264725
203.6000000000 -33.8246628998
203.7000000000 -33.9068471048
203.8000000000 -33.9892783318
203.9000000000 -34.0719557963
204.0000000000 -34.1548786854
204.1000000000 -34.2380461577
204.2000000000 -34.3214573434
204.3000000000 -34.4051113440
204.4000000000 -34.4890072327
204.5000000000 -34.5731440542
204.6000000000 -34.6575208248
204.7000000000 -34.7421365325
204.8000000000 -34.8269901372
204.9000000000 -34.9120805703
205.0000000000 -34.9974067353
205.1000000000 -35.0829675077
205.2000000000 -35.1687617350
205.3000000000 -35.2547882370
205.4000000000 -35.3410458058
205.5000000000 -35.4275332060
205.6000000000 -35.5142491748
205.7000000000 -35.6011924222
205.8000000000 -35.6883616310
205.9000000000 -35.7757554574
206.0000000000 -35.8633725308
206.1000000000 -35.9512114539
206.2000000000 -36.0392708034
206.3000000000 -36.1275491298
206.4000000000 -36.2160449578
206.5000000000 -36.3047567865
206.6000000000 -36.3936830897
206.7000000000 -36.4828223160
206.8000000000 -36.5721728893
206.9000000000 -36.6617332089
207.0000000000 -36.7515016499
207.1000000000 -36.8414765633
207.2000000000 -36.9316562766
207.3000000000 -37.0220390940
207.4000000000 -37.1126232967
207.5000000000 -37.2034071430
207.6000000000 -37.2943888693
207.7000000000 -37.3855666896
207.8000000000 -37.4769387967
207.9000000000 -37.5685033619
208.0000000000 -37.6602585358
208.1000000000 -37.7522024484
208.2000000000 -37.8443332099
208.3000000000 -37.9366489105
208.4000000000 -38.0291476216
208.5000000000 -38.1218273953
208.6000000000 -38.2146862656
208.7000000000 -38.3077222486
208.8000000000 -38.4009333428
208.9000000000 -38.4943175295
209.0000000000 -38.5878727736
209.1000000000 -38.6815970238
209.2000000000 -38.7754882130
209.3000000000 -38.8695442593
209.4000000000 -38.9637630655
209.5000000000 -39.0581425206
209.6000000000 -39.1526804997
209.7000000000 -39.2473748647
209.8000000000 -39.3422234648
209.9000000000 -39.4372241368
210.0000000000 -39.5323747059
210.1000000000 -39.6276729860
210.2000000000 -39.7231167805
210.3000000000 -39.8187038823
210.4000000000 -39.9144320749
210.5000000000 -40.0102991325
210.6000000000 -40.1063028209
210.7000000000 -40.2024408975
210.8000000000 -40.2987111124
210.9000000000 -40.3951112086
211.0000000000 -40.4916389228
211.1000000000 -40.5882919854
211.2000000000 -40.6850681217
211.3000000000 -40.7819650520
211.4000000000 -40.8789804923
211.5000000000 -40.9761121547
211.6000000000 -41.0733577483
211.7000000000 -41.1707149792
211.8000000000 -41.2681815515
211.9000000000 -41.3657551674
212.0000000000 -41.4634335282
212.1000000000 -41.5612143347
212.2000000000 -41.6590952872
212.3000000000 -41.7570740869
212.4000000000 -41.8551484358
212.5000000000 -41.9533160373
212.6000000000 -42.0515745969
212.7000000000 -42.1499218228
212.8000000000 -42.2483554260
212.9000000000 -42.3468731211
213.0000000000 -42.4454726268
213.1000000000 -42.5441516663
213.2000000000 -42.6429079678
213.3000000000 -42.7417392652
213.4000000000 -42.8406432980
213.5000000000 -42.9396178126
213.6000000000 -43.0386605622
213.7000000000 -43.1377693074
213.8000000000 -43.2369418165
213.9000000000 -43.3361758665
214.0000000000 -43.4354692427
214.1000000000 -43.5348197401
214.2000000000 -43.6342251630
214.3000000000 -43.7336833259
214.4000000000 -43.8331920537
214.5000000000 -43.9327491823
214.6000000000 -44.0323525587
214.7000000000 -44.1320000420
214.8000000000 -44.2316895028
214.9000000000 -44.3314188247
215.0000000000 -44.4311859038
215.1000000000 -44.5309886495
215.2000000000 -44.6308249848
215.3000000000 -44.7306928465
215.4000000000 -44.8305901858
215.5000000000 -44.9305149681
215.6000000000 -45.0304651741
215.7000000000 -45.1304387994
215.8000000000 -45.2304338553
215.9000000000 -45.3304483687
216.0000000000 -45.4304803828
216.1000000000 -45.5305279568
216.2000000000 -45.6305891670
216.3000000000 -45.7306621060
216.4000000000 -45.8307448839
216.5000000000 -45.9308356281
216.6000000000 -46.0309324835
216.7000000000 -46.1310336128
216.8000000000 -46.2311371966
216.9000000000 -46.3312414341
217.0000000000 -46.4313445423
217.1000000000 -46.5314447573
217.2000000000 -46.6315403337
217.3000000000 -46.7316295449
217.4000000000 -46.8317106835
217.5000000000 -46.9317820613
217.6000000000 -47.0318420094
217.7000000000 -47.1318888784
217.8000000000 -47.2319210383
217.9000000000 -47.3319368788
218.0000000000 -47.4319348095
218.1000000000 -47.5319132598
218.2000000000 -47.6318706789
218.3000000000 -47.7318055360
218.4000000000 -47.8317163205
218.5000000000 -47.9316015418
218.6000000000 -48.0314597292
218.7000000000 -48.1312894326
218.8000000000 -48.2310892218
218.9000000000 -48.3308576866
219.0000000000 -48.4305934375
219.1000000000 -48.5302951047
219.2000000000 -48.6299613389
219.3000000000 -48.7295908108
219.4000000000 -48.8291822111
219.5000000000 -48.9287342509
219.6000000000 -49.0282456610
219.7000000000 -49.1277151925
219.8000000000 -49.2271416160
219.9000000000 -49.3265237224
220.0000000000 -49.4258603220
220.1000000000 -49.5251502450
220.2000000000 -49.6243923410
220.3000000000 -49.7235854792
220.4000000000 -49.8227285481
220.5000000000 -49.9218204556
220.6000000000 -50.0208601285
220.7000000000 -50.1198465128
220.8000000000 -50.2187785732
220.9000000000 -50.3176552933
221.0000000000 -50.4164756751
221.1000000000 -50.5152387390
221.2000000000 -50.6139435239
221.3000000000 -50.7125890864
221.4000000000 -50.8111745014
221.5000000000 -50.9096988611
221.6000000000 -51.0081612757
221.7000000000 -51.1065608722
221.8000000000 -51.2048967953
221.9000000000 -51.3031682062
222.0000000000 -51.4013742831
222.1000000000 -51.4995142206
222.2000000000 -51.5975872296
222.3000000000 -51.6955925370
222.4000000000 -51.7935293858
222.5000000000 -51.8913970343
222.6000000000 -51.9891947564
222.7000000000 -52.0869218409
222.8000000000 -52.1845775918
222.9000000000 -52.2821613274
223.0000000000 -52.3796723807
223.1000000000 -52.4771100985
223.2000000000 -52.5744738416
223.3000000000 -52.6717629846
223.4000000000 -52.7689769150
223.5000000000 -52.8661150338
223.6000000000 -52.9631767544
223.7000000000 -53.0601615030
223.8000000000 -53.1570687178
223.9000000000 -53.2538978491
224.0000000000 -53.3506483587
224.1000000000 -53.4473197198
224.2000000000 -53.5439114168
224.3000000000 -53.6404229448
224.4000000000 -53.7368538093
224.5000000000 -53.8332035262
224.6000000000 -53.9294716209
224.7000000000 -54.0256576289
224.8000000000 -54.1217610946
224.9000000000 -54.2177815715
225.0000000000 -54.3137186218
225.1000000000 -54.4095718160
225.2000000000 -54.5053407328
225.3000000000 -54.6010249586
225.4000000000 -54.6966240872
225.5000000000 -54.7921377196
225.6000000000 -54.8875654635
225.7000000000 -54.9829069333
225.8000000000 -55.0781617496
225.9000000000 -55.1733295386
226.0000000000 -55.2684099326
226.1000000000 -55.3634025688
226.2000000000 -55.4583070895
226.3000000000 -55.5531231415
226.4000000000 -55.6478503762
226.5000000000 -55.7424884489
226.6000000000 -55.8370370187
226.7000000000 -55.9314957480
226.8000000000 -56.0258643025
226.9000000000 -56.1201423506
227.0000000000 -56.2143295631
227.1000000000 -56.3084256132
227.2000000000 -56.4024301760
227.3000000000 -56.4963429281
227.4000000000 -56.5901635474
227.5000000000 -56.6838917129
227.6000000000 -56.7775271043
227.7000000000 -56.8710694016
227.8000000000 -56.9645182851
227.9000000000 -57.0578734349
228.0000000000 -57.1511345305
228.1000000000 -57.2443012509
228.2000000000 -57.3373732739
228.3000000000 -57.4303502762
228.4000000000 -57.5232319327
228.5000000000 -57.6160179166
228.6000000000 -57.7087078991
228.7000000000 -57.8013015488
228.8000000000 -57.8937985317
228.9000000000 -57.9861985111
229.0000000000 -58.0785011470
229.1000000000 -58.1707060958
229.2000000000 -58.2628130106
229.3000000000 -58.3548215404
229.4000000000 -58.4467313300
229.5000000000 -58.5385420198
229.6000000000 -58.6302532457
229.7000000000 -58.7218646386
229.8000000000 -58.8133758244
229.9000000000 -58.9047864238
230.0000000000 -58.9960960516
230.1000000000 -59.0873043173
230.2000000000 -59.1784108240
230.3000000000 -59.2694151691
230.4000000000 -59.3603169432
230.5000000000 -59.4511157307
230.6000000000 -59.5418111090
230.7000000000 -59.6324026487
230.8000000000 -59.7228899133
230.9000000000 -59.8132724588
231.0000000000 -59.9035498339
231.1000000000 -59.9937215798
231.2000000000 -60.0837872296
231.3000000000 -60.1737463086
231.4000000000 -60.2635983342
231.5000000000 -60.3533428152
231.6000000000 -60.4429792522
231.7000000000 -60.5325071373
231.8000000000 -60.6219259540
231.9000000000 -60.7112351768
232.0000000000 -60.8004342716
232.1000000000 -60.8895226952
232.2000000000 -60.9784998953
232.3000000000 -61.0673653103
232.4000000000 -61.1561183695
232.5000000000 -61.2447584927
232.6000000000 -61.3332850903
232.7000000000 -61.4216975631
232.8000000000 -61.5099953024
232.9000000000 -61.5981776899
233.0000000000 -61.6862440972
233.1000000000 -61.7741938867
233.2000000000 -61.8620264104
233.3000000000 -61.9497410110
233.4000000000 -62.0373370210
233.5000000000 -62.1248137629
233.6000000000 -62.2121705496
233.7000000000 -62.2994066838
233.8000000000 -62.3865214585
233.9000000000 -62.4735141564
234.0000000000 -62.5603840505
234.1000000000 -62.6471304040
234.2000000000 -62.7337524698
234.3000000000 -62.8202494914
234.4000000000 -62.9066207020
234.5000000000 -62.9928653252
234.6000000000 -63.0789825749
234.7000000000 -63.1649716551
234.8000000000 -63.2508317603
234.9000000000 -63.3365620753
235.0000000000 -63.4221617753
235.1000000000 -63.5076300262
235.2000000000 -63.5929659844
235.3000000000 -63.6781687971
235.4000000000 -63.7632376022
235.5000000000 -63.8481715285
235.6000000000 -63.9329696958
235.7000000000 -64.0176312151
235.8000000000 -64.1021551885
235.9000000000 -64.1865407095
236.0000000000 -64.2707868631
236.1000000000 -64.3548927258
236.2000000000 -64.4388573659
236.3000000000 -64.5226798435
236.4000000000 -64.6063592109
236.5000000000 -64.6898945124
236.6000000000 -64.7732847846
236.7000000000 -64.8565290568
236.8000000000 -64.9396263507
236.9000000000 -65.0225756812
237.0000000000 -65.1053760558
237.1000000000 -65.1880264755
237.2000000000 -65.2705259344
237.3000000000 -65.3528734205
237.4000000000 -65.4350679153
237.5000000000 -65.5171083943
237.6000000000 -65.5989938272
237.7000000000 -65.6807231783
237.8000000000 -65.7622954059
237.9000000000 -65.8437094638
238.0000000000 -65.9249643002
238.1000000000 -66.0060588589
238.2000000000 -66.0869920790
238.3000000000 -66.1677628955
238.4000000000 -66.2483702389
238.5000000000 -66.3288130363
238.6000000000 -66.4090902108
238.7000000000 -66.4892006825
238.8000000000 -66.5691433681
238.9000000000 -66.6489171815
239.0000000000 -66.7285210339
239.1000000000 -66.8079538342
239.2000000000 -66.8872144891
239.3000000000 -66.9663019034
239.4000000000 -67.0452149803
239.5000000000 -67.1239526216
239.6000000000 -67.2025137280
239.7000000000 -67.2808971993
239.8000000000 -67.3591019348
239.9000000000 -67.4371268334
