0.0000000000 -70.0551006646
0.1000000000 -70.1217524130
0.2000000000 -70.1882222937
0.3000000000 -70.2545094380
0.4000000000 -70.3206129836
0.5000000000 -70.3865320752
0.6000000000 -70.4522658640
0.7000000000 -70.5178135081
0.8000000000 -70.5831741728
0.9000000000 -70.6483470307
1.0000000000 -70.7133312616
1.1000000000 -70.7781260531
1.2000000000 -70.8427306003
1.3000000000 -70.9071441062
1.4000000000 -70.9713657820
1.5000000000 -71.0353948468
1.6000000000 -71.0992305281
1.7000000000 -71.1628720617
1.8000000000 -71.2263186921
1.9000000000 -71.2895696725
2.0000000000 -71.3526242648
2.1000000000 -71.4154817399
2.2000000000 -71.4781413778
2.3000000000 -71.5406024675
2.4000000000 -71.6028643076
2.5000000000 -71.6649262059
2.6000000000 -71.7267874797
2.7000000000 -71.7884474559
2.8000000000 -71.8499054711
2.9000000000 -71.9111608717
3.0000000000 -71.9722130137
3.1000000000 -72.0330612631
3.2000000000 -72.0937049958
3.3000000000 -72.1541435973
3.4000000000 -72.2143764631
3.5000000000 -72.2744029982
3.6000000000 -72.3342226176
3.7000000000 -72.3938347454
3.8000000000 -72.4532388152
3.9000000000 -72.5124342695
4.0000000000 -72.5714205598
4.1000000000 -72.6301971456
4.2000000000 -72.6887634947
4.3000000000 -72.7471190821
4.4000000000 -72.8052633896
4.5000000000 -72.8631959055
4.6000000000 -72.9209161230
4.7000000000 -72.9784235400
4.8000000000 -73.0357176577
4.9000000000 -73.0927979795
5.0000000000 -73.1496640097
5.1000000000 -73.2063152518
5.2000000000 -73.2627512070
5.3000000000 -73.3189713718
5.4000000000 -73.3749752360
5.5000000000 -73.4307622803
5.6000000000 -73.4863319725
5.7000000000 -73.5416837649
5.8000000000 -73.5968170899
5.9000000000 -73.6517313553
6.0000000000 -73.7064259392
6.1000000000 -73.7609001838
6.2000000000 -73.8151533882
6.3000000000 -73.8691848002
6.4000000000 -73.9229936067
6.5000000000 -73.9765789222
6.6000000000 -74.0299397763
6.7000000000 -74.0830750981
6.8000000000 -74.1359836987
6.9000000000 -74.1886642505
7.0000000000 -74.2411152634
7.1000000000 -74.2933350565
7.2000000000 -74.3453217259
7.3000000000 -74.3970731061
7.4000000000 -74.4485867261
7.5000000000 -74.4998597576
7.6000000000 -74.5508889545
7.7000000000 -74.6016705827
7.8000000000 -74.6522003382
7.9000000000 -74.7024732514
8.0000000000 -74.7524835758
8.1000000000 -74.8022246579
8.2000000000 -74.8516887859
8.3000000000 -74.9008670133
8.4000000000 -74.9497489527
8.5000000000 -74.9983225357
8.6000000000 -75.0465737337
8.7000000000 -75.0944862309
8.8000000000 -75.1420410443
8.9000000000 -75.1892160799
9.0000000000 -75.2359856155
9.1000000000 -75.2823196975
9.2000000000 -75.3281834372
9.3000000000 -75.3735361908
9.4000000000 -75.4183306021
9.5000000000 -75.4625114866
9.6000000000 -75.5060145300
9.7000000000 -75.5487647694
9.8000000000 -75.5906748224
9.9000000000 -75.6316428207
10.0000000000 -75.6715499993
10.1000000000 -75.7102578849
10.2000000000 -75.7476050141
10.3000000000 -75.7834031060
10.4000000000 -75.8174325954
10.5000000000 -75.8494374210
10.6000000000 -75.8791189445
10.7000000000 -75.9061288550
10.8000000000 -75.9300608883
10.9000000000 -75.9504411654
11.0000000000 -75.9667169172
11.1000000000 -75.9782433279
11.2000000000 -75.9842681822
11.3000000000 -75.9839139495
11.4000000000 -75.9761568793
11.5000000000 -75.9598026086
11.6000000000 -75.9334577008
11.7000000000 -75.8954964402
11.8000000000 -75.8440220926
11.9000000000 -75.7768217168
12.0000000000 -75.6913134551
12.1000000000 -75.5844850638
12.2000000000 -75.4528222367
12.3000000000 -75.2922250430
12.4000000000 -75.0979105307
12.5000000000 -74.8642992320
12.6000000000 -74.5848829464
12.7000000000 -74.2520707560
12.8000000000 -73.8570097417
12.9000000000 -73.3893762947
13.0000000000 -72.8371332399
13.1000000000 -72.1862471626
13.2000000000 -71.4203592904
13.3000000000 -70.5204019099
13.4000000000 -69.4641503574
13.5000000000 -68.2256976917
13.6000000000 -66.7748343832
13.7000000000 -65.0763071540
13.8000000000 -63.0889163786
13.9000000000 -60.7643844156
14.0000000000 -58.0458772718
14.1000000000 -54.8659710119
14.2000000000 -51.1436956289
14.3000000000 -46.7800361583
14.4000000000 -41.6509353426
14.5000000000 -35.5965552526
14.6000000000 -28.4056485191
14.7000000000 -19.7955787647
14.8000000000 -9.4032992506
14.9000000000 3.0904224004
15.0000000000 17.1249147712
15.1000000000 29.3054312954
15.2000000000 35.4998436497
15.3000000000 36.8680734704
15.4000000000 36.8523244222
15.5000000000 36.8346348998
15.6000000000 36.9219279497
15.7000000000 37.0460085030
15.8000000000 37.1632670944
15.9000000000 37.2542062737
16.0000000000 37.3119096528
16.1000000000 37.3353357262
16.2000000000 37.3259571949
16.3000000000 37.2861430756
16.4000000000 37.2184106974
16.5000000000 37.1251064387
16.6000000000 37.0082941314
16.7000000000 36.8697403915
16.8000000000 36.7109416961
16.9000000000 36.5331661517
17.0000000000 36.3374971555
17.1000000000 36.1248733356
17.2000000000 35.8961227209
17.3000000000 35.6519907989
17.4000000000 35.3931628879
17.5000000000 35.1202815419
17.6000000000 34.8339597688
17.7000000000 34.5347908048
17.8000000000 34.2233551038
17.9000000000 33.9002251078
18.0000000000 33.5659682749
18.1000000000 33.2211487606
18.2000000000 32.8663280774
18.3000000000 32.5020649981
18.4000000000 32.1289149195
18.5000000000 31.7474288576
18.6000000000 31.3581522132
18.7000000000 30.9616234170
18.8000000000 30.5583725368
18.9000000000 30.1489199123
19.0000000000 29.7337748638
19.1000000000 29.3134345093
19.2000000000 28.8883827118
19.3000000000 28.4590891709
19.4000000000 28.0260086655
19.5000000000 27.5895804467
19.6000000000 27.1502277806
19.7000000000 26.7083576307
19.8000000000 26.2643604742
19.9000000000 25.8186102386
20.0000000000 25.3714643496
20.1000000000 24.9232638769
20.2000000000 24.4743337657
20.3000000000 24.0249831422
20.4000000000 23.5755056825
20.5000000000 23.1261800321
20.6000000000 22.6772702671
20.7000000000 22.2290263878
20.8000000000 21.7816848356
20.9000000000 21.3354690250
21.0000000000 20.8905898854
21.1000000000 20.4472464049
21.2000000000 20.0056261724
21.3000000000 19.5659059117
21.4000000000 19.1282520055
21.5000000000 18.6928210054
21.6000000000 18.2597601248
21.7000000000 17.8292077137
21.8000000000 17.4012937128
21.9000000000 16.9761400866
22.0000000000 16.5538612342
22.1000000000 16.1345643777
22.2000000000 15.7183499280
22.3000000000 15.3053118281
22.4000000000 14.8955378744
22.5000000000 14.4891100160
22.6000000000 14.0861046340
22.7000000000 13.6865928002
22.8000000000 13.2906405167
22.9000000000 12.8983089383
23.0000000000 12.5096545770
23.1000000000 12.1247294912
23.2000000000 11.7435814604
23.3000000000 11.3662541462
23.4000000000 10.9927872410
23.5000000000 10.6232166061
23.6000000000 10.2575743988
23.7000000000 9.8958891915
23.8000000000 9.5381860826
23.9000000000 9.1844868001
24.0000000000 8.8348097995
24.1000000000 8.4891703567
24.2000000000 8.1475806557
24.3000000000 7.8100498735
24.4000000000 7.4765842612
24.5000000000 7.1471872230
24.6000000000 6.8218593933
24.7000000000 6.5005987128
24.8000000000 6.1834005032
24.9000000000 5.8702575421
25.0000000000 5.5611601382
25.1000000000 5.2560962057
25.2000000000 4.9550513414
25.3000000000 4.6580089007
25.4000000000 4.3649500758
25.5000000000 4.0758539752
25.6000000000 3.7906977038
25.7000000000 3.5094564441
25.8000000000 3.2321035393
25.9000000000 2.9586105764
26.0000000000 2.6889474711
26.1000000000 2.4230825519
26.2000000000 2.1609826463
26.3000000000 1.9026131661
26.4000000000 1.6479381928
26.5000000000 1.3969205632
26.6000000000 1.1495219538
26.7000000000 0.9057029653
26.8000000000 0.6654232052
26.9000000000 0.4286413701
27.0000000000 0.1953153262
27.1000000000 -0.0345978121
27.2000000000 -0.2611416048
27.3000000000 -0.4843602109
27.4000000000 -0.7042983153
27.5000000000 -0.9210010579
27.6000000000 -1.1345139645
27.7000000000 -1.3448828811
27.8000000000 -1.5521539092
27.9000000000 -1.7563733450
28.0000000000 -1.9575876205
28.1000000000 -2.1558432472
28.2000000000 -2.3511867626
28.3000000000 -2.5436646793
28.4000000000 -2.7333234365
28.5000000000 -2.9202093541
28.6000000000 -3.1043685900
28.7000000000 -3.2858470988
28.8000000000 -3.4646905940
28.9000000000 -3.6409445120
29.0000000000 -3.8146539784
29.1000000000 -3.9858637773
29.2000000000 -4.1546183220
29.3000000000 -4.3209616284
29.4000000000 -4.4849372900
29.5000000000 -4.6465884553
29.6000000000 -4.8059578072
29.7000000000 -4.9630875435
29.8000000000 -5.1180193601
29.9000000000 -5.2707944354
30.0000000000 -5.4214534161
30.1000000000 -5.5700364052
30.2000000000 -5.7165829508
30.3000000000 -5.8611320366
30.4000000000 -6.0037220735
30.5000000000 -6.1443908929
30.6000000000 -6.2831757407
30.7000000000 -6.4201132727
30.8000000000 -6.5552395507
30.9000000000 -6.6885900400
31.0000000000 -6.8201996077
31.1000000000 -6.9501025219
31.2000000000 -7.0783324513
31.3000000000 -7.2049224664
31.4000000000 -7.3299050406
31.5000000000 -7.4533120526
31.6000000000 -7.5751747889
31.7000000000 -7.6955239474
31.8000000000 -7.8143896411
31.9000000000 -7.9318014028
32.0000000000 -8.0477881895
32.1000000000 -8.1623783881
32.2000000000 -8.2755998212
32.3000000000 -8.3874797526
32.4000000000 -8.4980448945
32.5000000000 -8.6073214135
32.6000000000 -8.7153349380
32.7000000000 -8.8221105654
32.8000000000 -8.9276728697
32.9000000000 -9.0320459087
33.0000000000 -9.1352532324
33.1000000000 -9.2373178907
33.2000000000 -9.3382624417
33.3000000000 -9.4381089597
33.4000000000 -9.5368790438
33.5000000000 -9.6345938265
33.6000000000 -9.7312739816
33.7000000000 -9.8269397333
33.8000000000 -9.9216108644
33.9000000000 -10.0153067252
34.0000000000 -10.1080462416
34.1000000000 -10.1998479243
34.2000000000 -10.2907298766
34.3000000000 -10.3807098036
34.4000000000 -10.4698050201
34.5000000000 -10.5580324595
34.6000000000 -10.6454086817
34.7000000000 -10.7319498815
34.8000000000 -10.8176718970
34.9000000000 -10.9025902173
35.0000000000 -10.9867199908
35.1000000000 -11.0700760331
35.2000000000 -11.1526728345
35.3000000000 -11.2345245680
35.4000000000 -11.3156450966
35.5000000000 -11.3960479812
35.6000000000 -11.4757464871
35.7000000000 -11.5547535921
35.8000000000 -11.6330819930
35.9000000000 -11.7107441127
36.0000000000 -11.7877521070
36.1000000000 -11.8641178712
36.2000000000 -11.9398530468
36.3000000000 -12.0149690277
36.4000000000 -12.0894769667
36.5000000000 -12.1633877812
36.6000000000 -12.2367121598
36.7000000000 -12.3094605675
36.8000000000 -12.3816432519
36.9000000000 -12.4532702485
37.0000000000 -12.5243513865
37.1000000000 -12.5948962936
37.2000000000 -12.6649144014
37.3000000000 -12.7344149507
37.4000000000 -12.8034069962
37.5000000000 -12.8718994112
37.6000000000 -12.9399008923
37.7000000000 -13.0074199643
37.8000000000 -13.0744649841
37.9000000000 -13.1410441454
38.0000000000 -13.2071654828
38.1000000000 -13.2728368755
38.2000000000 -13.3380660521
38.3000000000 -13.4028605934
38.4000000000 -13.4672279372
38.5000000000 -13.5311753810
38.6000000000 -13.5947100862
38.7000000000 -13.6578390812
38.8000000000 -13.7205692651
38.9000000000 -13.7829074103
39.0000000000 -13.8448601663
39.1000000000 -13.9064340625
39.2000000000 -13.9676355111
39.3000000000 -14.0284708100
39.4000000000 -14.0889461460
39.5000000000 -14.1490675968
39.6000000000 -14.2088411343
39.7000000000 -14.2682726267
39.8000000000 -14.3273678415
39.9000000000 -14.3861324475
40.0000000000 -14.4445720170
40.1000000000 -14.5026920289
40.2000000000 -14.5604978699
40.3000000000 -14.6179948374
40.4000000000 -14.6751881414
40.5000000000 -14.7320829062
40.6000000000 -14.7886841728
40.7000000000 -14.8449969008
40.8000000000 -14.9010259699
40.9000000000 -14.9567761821
41.0000000000 -15.0122522631
41.1000000000 -15.0674588646
41.2000000000 -15.1224005651
41.3000000000 -15.1770818725
41.4000000000 -15.2315072247
41.5000000000 -15.2856809921
41.6000000000 -15.3396074782
41.7000000000 -15.3932909216
41.8000000000 -15.4467354973
41.9000000000 -15.4999453181
42.0000000000 -15.5529244356
42.1000000000 -15.6056768420
42.2000000000 -15.6582064712
42.3000000000 -15.7105171997
42.4000000000 -15.7626128483
42.5000000000 -15.8144971830
42.6000000000 -15.8661739161
42.7000000000 -15.9176467076
42.8000000000 -15.9689191658
42.9000000000 -16.0199948489
43.0000000000 -16.0708772656
43.1000000000 -16.1215698764
43.2000000000 -16.1720760944
43.3000000000 -16.2223992862
43.4000000000 -16.2725427733
43.5000000000 -16.3225098322
43.6000000000 -16.3723036961
43.7000000000 -16.4219275553
43.8000000000 -16.4713845582
43.9000000000 -16.5206778120
44.0000000000 -16.5698103838
44.1000000000 -16.6187853011
44.2000000000 -16.6676055526
44.3000000000 -16.7162740891
44.4000000000 -16.7647938243
44.5000000000 -16.8131676351
44.6000000000 -16.8613983630
44.7000000000 -16.9094888141
44.8000000000 -16.9574417601
44.9000000000 -17.0052599391
45.0000000000 -17.0529460559
45.1000000000 -17.1005027830
45.2000000000 -17.1479327608
45.3000000000 -17.1952385988
45.4000000000 -17.2424228755
45.5000000000 -17.2894881395
45.6000000000 -17.3364369099
45.7000000000 -17.3832716769
45.8000000000 -17.4299949021
45.9000000000 -17.4766090195
46.0000000000 -17.5231164357
46.1000000000 -17.5695195303
46.2000000000 -17.6158206569
46.3000000000 -17.6620221431
46.4000000000 -17.7081262912
46.5000000000 -17.7541353787
46.6000000000 -17.8000516588
46.7000000000 -17.8458773605
46.8000000000 -17.8916146897
46.9000000000 -17.9372658289
47.0000000000 -17.9828329384
47.1000000000 -18.0283181560
47.2000000000 -18.0737235979
47.3000000000 -18.1190513590
47.4000000000 -18.1643035131
47.5000000000 -18.2094821136
47.6000000000 -18.2545891937
47.7000000000 -18.2996267667
47.8000000000 -18.3445968267
47.9000000000 -18.3895013487
48.0000000000 -18.4343422888
48.1000000000 -18.4791215851
48.2000000000 -18.5238411574
48.3000000000 -18.5685029081
48.4000000000 -18.6131087223
48.5000000000 -18.6576604678
48.6000000000 -18.7021599961
48.7000000000 -18.7466091421
48.8000000000 -18.7910097248
48.9000000000 -18.8353635476
49.0000000000 -18.8796723981
49.1000000000 -18.9239380490
49.2000000000 -18.9681622583
49.3000000000 -19.0123467691
49.4000000000 -19.0564933105
49.5000000000 -19.1006035973
49.6000000000 -19.1446793309
49.7000000000 -19.1887221991
49.8000000000 -19.2327338762
49.9000000000 -19.2767160240
50.0000000000 -19.3206702913
50.1000000000 -19.3645983145
50.2000000000 -19.4085017179
50.3000000000 -19.4523821135
50.4000000000 -19.4962411019
50.5000000000 -19.5400802719
50.6000000000 -19.5839012013
50.7000000000 -19.6277054567
50.8000000000 -19.6714945936
50.9000000000 -19.7152701573
51.0000000000 -19.7590336822
51.1000000000 -19.8027866930
51.2000000000 -19.8465307039
51.3000000000 -19.8902672195
51.4000000000 -19.9339977348
51.5000000000 -19.9777237353
51.6000000000 -20.0214466972
51.7000000000 -20.0651680878
51.8000000000 -20.1088893654
51.9000000000 -20.1526119797
52.0000000000 -20.1963373717
52.1000000000 -20.2400669742
52.2000000000 -20.2838022117
52.3000000000 -20.3275445009
52.4000000000 -20.3712952505
52.5000000000 -20.4150558615
52.6000000000 -20.4588277272
52.7000000000 -20.5026122340
52.8000000000 -20.5464107606
52.9000000000 -20.5902246789
53.0000000000 -20.6340553536
53.1000000000 -20.6779041430
53.2000000000 -20.7217723983
53.3000000000 -20.7656614646
53.4000000000 -20.8095726803
53.5000000000 -20.8535073778
53.6000000000 -20.8974668833
53.7000000000 -20.9414525168
53.8000000000 -20.9854655928
53.9000000000 -21.0295074199
54.0000000000 -21.0735793010
54.1000000000 -21.1176825335
54.2000000000 -21.1618184096
54.3000000000 -21.2059882161
54.4000000000 -21.2501932345
54.5000000000 -21.2944347416
54.6000000000 -21.3387140088
54.7000000000 -21.3830323030
54.8000000000 -21.4273908862
54.9000000000 -21.4717910158
55.0000000000 -21.5162339445
55.1000000000 -21.5607209209
55.2000000000 -21.6052531888
55.3000000000 -21.6498319880
55.4000000000 -21.6944585540
55.5000000000 -21.7391341183
55.6000000000 -21.7838599082
55.7000000000 -21.8286371471
55.8000000000 -21.8734670548
55.9000000000 -21.9183508469
56.0000000000 -21.9632897356
56.1000000000 -22.0082849294
56.2000000000 -22.0533376331
56.3000000000 -22.0984490482
56.4000000000 -22.1436203725
56.5000000000 -22.1888528007
56.6000000000 -22.2341475241
56.7000000000 -22.2795057306
56.8000000000 -22.3249286052
56.9000000000 -22.3704173295
57.0000000000 -22.4159730822
57.1000000000 -22.4615970389
57.2000000000 -22.5072903722
57.3000000000 -22.5530542519
57.4000000000 -22.5988898447
57.5000000000 -22.6447983146
57.6000000000 -22.6907808229
57.7000000000 -22.7368385280
57.8000000000 -22.7829725855
57.9000000000 -22.8291841487
58.0000000000 -22.8754743678
58.1000000000 -22.9218443906
58.2000000000 -22.9682953624
58.3000000000 -23.0148284258
58.4000000000 -23.0614447210
58.5000000000 -23.1081453855
58.6000000000 -23.1549315546
58.7000000000 -23.2018043609
58.8000000000 -23.2487649347
58.9000000000 -23.2958144038
59.0000000000 -23.3429538937
59.1000000000 -23.3901845274
59.2000000000 -23.4375074256
59.3000000000 -23.4849237066
59.4000000000 -23.5324344862
59.5000000000 -23.5800408781
59.6000000000 -23.6277439934
59.7000000000 -23.6755449411
59.8000000000 -23.7234448276
59.9000000000 -23.7714447571
60.0000000000 -23.8195458314
60.1000000000 -23.8677491498
60.2000000000 -23.9160558096
60.3000000000 -23.9644669052
60.4000000000 -24.0129835290
60.5000000000 -24.0616067708
60.6000000000 -24.1103377181
60.7000000000 -24.1591774559
60.8000000000 -24.2081270666
60.9000000000 -24.2571876303
61.0000000000 -24.3063602246
61.1000000000 -24.3556459245
61.2000000000 -24.4050458022
61.3000000000 -24.4545609278
61.4000000000 -24.5041923684
61.5000000000 -24.5539411886
61.6000000000 -24.6038084502
61.7000000000 -24.6537952124
61.8000000000 -24.7039025315
61.9000000000 -24.7541314610
62.0000000000 -24.8044830517
62.1000000000 -24.8549583513
62.2000000000 -24.9055584047
62.3000000000 -24.9562842536
62.4000000000 -25.0071369370
62.5000000000 -25.0581174905
62.6000000000 -25.1092269466
62.7000000000 -25.1604663345
62.8000000000 -25.2118366804
62.9000000000 -25.2633390070
63.0000000000 -25.3149743335
63.1000000000 -25.3667436757
63.2000000000 -25.4186480459
63.3000000000 -25.4706884529
63.4000000000 -25.5228659016
63.5000000000 -25.5751813932
63.6000000000 -25.6276359253
63.7000000000 -25.6802304913
63.8000000000 -25.7329660809
63.9000000000 -25.7858436794
64.0000000000 -25.8388642682
64.1000000000 -25.8920288245
64.2000000000 -25.9453383210
64.3000000000 -25.9987937262
64.4000000000 -26.0523960038
64.5000000000 -26.1061461132
64.6000000000 -26.1600450091
64.7000000000 -26.2140936412
64.8000000000 -26.2682929544
64.9000000000 -26.3226438888
65.0000000000 -26.3771473792
65.1000000000 -26.4318043554
65.2000000000 -26.4866157416
65.3000000000 -26.5415824568
65.4000000000 -26.5967054147
65.5000000000 -26.6519855229
65.6000000000 -26.7074236837
65.7000000000 -26.7630207933
65.8000000000 -26.8187777419
65.9000000000 -26.8746954138
66.0000000000 -26.9307746869
66.1000000000 -26.9870164330
66.2000000000 -27.0434215173
66.3000000000 -27.0999907983
66.4000000000 -27.1567251280
66.5000000000 -27.2136253514
66.6000000000 -27.2706923068
66.7000000000 -27.3279268251
66.8000000000 -27.3853297301
66.9000000000 -27.4429018383
67.0000000000 -27.5006439586
67.1000000000 -27.5585568923
67.2000000000 -27.6166414329
67.3000000000 -27.6748983660
67.4000000000 -27.7333284692
67.5000000000 -27.7919325117
67.6000000000 -27.8507112547
67.7000000000 -27.9096654507
67.8000000000 -27.9687958434
67.9000000000 -28.0281031681
68.0000000000 -28.0875881508
68.1000000000 -28.1472515087
68.2000000000 -28.2070939495
68.3000000000 -28.2671161719
68.4000000000 -28.3273188647
68.5000000000 -28.3877027071
68.6000000000 -28.4482683686
68.7000000000 -28.5090165085
68.8000000000 -28.5699477762
68.9000000000 -28.6310628105
69.0000000000 -28.6923622400
69.1000000000 -28.7538466825
69.2000000000 -28.8155167451
69.3000000000 -28.8773730238
69.4000000000 -28.9394161039
69.5000000000 -29.0016465590
69.6000000000 -29.0640649515
69.7000000000 -29.1266718323
69.8000000000 -29.1894677403
69.9000000000 -29.2524532028
70.0000000000 -29.3156287349
70.1000000000 -29.3789948395
70.2000000000 -29.4425520071
70.3000000000 -29.5063007158
70.4000000000 -29.5702414308
70.5000000000 -29.6343746047
70.6000000000 -29.6987006769
70.7000000000 -29.7632200738
70.8000000000 -29.8279332082
70.9000000000 -29.8928404799
71.0000000000 -29.9579422745
71.1000000000 -30.0232389643
71.2000000000 -30.0887309075
71.3000000000 -30.1544184480
71.4000000000 -30.2203019158
71.5000000000 -30.2863816262
71.6000000000 -30.3526578803
71.7000000000 -30.4191309641
71.8000000000 -30.4858011492
71.9000000000 -30.5526686918
72.0000000000 -30.6197338332
72.1000000000 -30.6869967995
72.2000000000 -30.7544578013
72.3000000000 -30.8221170335
72.4000000000 -30.8899746756
72.5000000000 -30.9580308910
72.6000000000 -31.0262858275
72.7000000000 -31.0947396164
72.8000000000 -31.1633923732
72.9000000000 -31.2322441967
73.0000000000 -31.3012951695
73.1000000000 -31.3705453574
73.2000000000 -31.4399948098
73.3000000000 -31.5096435590
73.4000000000 -31.5794916205
73.5000000000 -31.6495389926
73.6000000000 -31.7197856568
73.7000000000 -31.7902315770
73.8000000000 -31.8608766999
73.9000000000 -31.9317209547
74.0000000000 -32.0027642532
74.1000000000 -32.0740064892
74.2000000000 -32.1454475391
74.3000000000 -32.2170872614
74.4000000000 -32.2889254968
74.5000000000 -32.3609620677
74.6000000000 -32.4331967787
74.7000000000 -32.5056294163
74.8000000000 -32.5782597488
74.9000000000 -32.6510875261
75.0000000000 -32.7241124799
75.1000000000 -32.7973343235
75.2000000000 -32.8707527519
75.3000000000 -32.9443674416
75.4000000000 -33.0181780503
75.5000000000 -33.0921842177
75.6000000000 -33.1663855644
75.7000000000 -33.2407816927
75.8000000000 -33.3153721863
75.9000000000 -33.3901566100
76.0000000000 -33.4651345102
76.1000000000 -33.5403054144
76.2000000000 -33.6156688316
76.3000000000 -33.6912242521
76.4000000000 -33.7669711473
76.5000000000 -33.8429089703
76.6000000000 -33.9190371553
76.7000000000 -33.9953551179
76.8000000000 -34.0718622550
76.9000000000 -34.1485579451
77.0000000000 -34.2254415481
77.1000000000 -34.3025124054
77.2000000000 -34.3797698398
77.3000000000 -34.4572131557
77.4000000000 -34.5348416394
77.5000000000 -34.6126545586
77.6000000000 -34.6906511628
77.7000000000 -34.7688306835
77.8000000000 -34.8471923340
77.9000000000 -34.9257353095
78.0000000000 -35.0044587875
78.1000000000 -35.0833619274
78.2000000000 -35.1624438710
78.3000000000 -35.2417037426
78.4000000000 -35.3211406486
78.5000000000 -35.4007536784
78.6000000000 -35.4805419038
78.7000000000 -35.5605043795
78.8000000000 -35.6406401432
78.9000000000 -35.7209482157
79.0000000000 -35.8014276010
79.1000000000 -35.8820772863
79.2000000000 -35.9628962426
79.3000000000 -36.0438834243
79.4000000000 -36.1250377699
79.5000000000 -36.2063582016
79.6000000000 -36.2878436259
79.7000000000 -36.3694929338
79.8000000000 -36.4513050004
79.9000000000 -36.5332786860
80.0000000000 -36.6154128353
80.1000000000 -36.6977062783
80.2000000000 -36.7801578304
80.3000000000 -36.8627662923
80.4000000000 -36.9455304503
80.5000000000 -37.0284490769
80.6000000000 -37.1115209303
80.7000000000 -37.1947447554
80.8000000000 -37.2781192834
80.9000000000 -37.3616432325
81.0000000000 -37.4453153076
81.1000000000 -37.5291342011
81.2000000000 -37.6130985929
81.3000000000 -37.6972071504
81.4000000000 -37.7814585293
81.5000000000 -37.8658513731
81.6000000000 -37.9503843142
81.7000000000 -38.0350559735
81.8000000000 -38.1198649610
81.9000000000 -38.2048098759
82.0000000000 -38.2898893069
82.1000000000 -38.3751018327
82.2000000000 -38.4604460219
82.3000000000 -38.5459204335
82.4000000000 -38.6315236170
82.5000000000 -38.7172541131
82.6000000000 -38.8031104534
82.7000000000 -38.8890911612
82.8000000000 -38.9751947514
82.9000000000 -39.0614197311
83.0000000000 -39.1477645997
83.1000000000 -39.2342278491
83.2000000000 -39.3208079644
83.3000000000 -39.4075034238
83.4000000000 -39.4943126990
83.5000000000 -39.5812342556
83.6000000000 -39.6682665533
83.7000000000 -39.7554080462
83.8000000000 -39.8426571833
83.9000000000 -39.9300124085
84.0000000000 -40.0174721610
84.1000000000 -40.1050348758
84.2000000000 -40.1926989839
84.3000000000 -40.2804629123
84.4000000000 -40.3683250848
84.5000000000 -40.4562839221
84.6000000000 -40.5443378419
84.7000000000 -40.6324852595
84.8000000000 -40.7207245879
84.9000000000 -40.8090542385
85.0000000000 -40.8974726206
85.1000000000 -40.9859781427
85.2000000000 -41.0745692120
85.3000000000 -41.1632442351
85.4000000000 -41.2520016182
85.5000000000 -41.3408397675
85.6000000000 -41.4297570893
85.7000000000 -41.5187519904
85.8000000000 -41.6078228784
85.9000000000 -41.6969681621
86.0000000000 -41.7861862517
86.1000000000 -41.8754755587
86.2000000000 -41.9648344972
86.3000000000 -42.0542614829
86.4000000000 -42.1437549345
86.5000000000 -42.2333132733
86.6000000000 -42.3229349236
86.7000000000 -42.4126183134
86.8000000000 -42.5023618740
86.9000000000 -42.5921640407
87.0000000000 -42.6820232531
87.1000000000 -42.7719379552
87.2000000000 -42.8619065955
87.3000000000 -42.9519276278
87.4000000000 -43.0419995108
87.5000000000 -43.1321207088
87.6000000000 -43.2222896919
87.7000000000 -43.3125049361
87.8000000000 -43.4027649235
87.9000000000 -43.4930681428
88.0000000000 -43.5834130893
88.1000000000 -43.6737982653
88.2000000000 -43.7642221800
88.3000000000 -43.8546833501
88.4000000000 -43.9451803001
88.5000000000 -44.0357115619
88.6000000000 -44.1262756757
88.7000000000 -44.2168711896
88.8000000000 -44.3074966605
88.9000000000 -44.3981506537
89.0000000000 -44.4888317431
89.1000000000 -44.5795385121
89.2000000000 -44.6702695528
89.3000000000 -44.7610234669
89.4000000000 -44.8517988657
89.5000000000 -44.9425943699
89.6000000000 -45.0334086103
89.7000000000 -45.1242402278
89.8000000000 -45.2150878734
89.9000000000 -45.3059502084
90.0000000000 -45.3968259047
90.1000000000 -45.4877136447
90.2000000000 -45.5786121218
90.3000000000 -45.6695200402
90.4000000000 -45.7604361150
90.5000000000 -45.8513590727
90.6000000000 -45.9422876511
90.7000000000 -46.0332205992
90.8000000000 -46.1241566777
90.9000000000 -46.2150946588
91.0000000000 -46.3060333266
91.1000000000 -46.3969714769
91.2000000000 -46.4879079174
91.3000000000 -46.5788414678
91.4000000000 -46.6697709601
91.5000000000 -46.7606952381
91.6000000000 -46.8516131581
91.7000000000 -46.9425235887
91.8000000000 -47.0334254108
91.9000000000 -47.1243175177
92.0000000000 -47.2151988152
92.1000000000 -47.3060682217
92.2000000000 -47.3969246680
92.3000000000 -47.4877670978
92.4000000000 -47.5785944673
92.5000000000 -47.6694057452
92.6000000000 -47.7601999132
92.7000000000 -47.8509759656
92.8000000000 -47.9417329094
92.9000000000 -48.0324697645
93.0000000000 -48.1231855635
93.1000000000 -48.2138793516
93.2000000000 -48.3045501871
93.3000000000 -48.3951971408
93.4000000000 -48.4858192963
93.5000000000 -48.5764157502
93.6000000000 -48.6669856113
93.7000000000 -48.7575280017
93.8000000000 -48.8480420558
93.9000000000 -48.9385269207
94.0000000000 -49.0289817562
94.1000000000 -49.1194057345
94.2000000000 -49.2097980407
94.3000000000 -49.3001578719
94.4000000000 -49.3904844380
94.5000000000 -49.4807769611
94.6000000000 -49.5710346757
94.7000000000 -49.6612568286
94.8000000000 -49.7514426786
94.9000000000 -49.8415914968
95.0000000000 -49.9317025663
95.1000000000 -50.0217751822
95.2000000000 -50.1118086515
95.3000000000 -50.2018022929
95.4000000000 -50.2917554369
95.5000000000 -50.3816674257
95.6000000000 -50.4715376130
95.7000000000 -50.5613653638
95.8000000000 -50.6511500547
95.9000000000 -50.7408910733
96.0000000000 -50.8305878185
96.1000000000 -50.9202397000
96.2000000000 -51.0098461388
96.3000000000 -51.0994065664
96.4000000000 -51.1889204249
96.5000000000 -51.2783871671
96.6000000000 -51.3678062564
96.7000000000 -51.4571771662
96.8000000000 -51.5464993802
96.9000000000 -51.6357723921
97.0000000000 -51.7249957055
97.1000000000 -51.8141688340
97.2000000000 -51.9032913004
97.3000000000 -51.9923626374
97.4000000000 -52.0813823868
97.5000000000 -52.1703500996
97.6000000000 -52.2592653360
97.7000000000 -52.3481276649
97.8000000000 -52.4369366640
97.9000000000 -52.5256919198
98.0000000000 -52.6143930268
98.1000000000 -52.7030395882
98.2000000000 -52.7916312149
98.3000000000 -52.8801675262
98.4000000000 -52.9686481487
98.5000000000 -53.0570727169
98.6000000000 -53.1454408727
98.7000000000 -53.2337522652
98.8000000000 -53.3220065506
98.9000000000 -53.4102033922
99.0000000000 -53.4983424596
99.1000000000 -53.5864234296
99.2000000000 -53.6744459848
99.3000000000 -53.7624098144
99.4000000000 -53.8503146135
99.5000000000 -53.9381600829
99.6000000000 -54.0259459295
99.7000000000 -54.1136718651
99.8000000000 -54.2013376073
99.9000000000 -54.2889428785
100.0000000000 -54.3764874062
100.1000000000 -54.4639709226
100.2000000000 -54.5513931644
100.3000000000 -54.6387538726
100.4000000000 -54.7260527925
100.5000000000 -54.8132896734
100.6000000000 -54.9004642682
100.7000000000 -54.9875763337
100.8000000000 -55.0746256297
100.9000000000 -55.1616119196
101.0000000000 -55.2485349696
101.1000000000 -55.3353945488
101.2000000000 -55.4221904288
101.3000000000 -55.5089223839
101.4000000000 -55.5955901904
101.5000000000 -55.6821936268
101.6000000000 -55.7687324733
101.7000000000 -55.8552065121
101.8000000000 -55.9416155264
101.9000000000 -56.0279593010
102.0000000000 -56.1142376217
102.1000000000 -56.2004502753
102.2000000000 -56.2865970491
102.3000000000 -56.3726777309
102.4000000000 -56.4586921092
102.5000000000 -56.5446399721
102.6000000000 -56.6305211080
102.7000000000 -56.7163353049
102.8000000000 -56.8020823504
102.9000000000 -56.8877620314
103.0000000000 -56.9733741342
103.1000000000 -57.0589184438
103.2000000000 -57.1443947441
103.3000000000 -57.2298028178
103.4000000000 -57.3151424459
103.5000000000 -57.4004134077
103.6000000000 -57.4856154805
103.7000000000 -57.5707484396
103.8000000000 -57.6558120579
103.9000000000 -57.7408061061
104.0000000000 -57.8257303520
104.1000000000 -57.9105845607
104.2000000000 -57.9953684943
104.3000000000 -58.0800819119
104.4000000000 -58.1647245691
104.5000000000 -58.2492962180
104.6000000000 -58.3337966073
104.7000000000 -58.4182254817
104.8000000000 -58.5025825819
104.9000000000 -58.5868676446
105.0000000000 -58.6710804020
105.1000000000 -58.7552205822
105.2000000000 -58.8392879084
105.3000000000 -58.9232820991
105.4000000000 -59.0072028680
105.5000000000 -59.0910499238
105.6000000000 -59.1748229699
105.7000000000 -59.2585217044
105.8000000000 -59.3421458198
105.9000000000 -59.4256950033
106.0000000000 -59.5091689362
106.1000000000 -59.5925672938
106.2000000000 -59.6758897457
106.3000000000 -59.7591359551
106.4000000000 -59.8423055791
106.5000000000 -59.9253982685
106.6000000000 -60.0084136673
106.7000000000 -60.0913514134
106.8000000000 -60.1742111376
106.9000000000 -60.2569924639
107.0000000000 -60.3396950098
107.1000000000 -60.4223183852
107.2000000000 -60.5048621933
107.3000000000 -60.5873260299
107.4000000000 -60.6697094835
107.5000000000 -60.7520121354
107.6000000000 -60.8342335592
107.7000000000 -60.9163733211
107.8000000000 -60.9984309794
107.9000000000 -61.0804060851
108.0000000000 -61.1622981810
108.1000000000 -61.2441068024
108.2000000000 -61.3258314765
108.3000000000 -61.4074717226
108.4000000000 -61.4890270518
108.5000000000 -61.5704969674
108.6000000000 -61.6518809644
108.7000000000 -61.7331785297
108.8000000000 -61.8143891418
108.9000000000 -61.8955122712
109.0000000000 -61.9765473801
109.1000000000 -62.0574939221
109.2000000000 -62.1383513427
109.3000000000 -62.2191190791
109.4000000000 -62.2997965599
109.5000000000 -62.3803832055
109.6000000000 -62.4608784278
109.7000000000 -62.5412816303
109.8000000000 -62.6215922080
109.9000000000 -62.7018095477
110.0000000000 -62.7819330276
110.1000000000 -62.8619620176
110.2000000000 -62.9418958793
110.3000000000 -63.0217339657
110.4000000000 -63.1014756218
110.5000000000 -63.1811201839
110.6000000000 -63.2606669804
110.7000000000 -63.3401153311
110.8000000000 -63.4194645479
110.9000000000 -63.4987139343
111.0000000000 -63.5778627858
111.1000000000 -63.6569103899
111.2000000000 -63.7358560257
111.3000000000 -63.8146989649
111.4000000000 -63.8934384710
111.5000000000 -63.9720737995
111.6000000000 -64.0506041985
111.7000000000 -64.1290289083
111.8000000000 -64.2073471613
111.9000000000 -64.2855581828
112.0000000000 -64.3636611904
112.1000000000 -64.4416553944
112.2000000000 -64.5195399978
112.3000000000 -64.5973141966
112.4000000000 -64.6749771794
112.5000000000 -64.7525281282
112.6000000000 -64.8299662178
112.7000000000 -64.9072906166
112.8000000000 -64.9845004861
112.9000000000 -65.0615949813
113.0000000000 -65.1385732510
113.1000000000 -65.2154344376
113.2000000000 -65.2921776771
113.3000000000 -65.3688021000
113.4000000000 -65.4453068305
113.5000000000 -65.5216909872
113.6000000000 -65.5979536830
113.7000000000 -65.6740940255
113.8000000000 -65.7501111169
113.9000000000 -65.8260040541
114.0000000000 -65.9017719291
114.1000000000 -65.9774138290
114.2000000000 -66.0529288362
114.3000000000 -66.1283160285
114.4000000000 -66.2035744794
114.5000000000 -66.2787032579
114.6000000000 -66.3537014293
114.7000000000 -66.4285680546
114.8000000000 -66.5033021915
114.9000000000 -66.5779028938
115.0000000000 -66.6523692120
115.1000000000 -66.7267001935
115.2000000000 -66.8008948825
115.3000000000 -66.8749523205
115.4000000000 -66.9488715462
115.5000000000 -67.0226515959
115.6000000000 -67.0962915036
115.7000000000 -67.1697903011
115.8000000000 -67.2431470183
115.9000000000 -67.3163606834
116.0000000000 -67.3894303231
116.1000000000 -67.4623549625
116.2000000000 -67.5351336258
116.3000000000 -67.6077653361
116.4000000000 -67.6802491157
116.5000000000 -67.7525839864
116.6000000000 -67.8247689695
116.7000000000 -67.8968030863
116.8000000000 -67.9686853578
116.9000000000 -68.0404148054
117.0000000000 -68.1119904510
117.1000000000 -68.1834113168
117.2000000000 -68.2546764260
117.3000000000 -68.3257848028
117.4000000000 -68.3967354724
117.5000000000 -68.4675274617
117.6000000000 -68.5381597988
117.7000000000 -68.6086315140
117.8000000000 -68.6789416393
117.9000000000 -68.7490892089
118.0000000000 -68.8190732594
118.1000000000 -68.8888928301
118.2000000000 -68.9585469630
118.3000000000 -69.0280347029
118.4000000000 -69.0973550979
118.5000000000 -69.1665071996
118.6000000000 -69.2354900628
118.7000000000 -69.3043027464
118.8000000000 -69.3729443128
118.9000000000 -69.4414138290
119.0000000000 -69.5097103660
119.1000000000 -69.5778329992
119.2000000000 -69.6457808090
119.3000000000 -69.7135528805
119.4000000000 -69.7811483037
119.5000000000 -69.8485661740
119.6000000000 -69.9158055921
119.7000000000 -69.9828656645
119.8000000000 -70.0497455031
119.9000000000 -70.1164442260
120.0000000000 -70.1829609573
120.1000000000 -70.2492948274
120.2000000000 -70.3154449732
120.3000000000 -70.3814105380
120.4000000000 -70.4471906721
120.5000000000 -70.5127845327
120.6000000000 -70.5781912839
120.7000000000 -70.6434100973
120.8000000000 -70.7084401518
120.9000000000 -70.7732806338
121.0000000000 -70.8379307375
121.1000000000 -70.9023896648
121.2000000000 -70.9666566259
121.3000000000 -71.0307308390
121.4000000000 -71.0946115304
121.5000000000 -71.1582979351
121.6000000000 -71.2217892965
121.7000000000 -71.2850848668
121.8000000000 -71.3481839070
121.9000000000 -71.4110856869
122.0000000000 -71.4737894857
122.1000000000 -71.5362945914
122.2000000000 -71.5986003016
122.3000000000 -71.6607059232
122.4000000000 -71.7226107727
122.5000000000 -71.7843141761
122.6000000000 -71.8458154694
122.7000000000 -71.9071139981
122.8000000000 -71.9682091177
122.9000000000 -72.0291001937
123.0000000000 -72.0897866015
123.1000000000 -72.1502677266
123.2000000000 -72.2105429646
123.3000000000 -72.2706117210
123.4000000000 -72.3304734113
123.5000000000 -72.3901274609
123.6000000000 -72.4495733050
123.7000000000 -72.5088103885
123.8000000000 -72.5678381658
123.9000000000 -72.6266561002
124.0000000000 -72.6852636643
124.1000000000 -72.7436603390
124.2000000000 -72.8018456132
124.3000000000 -72.8598189836
124.4000000000 -72.9175799538
124.5000000000 -72.9751280334
124.6000000000 -73.0324627380
124.7000000000 -73.0895835873
124.8000000000 -73.1464901047
124.9000000000 -73.2031818160
125.0000000000 -73.2596582478
125.1000000000 -73.3159189263
125.2000000000 -73.3719633753
125.3000000000 -73.4277911141
125.4000000000 -73.4834016557
125.5000000000 -73.5387945035
125.6000000000 -73.5939691489
125.7000000000 -73.6489250674
125.8000000000 -73.7036617148
125.9000000000 -73.7581785228
126.0000000000 -73.8124748931
126.1000000000 -73.8665501920
126.2000000000 -73.9204037428
126.3000000000 -73.9740348174
126.4000000000 -74.0274426271
126.5000000000 -74.0806263111
126.6000000000 -74.1335849236
126.7000000000 -74.1863174185
126.8000000000 -74.2388226319
126.9000000000 -74.2910992611
127.0000000000 -74.3431458409
127.1000000000 -74.3949607156
127.2000000000 -74.4465420059
127.3000000000 -74.4978875713
127.4000000000 -74.5489949652
127.5000000000 -74.5998613831
127.6000000000 -74.6504836024
127.7000000000 -74.7008579116
127.8000000000 -74.7509800283
127.9000000000 -74.8008450028
128.0000000000 -74.8504471071
128.1000000000 -74.8997797035
128.2000000000 -74.9488350934
128.3000000000 -74.9976043395
128.4000000000 -75.0460770590
128.5000000000 -75.0942411829
128.6000000000 -75.1420826743
128.7000000000 -75.1895852008
128.8000000000 -75.2367297518
128.9000000000 -75.2834941931
129.0000000000 -75.3298527459
129.1000000000 -75.3757753807
129.2000000000 -75.4212271093
129.3000000000 -75.4661671598
129.4000000000 -75.5105480128
129.5000000000 -75.5543142793
129.6000000000 -75.5974013890
129.7000000000 -75.6397340623
129.8000000000 -75.6812245264
129.9000000000 -75.7217704335
130.0000000000 -75.7612524331
130.1000000000 -75.7995313379
130.2000000000 -75.8364448176
130.3000000000 -75.8718035397
130.4000000000 -75.9053866673
130.5000000000 -75.9369366037
130.6000000000 -75.9661528595
130.7000000000 -75.9926848957
130.8000000000 -76.0161237698
130.9000000000 -76.0359923868
131.0000000000 -76.0517341204
131.1000000000 -76.0626995331
131.2000000000 -76.0681308766
131.3000000000 -76.0671440021
131.4000000000 -76.0587072495
131.5000000000 -76.0416168084
131.6000000000 -76.0144679671
131.7000000000 -75.9756215611
131.8000000000 -75.9231648255
131.9000000000 -75.8548657205
132.0000000000 -75.7681196492
132.1000000000 -75.6598873071
132.2000000000 -75.5266222022
132.3000000000 -75.3641861411
132.4000000000 -75.1677507086
132.5000000000 -74.9316824436
132.6000000000 -74.6494090538
132.7000000000 -74.3132635785
132.8000000000 -73.9143029186
132.9000000000 -73.4420965687
133.0000000000 -72.8844806958
133.1000000000 -72.2272718678
133.2000000000 -71.4539336746
133.3000000000 -70.5451880770
133.4000000000 -69.4785613247
133.5000000000 -68.2278512552
133.6000000000 -66.7624978433
133.7000000000 -65.0468303338
133.8000000000 -63.0391489447
133.9000000000 -60.6905708601
134.0000000000 -57.9435179418
134.1000000000 -54.7296282989
134.2000000000 -50.9667077871
134.3000000000 -46.5540736804
134.4000000000 -41.3652959071
134.5000000000 -35.2370527479
134.6000000000 -27.9529397661
134.7000000000 -19.2229805884
134.8000000000 -8.6764330693
134.9000000000 3.9942034332
135.0000000000 18.1099263330
135.1000000000 30.0428857329
135.2000000000 35.8264518678
135.3000000000 36.9827397739
135.4000000000 36.9234947200
135.5000000000 36.8993859615
135.6000000000 36.9817992518
135.7000000000 37.1000822994
135.8000000000 37.2114265751
135.9000000000 37.2968615222
136.0000000000 37.3496764874
136.1000000000 37.3688668603
136.2000000000 37.3558663159
136.3000000000 37.3129760494
136.4000000000 37.2426393111
136.5000000000 37.1471322355
136.6000000000 37.0284561753
136.7000000000 36.8883239975
136.8000000000 36.7281867809
136.9000000000 36.5492746674
137.0000000000 36.3526394619
137.1000000000 36.1391935489
137.2000000000 35.9097431473
137.3000000000 35.6650155872
137.4000000000 35.4056810282
137.5000000000 35.1323693250
137.6000000000 34.8456828062
137.7000000000 34.5462056895
137.8000000000 34.2345107809
137.9000000000 33.9111640088
138.0000000000 33.5767272596
138.1000000000 33.2317599035
138.2000000000 32.8768193258
138.3000000000 32.5124607268
138.4000000000 32.1392363988
138.5000000000 31.7576946511
138.6000000000 31.3683785171
138.7000000000 30.9718243502
138.8000000000 30.5685603908
138.9000000000 30.1591053668
139.0000000000 29.7439671736
139.1000000000 29.3236416668
139.2000000000 28.8986115886
139.3000000000 28.4693456422
139.4000000000 28.0362977184
139.5000000000 27.5999062769
139.6000000000 27.1605938762
139.7000000000 26.7187668475
139.8000000000 26.2748151015
139.9000000000 25.8291120584
140.0000000000 25.3820146889
140.1000000000 24.9338636541
140.2000000000 24.4849835323
140.3000000000 24.0356831204
140.4000000000 23.5862557980
140.5000000000 23.1369799443
140.6000000000 22.6881193961
140.7000000000 22.2399239385
140.8000000000 21.7926298194
140.9000000000 21.3464602799
141.0000000000 20.9016260939
141.1000000000 20.4583261102
141.2000000000 20.0167477932
141.3000000000 19.5770677560
141.4000000000 19.1394522830
141.5000000000 18.7040578389
141.6000000000 18.2710315610
141.7000000000 17.8405117328
141.8000000000 17.4126282379
141.9000000000 16.9875029918
142.0000000000 16.5652503532
142.1000000000 16.1459775111
142.2000000000 15.7297848503
142.3000000000 15.3167662946
142.4000000000 14.9070096274
142.5000000000 14.5005967912
142.6000000000 14.0976041663
142.7000000000 13.6981028291
142.8000000000 13.3021587919
142.9000000000 12.9098332247
143.0000000000 12.5211826595
143.1000000000 12.1362591798
143.2000000000 11.7551105944
143.3000000000 11.3777805989
143.4000000000 11.0043089237
143.5000000000 10.6347314719
143.6000000000 10.2690804467
143.7000000000 9.9073844699
143.8000000000 9.5496686925
143.9000000000 9.1959548984
144.0000000000 8.8462616021
144.1000000000 8.5006041408
144.2000000000 8.1589947626
144.3000000000 7.8214427105
144.4000000000 7.4879543036
144.5000000000 7.1585330160
144.6000000000 6.8331795532
144.7000000000 6.5118919281
144.8000000000 6.1946655357
144.9000000000 5.8814932278
145.0000000000 5.5723653873
145.1000000000 5.2672700037
145.2000000000 4.9661927485
145.3000000000 4.6691170522
145.4000000000 4.3760241822
145.5000000000 4.0868933213
145.6000000000 3.8017016486
145.7000000000 3.5204244203
145.8000000000 3.2430350524
145.9000000000 2.9695052040
146.0000000000 2.6998048615
146.1000000000 2.4339024236
146.2000000000 2.1717647864
146.3000000000 1.9133574289
146.4000000000 1.6586444986
146.5000000000 1.4075888963
146.6000000000 1.1601523613
146.7000000000 0.9162955550
146.8000000000 0.6759781439
146.9000000000 0.4391588816
147.0000000000 0.2057956892
147.1000000000 -0.0241542661
147.2000000000 -0.2507344934
147.3000000000 -0.4739891030
147.4000000000 -0.6939627336
147.5000000000 -0.9107004807
147.6000000000 -1.1242478283
147.7000000000 -1.3346505825
147.8000000000 -1.5419548074
147.9000000000 -1.7462067639
148.0000000000 -1.9474528509
148.1000000000 -2.1457395488
148.2000000000 -2.3411133664
148.3000000000 -2.5336207894
148.4000000000 -2.7233082323
148.5000000000 -2.9102219923
148.6000000000 -3.0944082065
148.7000000000 -3.2759128104
148.8000000000 -3.4547815003
148.9000000000 -3.6310596972
149.0000000000 -3.8047925130
149.1000000000 -3.9760247194
149.2000000000 -4.1448007193
149.3000000000 -4.3111645191
149.4000000000 -4.4751597045
149.5000000000 -4.6368294176
149.6000000000 -4.7962163358
149.7000000000 -4.9533626529
149.8000000000 -5.1083100617
149.9000000000 -5.2610997386
150.0000000000 -5.4117723292
150.1000000000 -5.5603679364
150.2000000000 -5.7069261090
150.3000000000 -5.8514858321
150.4000000000 -5.9940855189
150.5000000000 -6.1347630037
150.6000000000 -6.2735555358
150.7000000000 -6.4104997749
150.8000000000 -6.5456317876
150.9000000000 -6.6789870442
151.0000000000 -6.8106004173
151.1000000000 -6.9405061807
151.2000000000 -7.0687380095
151.3000000000 -7.1953289805
151.4000000000 -7.3203115742
151.5000000000 -7.4437176760
151.6000000000 -7.5655785800
151.7000000000 -7.6859249913
151.8000000000 -7.8047870308
151.9000000000 -7.9221942389
152.0000000000 -8.0381755805
152.1000000000 -8.1527594507
152.2000000000 -8.2659736800
152.3000000000 -8.3778455404
152.4000000000 -8.4884017523
152.5000000000 -8.5976684906
152.6000000000 -8.7056713919
152.7000000000 -8.8124355621
152.8000000000 -8.9179855831
152.9000000000 -9.0223455213
153.0000000000 -9.1255389348
153.1000000000 -9.2275888819
153.2000000000 -9.3285179286
153.3000000000 -9.4283481576
153.4000000000 -9.5271011762
153.5000000000 -9.6247981248
153.6000000000 -9.7214596852
153.7000000000 -9.8171060896
153.8000000000 -9.9117571288
153.9000000000 -10.0054321607
154.0000000000 -10.0981501192
154.1000000000 -10.1899295224
154.2000000000 -10.2807884815
154.3000000000 -10.3707447089
154.4000000000 -10.4598155270
154.5000000000 -10.5480178765
154.6000000000 -10.6353683246
154.7000000000 -10.7218830733
154.8000000000 -10.8075779678
154.9000000000 -10.8924685043
155.0000000000 -10.9765698380
155.1000000000 -11.0598967915
155.2000000000 -11.1424638617
155.3000000000 -11.2242852284
155.4000000000 -11.3053747613
155.5000000000 -11.3857460274
155.6000000000 -11.4654122987
155.7000000000 -11.5443865593
155.8000000000 -11.6226815120
155.9000000000 -11.7003095860
156.0000000000 -11.7772829430
156.1000000000 -11.8536134843
156.2000000000 -11.9293128572
156.3000000000 -12.0043924614
156.4000000000 -12.0788634552
156.5000000000 -12.1527367616
156.6000000000 -12.2260230745
156.7000000000 -12.2987328645
156.8000000000 -12.3708763843
156.9000000000 -12.4424636746
157.0000000000 -12.5135045694
157.1000000000 -12.5840087016
157.2000000000 -12.6539855077
157.3000000000 -12.7234442331
157.4000000000 -12.7923939372
157.5000000000 -12.8608434978
157.6000000000 -12.9288016160
157.7000000000 -12.9962768210
157.8000000000 -13.0632774740
157.9000000000 -13.1298117728
158.0000000000 -13.1958877559
158.1000000000 -13.2615133069
158.2000000000 -13.3266961578
158.3000000000 -13.3914438935
158.4000000000 -13.4557639552
158.5000000000 -13.5196636443
158.6000000000 -13.5831501256
158.7000000000 -13.6462304309
158.8000000000 -13.7089114625
158.9000000000 -13.7711999961
159.0000000000 -13.8331026843
159.1000000000 -13.8946260595
159.2000000000 -13.9557765368
159.3000000000 -14.0165604172
159.4000000000 -14.0769838899
159.5000000000 -14.1370530355
159.6000000000 -14.1967738284
159.7000000000 -14.2561521394
159.8000000000 -14.3151937382
159.9000000000 -14.3739042959
160.0000000000 -14.4322893874
160.1000000000 -14.4903544934
160.2000000000 -14.5481050028
160.3000000000 -14.6055462149
160.4000000000 -14.6626833417
160.5000000000 -14.7195215092
160.6000000000 -14.7760657604
160.7000000000 -14.8323210562
160.8000000000 -14.8882922780
160.9000000000 -14.9439842294
161.0000000000 -14.9994016376
161.1000000000 -15.0545491553
161.2000000000 -15.1094313627
161.3000000000 -15.1640527686
161.4000000000 -15.2184178122
161.5000000000 -15.2725308648
161.6000000000 -15.3263962310
161.7000000000 -15.3800181503
161.8000000000 -15.4334007985
161.9000000000 -15.4865482892
162.0000000000 -15.5394646748
162.1000000000 -15.5921539480
162.2000000000 -15.6446200433
162.3000000000 -15.6968668379
162.4000000000 -15.7488981528
162.5000000000 -15.8007177545
162.6000000000 -15.8523293557
162.7000000000 -15.9037366165
162.8000000000 -15.9549431455
162.9000000000 -16.0059525011
163.0000000000 -16.0567681919
163.1000000000 -16.1073936786
163.2000000000 -16.1578323742
163.3000000000 -16.2080876453
163.4000000000 -16.2581628130
163.5000000000 -16.3080611539
163.6000000000 -16.3577859008
163.7000000000 -16.4073402437
163.8000000000 -16.4567273307
163.9000000000 -16.5059502687
164.0000000000 -16.5550121240
164.1000000000 -16.6039159239
164.2000000000 -16.6526646563
164.3000000000 -16.7012612717
164.4000000000 -16.7497086829
164.5000000000 -16.7980097662
164.6000000000 -16.8461673623
164.7000000000 -16.8941842764
164.8000000000 -16.9420632796
164.9000000000 -16.9898071090
165.0000000000 -17.0374184684
165.1000000000 -17.0849000294
165.2000000000 -17.1322544315
165.3000000000 -17.1794842828
165.4000000000 -17.2265921610
165.5000000000 -17.2735806134
165.6000000000 -17.3204521580
165.7000000000 -17.3672092837
165.8000000000 -17.4138544509
165.9000000000 -17.4603900923
166.0000000000 -17.5068186130
166.1000000000 -17.5531423915
166.2000000000 -17.5993637798
166.3000000000 -17.6454851040
166.4000000000 -17.6915086650
166.5000000000 -17.7374367388
166.6000000000 -17.7832715768
166.7000000000 -17.8290154067
166.8000000000 -17.8746704326
166.9000000000 -17.9202388354
167.0000000000 -17.9657227736
167.1000000000 -18.0111243834
167.2000000000 -18.0564457791
167.3000000000 -18.1016890538
167.4000000000 -18.1468562795
167.5000000000 -18.1919495077
167.6000000000 -18.2369707697
167.7000000000 -18.2819220770
167.8000000000 -18.3268054216
167.9000000000 -18.3716227764
168.0000000000 -18.4163760958
168.1000000000 -18.4610673155
168.2000000000 -18.5056983534
168.3000000000 -18.5502711098
168.4000000000 -18.5947874675
168.5000000000 -18.6392492923
168.6000000000 -18.6836584333
168.7000000000 -18.7280167235
168.8000000000 -18.7723259794
168.9000000000 -18.8165880020
169.0000000000 -18.8608045769
169.1000000000 -18.9049774744
169.2000000000 -18.9491084499
169.3000000000 -18.9931992443
169.4000000000 -19.0372515843
169.5000000000 -19.0812671822
169.6000000000 -19.1252477370
169.7000000000 -19.1691949338
169.8000000000 -19.2131104448
169.9000000000 -19.2569959289
170.0000000000 -19.3008530325
170.1000000000 -19.3446833893
170.2000000000 -19.3884886211
170.3000000000 -19.4322703373
170.4000000000 -19.4760301357
170.5000000000 -19.5197696027
170.6000000000 -19.5634903131
170.7000000000 -19.6071938309
170.8000000000 -19.6508817090
170.9000000000 -19.6945554897
171.0000000000 -19.7382167049
171.1000000000 -19.7818668762
171.2000000000 -19.8255075151
171.3000000000 -19.8691401236
171.4000000000 -19.9127661935
171.5000000000 -19.9563872076
171.6000000000 -20.0000046392
171.7000000000 -20.0436199527
171.8000000000 -20.0872346034
171.9000000000 -20.1308500381
172.0000000000 -20.1744676948
172.1000000000 -20.2180890034
172.2000000000 -20.2617153855
172.3000000000 -20.3053482545
172.4000000000 -20.3489890162
172.5000000000 -20.3926390686
172.6000000000 -20.4362998021
172.7000000000 -20.4799725997
172.8000000000 -20.5236588373
172.9000000000 -20.5673598835
173.0000000000 -20.6110771000
173.1000000000 -20.6548118419
173.2000000000 -20.6985654575
173.3000000000 -20.7423392884
173.4000000000 -20.7861346701
173.5000000000 -20.8299529317
173.6000000000 -20.8737953963
173.7000000000 -20.9176633807
173.8000000000 -20.9615581962
173.9000000000 -21.0054811481
174.0000000000 -21.0494335361
174.1000000000 -21.0934166546
174.2000000000 -21.1374317923
174.3000000000 -21.1814802329
174.4000000000 -21.2255632546
174.5000000000 -21.2696821309
174.6000000000 -21.3138381301
174.7000000000 -21.3580325157
174.8000000000 -21.4022665465
174.9000000000 -21.4465414766
175.0000000000 -21.4908585555
175.1000000000 -21.5352190284
175.2000000000 -21.5796241359
175.3000000000 -21.6240751144
175.4000000000 -21.6685731963
175.5000000000 -21.7131196097
175.6000000000 -21.7577155786
175.7000000000 -21.8023623232
175.8000000000 -21.8470610600
175.9000000000 -21.8918130013
176.0000000000 -21.9366193561
176.1000000000 -21.9814813295
176.2000000000 -22.0264001230
176.3000000000 -22.0713769350
176.4000000000 -22.1164129600
176.5000000000 -22.1615093894
176.6000000000 -22.2066674113
176.7000000000 -22.2518882103
176.8000000000 -22.2971729682
176.9000000000 -22.3425228635
177.0000000000 -22.3879390715
177.1000000000 -22.4334227647
177.2000000000 -22.4789751126
177.3000000000 -22.5245972816
177.4000000000 -22.5702904354
177.5000000000 -22.6160557350
177.6000000000 -22.6618943382
177.7000000000 -22.7078074006
177.8000000000 -22.7537960746
177.9000000000 -22.7998615104
178.0000000000 -22.8460048551
178.1000000000 -22.8922272536
178.2000000000 -22.9385298481
178.3000000000 -22.9849137782
178.4000000000 -23.0313801811
178.5000000000 -23.0779301914
178.6000000000 -23.1245649415
178.7000000000 -23.1712855610
178.8000000000 -23.2180931774
178.9000000000 -23.2649889157
179.0000000000 -23.3119738985
179.1000000000 -23.3590492461
179.2000000000 -23.4062160763
179.3000000000 -23.4534755047
179.4000000000 -23.5008286446
179.5000000000 -23.5482766069
179.6000000000 -23.5958205002
179.7000000000 -23.6434614307
179.8000000000 -23.6912005024
179.9000000000 -23.7390388171
180.0000000000 -23.7869774739
180.1000000000 -23.8350175699
180.2000000000 -23.8831601998
180.3000000000 -23.9314064559
180.4000000000 -23.9797574281
180.5000000000 -24.0282142042
180.6000000000 -24.0767778694
180.7000000000 -24.1254495064
180.8000000000 -24.1742301958
180.9000000000 -24.2231210155
181.0000000000 -24.2721230410
181.1000000000 -24.3212373456
181.2000000000 -24.3704649996
181.3000000000 -24.4198070711
181.4000000000 -24.4692646256
181.5000000000 -24.5188387260
181.6000000000 -24.5685304324
181.7000000000 -24.6183408025
181.8000000000 -24.6682708911
181.9000000000 -24.7183217503
182.0000000000 -24.7684944295
182.1000000000 -24.8187899750
182.2000000000 -24.8692094306
182.3000000000 -24.9197538370
182.4000000000 -24.9704242318
182.5000000000 -25.0212216498
182.6000000000 -25.0721471225
182.7000000000 -25.1232016784
182.8000000000 -25.1743863428
182.9000000000 -25.2257021377
183.0000000000 -25.2771500818
183.1000000000 -25.3287311905
183.2000000000 -25.3804464756
183.3000000000 -25.4322969454
183.4000000000 -25.4842836048
183.5000000000 -25.5364074548
183.6000000000 -25.5886694928
183.7000000000 -25.6410707125
183.8000000000 -25.6936121036
183.9000000000 -25.7462946517
184.0000000000 -25.7991193385
184.1000000000 -25.8520871417
184.2000000000 -25.9051990346
184.3000000000 -25.9584559862
184.4000000000 -26.0118589612
184.5000000000 -26.0654089198
184.6000000000 -26.1191068175
184.7000000000 -26.1729536054
184.8000000000 -26.2269502296
184.9000000000 -26.2810976314
185.0000000000 -26.3353967471
185.1000000000 -26.3898485080
185.2000000000 -26.4444538403
185.3000000000 -26.4992136647
185.4000000000 -26.5541288966
185.5000000000 -26.6092004461
185.6000000000 -26.6644292174
185.7000000000 -26.7198161092
185.8000000000 -26.7753620142
185.9000000000 -26.8310678192
186.0000000000 -26.8869344050
186.1000000000 -26.9429626461
186.2000000000 -26.9991534108
186.3000000000 -27.0555075609
186.4000000000 -27.1120259516
186.5000000000 -27.1687094315
186.6000000000 -27.2255588423
186.7000000000 -27.2825750187
186.8000000000 -27.3397587885
186.9000000000 -27.3971109722
187.0000000000 -27.4546323828
187.1000000000 -27.5123238262
187.2000000000 -27.5701861002
187.3000000000 -27.6282199952
187.4000000000 -27.6864262935
187.5000000000 -27.7448057696
187.6000000000 -27.8033591895
187.7000000000 -27.8620873111
187.8000000000 -27.9209908837
187.9000000000 -27.9800706481
188.0000000000 -28.0393273363
188.1000000000 -28.0987616713
188.2000000000 -28.1583743671
188.3000000000 -28.2181661285
188.4000000000 -28.2781376509
188.5000000000 -28.3382896203
188.6000000000 -28.3986227129
188.7000000000 -28.4591375951
188.8000000000 -28.5198349233
188.9000000000 -28.5807153439
189.0000000000 -28.6417794928
189.1000000000 -28.7030279957
189.2000000000 -28.7644614674
189.3000000000 -28.8260805123
189.4000000000 -28.8878857237
189.5000000000 -28.9498776836
189.6000000000 -29.0120569632
189.7000000000 -29.0744241221
189.8000000000 -29.1369797082
189.9000000000 -29.1997242579
190.0000000000 -29.2626582958
190.1000000000 -29.3257823341
190.2000000000 -29.3890968732
190.3000000000 -29.4526024011
190.4000000000 -29.5162993930
190.5000000000 -29.5801883117
190.6000000000 -29.6442696072
190.7000000000 -29.7085437164
190.8000000000 -29.7730110631
190.9000000000 -29.8376720578
191.0000000000 -29.9025270977
191.1000000000 -29.9675765661
191.2000000000 -30.0328208327
191.3000000000 -30.0982602535
191.4000000000 -30.1638951701
191.5000000000 -30.2297259101
191.6000000000 -30.2957527866
191.7000000000 -30.3619760984
191.8000000000 -30.4283961293
191.9000000000 -30.4950131486
192.0000000000 -30.5618274106
192.1000000000 -30.6288391543
192.2000000000 -30.6960486037
192.3000000000 -30.7634559674
192.4000000000 -30.8310614384
192.5000000000 -30.8988651939
192.6000000000 -30.9668673958
192.7000000000 -31.0350681895
192.8000000000 -31.1034677048
192.9000000000 -31.1720660550
193.0000000000 -31.2408633374
193.1000000000 -31.3098596327
193.2000000000 -31.3790550050
193.3000000000 -31.4484495019
193.4000000000 -31.5180431541
193.5000000000 -31.5878359755
193.6000000000 -31.6578279629
193.7000000000 -31.7280190960
193.8000000000 -31.7984093374
193.9000000000 -31.8689986322
194.0000000000 -31.9397869083
194.1000000000 -32.0107740759
194.2000000000 -32.0819600277
194.3000000000 -32.1533446388
194.4000000000 -32.2249277662
194.5000000000 -32.2967092494
194.6000000000 -32.3686889099
194.7000000000 -32.4408665509
194.8000000000 -32.5132419580
194.9000000000 -32.5858148982
195.0000000000 -32.6585851205
195.1000000000 -32.7315523557
195.2000000000 -32.8047163163
195.3000000000 -32.8780766961
195.4000000000 -32.9516331709
195.5000000000 -33.0253853978
195.6000000000 -33.0993330154
195.7000000000 -33.1734756439
195.8000000000 -33.2478128849
195.9000000000 -33.3223443214
196.0000000000 -33.3970695177
196.1000000000 -33.4719880197
196.2000000000 -33.5470993544
196.3000000000 -33.6224030304
196.4000000000 -33.6978985375
196.5000000000 -33.7735853471
196.6000000000 -33.8494629117
196.7000000000 -33.9255306654
196.8000000000 -34.0017880236
196.9000000000 -34.0782343831
197.0000000000 -34.1548691223
197.1000000000 -34.2316916010
197.2000000000 -34.3087011606
197.3000000000 -34.3858971240
197.4000000000 -34.4632787958
197.5000000000 -34.5408454622
197.6000000000 -34.6185963912
197.7000000000 -34.6965308327
197.8000000000 -34.7746480184
197.9000000000 -34.8529471618
198.0000000000 -34.9314274586
198.1000000000 -35.0100880867
198.2000000000 -35.0889282061
198.3000000000 -35.1679469590
198.4000000000 -35.2471434702
198.5000000000 -35.3265168469
198.6000000000 -35.4060661790
198.7000000000 -35.4857905390
198.8000000000 -35.5656889826
198.9000000000 -35.6457605480
199.0000000000 -35.7260042571
199.1000000000 -35.8064191145
199.2000000000 -35.8870041086
199.3000000000 -35.9677582112
199.4000000000 -36.0486803779
199.5000000000 -36.1297695480
199.6000000000 -36.2110246451
199.7000000000 -36.2924445767
199.8000000000 -36.3740282349
199.9000000000 -36.4557744963
200.0000000000 -36.5376822221
200.1000000000 -36.6197502587
200.2000000000 -36.7019774373
200.3000000000 -36.7843625746
200.4000000000 -36.8669044727
200.5000000000 -36.9496019196
200.6000000000 -37.0324536892
200.7000000000 -37.1154585412
200.8000000000 -37.1986152221
200.9000000000 -37.2819224648
201.0000000000 -37.3653789891
201.1000000000 -37.4489835015
201.2000000000 -37.5327346964
201.3000000000 -37.6166312551
201.4000000000 -37.7006718471
201.5000000000 -37.7848551296
201.6000000000 -37.8691797483
201.7000000000 -37.9536443373
201.8000000000 -38.0382475194
201.9000000000 -38.1229879066
202.0000000000 -38.2078641002
202.1000000000 -38.2928746907
202.2000000000 -38.3780182589
202.3000000000 -38.4632933755
202.4000000000 -38.5486986014
202.5000000000 -38.6342324885
202.6000000000 -38.7198935794
202.7000000000 -38.8056804080
202.8000000000 -38.8915914996
202.9000000000 -38.9776253715
203.0000000000 -39.0637805329
203.1000000000 -39.1500554854
203.2000000000 -39.2364487233
203.3000000000 -39.3229587339
203.4000000000 -39.4095839976
203.5000000000 -39.4963229885
203.6000000000 -39.5831741745
203.7000000000 -39.6701360177
203.8000000000 -39.7572069745
203.9000000000 -39.8443854962
204.0000000000 -39.9316700291
204.1000000000 -40.0190590149
204.2000000000 -40.1065508909
204.3000000000 -40.1941440905
204.4000000000 -40.2818370432
204.5000000000 -40.3696281751
204.6000000000 -40.4575159094
204.7000000000 -40.5454986662
204.8000000000 -40.6335748633
204.9000000000 -40.7217429161
205.0000000000 -40.8100012384
205.1000000000 -40.8983482420
205.2000000000 -40.9867823379
205.3000000000 -41.0753019356
205.4000000000 -41.1639054443
205.5000000000 -41.2525912726
205.6000000000 -41.3413578291
205.7000000000 -41.4302035226
205.8000000000 -41.5191267623
205.9000000000 -41.6081259583
206.0000000000 -41.6971995217
206.1000000000 -41.7863458652
206.2000000000 -41.8755634028
206.3000000000 -41.9648505508
206.4000000000 -42.0542057276
206.5000000000 -42.1436273540
206.6000000000 -42.2331138538
206.7000000000 -42.3226636537
206.8000000000 -42.4122751840
206.9000000000 -42.5019468784
207.0000000000 -42.5916771746
207.1000000000 -42.6814645143
207.2000000000 -42.7713073439
207.3000000000 -42.8612041143
207.4000000000 -42.9511532815
207.5000000000 -43.0411533064
207.6000000000 -43.1312026557
207.7000000000 -43.2212998016
207.8000000000 -43.3114432223
207.9000000000 -43.4016314022
208.0000000000 -43.4918628320
208.1000000000 -43.5821360093
208.2000000000 -43.6724494384
208.3000000000 -43.7628016307
208.4000000000 -43.8531911051
208.5000000000 -43.9436163879
208.6000000000 -44.0340760133
208.7000000000 -44.1245685233
208.8000000000 -44.2150924682
208.9000000000 -44.3056464067
209.0000000000 -44.3962289061
209.1000000000 -44.4868385424
209.2000000000 -44.5774739007
209.3000000000 -44.6681335750
209.4000000000 -44.7588161690
209.5000000000 -44.8495202956
209.6000000000 -44.9402445775
209.7000000000 -45.0309876472
209.8000000000 -45.1217481474
209.9000000000 -45.2125247307
210.0000000000 -45.3033160602
210.1000000000 -45.3941208094
210.2000000000 -45.4849376625
210.3000000000 -45.5757653144
210.4000000000 -45.6666024708
210.5000000000 -45.7574478485
210.6000000000 -45.8483001756
210.7000000000 -45.9391581911
210.8000000000 -46.0300206458
210.9000000000 -46.1208863018
211.0000000000 -46.2117539326
211.1000000000 -46.3026223237
211.2000000000 -46.3934902723
211.3000000000 -46.4843565875
211.4000000000 -46.5752200903
211.5000000000 -46.6660796139
211.6000000000 -46.7569340035
211.7000000000 -46.8477821165
211.8000000000 -46.9386228228
211.9000000000 -47.0294550043
212.0000000000 -47.1202775556
212.1000000000 -47.2110893837
212.2000000000 -47.3018894078
212.3000000000 -47.3926765602
212.4000000000 -47.4834497853
212.5000000000 -47.5742080403
212.6000000000 -47.6649502951
212.7000000000 -47.7556755322
212.8000000000 -47.8463827470
212.9000000000 -47.9370709473
213.0000000000 -48.0277391539
213.1000000000 -48.1183864002
213.2000000000 -48.2090117324
213.3000000000 -48.2996142094
213.4000000000 -48.3901929030
213.5000000000 -48.4807468976
213.6000000000 -48.5712752903
213.7000000000 -48.6617771908
213.8000000000 -48.7522517219
213.9000000000 -48.8426980185
214.0000000000 -48.9331152286
214.1000000000 -49.0235025125
214.2000000000 -49.1138590432
214.3000000000 -49.2041840061
214.4000000000 -49.2944765992
214.5000000000 -49.3847360327
214.6000000000 -49.4749615293
214.7000000000 -49.5651523241
214.8000000000 -49.6553076644
214.9000000000 -49.7454268094
215.0000000000 -49.8355090308
215.1000000000 -49.9255536121
215.2000000000 -50.0155598488
215.3000000000 -50.1055270483
215.4000000000 -50.1954545299
215.5000000000 -50.2853416243
215.6000000000 -50.3751876742
215.7000000000 -50.4649920336
215.8000000000 -50.5547540680
215.9000000000 -50.6444731541
216.0000000000 -50.7341486801
216.1000000000 -50.8237800451
216.2000000000 -50.9133666592
216.3000000000 -51.0029079437
216.4000000000 -51.0924033302
216.5000000000 -51.1818522614
216.6000000000 -51.2712541903
216.7000000000 -51.3606085804
216.8000000000 -51.4499149056
216.9000000000 -51.5391726498
217.0000000000 -51.6283813070
217.1000000000 -51.7175403811
217.2000000000 -51.8066493857
217.3000000000 -51.8957078443
217.4000000000 -51.9847152895
217.5000000000 -52.0736712634
217.6000000000 -52.1625753175
217.7000000000 -52.2514270120
217.8000000000 -52.3402259162
217.9000000000 -52.4289716080
218.0000000000 -52.5176636742
218.1000000000 -52.6063017096
218.2000000000 -52.6948853176
218.3000000000 -52.7834141094
218.4000000000 -52.8718877046
218.5000000000 -52.9603057301
218.6000000000 -53.0486678206
218.7000000000 -53.1369736184
218.8000000000 -53.2252227729
218.9000000000 -53.3134149407
219.0000000000 -53.4015497851
219.1000000000 -53.4896269765
219.2000000000 -53.5776461916
219.3000000000 -53.6656071137
219.4000000000 -53.7535094322
219.5000000000 -53.8413528425
219.6000000000 -53.9291370461
219.7000000000 -54.0168617500
219.8000000000 -54.1045266666
219.9000000000 -54.1921315139
220.0000000000 -54.2796760147
220.1000000000 -54.3671598970
220.2000000000 -54.4545828935
220.3000000000 -54.5419447414
220.4000000000 -54.6292451822
220.5000000000 -54.7164839619
220.6000000000 -54.8036608301
220.7000000000 -54.8907755404
220.8000000000 -54.9778278502
220.9000000000 -55.0648175200
221.0000000000 -55.1517443137
221.1000000000 -55.2386079983
221.2000000000 -55.3254083434
221.3000000000 -55.4121451215
221.4000000000 -55.4988181076
221.5000000000 -55.5854270787
221.6000000000 -55.6719718140
221.7000000000 -55.7584520948
221.8000000000 -55.8448677037
221.9000000000 -55.9312184252
222.0000000000 -56.0175040447
222.1000000000 -56.1037243491
222.2000000000 -56.1898791259
222.3000000000 -56.2759681636
222.4000000000 -56.3619912509
222.5000000000 -56.4479481772
222.6000000000 -56.5338387319
222.7000000000 -56.6196627043
222.8000000000 -56.7054198836
222.9000000000 -56.7911100585
223.0000000000 -56.8767330172
223.1000000000 -56.9622885469
223.2000000000 -57.0477764341
223.3000000000 -57.1331964639
223.4000000000 -57.2185484203
223.5000000000 -57.3038320855
223.6000000000 -57.3890472403
223.7000000000 -57.4741936633
223.8000000000 -57.5592711313
223.9000000000 -57.6442794187
224.0000000000 -57.7292182976
224.1000000000 -57.8140875372
224.2000000000 -57.8988869044
224.3000000000 -57.9836161629
224.4000000000 -58.0682750731
224.5000000000 -58.1528633925
224.6000000000 -58.2373808749
224.7000000000 -58.3218272706
224.8000000000 -58.4062023261
224.9000000000 -58.4905057839
225.0000000000 -58.5747373825
225.1000000000 -58.6588968560
225.2000000000 -58.7429839343
225.3000000000 -58.8269983425
225.4000000000 -58.9109398012
225.5000000000 -58.9948080261
225.6000000000 -59.0786027277
225.7000000000 -59.1623236115
225.8000000000 -59.2459703778
225.9000000000 -59.3295427212
226.0000000000 -59.4130403310
226.1000000000 -59.4964628907
226.2000000000 -59.5798100778
226.3000000000 -59.6630815641
226.4000000000 -59.7462770151
226.5000000000 -59.8293960902
226.6000000000 -59.9124384425
226.7000000000 -59.9954037185
226.8000000000 -60.0782915583
226.9000000000 -60.1611015953
227.0000000000 -60.2438334559
227.1000000000 -60.3264867599
227.2000000000 -60.4090611200
227.3000000000 -60.4915561417
227.4000000000 -60.5739714235
227.5000000000 -60.6563065565
227.6000000000 -60.7385611245
227.7000000000 -60.8207347038
227.8000000000 -60.9028268632
227.9000000000 -60.9848371639
228.0000000000 -61.0667651593
228.1000000000 -61.1486103952
228.2000000000 -61.2303724095
228.3000000000 -61.3120507322
228.4000000000 -61.3936448855
228.5000000000 -61.4751543832
228.6000000000 -61.5565787316
228.7000000000 -61.6379174283
228.8000000000 -61.7191699633
228.9000000000 -61.8003358180
229.0000000000 -61.8814144657
229.1000000000 -61.9624053715
229.2000000000 -62.0433079921
229.3000000000 -62.1241217759
229.4000000000 -62.2048461630
229.5000000000 -62.2854805850
229.6000000000 -62.3660244653
229.7000000000 -62.4464772189
229.8000000000 -62.5268382521
229.9000000000 -62.6071069632
230.0000000000 -62.6872827419
230.1000000000 -62.7673649694
230.2000000000 -62.8473530187
230.3000000000 -62.9272462544
230.4000000000 -63.0070440327
230.5000000000 -63.0867457014
230.6000000000 -63.1663506001
230.7000000000 -63.2458580601
230.8000000000 -63.3252674044
230.9000000000 -63.4045779479
231.0000000000 -63.4837889971
231.1000000000 -63.5628998507
231.2000000000 -63.6419097990
231.3000000000 -63.7208181245
231.4000000000 -63.7996241016
231.5000000000 -63.8783269970
231.6000000000 -63.9569260693
231.7000000000 -64.0354205695
231.8000000000 -64.1138097408
231.9000000000 -64.1920928189
232.0000000000 -64.2702690318
232.1000000000 -64.3483376002
232.2000000000 -64.4262977374
232.3000000000 -64.5041486492
232.4000000000 -64.5818895346
232.5000000000 -64.6595195851
232.6000000000 -64.7370379856
232.7000000000 -64.8144439138
232.8000000000 -64.8917365408
232.9000000000 -64.9689150310
233.0000000000 -65.0459785423
233.1000000000 -65.1229262261
233.2000000000 -65.1997572276
233.3000000000 -65.2764706857
233.4000000000 -65.3530657333
233.5000000000 -65.4295414974
233.6000000000 -65.5058970993
233.7000000000 -65.5821316545
233.8000000000 -65.6582442730
233.9000000000 -65.7342340597
234.0000000000 -65.8101001140
234.1000000000 -65.8858415303
234.2000000000 -65.9614573982
234.3000000000 -66.0369468024
234.4000000000 -66.1123088232
234.5000000000 -66.1875425363
234.6000000000 -66.2626470131
234.7000000000 -66.3376213209
234.8000000000 -66.4124645233
234.9000000000 -66.4871756798
235.0000000000 -66.5617538465
235.1000000000 -66.6361980760
235.2000000000 -66.7105074175
235.3000000000 -66.7846809174
235.4000000000 -66.8587176191
235.5000000000 -66.9326165631
235.6000000000 -67.0063767876
235.7000000000 -67.0799973284
235.8000000000 -67.1534772190
235.9000000000 -67.2268154910
236.0000000000 -67.3000111743
236.1000000000 -67.3730632970
236.2000000000 -67.4459708859
236.3000000000 -67.5187329667
236.4000000000 -67.5913485638
236.5000000000 -67.6638167010
236.6000000000 -67.7361364014
236.7000000000 -67.8083066875
236.8000000000 -67.8803265817
236.9000000000 -67.9521951064
237.0000000000 -68.0239112840
237.1000000000 -68.0954741373
237.2000000000 -68.1668826896
237.3000000000 -68.2381359651
237.4000000000 -68.3092329886
237.5000000000 -68.3801727864
237.6000000000 -68.4509543859
237.7000000000 -68.5215768161
237.8000000000 -68.5920391077
237.9000000000 -68.6623402933
238.0000000000 -68.7324794077
238.1000000000 -68.8024554880
238.2000000000 -68.8722675737
238.3000000000 -68.9419147071
238.4000000000 -69.0113959334
238.5000000000 -69.0807103009
238.6000000000 -69.1498568611
238.7000000000 -69.2188346692
238.8000000000 -69.2876427838
238.9000000000 -69.3562802675
239.0000000000 -69.4247461869
239.1000000000 -69.4930396130
239.2000000000 -69.5611596210
239.3000000000 -69.6291052909
239.4000000000 -69.6968757074
239.5000000000 -69.7644699601
239.6000000000 -69.8318871440
239.7000000000 -69.8991263592
239.8000000000 -69.9661867115
239.9000000000 -70.0330673122
