-86.2
61.5757
90.8191
115.64
146.942
189.493
248.558
329.007
427.388
509.176
542.428
551.33
553.701
554.037
553.496
552.463
551.095
549.466
547.616
545.568
543.334
540.922
538.336
535.575
532.637
529.517
526.208
522.699
518.98
515.035
510.849
506.401
501.668
496.624
491.24
485.479
479.304
472.67
465.526
457.816
449.476
440.435
430.616
419.931
408.286
395.581
381.71
366.562
350.027
331.997
312.369
291.053
267.968
243.059
216.331
187.918
158.069
127.075
95.6201
64.8303
36.6031
13.4294
-16.0072
-61.9588
-94.0768
-95.9134
-96.0662
-96.119
-96.1482
-96.1732
-96.197
-96.2195
-96.241
-96.2615
-96.2811
-96.2997
-96.3175
-96.3344
-96.3505
-96.3659
-96.3805
-96.3945
-96.4078
-96.4204
-96.4325
-96.4439
-96.4548
-96.4652
-96.4751
-96.4845
-96.4935
-96.502
-96.5101
-96.5178
-96.5252
-96.5321
-96.5388
-96.5451
-96.5511
-96.5568
-96.5622
-96.5674
-96.5722
-96.5769
-96.5813
-96.5855
-96.5895
-96.5933
-96.5969
-96.6003
-96.6036
-96.6066
-96.6096
-96.6123
-96.615
-96.6174
-96.6198
-96.6221
-96.6242
-96.6262
-96.6281
-96.6299
-96.6316
-96.6332
-96.6348
-96.6362
-96.6376
-96.6389
-96.6402
-96.6413
-96.6424
-96.6434
-96.6444
-96.6453
-96.6462
-96.647
-96.6478
-96.6485
-96.6492
-96.6499
-96.6505
-96.651
-96.6516
-96.6521
-96.6525
-96.653
-96.6534
-96.6538
-96.6541
-96.6544
-96.6547
-96.655
-96.6553
-96.6555
-96.6557
-96.6559
-96.6561
-96.6563
-96.6565
-96.6566
-96.6567
-96.6569
-96.657
-96.657
-96.6571
-96.6572
-96.6572
-96.6573
-96.6573
-96.6574
-96.6574
-96.6574
-96.6574
-96.6574
-96.6574
-96.6574
-96.6574
-96.6574
-96.6573
-96.6573
-96.6573
-96.6572
-96.6572
-96.6571
-96.6571
-96.657
-96.657
-96.6569
-96.6568
-96.6567
-96.6567
-96.6566
-96.6565
-96.6564
-96.6563
-96.6563
-96.6562
-96.6561
-96.656
-96.6559
-96.6558
-96.6557
-96.6556
-96.6555
-96.6554
-96.6553
-96.6552
-96.6551
-96.655
-96.6549
-96.6548
-96.6547
-96.6546
-96.6545
-96.6544
-96.6543
-96.6542
-96.6541
-96.654
-96.6539
-96.6538
-96.6536
-96.6535
-96.6534
-96.6533
-96.6532
-96.6531
-96.653
-96.6529
-96.6528
-96.6527
-96.6525
-96.6524
-96.6523
-96.6522
-96.6521
-96.652
-96.6519
-96.6518
-96.6517
-96.6516
-96.6515
-96.6514
-96.6513
-96.6512
-96.6511
-96.651
-96.6509
-96.6508
-96.6507
-96.6506
