0.0000000000 -78.4662663061
0.1000000000 -78.4921215215
0.2000000000 -78.5178293260
0.3000000000 -78.5433901796
0.4000000000 -78.5688045445
0.5000000000 -78.5940728852
0.6000000000 -78.6191956685
0.7000000000 -78.6441733631
0.8000000000 -78.6690064398
0.9000000000 -78.6936953704
1.0000000000 -78.7182406273
1.1000000000 -78.7426426815
1.2000000000 -78.7669019995
1.3000000000 -78.7910190386
1.4000000000 -78.8149942391
1.5000000000 -78.8388280133
1.6000000000 -78.8625207302
1.7000000000 -78.8860726938
1.8000000000 -78.9094841159
1.9000000000 -78.9327550800
2.0000000000 -78.9558854969
2.1000000000 -78.9788750499
2.2000000000 -79.0017231283
2.3000000000 -79.0244287482
2.4000000000 -79.0469904586
2.5000000000 -79.0694062324
2.6000000000 -79.0916733389
2.7000000000 -79.1137881966
2.8000000000 -79.1357462042
2.9000000000 -79.1575415463
3.0000000000 -79.1791669701
3.1000000000 -79.2006135298
3.2000000000 -79.2218702923
3.3000000000 -79.2429239993
3.4000000000 -79.2637586756
3.5000000000 -79.2843551779
3.6000000000 -79.3046906697
3.7000000000 -79.3247380102
3.8000000000 -79.3444650419
3.9000000000 -79.3638337572
4.0000000000 -79.3827993217
4.1000000000 -79.4013089282
4.2000000000 -79.4193004512
4.3000000000 -79.4367008634
4.4000000000 -79.4534243739
4.5000000000 -79.4693702359
4.6000000000 -79.4844201657
4.7000000000 -79.4984353039
4.8000000000 -79.5112526360
4.9000000000 -79.5226807778
5.0000000000 -79.5324950125
5.1000000000 -79.5404314467
5.2000000000 -79.5461801301
5.3000000000 -79.5493769554
5.4000000000 -79.5495941235
5.5000000000 -79.5463289200
5.6000000000 -79.5389905063
5.7000000000 -79.5268843740
5.8000000000 -79.5091940525
5.9000000000 -79.4849595835
6.0000000000 -79.4530521960
6.1000000000 -79.4121445108
6.2000000000 -79.3606754913
6.3000000000 -79.2968092151
6.4000000000 -79.2183863848
6.5000000000 -79.1228673045
6.6000000000 -79.0072648301
6.7000000000 -78.8680655424
6.8000000000 -78.7011370901
6.9000000000 -78.5016192991
7.0000000000 -78.2637962327
7.1000000000 -77.9809459061
7.2000000000 -77.6451638003
7.3000000000 -77.2471556623
7.4000000000 -76.7759943065
7.5000000000 -76.2188342140
7.6000000000 -75.5605766150
7.7000000000 -74.7834763584
7.8000000000 -73.8666800739
7.9000000000 -72.7856826459
8.0000000000 -71.5116853093
8.1000000000 -70.0108326717
8.2000000000 -68.2432955088
8.3000000000 -66.1621468300
8.4000000000 -63.7119414700
8.5000000000 -60.8268361233
8.6000000000 -57.4279417765
8.7000000000 -53.4193193484
8.8000000000 -48.6815127107
8.9000000000 -43.0606685976
9.0000000000 -36.3502140877
9.1000000000 -28.2613480973
9.2000000000 -18.3801153351
9.3000000000 -6.1311113179
9.4000000000 9.0190566306
9.5000000000 25.8460179969
9.6000000000 38.1373378519
9.7000000000 41.5233656775
9.8000000000 40.5161427859
9.9000000000 39.4536154440
10.0000000000 38.9418178174
10.1000000000 38.7247651296
10.2000000000 38.6357963422
10.3000000000 38.5953806110
10.4000000000 38.5667702581
10.5000000000 38.5333288783
10.6000000000 38.4878576959
10.7000000000 38.4275558433
10.8000000000 38.3516228199
10.9000000000 38.2601177123
11.0000000000 38.1534234520
11.1000000000 38.0320041437
11.2000000000 37.8963039762
11.3000000000 37.7467134288
11.4000000000 37.5835661924
11.5000000000 37.4071488624
11.6000000000 37.2177147387
11.7000000000 37.0154977034
11.8000000000 36.8007244494
11.9000000000 36.5736244622
12.0000000000 36.3344376924
12.1000000000 36.0834200987
12.2000000000 35.8208473293
12.3000000000 35.5470168324
12.4000000000 35.2622486754
12.5000000000 34.9668853242
12.6000000000 34.6612906095
12.7000000000 34.3458480718
12.8000000000 34.0209588541
12.9000000000 33.6870392843
13.0000000000 33.3445182651
13.1000000000 32.9938345730
13.2000000000 32.6354341457
13.3000000000 32.2697674245
13.4000000000 31.8972868030
13.5000000000 31.5184442217
13.6000000000 31.1336889370
13.7000000000 30.7434654838
13.8000000000 30.3482118452
13.9000000000 29.9483578328
14.0000000000 29.5443236794
14.1000000000 29.1365188385
14.2000000000 28.7253409843
14.3000000000 28.3111752005
14.4000000000 27.8943933477
14.5000000000 27.4753535933
14.6000000000 27.0544000931
14.7000000000 26.6318628068
14.8000000000 26.2080574348
14.9000000000 25.7832854614
15.0000000000 25.3578342909
15.1000000000 24.9319774627
15.2000000000 24.5059749343
15.3000000000 24.0800734194
15.4000000000 23.6545067719
15.5000000000 23.2294964048
15.6000000000 22.8052517363
15.7000000000 22.3819706553
15.8000000000 21.9598399982
15.9000000000 21.5390360333
16.0000000000 21.1197249447
16.1000000000 20.7020633134
16.2000000000 20.2861985909
16.3000000000 19.8722695621
16.4000000000 19.4604067948
16.5000000000 19.0507330738
16.6000000000 18.6433638186
16.7000000000 18.2384074815
16.8000000000 17.8359659279
16.9000000000 17.4361347963
17.0000000000 17.0390038374
17.1000000000 16.6446572349
17.2000000000 16.2531739047
17.3000000000 15.8646277756
17.4000000000 15.4790880502
17.5000000000 15.0966194474
17.6000000000 14.7172824278
17.7000000000 14.3411334010
17.8000000000 13.9682249174
17.9000000000 13.5986058446
18.0000000000 13.2323215292
18.1000000000 12.8694139457
18.2000000000 12.5099218321
18.3000000000 12.1538808149
18.4000000000 11.8013235230
18.5000000000 11.4522796918
18.6000000000 11.1067762595
18.7000000000 10.7648374542
18.8000000000 10.4264848751
18.9000000000 10.0917375671
19.0000000000 9.7606120903
19.1000000000 9.4331225842
19.2000000000 9.1092808284
19.3000000000 8.7890963006
19.4000000000 8.4725762302
19.5000000000 8.1597256515
19.6000000000 7.8505474545
19.7000000000 7.5450424342
19.8000000000 7.2432093395
19.9000000000 6.9450449223
20.0000000000 6.6505439847
20.1000000000 6.3596994287
20.2000000000 6.0725023044
20.3000000000 5.7889418599
20.4000000000 5.5090055915
20.5000000000 5.2326792947
20.6000000000 4.9599471166
20.7000000000 4.6907916088
20.8000000000 4.4251937814
20.9000000000 4.1631331581
21.0000000000 3.9045878323
21.1000000000 3.6495345238
21.2000000000 3.3979486363
21.3000000000 3.1498043161
21.4000000000 2.9050745107
21.5000000000 2.6637310285
21.6000000000 2.4257445981
21.7000000000 2.1910849283
21.8000000000 1.9597207685
21.9000000000 1.7316199677
22.0000000000 1.5067495349
22.1000000000 1.2850756977
22.2000000000 1.0665639611
22.3000000000 0.8511791657
22.4000000000 0.6388855446
22.5000000000 0.4296467797
22.6000000000 0.2234260569
22.7000000000 0.0201861201
22.8000000000 -0.1801106760
22.9000000000 -0.3775023146
23.0000000000 -0.5720270670
23.1000000000 -0.7637234437
23.2000000000 -0.9526301480
23.3000000000 -1.1387860307
23.4000000000 -1.3222300462
23.5000000000 -1.5030012112
23.6000000000 -1.6811385642
23.7000000000 -1.8566811276
23.8000000000 -2.0296678705
23.9000000000 -2.2001376745
24.0000000000 -2.3681293006
24.1000000000 -2.5336813576
24.2000000000 -2.6968322731
24.3000000000 -2.8576202651
24.4000000000 -3.0160833167
24.5000000000 -3.1722591509
24.6000000000 -3.3261852082
24.7000000000 -3.4778986255
24.8000000000 -3.6274362159
24.9000000000 -3.7748344513
25.0000000000 -3.9201294450
25.1000000000 -4.0633569366
25.2000000000 -4.2045522784
25.3000000000 -4.3437504222
25.4000000000 -4.4809859082
25.5000000000 -4.6162928549
25.6000000000 -4.7497049495
25.7000000000 -4.8812554409
25.8000000000 -5.0109771316
25.9000000000 -5.1389023728
26.0000000000 -5.2650630589
26.1000000000 -5.3894906232
26.2000000000 -5.5122160351
26.3000000000 -5.6332697976
26.4000000000 -5.7526819450
26.5000000000 -5.8704820425
26.6000000000 -5.9866991857
26.7000000000 -6.1013620005
26.8000000000 -6.2144986443
26.9000000000 -6.3261368072
27.0000000000 -6.4363037137
27.1000000000 -6.5450261255
27.2000000000 -6.6523303435
27.3000000000 -6.7582422116
27.4000000000 -6.8627871197
27.5000000000 -6.9659900079
27.6000000000 -7.0678753703
27.7000000000 -7.1684672597
27.8000000000 -7.2677892917
27.9000000000 -7.3658646505
28.0000000000 -7.4627160928
28.1000000000 -7.5583659542
28.2000000000 -7.6528361536
28.3000000000 -7.7461481995
28.4000000000 -7.8383231954
28.5000000000 -7.9293818452
28.6000000000 -8.0193444599
28.7000000000 -8.1082309627
28.8000000000 -8.1960608955
28.9000000000 -8.2828534247
29.0000000000 -8.3686273474
29.1000000000 -8.4534010976
29.2000000000 -8.5371927519
29.3000000000 -8.6200200361
29.4000000000 -8.7019003312
29.5000000000 -8.7828506791
29.6000000000 -8.8628877892
29.7000000000 -8.9420280442
29.8000000000 -9.0202875061
29.9000000000 -9.0976819221
30.0000000000 -9.1742267308
30.1000000000 -9.2499370676
30.2000000000 -9.3248277711
30.3000000000 -9.3989133883
30.4000000000 -9.4722081806
30.5000000000 -9.5447261293
30.6000000000 -9.6164809412
30.7000000000 -9.6874860539
30.8000000000 -9.7577546416
30.9000000000 -9.8272996198
31.0000000000 -9.8961336511
31.1000000000 -9.9642691502
31.2000000000 -10.0317182886
31.3000000000 -10.0984930002
31.4000000000 -10.1646049856
31.5000000000 -10.2300657175
31.6000000000 -10.2948864450
31.7000000000 -10.3590781982
31.8000000000 -10.4226517933
31.9000000000 -10.4856178365
32.0000000000 -10.5479867286
32.1000000000 -10.6097686694
32.2000000000 -10.6709736620
32.3000000000 -10.7316115163
32.4000000000 -10.7916918541
32.5000000000 -10.8512241120
32.6000000000 -10.9102175462
32.7000000000 -10.9686812356
32.8000000000 -11.0266240860
32.9000000000 -11.0840548335
33.0000000000 -11.1409820483
33.1000000000 -11.1974141378
33.2000000000 -11.2533593505
33.3000000000 -11.3088257790
33.4000000000 -11.3638213633
33.5000000000 -11.4183538945
33.6000000000 -11.4724310170
33.7000000000 -11.5260602324
33.8000000000 -11.5792489022
33.9000000000 -11.6320042506
34.0000000000 -11.6843333675
34.1000000000 -11.7362432114
34.2000000000 -11.7877406119
34.3000000000 -11.8388322726
34.4000000000 -11.8895247735
34.5000000000 -11.9398245737
34.6000000000 -11.9897380141
34.7000000000 -12.0392713194
34.8000000000 -12.0884306007
34.9000000000 -12.1372218581
35.0000000000 -12.1856509826
35.1000000000 -12.2337237584
35.2000000000 -12.2814458654
35.3000000000 -12.3288228809
35.4000000000 -12.3758602822
35.5000000000 -12.4225634481
35.6000000000 -12.4689376612
35.7000000000 -12.5149881099
35.8000000000 -12.5607198902
35.9000000000 -12.6061380077
36.0000000000 -12.6512473791
36.1000000000 -12.6960528345
36.2000000000 -12.7405591188
36.3000000000 -12.7847708934
36.4000000000 -12.8286927382
36.5000000000 -12.8723291528
36.6000000000 -12.9156845586
36.7000000000 -12.9587632999
36.8000000000 -13.0015696457
36.9000000000 -13.0441077913
37.0000000000 -13.0863818595
37.1000000000 -13.1283959023
37.2000000000 -13.1701539021
37.3000000000 -13.2116597733
37.4000000000 -13.2529173635
37.5000000000 -13.2939304549
37.6000000000 -13.3347027656
37.7000000000 -13.3752379508
37.8000000000 -13.4155396042
37.9000000000 -13.4556112591
38.0000000000 -13.4954563895
38.1000000000 -13.5350784117
38.2000000000 -13.5744806848
38.3000000000 -13.6136665125
38.4000000000 -13.6526391436
38.5000000000 -13.6914017735
38.6000000000 -13.7299575452
38.7000000000 -13.7683095500
38.8000000000 -13.8064608291
38.9000000000 -13.8444143740
39.0000000000 -13.8821731278
39.1000000000 -13.9197399863
39.2000000000 -13.9571177983
39.3000000000 -13.9943093674
39.4000000000 -14.0313174521
39.5000000000 -14.0681447673
39.6000000000 -14.1047939846
39.7000000000 -14.1412677337
39.8000000000 -14.1775686028
39.9000000000 -14.2136991395
40.0000000000 -14.2496618518
40.1000000000 -14.2854592088
40.2000000000 -14.3210936412
40.3000000000 -14.3565675423
40.4000000000 -14.3918832687
40.5000000000 -14.4270431411
40.6000000000 -14.4620494448
40.7000000000 -14.4969044304
40.8000000000 -14.5316103147
40.9000000000 -14.5661692810
41.0000000000 -14.6005834804
41.1000000000 -14.6348550315
41.2000000000 -14.6689860218
41.3000000000 -14.7029785079
41.4000000000 -14.7368345164
41.5000000000 -14.7705560440
41.6000000000 -14.8041450587
41.7000000000 -14.8376034999
41.8000000000 -14.8709332789
41.9000000000 -14.9041362799
42.0000000000 -14.9372143601
42.1000000000 -14.9701693503
42.2000000000 -15.0030030558
42.3000000000 -15.0357172560
42.4000000000 -15.0683137060
42.5000000000 -15.1007941362
42.6000000000 -15.1331602530
42.7000000000 -15.1654137397
42.8000000000 -15.1975562562
42.9000000000 -15.2295894400
43.0000000000 -15.2615149066
43.1000000000 -15.2933342493
43.2000000000 -15.3250490406
43.3000000000 -15.3566608318
43.4000000000 -15.3881711536
43.5000000000 -15.4195815167
43.6000000000 -15.4508934121
43.7000000000 -15.4821083111
43.8000000000 -15.5132276664
43.9000000000 -15.5442529115
44.0000000000 -15.5751854620
44.1000000000 -15.6060267153
44.2000000000 -15.6367780513
44.3000000000 -15.6674408322
44.4000000000 -15.6980164037
44.5000000000 -15.7285060943
44.6000000000 -15.7589112165
44.7000000000 -15.7892330665
44.8000000000 -15.8194729248
44.9000000000 -15.8496320562
45.0000000000 -15.8797117105
45.1000000000 -15.9097131225
45.2000000000 -15.9396375122
45.3000000000 -15.9694860854
45.4000000000 -15.9992600334
45.5000000000 -16.0289605341
45.6000000000 -16.0585887513
45.7000000000 -16.0881458356
45.8000000000 -16.1176329245
45.9000000000 -16.1470511425
46.0000000000 -16.1764016013
46.1000000000 -16.2056854004
46.2000000000 -16.2349036269
46.3000000000 -16.2640573558
46.4000000000 -16.2931476503
46.5000000000 -16.3221755623
46.6000000000 -16.3511421319
46.7000000000 -16.3800483882
46.8000000000 -16.4088953494
46.9000000000 -16.4376840226
47.0000000000 -16.4664154046
47.1000000000 -16.4950904816
47.2000000000 -16.5237102296
47.3000000000 -16.5522756145
47.4000000000 -16.5807875924
47.5000000000 -16.6092471095
47.6000000000 -16.6376551027
47.7000000000 -16.6660124992
47.8000000000 -16.6943202174
47.9000000000 -16.7225791663
48.0000000000 -16.7507902461
48.1000000000 -16.7789543482
48.2000000000 -16.8070723555
48.3000000000 -16.8351451425
48.4000000000 -16.8631735751
48.5000000000 -16.8911585114
48.6000000000 -16.9191008013
48.7000000000 -16.9470012868
48.8000000000 -16.9748608022
48.9000000000 -17.0026801742
49.0000000000 -17.0304602219
49.1000000000 -17.0582017572
49.2000000000 -17.0859055847
49.3000000000 -17.1135725019
49.4000000000 -17.1412032993
49.5000000000 -17.1687987606
49.6000000000 -17.1963596626
49.7000000000 -17.2238867756
49.8000000000 -17.2513808633
49.9000000000 -17.2788426832
50.0000000000 -17.3062729862
50.1000000000 -17.3336725171
50.2000000000 -17.3610420148
50.3000000000 -17.3883822121
50.4000000000 -17.4156938357
50.5000000000 -17.4429776070
50.6000000000 -17.4702342412
50.7000000000 -17.4974644483
50.8000000000 -17.5246689326
50.9000000000 -17.5518483931
51.0000000000 -17.5790035236
51.1000000000 -17.6061350124
51.2000000000 -17.6332435430
51.3000000000 -17.6603297937
51.4000000000 -17.6873944378
51.5000000000 -17.7144381439
51.6000000000 -17.7414615758
51.7000000000 -17.7684653924
51.8000000000 -17.7954502484
51.9000000000 -17.8224167935
52.0000000000 -17.8493656732
52.1000000000 -17.8762975287
52.2000000000 -17.9032129967
52.3000000000 -17.9301127099
52.4000000000 -17.9569972966
52.5000000000 -17.9838673813
52.6000000000 -18.0107235842
52.7000000000 -18.0375665219
52.8000000000 -18.0643968068
52.9000000000 -18.0912150478
53.0000000000 -18.1180218499
53.1000000000 -18.1448178145
53.2000000000 -18.1716035395
53.3000000000 -18.1983796191
53.4000000000 -18.2251466440
53.5000000000 -18.2519052019
53.6000000000 -18.2786558766
53.7000000000 -18.3053992492
53.8000000000 -18.3321358970
53.9000000000 -18.3588663947
54.0000000000 -18.3855913134
54.1000000000 -18.4123112217
54.2000000000 -18.4390266847
54.3000000000 -18.4657382649
54.4000000000 -18.4924465218
54.5000000000 -18.5191520121
54.6000000000 -18.5458552899
54.7000000000 -18.5725569064
54.8000000000 -18.5992574102
54.9000000000 -18.6259573472
55.0000000000 -18.6526572610
55.1000000000 -18.6793576926
55.2000000000 -18.7060591804
55.3000000000 -18.7327622605
55.4000000000 -18.7594674668
55.5000000000 -18.7861753307
55.6000000000 -18.8128863814
55.7000000000 -18.8396011459
55.8000000000 -18.8663201490
55.9000000000 -18.8930439135
56.0000000000 -18.9197729601
56.1000000000 -18.9465078073
56.2000000000 -18.9732489719
56.3000000000 -18.9999969685
56.4000000000 -19.0267523101
56.5000000000 -19.0535155074
56.6000000000 -19.0802870698
56.7000000000 -19.1070675045
56.8000000000 -19.1338573173
56.9000000000 -19.1606570122
57.0000000000 -19.1874670914
57.1000000000 -19.2142880558
57.2000000000 -19.2411204044
57.3000000000 -19.2679646349
57.4000000000 -19.2948212435
57.5000000000 -19.3216907247
57.6000000000 -19.3485735720
57.7000000000 -19.3754702771
57.8000000000 -19.4023813306
57.9000000000 -19.4293072218
58.0000000000 -19.4562484387
58.1000000000 -19.4832054678
58.2000000000 -19.5101787949
58.3000000000 -19.5371689042
58.4000000000 -19.5641762791
58.5000000000 -19.5912014015
58.6000000000 -19.6182447526
58.7000000000 -19.6453068125
58.8000000000 -19.6723880601
58.9000000000 -19.6994889735
59.0000000000 -19.7266100299
59.1000000000 -19.7537517055
59.2000000000 -19.7809144756
59.3000000000 -19.8080988148
59.4000000000 -19.8353051966
59.5000000000 -19.8625340942
59.6000000000 -19.8897859796
59.7000000000 -19.9170613242
59.8000000000 -19.9443605988
59.9000000000 -19.9716842735
60.0000000000 -19.9990328177
60.1000000000 -20.0264067003
60.2000000000 -20.0538063896
60.3000000000 -20.0812323531
60.4000000000 -20.1086850582
60.5000000000 -20.1361649714
60.6000000000 -20.1636725591
60.7000000000 -20.1912082869
60.8000000000 -20.2187726203
60.9000000000 -20.2463660241
61.0000000000 -20.2739889629
61.1000000000 -20.3016419011
61.2000000000 -20.3293253025
61.3000000000 -20.3570396307
61.4000000000 -20.3847853492
61.5000000000 -20.4125629211
61.6000000000 -20.4403728092
61.7000000000 -20.4682154763
61.8000000000 -20.4960913849
61.9000000000 -20.5240009975
62.0000000000 -20.5519447762
62.1000000000 -20.5799231833
62.2000000000 -20.6079366808
62.3000000000 -20.6359857307
62.4000000000 -20.6640707951
62.5000000000 -20.6921923359
62.6000000000 -20.7203508152
62.7000000000 -20.7485466948
62.8000000000 -20.7767804369
62.9000000000 -20.8050525036
63.0000000000 -20.8333633571
63.1000000000 -20.8617134598
63.2000000000 -20.8901032741
63.3000000000 -20.9185332626
63.4000000000 -20.9470038881
63.5000000000 -20.9755156136
63.6000000000 -21.0040689023
63.7000000000 -21.0326642176
63.8000000000 -21.0613020231
63.9000000000 -21.0899827828
64.0000000000 -21.1187069608
64.1000000000 -21.1474750217
64.2000000000 -21.1762874303
64.3000000000 -21.2051446518
64.4000000000 -21.2340471517
64.5000000000 -21.2629953958
64.6000000000 -21.2919898504
64.7000000000 -21.3210309823
64.8000000000 -21.3501192584
64.9000000000 -21.3792551464
65.0000000000 -21.4084391143
65.1000000000 -21.4376716304
65.2000000000 -21.4669531637
65.3000000000 -21.4962841838
65.4000000000 -21.5256651604
65.5000000000 -21.5550965641
65.6000000000 -21.5845788659
65.7000000000 -21.6141125374
65.8000000000 -21.6436980507
65.9000000000 -21.6733358786
66.0000000000 -21.7030264944
66.1000000000 -21.7327703721
66.2000000000 -21.7625679862
66.3000000000 -21.7924198119
66.4000000000 -21.8223263251
66.5000000000 -21.8522880023
66.6000000000 -21.8823053207
66.7000000000 -21.9123787582
66.8000000000 -21.9425087934
66.9000000000 -21.9726959055
67.0000000000 -22.0029405746
67.1000000000 -22.0332432814
67.2000000000 -22.0636045074
67.3000000000 -22.0940247348
67.4000000000 -22.1245044467
67.5000000000 -22.1550441268
67.6000000000 -22.1856442596
67.7000000000 -22.2163053306
67.8000000000 -22.2470278258
67.9000000000 -22.2778122322
68.0000000000 -22.3086590377
68.1000000000 -22.3395687307
68.2000000000 -22.3705418008
68.3000000000 -22.4015787381
68.4000000000 -22.4326800340
68.5000000000 -22.4638461802
68.6000000000 -22.4950776697
68.7000000000 -22.5263749963
68.8000000000 -22.5577386544
68.9000000000 -22.5891691395
69.0000000000 -22.6206669482
69.1000000000 -22.6522325775
69.2000000000 -22.6838665256
69.3000000000 -22.7155692917
69.4000000000 -22.7473413757
69.5000000000 -22.7791832784
69.6000000000 -22.8110955017
69.7000000000 -22.8430785483
69.8000000000 -22.8751329219
69.9000000000 -22.9072591269
70.0000000000 -22.9394576689
70.1000000000 -22.9717290544
70.2000000000 -23.0040737906
70.3000000000 -23.0364923859
70.4000000000 -23.0689853496
70.5000000000 -23.1015531917
70.6000000000 -23.1341964234
70.7000000000 -23.1669155568
70.8000000000 -23.1997111047
70.9000000000 -23.2325835812
71.0000000000 -23.2655335011
71.1000000000 -23.2985613802
71.2000000000 -23.3316677352
71.3000000000 -23.3648530837
71.4000000000 -23.3981179444
71.5000000000 -23.4314628367
71.6000000000 -23.4648882812
71.7000000000 -23.4983947991
71.8000000000 -23.5319829127
71.9000000000 -23.5656531452
72.0000000000 -23.5994060207
72.1000000000 -23.6332420643
72.2000000000 -23.6671618017
72.3000000000 -23.7011657597
72.4000000000 -23.7352544661
72.5000000000 -23.7694284494
72.6000000000 -23.8036882390
72.7000000000 -23.8380343651
72.8000000000 -23.8724673590
72.9000000000 -23.9069877525
73.0000000000 -23.9415960785
73.1000000000 -23.9762928707
73.2000000000 -24.0110786634
73.3000000000 -24.0459539921
73.4000000000 -24.0809193926
73.5000000000 -24.1159754020
73.6000000000 -24.1511225578
73.7000000000 -24.1863613984
73.8000000000 -24.2216924629
73.9000000000 -24.2571162912
74.0000000000 -24.2926334240
74.1000000000 -24.3282444024
74.2000000000 -24.3639497686
74.3000000000 -24.3997500651
74.4000000000 -24.4356458353
74.5000000000 -24.4716376232
74.6000000000 -24.5077259734
74.7000000000 -24.5439114311
74.8000000000 -24.5801945420
74.9000000000 -24.6165758527
75.0000000000 -24.6530559100
75.1000000000 -24.6896352615
75.2000000000 -24.7263144550
75.3000000000 -24.7630940390
75.4000000000 -24.7999745626
75.5000000000 -24.8369565752
75.6000000000 -24.8740406265
75.7000000000 -24.9112272668
75.8000000000 -24.9485170468
75.9000000000 -24.9859105174
76.0000000000 -25.0234082299
76.1000000000 -25.0610107359
76.2000000000 -25.0987185874
76.3000000000 -25.1365323365
76.4000000000 -25.1744525355
76.5000000000 -25.2124797371
76.6000000000 -25.2506144941
76.7000000000 -25.2888573592
76.8000000000 -25.3272088855
76.9000000000 -25.3656696260
77.0000000000 -25.4042401340
77.1000000000 -25.4429209624
77.2000000000 -25.4817126646
77.3000000000 -25.5206157934
77.4000000000 -25.5596309020
77.5000000000 -25.5987585432
77.6000000000 -25.6379992697
77.7000000000 -25.6773536340
77.8000000000 -25.7168221885
77.9000000000 -25.7564054851
78.0000000000 -25.7961040757
78.1000000000 -25.8359185116
78.2000000000 -25.8758493438
78.3000000000 -25.9158971229
78.4000000000 -25.9560623990
78.5000000000 -25.9963457219
78.6000000000 -26.0367476405
78.7000000000 -26.0772687033
78.8000000000 -26.1179094582
78.9000000000 -26.1586704524
79.0000000000 -26.1995522323
79.1000000000 -26.2405553436
79.2000000000 -26.2816803312
79.3000000000 -26.3229277390
79.4000000000 -26.3642981103
79.5000000000 -26.4057919870
79.6000000000 -26.4474099103
79.7000000000 -26.4891524202
79.8000000000 -26.5310200558
79.9000000000 -26.5730133547
80.0000000000 -26.6151328535
80.1000000000 -26.6573790876
80.2000000000 -26.6997525907
80.3000000000 -26.7422538956
80.4000000000 -26.7848835333
80.5000000000 -26.8276420335
80.6000000000 -26.8705299242
80.7000000000 -26.9135477319
80.8000000000 -26.9566959815
80.9000000000 -26.9999751960
81.0000000000 -27.0433858966
81.1000000000 -27.0869286028
81.2000000000 -27.1306038321
81.3000000000 -27.1744121000
81.4000000000 -27.2183539201
81.5000000000 -27.2624298037
81.6000000000 -27.3066402600
81.7000000000 -27.3509857960
81.8000000000 -27.3954669164
81.9000000000 -27.4400841235
82.0000000000 -27.4848379171
82.1000000000 -27.5297287947
82.2000000000 -27.5747572510
82.3000000000 -27.6199237782
82.4000000000 -27.6652288657
82.5000000000 -27.7106730000
82.6000000000 -27.7562566651
82.7000000000 -27.8019803417
82.8000000000 -27.8478445076
82.9000000000 -27.8938496376
83.0000000000 -27.9399962034
83.1000000000 -27.9862846731
83.2000000000 -28.0327155119
83.3000000000 -28.0792891815
83.4000000000 -28.1260061400
83.5000000000 -28.1728668421
83.6000000000 -28.2198717387
83.7000000000 -28.2670212773
83.8000000000 -28.3143159013
83.9000000000 -28.3617560505
84.0000000000 -28.4093421605
84.1000000000 -28.4570746630
84.2000000000 -28.5049539857
84.3000000000 -28.5529805520
84.4000000000 -28.6011547809
84.5000000000 -28.6494770873
84.6000000000 -28.6979478814
84.7000000000 -28.7465675690
84.8000000000 -28.7953365513
84.9000000000 -28.8442552249
85.0000000000 -28.8933239812
85.1000000000 -28.9425432072
85.2000000000 -28.9919132847
85.3000000000 -29.0414345905
85.4000000000 -29.0911074961
85.5000000000 -29.1409323682
85.6000000000 -29.1909095676
85.7000000000 -29.2410394502
85.8000000000 -29.2913223661
85.9000000000 -29.3417586600
86.0000000000 -29.3923486707
86.1000000000 -29.4430927315
86.2000000000 -29.4939911697
86.3000000000 -29.5450443065
86.4000000000 -29.5962524575
86.5000000000 -29.6476159317
86.6000000000 -29.6991350321
86.7000000000 -29.7508100554
86.8000000000 -29.8026412918
86.9000000000 -29.8546290251
87.0000000000 -29.9067735325
87.1000000000 -29.9590750845
87.2000000000 -30.0115339447
87.3000000000 -30.0641503702
87.4000000000 -30.1169246106
87.5000000000 -30.1698569090
87.6000000000 -30.2229475010
87.7000000000 -30.2761966151
87.8000000000 -30.3296044726
87.9000000000 -30.3831712871
88.0000000000 -30.4368972650
88.1000000000 -30.4907826049
88.2000000000 -30.5448274978
88.3000000000 -30.5990321269
88.4000000000 -30.6533966676
88.5000000000 -30.7079212874
88.6000000000 -30.7626061455
88.7000000000 -30.8174513932
88.8000000000 -30.8724571736
88.9000000000 -30.9276236215
89.0000000000 -30.9829508631
89.1000000000 -31.0384390163
89.2000000000 -31.0940881904
89.3000000000 -31.1498984862
89.4000000000 -31.2058699956
89.5000000000 -31.2620028016
89.6000000000 -31.3182969786
89.7000000000 -31.3747525918
89.8000000000 -31.4313696974
89.9000000000 -31.4881483426
90.0000000000 -31.5450885650
90.1000000000 -31.6021903934
90.2000000000 -31.6594538468
90.3000000000 -31.7168789351
90.4000000000 -31.7744656584
90.5000000000 -31.8322140074
90.6000000000 -31.8901239630
90.7000000000 -31.9481954964
90.8000000000 -32.0064285690
90.9000000000 -32.0648231323
91.0000000000 -32.1233791279
91.1000000000 -32.1820964872
91.2000000000 -32.2409751317
91.3000000000 -32.3000149727
91.4000000000 -32.3592159113
91.5000000000 -32.4185778383
91.6000000000 -32.4781006341
91.7000000000 -32.5377841688
91.8000000000 -32.5976283020
91.9000000000 -32.6576328828
92.0000000000 -32.7177977498
92.1000000000 -32.7781227308
92.2000000000 -32.8386076432
92.3000000000 -32.8992522935
92.4000000000 -32.9600564774
92.5000000000 -33.0210199799
92.6000000000 -33.0821425752
92.7000000000 -33.1434240265
92.8000000000 -33.2048640861
92.9000000000 -33.2664624952
93.0000000000 -33.3282189842
93.1000000000 -33.3901332724
93.2000000000 -33.4522050680
93.3000000000 -33.5144340679
93.4000000000 -33.5768199583
93.5000000000 -33.6393624138
93.6000000000 -33.7020610981
93.7000000000 -33.7649156636
93.8000000000 -33.8279257514
93.9000000000 -33.8910909914
94.0000000000 -33.9544110024
94.1000000000 -34.0178853917
94.2000000000 -34.0815137555
94.3000000000 -34.1452956785
94.4000000000 -34.2092307344
94.5000000000 -34.2733184852
94.6000000000 -34.3375584820
94.7000000000 -34.4019502643
94.8000000000 -34.4664933605
94.9000000000 -34.5311872875
95.0000000000 -34.5960315512
95.1000000000 -34.6610256461
95.2000000000 -34.7261690552
95.3000000000 -34.7914612506
95.4000000000 -34.8569016931
95.5000000000 -34.9224898321
95.6000000000 -34.9882251060
95.7000000000 -35.0541069420
95.8000000000 -35.1201347562
95.9000000000 -35.1863079535
96.0000000000 -35.2526259279
96.1000000000 -35.3190880622
96.2000000000 -35.3856937283
96.3000000000 -35.4524422872
96.4000000000 -35.5193330888
96.5000000000 -35.5863654725
96.6000000000 -35.6535387666
96.7000000000 -35.7208522887
96.8000000000 -35.7883053458
96.9000000000 -35.8558972340
97.0000000000 -35.9236272392
97.1000000000 -35.9914946365
97.2000000000 -36.0594986906
97.3000000000 -36.1276386559
97.4000000000 -36.1959137764
97.5000000000 -36.2643232859
97.6000000000 -36.3328664080
97.7000000000 -36.4015423562
97.8000000000 -36.4703503339
97.9000000000 -36.5392895349
98.0000000000 -36.6083591428
98.1000000000 -36.6775583315
98.2000000000 -36.7468862655
98.3000000000 -36.8163420995
98.4000000000 -36.8859249788
98.5000000000 -36.9556340391
98.6000000000 -37.0254684073
98.7000000000 -37.0954272007
98.8000000000 -37.1655095277
98.9000000000 -37.2357144878
99.0000000000 -37.3060411715
99.1000000000 -37.3764886606
99.2000000000 -37.4470560284
99.3000000000 -37.5177423396
99.4000000000 -37.5885466505
99.5000000000 -37.6594680092
99.6000000000 -37.7305054555
99.7000000000 -37.8016580215
99.8000000000 -37.8729247310
99.9000000000 -37.9443046004
100.0000000000 -38.0157966383
100.1000000000 -38.0873998457
100.2000000000 -38.1591132165
100.3000000000 -38.2309357373
100.4000000000 -38.3028663874
100.5000000000 -38.3749041395
100.6000000000 -38.4470479592
100.7000000000 -38.5192968056
100.8000000000 -38.5916496313
100.9000000000 -38.6641053826
101.0000000000 -38.7366629993
101.1000000000 -38.8093214156
101.2000000000 -38.8820795593
101.3000000000 -38.9549363528
101.4000000000 -39.0278907128
101.5000000000 -39.1009415506
101.6000000000 -39.1740877721
101.7000000000 -39.2473282782
101.8000000000 -39.3206619647
101.9000000000 -39.3940877228
102.0000000000 -39.4676044390
102.1000000000 -39.5412109952
102.2000000000 -39.6149062690
102.3000000000 -39.6886891342
102.4000000000 -39.7625584601
102.5000000000 -39.8365131127
102.6000000000 -39.9105519539
102.7000000000 -39.9846738425
102.8000000000 -40.0588776338
102.9000000000 -40.1331621800
103.0000000000 -40.2075263305
103.1000000000 -40.2819689317
103.2000000000 -40.3564888274
103.3000000000 -40.4310848591
103.4000000000 -40.5057558660
103.5000000000 -40.5805006851
103.6000000000 -40.6553181515
103.7000000000 -40.7302070987
103.8000000000 -40.8051663585
103.9000000000 -40.8801947613
104.0000000000 -40.9552911361
104.1000000000 -41.0304543113
104.2000000000 -41.1056831140
104.3000000000 -41.1809763708
104.4000000000 -41.2563329076
104.5000000000 -41.3317515501
104.6000000000 -41.4072311238
104.7000000000 -41.4827704540
104.8000000000 -41.5583683663
104.9000000000 -41.6340236867
105.0000000000 -41.7097352415
105.1000000000 -41.7855018577
105.2000000000 -41.8613223634
105.3000000000 -41.9371955873
105.4000000000 -42.0131203595
105.5000000000 -42.0890955114
105.6000000000 -42.1651198760
105.7000000000 -42.2411922877
105.8000000000 -42.3173115830
105.9000000000 -42.3934766003
106.0000000000 -42.4696861800
106.1000000000 -42.5459391651
106.2000000000 -42.6222344010
106.3000000000 -42.6985707355
106.4000000000 -42.7749470195
106.5000000000 -42.8513621068
106.6000000000 -42.9278148540
106.7000000000 -43.0043041214
106.8000000000 -43.0808287723
106.9000000000 -43.1573876740
107.0000000000 -43.2339796971
107.1000000000 -43.3106037163
107.2000000000 -43.3872586103
107.3000000000 -43.4639432617
107.4000000000 -43.5406565578
107.5000000000 -43.6173973900
107.6000000000 -43.6941646543
107.7000000000 -43.7709572517
107.8000000000 -43.8477740878
107.9000000000 -43.9246140731
108.0000000000 -44.0014761235
108.1000000000 -44.0783591599
108.2000000000 -44.1552621087
108.3000000000 -44.2321839018
108.4000000000 -44.3091234766
108.5000000000 -44.3860797763
108.6000000000 -44.4630517502
108.7000000000 -44.5400383532
108.8000000000 -44.6170385466
108.9000000000 -44.6940512979
109.0000000000 -44.7710755806
109.1000000000 -44.8481103751
109.2000000000 -44.9251546681
109.3000000000 -45.0022074530
109.4000000000 -45.0792677299
109.5000000000 -45.1563345058
109.6000000000 -45.2334067949
109.7000000000 -45.3104836180
109.8000000000 -45.3875640035
109.9000000000 -45.4646469867
110.0000000000 -45.5417316105
110.1000000000 -45.6188169250
110.2000000000 -45.6959019881
110.3000000000 -45.7729858650
110.4000000000 -45.8500676288
110.5000000000 -45.9271463602
110.6000000000 -46.0042211478
110.7000000000 -46.0812910883
110.8000000000 -46.1583552860
110.9000000000 -46.2354128535
111.0000000000 -46.3124629116
111.1000000000 -46.3895045891
111.2000000000 -46.4665370232
111.3000000000 -46.5435593592
111.4000000000 -46.6205707511
111.5000000000 -46.6975703609
111.6000000000 -46.7745573595
111.7000000000 -46.8515309262
111.8000000000 -46.9284902487
111.9000000000 -47.0054345235
112.0000000000 -47.0823629558
112.1000000000 -47.1592747594
112.2000000000 -47.2361691571
112.3000000000 -47.3130453801
112.4000000000 -47.3899026688
112.5000000000 -47.4667402722
112.6000000000 -47.5435574485
112.7000000000 -47.6203534645
112.8000000000 -47.6971275962
112.9000000000 -47.7738791284
113.0000000000 -47.8506073551
113.1000000000 -47.9273115790
113.2000000000 -48.0039911122
113.3000000000 -48.0806452757
113.4000000000 -48.1572733996
113.5000000000 -48.2338748229
113.6000000000 -48.3104488940
113.7000000000 -48.3869949701
113.8000000000 -48.4635124177
113.9000000000 -48.5400006124
114.0000000000 -48.6164589388
114.1000000000 -48.6928867907
114.2000000000 -48.7692835709
114.3000000000 -48.8456486914
114.4000000000 -48.9219815733
114.5000000000 -48.9982816466
114.6000000000 -49.0745483507
114.7000000000 -49.1507811338
114.8000000000 -49.2269794532
114.9000000000 -49.3031427752
115.0000000000 -49.3792705752
115.1000000000 -49.4553623375
115.2000000000 -49.5314175555
115.3000000000 -49.6074357313
115.4000000000 -49.6834163762
115.5000000000 -49.7593590102
115.6000000000 -49.8352631623
115.7000000000 -49.9111283700
115.8000000000 -49.9869541801
115.9000000000 -50.0627401478
116.0000000000 -50.1384858370
116.1000000000 -50.2141908206
116.2000000000 -50.2898546798
116.3000000000 -50.3654770047
116.4000000000 -50.4410573936
116.5000000000 -50.5165954538
116.6000000000 -50.5920908005
116.7000000000 -50.6675430579
116.8000000000 -50.7429518581
116.9000000000 -50.8183168419
117.0000000000 -50.8936376580
117.1000000000 -50.9689139637
117.2000000000 -51.0441454241
117.3000000000 -51.1193317126
117.4000000000 -51.1944725107
117.5000000000 -51.2695675078
117.6000000000 -51.3446164012
117.7000000000 -51.4196188961
117.8000000000 -51.4945747056
117.9000000000 -51.5694835502
118.0000000000 -51.6443451585
118.1000000000 -51.7191592665
118.2000000000 -51.7939256177
118.3000000000 -51.8686439631
118.4000000000 -51.9433140611
118.5000000000 -52.0179356775
118.6000000000 -52.0925085851
118.7000000000 -52.1670325643
118.8000000000 -52.2415074021
118.9000000000 -52.3159328929
119.0000000000 -52.3903088379
119.1000000000 -52.4646350452
119.2000000000 -52.5389113296
119.3000000000 -52.6131375126
119.4000000000 -52.6873134226
119.5000000000 -52.7614388941
119.6000000000 -52.8355137684
119.7000000000 -52.9095378930
119.8000000000 -52.9835111217
119.9000000000 -53.0574333147
120.0000000000 -53.1313043380
120.1000000000 -53.2051240637
120.2000000000 -53.2788923701
120.3000000000 -53.3526091410
120.4000000000 -53.4262742661
120.5000000000 -53.4998876408
120.6000000000 -53.5734491659
120.7000000000 -53.6469587479
120.8000000000 -53.7204162986
120.9000000000 -53.7938217350
121.0000000000 -53.8671749793
121.1000000000 -53.9404759588
121.2000000000 -54.0137246060
121.3000000000 -54.0869208580
121.4000000000 -54.1600646569
121.5000000000 -54.2331559493
121.6000000000 -54.3061946867
121.7000000000 -54.3791808248
121.8000000000 -54.4521143239
121.9000000000 -54.5249951486
122.0000000000 -54.5978232674
122.1000000000 -54.6705986534
122.2000000000 -54.7433212832
122.3000000000 -54.8159911376
122.4000000000 -54.8886082011
122.5000000000 -54.9611724618
122.6000000000 -55.0336839115
122.7000000000 -55.1061425455
122.8000000000 -55.1785483623
122.9000000000 -55.2509013637
123.0000000000 -55.3232015547
123.1000000000 -55.3954489435
123.2000000000 -55.4676435409
123.3000000000 -55.5397853609
123.4000000000 -55.6118744198
123.5000000000 -55.6839107370
123.6000000000 -55.7558943340
123.7000000000 -55.8278252350
123.8000000000 -55.8997034662
123.9000000000 -55.9715290563
124.0000000000 -56.0433020358
124.1000000000 -56.1150224373
124.2000000000 -56.1866902953
124.3000000000 -56.2583056459
124.4000000000 -56.3298685269
124.5000000000 -56.4013789777
124.6000000000 -56.4728370390
124.7000000000 -56.5442427529
124.8000000000 -56.6155961627
124.9000000000 -56.6868973126
125.0000000000 -56.7581462479
125.1000000000 -56.8293430150
125.2000000000 -56.9004876605
125.3000000000 -56.9715802323
125.4000000000 -57.0426207782
125.5000000000 -57.1136093470
125.6000000000 -57.1845459873
125.7000000000 -57.2554307483
125.8000000000 -57.3262636791
125.9000000000 -57.3970448287
126.0000000000 -57.4677742463
126.1000000000 -57.5384519805
126.2000000000 -57.6090780797
126.3000000000 -57.6796525919
126.4000000000 -57.7501755645
126.5000000000 -57.8206470443
126.6000000000 -57.8910670771
126.7000000000 -57.9614357079
126.8000000000 -58.0317529810
126.9000000000 -58.1020189392
127.0000000000 -58.1722336242
127.1000000000 -58.2423970765
127.2000000000 -58.3125093352
127.3000000000 -58.3825704376
127.4000000000 -58.4525804196
127.5000000000 -58.5225393153
127.6000000000 -58.5924471570
127.7000000000 -58.6623039751
127.8000000000 -58.7321097977
127.9000000000 -58.8018646510
128.0000000000 -58.8715685588
128.1000000000 -58.9412215426
128.2000000000 -59.0108236216
128.3000000000 -59.0803748121
128.4000000000 -59.1498751280
128.5000000000 -59.2193245803
128.6000000000 -59.2887231773
128.7000000000 -59.3580709243
128.8000000000 -59.4273678233
128.9000000000 -59.4966138736
129.0000000000 -59.5658090708
129.1000000000 -59.6349534076
129.2000000000 -59.7040468728
129.3000000000 -59.7730894522
129.4000000000 -59.8420811275
129.5000000000 -59.9110218770
129.6000000000 -59.9799116751
129.7000000000 -60.0487504923
129.8000000000 -60.1175382952
129.9000000000 -60.1862750462
130.0000000000 -60.2549607037
130.1000000000 -60.3235952218
130.2000000000 -60.3921785504
130.3000000000 -60.4607106347
130.4000000000 -60.5291914157
130.5000000000 -60.5976208298
130.6000000000 -60.6659988086
130.7000000000 -60.7343252793
130.8000000000 -60.8026001638
130.9000000000 -60.8708233797
131.0000000000 -60.9389948392
131.1000000000 -61.0071144498
131.2000000000 -61.0751821136
131.3000000000 -61.1431977278
131.4000000000 -61.2111611843
131.5000000000 -61.2790723697
131.6000000000 -61.3469311651
131.7000000000 -61.4147374464
131.8000000000 -61.4824910837
131.9000000000 -61.5501919420
132.0000000000 -61.6178398802
132.1000000000 -61.6854347518
132.2000000000 -61.7529764045
132.3000000000 -61.8204646803
132.4000000000 -61.8878994152
132.5000000000 -61.9552804394
132.6000000000 -62.0226075771
132.7000000000 -62.0898806466
132.8000000000 -62.1570994601
132.9000000000 -62.2242638237
133.0000000000 -62.2913735373
133.1000000000 -62.3584283947
133.2000000000 -62.4254281836
133.3000000000 -62.4923726852
133.4000000000 -62.5592616747
133.5000000000 -62.6260949206
133.6000000000 -62.6928721853
133.7000000000 -62.7595932248
133.8000000000 -62.8262577886
133.9000000000 -62.8928656197
134.0000000000 -62.9594164548
134.1000000000 -63.0259100240
134.2000000000 -63.0923460507
134.3000000000 -63.1587242521
134.4000000000 -63.2250443385
134.5000000000 -63.2913060139
134.6000000000 -63.3575089755
134.7000000000 -63.4236529140
134.8000000000 -63.4897375134
134.9000000000 -63.5557624513
135.0000000000 -63.6217273982
135.1000000000 -63.6876320186
135.2000000000 -63.7534759697
135.3000000000 -63.8192589026
135.4000000000 -63.8849804614
135.5000000000 -63.9506402837
135.6000000000 -64.0162380005
135.7000000000 -64.0817732362
135.8000000000 -64.1472456085
135.9000000000 -64.2126547285
136.0000000000 -64.2780002008
136.1000000000 -64.3432816233
136.2000000000 -64.4084985875
136.3000000000 -64.4736506782
136.4000000000 -64.5387374738
136.5000000000 -64.6037585463
136.6000000000 -64.6687134610
136.7000000000 -64.7336017770
136.8000000000 -64.7984230468
136.9000000000 -64.8631768167
137.0000000000 -64.9278626267
137.1000000000 -64.9924800102
137.2000000000 -65.0570284947
137.3000000000 -65.1215076012
137.4000000000 -65.1859168448
137.5000000000 -65.2502557342
137.6000000000 -65.3145237722
137.7000000000 -65.3787204555
137.8000000000 -65.4428452749
137.9000000000 -65.5068977151
138.0000000000 -65.5708772550
138.1000000000 -65.6347833678
138.2000000000 -65.6986155208
138.3000000000 -65.7623731757
138.4000000000 -65.8260557884
138.5000000000 -65.8896628094
138.6000000000 -65.9531936837
138.7000000000 -66.0166478507
138.8000000000 -66.0800247446
138.9000000000 -66.1433237942
139.0000000000 -66.2065444231
139.1000000000 -66.2696860498
139.2000000000 -66.3327480877
139.3000000000 -66.3957299452
139.4000000000 -66.4586310258
139.5000000000 -66.5214507282
139.6000000000 -66.5841884463
139.7000000000 -66.6468435694
139.8000000000 -66.7094154822
139.9000000000 -66.7719035649
140.0000000000 -66.8343071934
140.1000000000 -66.8966257391
140.2000000000 -66.9588585695
140.3000000000 -67.0210050478
140.4000000000 -67.0830645331
140.5000000000 -67.1450363807
140.6000000000 -67.2069199422
140.7000000000 -67.2687145652
140.8000000000 -67.3304195940
140.9000000000 -67.3920343691
141.0000000000 -67.4535582278
141.1000000000 -67.5149905040
141.2000000000 -67.5763305284
141.3000000000 -67.6375776287
141.4000000000 -67.6987311294
141.5000000000 -67.7597903524
141.6000000000 -67.8207546168
141.7000000000 -67.8816232388
141.8000000000 -67.9423955324
141.9000000000 -68.0030708090
142.0000000000 -68.0636483776
142.1000000000 -68.1241275453
142.2000000000 -68.1845076168
142.3000000000 -68.2447878951
142.4000000000 -68.3049676812
142.5000000000 -68.3650462745
142.6000000000 -68.4250229727
142.7000000000 -68.4848970721
142.8000000000 -68.5446678675
142.9000000000 -68.6043346526
143.0000000000 -68.6638967199
143.1000000000 -68.7233533610
143.2000000000 -68.7827038665
143.3000000000 -68.8419475263
143.4000000000 -68.9010836297
143.5000000000 -68.9601114654
143.6000000000 -69.0190303218
143.7000000000 -69.0778394871
143.8000000000 -69.1365382491
143.9000000000 -69.1951258959
144.0000000000 -69.2536017155
144.1000000000 -69.3119649961
144.2000000000 -69.3702150266
144.3000000000 -69.4283510959
144.4000000000 -69.4863724939
144.5000000000 -69.5442785109
144.6000000000 -69.6020684383
144.7000000000 -69.6597415684
144.8000000000 -69.7172971945
144.9000000000 -69.7747346113
145.0000000000 -69.8320531146
145.1000000000 -69.8892520019
145.2000000000 -69.9463305721
145.3000000000 -70.0032881259
145.4000000000 -70.0601239659
145.5000000000 -70.1168373963
145.6000000000 -70.1734277239
145.7000000000 -70.2298942572
145.8000000000 -70.2862363073
145.9000000000 -70.3424531875
146.0000000000 -70.3985442138
146.1000000000 -70.4545087048
146.2000000000 -70.5103459818
146.3000000000 -70.5660553691
146.4000000000 -70.6216361939
146.5000000000 -70.6770877865
146.6000000000 -70.7324094805
146.7000000000 -70.7876006127
146.8000000000 -70.8426605235
146.9000000000 -70.8975885568
147.0000000000 -70.9523840600
147.1000000000 -71.0070463844
147.2000000000 -71.0615748852
147.3000000000 -71.1159689215
147.4000000000 -71.1702278565
147.5000000000 -71.2243510575
147.6000000000 -71.2783378963
147.7000000000 -71.3321877487
147.8000000000 -71.3858999955
147.9000000000 -71.4394740215
148.0000000000 -71.4929092167
148.1000000000 -71.5462049754
148.2000000000 -71.5993606972
148.3000000000 -71.6523757862
148.4000000000 -71.7052496519
148.5000000000 -71.7579817089
148.6000000000 -71.8105713767
148.7000000000 -71.8630180805
148.8000000000 -71.9153212507
148.9000000000 -71.9674803232
149.0000000000 -72.0194947394
149.1000000000 -72.0713639464
149.2000000000 -72.1230873971
149.3000000000 -72.1746645501
149.4000000000 -72.2260948698
149.5000000000 -72.2773778266
149.6000000000 -72.3285128971
149.7000000000 -72.3794995637
149.8000000000 -72.4303373152
149.9000000000 -72.4810256464
150.0000000000 -72.5315640586
150.1000000000 -72.5819520594
150.2000000000 -72.6321891628
150.3000000000 -72.6822748892
150.4000000000 -72.7322087658
150.5000000000 -72.7819903261
150.6000000000 -72.8316191104
150.7000000000 -72.8810946658
150.8000000000 -72.9304165460
150.9000000000 -72.9795843117
151.0000000000 -73.0285975303
151.1000000000 -73.0774557763
151.2000000000 -73.1261586310
151.3000000000 -73.1747056828
151.4000000000 -73.2230965272
151.5000000000 -73.2713307666
151.6000000000 -73.3194080108
151.7000000000 -73.3673278766
151.8000000000 -73.4150899882
151.9000000000 -73.4626939767
152.0000000000 -73.5101394809
152.1000000000 -73.5574261466
152.2000000000 -73.6045536272
152.3000000000 -73.6515215832
152.4000000000 -73.6983296828
152.5000000000 -73.7449776014
152.6000000000 -73.7914650219
152.7000000000 -73.8377916348
152.8000000000 -73.8839571379
152.9000000000 -73.9299612367
153.0000000000 -73.9758036441
153.1000000000 -74.0214840806
153.2000000000 -74.0670022744
153.3000000000 -74.1123579609
153.4000000000 -74.1575508836
153.5000000000 -74.2025807931
153.6000000000 -74.2474474479
153.7000000000 -74.2921506140
153.8000000000 -74.3366900652
153.9000000000 -74.3810655827
154.0000000000 -74.4252769554
154.1000000000 -74.4693239799
154.2000000000 -74.5132064602
154.3000000000 -74.5569242083
154.4000000000 -74.6004770434
154.5000000000 -74.6438647927
154.6000000000 -74.6870872907
154.7000000000 -74.7301443797
154.8000000000 -74.7730359095
154.9000000000 -74.8157617375
155.0000000000 -74.8583217287
155.1000000000 -74.9007157557
155.2000000000 -74.9429436984
155.3000000000 -74.9850054446
155.4000000000 -75.0269008893
155.5000000000 -75.0686299352
155.6000000000 -75.1101924923
155.7000000000 -75.1515884783
155.8000000000 -75.1928178181
155.9000000000 -75.2338804442
156.0000000000 -75.2747762962
156.1000000000 -75.3155053214
156.2000000000 -75.3560674743
156.3000000000 -75.3964627167
156.4000000000 -75.4366910177
156.5000000000 -75.4767523535
156.6000000000 -75.5166467079
156.7000000000 -75.5563740715
156.8000000000 -75.5959344422
156.9000000000 -75.6353278252
157.0000000000 -75.6745542326
157.1000000000 -75.7136136836
157.2000000000 -75.7525062043
157.3000000000 -75.7912318281
157.4000000000 -75.8297905951
157.5000000000 -75.8681825523
157.6000000000 -75.9064077537
157.7000000000 -75.9444662602
157.8000000000 -75.9823581391
157.9000000000 -76.0200834650
158.0000000000 -76.0576423187
158.1000000000 -76.0950347880
158.2000000000 -76.1322609672
158.3000000000 -76.1693209571
158.4000000000 -76.2062148651
158.5000000000 -76.2429428052
158.6000000000 -76.2795048976
158.7000000000 -76.3159012690
158.8000000000 -76.3521320526
158.9000000000 -76.3881973875
159.0000000000 -76.4240974195
159.1000000000 -76.4598323003
159.2000000000 -76.4954021877
159.3000000000 -76.5308072458
159.4000000000 -76.5660476447
159.5000000000 -76.6011235603
159.6000000000 -76.6360351747
159.7000000000 -76.6707826756
159.8000000000 -76.7053662568
159.9000000000 -76.7397861178
160.0000000000 -76.7740424636
160.1000000000 -76.8081355052
160.2000000000 -76.8420654590
160.3000000000 -76.8758325471
160.4000000000 -76.9094369969
160.5000000000 -76.9428790414
160.6000000000 -76.9761589189
160.7000000000 -77.0092768731
160.8000000000 -77.0422331523
160.9000000000 -77.0750280097
161.0000000000 -77.1076617017
161.1000000000 -77.1401344866
161.2000000000 -77.1724466213
161.3000000000 -77.2045983565
161.4000000000 -77.2365899289
161.5000000000 -77.2684215499
161.6000000000 -77.3000933903
161.7000000000 -77.3316055579
161.8000000000 -77.3629580698
161.9000000000 -77.3941508161
162.0000000000 -77.4251835135
162.1000000000 -77.4560556498
162.2000000000 -77.4867664156
162.3000000000 -77.5173146231
162.4000000000 -77.5476986099
162.5000000000 -77.5779161270
162.6000000000 -77.6079642088
162.7000000000 -77.6378390223
162.8000000000 -77.6675356946
162.9000000000 -77.6970481147
163.0000000000 -77.7263687070
163.1000000000 -77.7554881710
163.2000000000 -77.7843951842
163.3000000000 -77.8130760594
163.4000000000 -77.8415143514
163.5000000000 -77.8696904024
163.6000000000 -77.8975808155
163.7000000000 -77.9251578438
163.8000000000 -77.9523886795
163.9000000000 -77.9792346233
164.0000000000 -78.0056501150
164.1000000000 -78.0315815972
164.2000000000 -78.0569661836
164.3000000000 -78.0817300957
164.4000000000 -78.1057868273
164.5000000000 -78.1290349875
164.6000000000 -78.1513557647
164.7000000000 -78.1726099464
164.8000000000 -78.1926344136
164.9000000000 -78.2112380204
165.0000000000 -78.2281967480
165.1000000000 -78.2432480080
165.2000000000 -78.2560839444
165.3000000000 -78.2663435602
165.4000000000 -78.2736034626
165.5000000000 -78.2773669842
165.6000000000 -78.2770513986
165.7000000000 -78.2719728956
165.8000000000 -78.2613289257
165.9000000000 -78.2441774546
166.0000000000 -78.2194125885
166.1000000000 -78.1857359389
166.2000000000 -78.1416229823
166.3000000000 -78.0852835475
166.4000000000 -78.0146154057
166.5000000000 -77.9271497711
166.6000000000 -77.8199873058
166.7000000000 -77.6897229892
166.8000000000 -77.5323579297
166.9000000000 -77.3431958686
167.0000000000 -77.1167217488
167.1000000000 -76.8464592740
167.2000000000 -76.5248038704
167.3000000000 -76.1428268554
167.4000000000 -75.6900459101
167.5000000000 -75.1541561096
167.6000000000 -74.5207147483
167.7000000000 -73.7727719422
167.8000000000 -72.8904373541
167.9000000000 -71.8503711576
168.0000000000 -70.6251840424
168.1000000000 -69.1827257862
168.2000000000 -67.4852328390
168.3000000000 -65.4882888535
168.4000000000 -63.1395208438
168.5000000000 -60.3768932608
168.6000000000 -57.1263452758
168.7000000000 -53.2982945939
168.8000000000 -48.7821327973
168.9000000000 -43.4372021544
169.0000000000 -37.0779542877
169.1000000000 -29.4504961746
169.2000000000 -20.1988360060
169.3000000000 -8.8336188615
169.4000000000 5.1492812155
169.5000000000 21.1360519109
169.6000000000 34.4336259575
169.7000000000 39.7918632724
169.8000000000 39.7773900227
169.9000000000 38.9445256742
170.0000000000 38.5077997475
170.1000000000 38.3421872957
170.2000000000 38.2950444643
170.3000000000 38.2890818553
170.4000000000 38.2885262976
170.5000000000 38.2775487031
170.6000000000 38.2497103611
170.7000000000 38.2029131196
170.8000000000 38.1369840788
170.9000000000 38.0525276749
171.0000000000 37.9503921740
171.1000000000 37.8314345722
171.2000000000 37.6964292140
171.3000000000 37.5460438911
171.4000000000 37.3808458435
171.5000000000 37.2013193085
171.6000000000 37.0078858784
171.7000000000 36.8009237252
171.8000000000 36.5807841182
171.9000000000 36.3478048146
172.0000000000 36.1023204234
172.1000000000 35.8446700674
172.2000000000 35.5752027359
172.3000000000 35.2942807181
172.4000000000 35.0022814784
172.5000000000 34.6995982885
172.6000000000 34.3866398932
172.7000000000 34.0638294402
172.8000000000 33.7316028711
172.9000000000 33.3904069378
173.0000000000 33.0406969790
173.1000000000 32.6829345674
173.2000000000 32.3175851182
173.3000000000 31.9451155291
173.4000000000 31.5659919075
173.5000000000 31.1806774269
173.6000000000 30.7896303424
173.7000000000 30.3933021858
173.8000000000 29.9921361533
173.9000000000 29.5865656910
174.0000000000 29.1770132780
174.1000000000 28.7638894040
174.2000000000 28.3475917332
174.3000000000 27.9285044445
174.4000000000 27.5069977364
174.5000000000 27.0834274830
174.6000000000 26.6581350285
174.7000000000 26.2314471041
174.8000000000 25.8036758560
174.9000000000 25.3751189683
175.0000000000 24.9460598690
175.1000000000 24.5167680068
175.2000000000 24.0874991860
175.3000000000 23.6584959497
175.4000000000 23.2299880013
175.5000000000 22.8021926544
175.6000000000 22.3753153046
175.7000000000 21.9495499143
175.8000000000 21.5250795058
175.9000000000 21.1020766558
176.0000000000 20.6807039878
176.1000000000 20.2611146574
176.2000000000 19.8434528271
176.3000000000 19.4278541289
176.4000000000 19.0144461110
176.5000000000 18.6033486675
176.6000000000 18.1946744501
176.7000000000 17.7885292600
176.8000000000 17.3850124196
176.9000000000 16.9842171242
177.0000000000 16.5862307730
177.1000000000 16.1911352797
177.2000000000 15.7990073628
177.3000000000 15.4099188166
177.4000000000 15.0239367631
177.5000000000 14.6411238852
177.6000000000 14.2615386430
177.7000000000 13.8852354731
177.8000000000 13.5122649716
177.9000000000 13.1426740633
178.0000000000 12.7765061565
178.1000000000 12.4138012847
178.2000000000 12.0545962369
178.3000000000 11.6989246767
178.4000000000 11.3468172516
178.5000000000 10.9983016932
178.6000000000 10.6534029094
178.7000000000 10.3121430691
178.8000000000 9.9745416812
178.9000000000 9.6406156676
179.0000000000 9.3103794309
179.1000000000 8.9838449193
179.2000000000 8.6610216873
179.3000000000 8.3419169530
179.4000000000 8.0265356551
179.5000000000 7.7148805060
179.6000000000 7.4069520454
179.7000000000 7.1027486924
179.8000000000 6.8022667968
179.9000000000 6.5055006915
180.0000000000 6.2124427438
180.1000000000 5.9230834081
180.2000000000 5.6374112785
180.3000000000 5.3554131429
180.4000000000 5.0770740371
180.5000000000 4.8023773007
180.6000000000 4.5313046334
180.7000000000 4.2638361525
180.8000000000 3.9999504515
180.9000000000 3.7396246592
181.0000000000 3.4828344998
181.1000000000 3.2295543546
181.2000000000 2.9797573225
181.3000000000 2.7334152830
181.4000000000 2.4904989584
181.5000000000 2.2509779763
181.6000000000 2.0148209329
181.7000000000 1.7819954556
181.8000000000 1.5524682654
181.9000000000 1.3262052396
182.0000000000 1.1031714732
182.1000000000 0.8833313399
182.2000000000 0.6666485527
182.3000000000 0.4530862230
182.4000000000 0.2426069190
182.5000000000 0.0351727227
182.6000000000 -0.1692547143
182.7000000000 -0.3707141162
182.8000000000 -0.5692445304
182.9000000000 -0.7648852758
183.0000000000 -0.9576758933
183.1000000000 -1.1476560980
183.2000000000 -1.3348657325
183.3000000000 -1.5193447227
183.4000000000 -1.7011330352
183.5000000000 -1.8802706364
183.6000000000 -2.0567974540
183.7000000000 -2.2307533391
183.8000000000 -2.4021780320
183.9000000000 -2.5711111283
184.0000000000 -2.7375920477
184.1000000000 -2.9016600042
184.2000000000 -3.0633539782
184.3000000000 -3.2227126909
184.4000000000 -3.3797745794
184.5000000000 -3.5345777741
184.6000000000 -3.6871600781
184.7000000000 -3.8375589472
184.8000000000 -3.9858114725
184.9000000000 -4.1319543638
185.0000000000 -4.2760239345
185.1000000000 -4.4180560883
185.2000000000 -4.5580863069
185.3000000000 -4.6961496388
185.4000000000 -4.8322806901
185.5000000000 -4.9665136153
185.6000000000 -5.0988821102
185.7000000000 -5.2294194055
185.8000000000 -5.3581582612
185.9000000000 -5.4851309623
186.0000000000 -5.6103693150
186.1000000000 -5.7339046444
186.2000000000 -5.8557677920
186.3000000000 -5.9759891150
186.4000000000 -6.0945984855
186.5000000000 -6.2116252908
186.6000000000 -6.3270984342
186.7000000000 -6.4410463361
186.8000000000 -6.5534969361
186.9000000000 -6.6644776953
187.0000000000 -6.7740155991
187.1000000000 -6.8821371602
187.2000000000 -6.9888684227
187.3000000000 -7.0942349654
187.4000000000 -7.1982619066
187.5000000000 -7.3009739085
187.6000000000 -7.4023951819
187.7000000000 -7.5025494913
187.8000000000 -7.6014601603
187.9000000000 -7.6991500769
188.0000000000 -7.7956416993
188.1000000000 -7.8909570616
188.2000000000 -7.9851177796
188.3000000000 -8.0781450569
188.4000000000 -8.1700596909
188.5000000000 -8.2608820795
188.6000000000 -8.3506322265
188.7000000000 -8.4393297486
188.8000000000 -8.5269938812
188.9000000000 -8.6136434854
189.0000000000 -8.6992970537
189.1000000000 -8.7839727167
189.2000000000 -8.8676882496
189.3000000000 -8.9504610781
189.4000000000 -9.0323082852
189.5000000000 -9.1132466173
189.6000000000 -9.1932924902
189.7000000000 -9.2724619958
189.8000000000 -9.3507709080
189.9000000000 -9.4282346885
190.0000000000 -9.5048684936
190.1000000000 -9.5806871793
190.2000000000 -9.6557053080
190.3000000000 -9.7299371538
190.4000000000 -9.8033967084
190.5000000000 -9.8760976869
190.6000000000 -9.9480535333
190.7000000000 -10.0192774261
190.8000000000 -10.0897822836
190.9000000000 -10.1595807695
191.0000000000 -10.2286852978
191.1000000000 -10.2971080384
191.2000000000 -10.3648609218
191.3000000000 -10.4319556445
191.4000000000 -10.4984036736
191.5000000000 -10.5642162515
191.6000000000 -10.6294044013
191.7000000000 -10.6939789305
191.8000000000 -10.7579504365
191.9000000000 -10.8213293104
192.0000000000 -10.8841257415
192.1000000000 -10.9463497220
192.2000000000 -11.0080110504
192.3000000000 -11.0691193367
192.4000000000 -11.1296840052
192.5000000000 -11.1897142996
192.6000000000 -11.2492192860
192.7000000000 -11.3082078571
192.8000000000 -11.3666887359
192.9000000000 -11.4246704792
193.0000000000 -11.4821614809
193.1000000000 -11.5391699762
193.2000000000 -11.5957040440
193.3000000000 -11.6517716112
193.4000000000 -11.7073804550
193.5000000000 -11.7625382069
193.6000000000 -11.8172523551
193.7000000000 -11.8715302480
193.8000000000 -11.9253790969
193.9000000000 -11.9788059792
194.0000000000 -12.0318178406
194.1000000000 -12.0844214985
194.2000000000 -12.1366236446
194.3000000000 -12.1884308470
194.4000000000 -12.2398495534
194.5000000000 -12.2908860934
194.6000000000 -12.3415466809
194.7000000000 -12.3918374165
194.8000000000 -12.4417642899
194.9000000000 -12.4913331823
195.0000000000 -12.5405498685
195.1000000000 -12.5894200189
195.2000000000 -12.6379492023
195.3000000000 -12.6861428873
195.4000000000 -12.7340064446
195.5000000000 -12.7815451494
195.6000000000 -12.8287641826
195.7000000000 -12.8756686332
195.8000000000 -12.9222635003
195.9000000000 -12.9685536946
196.0000000000 -13.0145440404
196.1000000000 -13.0602392771
196.2000000000 -13.1056440613
196.3000000000 -13.1507629682
196.4000000000 -13.1956004933
196.5000000000 -13.2401610542
196.6000000000 -13.2844489918
196.7000000000 -13.3284685721
196.8000000000 -13.3722239878
196.9000000000 -13.4157193596
197.0000000000 -13.4589587374
197.1000000000 -13.5019461024
197.2000000000 -13.5446853678
197.3000000000 -13.5871803806
197.4000000000 -13.6294349226
197.5000000000 -13.6714527119
197.6000000000 -13.7132374043
197.7000000000 -13.7547925942
197.8000000000 -13.7961218160
197.9000000000 -13.8372285453
198.0000000000 -13.8781162002
198.1000000000 -13.9187881421
198.2000000000 -13.9592476772
198.3000000000 -13.9994980572
198.4000000000 -14.0395424810
198.5000000000 -14.0793840950
198.6000000000 -14.1190259945
198.7000000000 -14.1584712249
198.8000000000 -14.1977227825
198.9000000000 -14.2367836152
199.0000000000 -14.2756566241
199.1000000000 -14.3143446636
199.2000000000 -14.3528505432
199.3000000000 -14.3911770277
199.4000000000 -14.4293268384
199.5000000000 -14.4673026539
199.6000000000 -14.5051071110
199.7000000000 -14.5427428053
199.8000000000 -14.5802122923
199.9000000000 -14.6175180880
200.0000000000 -14.6546626699
200.1000000000 -14.6916484773
200.2000000000 -14.7284779126
200.3000000000 -14.7651533416
200.4000000000 -14.8016770945
200.5000000000 -14.8380514664
200.6000000000 -14.8742787181
200.7000000000 -14.9103610767
200.8000000000 -14.9463007365
200.9000000000 -14.9820998592
201.0000000000 -15.0177605749
201.1000000000 -15.0532849825
201.2000000000 -15.0886751505
201.3000000000 -15.1239331175
201.4000000000 -15.1590608927
201.5000000000 -15.1940604565
201.6000000000 -15.2289337613
201.7000000000 -15.2636827318
201.8000000000 -15.2983092654
201.9000000000 -15.3328152330
202.0000000000 -15.3672024797
202.1000000000 -15.4014728246
202.2000000000 -15.4356280620
202.3000000000 -15.4696699616
202.4000000000 -15.5036002689
202.5000000000 -15.5374207057
202.6000000000 -15.5711329707
202.7000000000 -15.6047387398
202.8000000000 -15.6382396666
202.9000000000 -15.6716373829
203.0000000000 -15.7049334988
203.1000000000 -15.7381296035
203.2000000000 -15.7712272655
203.3000000000 -15.8042280331
203.4000000000 -15.8371334346
203.5000000000 -15.8699449788
203.6000000000 -15.9026641555
203.7000000000 -15.9352924355
203.8000000000 -15.9678312714
203.9000000000 -16.0002820975
204.0000000000 -16.0326463307
204.1000000000 -16.0649253703
204.2000000000 -16.0971205983
204.3000000000 -16.1292333803
204.4000000000 -16.1612650654
204.5000000000 -16.1932169864
204.6000000000 -16.2250904604
204.7000000000 -16.2568867890
204.8000000000 -16.2886072584
204.9000000000 -16.3202531399
205.0000000000 -16.3518256902
205.1000000000 -16.3833261514
205.2000000000 -16.4147557518
205.3000000000 -16.4461157053
205.4000000000 -16.4774072126
205.5000000000 -16.5086314609
205.6000000000 -16.5397896241
205.7000000000 -16.5708828635
205.8000000000 -16.6019123274
205.9000000000 -16.6328791519
206.0000000000 -16.6637844609
206.1000000000 -16.6946293663
206.2000000000 -16.7254149681
206.3000000000 -16.7561423549
206.4000000000 -16.7868126039
206.5000000000 -16.8174267813
206.6000000000 -16.8479859422
206.7000000000 -16.8784911310
206.8000000000 -16.9089433817
206.9000000000 -16.9393437178
207.0000000000 -16.9696931526
207.1000000000 -16.9999926897
207.2000000000 -17.0302433225
207.3000000000 -17.0604460352
207.4000000000 -17.0906018022
207.5000000000 -17.1207115889
207.6000000000 -17.1507763513
207.7000000000 -17.1807970367
207.8000000000 -17.2107745835
207.9000000000 -17.2407099214
208.0000000000 -17.2706039718
208.1000000000 -17.3004576477
208.2000000000 -17.3302718538
208.3000000000 -17.3600474869
208.4000000000 -17.3897854360
208.5000000000 -17.4194865820
208.6000000000 -17.4491517986
208.7000000000 -17.4787819518
208.8000000000 -17.5083779003
208.9000000000 -17.5379404957
209.0000000000 -17.5674705822
209.1000000000 -17.5969689975
209.2000000000 -17.6264365721
209.3000000000 -17.6558741299
209.4000000000 -17.6852824884
209.5000000000 -17.7146624584
209.6000000000 -17.7440148444
209.7000000000 -17.7733404447
209.8000000000 -17.8026400514
209.9000000000 -17.8319144507
210.0000000000 -17.8611644228
210.1000000000 -17.8903907421
210.2000000000 -17.9195941773
210.3000000000 -17.9487754917
210.4000000000 -17.9779354427
210.5000000000 -18.0070747827
210.6000000000 -18.0361942585
210.7000000000 -18.0652946120
210.8000000000 -18.0943765797
210.9000000000 -18.1234408933
211.0000000000 -18.1524882794
211.1000000000 -18.1815194600
211.2000000000 -18.2105351521
211.3000000000 -18.2395360682
211.4000000000 -18.2685229161
211.5000000000 -18.2974963994
211.6000000000 -18.3264572171
211.7000000000 -18.3554060637
211.8000000000 -18.3843436298
211.9000000000 -18.4132706016
212.0000000000 -18.4421876613
212.1000000000 -18.4710954873
212.2000000000 -18.4999947537
212.3000000000 -18.5288861309
212.4000000000 -18.5577702856
212.5000000000 -18.5866478808
212.6000000000 -18.6155195758
212.7000000000 -18.6443860262
212.8000000000 -18.6732478843
212.9000000000 -18.7021057990
213.0000000000 -18.7309604158
213.1000000000 -18.7598123766
213.2000000000 -18.7886623206
213.3000000000 -18.8175108835
213.4000000000 -18.8463586979
213.5000000000 -18.8752063935
213.6000000000 -18.9040545970
213.7000000000 -18.9329039321
213.8000000000 -18.9617550197
213.9000000000 -18.9906084779
214.0000000000 -19.0194649221
214.1000000000 -19.0483249650
214.2000000000 -19.0771892166
214.3000000000 -19.1060582844
214.4000000000 -19.1349327735
214.5000000000 -19.1638132864
214.6000000000 -19.1927004233
214.7000000000 -19.2215947818
214.8000000000 -19.2504969576
214.9000000000 -19.2794075438
215.0000000000 -19.3083271317
215.1000000000 -19.3372563099
215.2000000000 -19.3661956655
215.3000000000 -19.3951457832
215.4000000000 -19.4241072458
215.5000000000 -19.4530806341
215.6000000000 -19.4820665271
215.7000000000 -19.5110655019
215.8000000000 -19.5400781338
215.9000000000 -19.5691049963
216.0000000000 -19.5981466612
216.1000000000 -19.6272036987
216.2000000000 -19.6562766773
216.3000000000 -19.6853661640
216.4000000000 -19.7144727240
216.5000000000 -19.7435969213
216.6000000000 -19.7727393184
216.7000000000 -19.8019004762
216.8000000000 -19.8310809545
216.9000000000 -19.8602813114
217.0000000000 -19.8895021040
217.1000000000 -19.9187438880
217.2000000000 -19.9480072181
217.3000000000 -19.9772926474
217.4000000000 -20.0066007283
217.5000000000 -20.0359320118
217.6000000000 -20.0652870479
217.7000000000 -20.0946663857
217.8000000000 -20.1240705731
217.9000000000 -20.1535001573
218.0000000000 -20.1829556842
218.1000000000 -20.2124376991
218.2000000000 -20.2419467463
218.3000000000 -20.2714833695
218.4000000000 -20.3010481112
218.5000000000 -20.3306415136
218.6000000000 -20.3602641179
218.7000000000 -20.3899164646
218.8000000000 -20.4195990937
218.9000000000 -20.4493125443
219.0000000000 -20.4790573552
219.1000000000 -20.5088340645
219.2000000000 -20.5386432097
219.3000000000 -20.5684853279
219.4000000000 -20.5983609556
219.5000000000 -20.6282706290
219.6000000000 -20.6582148837
219.7000000000 -20.6881942551
219.8000000000 -20.7182092781
219.9000000000 -20.7482604872
220.0000000000 -20.7783484168
220.1000000000 -20.8084736009
220.2000000000 -20.8386365731
220.3000000000 -20.8688378670
220.4000000000 -20.8990780159
220.5000000000 -20.9293575530
220.6000000000 -20.9596770110
220.7000000000 -20.9900369230
220.8000000000 -21.0204378215
220.9000000000 -21.0508802393
221.0000000000 -21.0813647089
221.1000000000 -21.1118917628
221.2000000000 -21.1424619337
221.3000000000 -21.1730757539
221.4000000000 -21.2037337561
221.5000000000 -21.2344364729
221.6000000000 -21.2651844370
221.7000000000 -21.2959781812
221.8000000000 -21.3268182384
221.9000000000 -21.3577051417
222.0000000000 -21.3886394242
222.1000000000 -21.4196216194
222.2000000000 -21.4506522609
222.3000000000 -21.4817318823
222.4000000000 -21.5128610179
222.5000000000 -21.5440402019
222.6000000000 -21.5752699689
222.7000000000 -21.6065508537
222.8000000000 -21.6378833916
222.9000000000 -21.6692681180
223.0000000000 -21.7007055688
223.1000000000 -21.7321962802
223.2000000000 -21.7637407889
223.3000000000 -21.7953396317
223.4000000000 -21.8269933462
223.5000000000 -21.8587024701
223.6000000000 -21.8904675417
223.7000000000 -21.9222890997
223.8000000000 -21.9541676834
223.9000000000 -21.9861038324
224.0000000000 -22.0180980869
224.1000000000 -22.0501509876
224.2000000000 -22.0822630758
224.3000000000 -22.1144348931
224.4000000000 -22.1466669819
224.5000000000 -22.1789598850
224.6000000000 -22.2113141460
224.7000000000 -22.2437303088
224.8000000000 -22.2762089181
224.9000000000 -22.3087505191
225.0000000000 -22.3413556577
225.1000000000 -22.3740248804
225.2000000000 -22.4067587342
225.3000000000 -22.4395577670
225.4000000000 -22.4724225272
225.5000000000 -22.5053535638
225.6000000000 -22.5383514268
225.7000000000 -22.5714166664
225.8000000000 -22.6045498338
225.9000000000 -22.6377514809
226.0000000000 -22.6710221602
226.1000000000 -22.7043624249
226.2000000000 -22.7377728291
226.3000000000 -22.7712539273
226.4000000000 -22.8048062750
226.5000000000 -22.8384304283
226.6000000000 -22.8721269440
226.7000000000 -22.9058963799
226.8000000000 -22.9397392941
226.9000000000 -22.9736562459
227.0000000000 -23.0076477950
227.1000000000 -23.0417145021
227.2000000000 -23.0758569284
227.3000000000 -23.1100756361
227.4000000000 -23.1443711880
227.5000000000 -23.1787441477
227.6000000000 -23.2131950796
227.7000000000 -23.2477245488
227.8000000000 -23.2823331211
227.9000000000 -23.3170213632
228.0000000000 -23.3517898424
228.1000000000 -23.3866391268
228.2000000000 -23.4215697853
228.3000000000 -23.4565823876
228.4000000000 -23.4916775039
228.5000000000 -23.5268557053
228.6000000000 -23.5621175636
228.7000000000 -23.5974636514
228.8000000000 -23.6328945420
228.9000000000 -23.6684108093
229.0000000000 -23.7040130279
229.1000000000 -23.7397017733
229.2000000000 -23.7754776216
229.3000000000 -23.8113411494
229.4000000000 -23.8472929343
229.5000000000 -23.8833335543
229.6000000000 -23.9194635882
229.7000000000 -23.9556836155
229.8000000000 -23.9919942161
229.9000000000 -24.0283959707
230.0000000000 -24.0648894607
230.1000000000 -24.1014752679
230.2000000000 -24.1381539748
230.3000000000 -24.1749261645
230.4000000000 -24.2117924206
230.5000000000 -24.2487533273
230.6000000000 -24.2858094692
230.7000000000 -24.3229614315
230.8000000000 -24.3602098001
230.9000000000 -24.3975551611
231.0000000000 -24.4349981011
231.1000000000 -24.4725392073
231.2000000000 -24.5101790672
231.3000000000 -24.5479182688
231.4000000000 -24.5857574003
231.5000000000 -24.6236970506
231.6000000000 -24.6617378086
231.7000000000 -24.6998802637
231.8000000000 -24.7381250057
231.9000000000 -24.7764726244
232.0000000000 -24.8149237101
232.1000000000 -24.8534788533
232.2000000000 -24.8921386445
232.3000000000 -24.9309036746
232.4000000000 -24.9697745345
232.5000000000 -25.0087518155
232.6000000000 -25.0478361086
232.7000000000 -25.0870280051
232.8000000000 -25.1263280964
232.9000000000 -25.1657369737
233.0000000000 -25.2052552283
233.1000000000 -25.2448834515
233.2000000000 -25.2846222344
233.3000000000 -25.3244721681
233.4000000000 -25.3644338433
233.5000000000 -25.4045078508
233.6000000000 -25.4446947811
233.7000000000 -25.4849952243
233.8000000000 -25.5254097703
233.9000000000 -25.5659390087
234.0000000000 -25.6065835287
234.1000000000 -25.6473439191
234.2000000000 -25.6882207682
234.3000000000 -25.7292146638
234.4000000000 -25.7703261931
234.5000000000 -25.8115559431
234.6000000000 -25.8529044996
234.7000000000 -25.8943724483
234.8000000000 -25.9359603737
234.9000000000 -25.9776688599
235.0000000000 -26.0194984901
235.1000000000 -26.0614498465
235.2000000000 -26.1035235106
235.3000000000 -26.1457200629
235.4000000000 -26.1880400828
235.5000000000 -26.2304841489
235.6000000000 -26.2730528384
235.7000000000 -26.3157467276
235.8000000000 -26.3585663915
235.9000000000 -26.4015124037
236.0000000000 -26.4445853369
236.1000000000 -26.4877857620
236.2000000000 -26.5311142487
236.3000000000 -26.5745713651
236.4000000000 -26.6181576780
236.5000000000 -26.6618737523
236.6000000000 -26.7057201515
236.7000000000 -26.7496974372
236.8000000000 -26.7938061694
236.9000000000 -26.8380469062
237.0000000000 -26.8824202036
237.1000000000 -26.9269266160
237.2000000000 -26.9715666955
237.3000000000 -27.0163409922
237.4000000000 -27.0612500540
237.5000000000 -27.1062944266
237.6000000000 -27.1514746535
237.7000000000 -27.1967912757
237.8000000000 -27.2422448318
237.9000000000 -27.2878358580
238.0000000000 -27.3335648877
238.1000000000 -27.3794324520
238.2000000000 -27.4254390789
238.3000000000 -27.4715852939
238.4000000000 -27.5178716194
238.5000000000 -27.5642985752
238.6000000000 -27.6108666777
238.7000000000 -27.6575764404
238.8000000000 -27.7044283737
238.9000000000 -27.7514229846
239.0000000000 -27.7985607768
239.1000000000 -27.8458422507
239.2000000000 -27.8932679031
239.3000000000 -27.9408382274
239.4000000000 -27.9885537130
239.5000000000 -28.0364148460
239.6000000000 -28.0844221084
239.7000000000 -28.1325759784
239.8000000000 -28.1808769302
239.9000000000 -28.2293254340
240.0000000000 -28.2779219557
240.1000000000 -28.3266669570
240.2000000000 -28.3755608955
240.3000000000 -28.4246042240
240.4000000000 -28.4737973911
240.5000000000 -28.5231408408
240.6000000000 -28.5726350121
240.7000000000 -28.6222803396
240.8000000000 -28.6720772529
240.9000000000 -28.7220261767
241.0000000000 -28.7721275305
241.1000000000 -28.8223817287
241.2000000000 -28.8727891807
241.3000000000 -28.9233502904
241.4000000000 -28.9740654562
241.5000000000 -29.0249350711
241.6000000000 -29.0759595226
241.7000000000 -29.1271391923
241.8000000000 -29.1784744562
241.9000000000 -29.2299656843
242.0000000000 -29.2816132405
242.1000000000 -29.3334174829
242.2000000000 -29.3853787633
242.3000000000 -29.4374974271
242.4000000000 -29.4897738136
242.5000000000 -29.5422082554
242.6000000000 -29.5948010786
242.7000000000 -29.6475526027
242.8000000000 -29.7004631404
242.9000000000 -29.7535329977
243.0000000000 -29.8067624734
243.1000000000 -29.8601518593
243.2000000000 -29.9137014403
243.3000000000 -29.9674114938
243.4000000000 -30.0212822899
243.5000000000 -30.0753140915
243.6000000000 -30.1295071536
243.7000000000 -30.1838617239
243.8000000000 -30.2383780421
243.9000000000 -30.2930563403
244.0000000000 -30.3478968426
244.1000000000 -30.4028997651
244.2000000000 -30.4580653157
244.3000000000 -30.5133936943
244.4000000000 -30.5688850922
244.5000000000 -30.6245396926
244.6000000000 -30.6803576701
244.7000000000 -30.7363391906
244.8000000000 -30.7924844115
244.9000000000 -30.8487934814
245.0000000000 -30.9052665400
245.1000000000 -30.9619037179
245.2000000000 -31.0187051370
245.3000000000 -31.0756709099
245.4000000000 -31.1328011398
245.5000000000 -31.1900959208
245.6000000000 -31.2475553376
245.7000000000 -31.3051794654
245.8000000000 -31.3629683697
245.9000000000 -31.4209221065
246.0000000000 -31.4790407219
246.1000000000 -31.5373242525
246.2000000000 -31.5957727245
246.3000000000 -31.6543861546
246.4000000000 -31.7131645491
246.5000000000 -31.7721079044
246.6000000000 -31.8312162063
246.7000000000 -31.8904894308
246.8000000000 -31.9499275431
246.9000000000 -32.0095304983
247.0000000000 -32.0692982406
247.1000000000 -32.1292307039
247.2000000000 -32.1893278114
247.3000000000 -32.2495894754
247.4000000000 -32.3100155976
247.5000000000 -32.3706060687
247.6000000000 -32.4313607686
247.7000000000 -32.4922795661
247.8000000000 -32.5533623189
247.9000000000 -32.6146088737
248.0000000000 -32.6760190661
248.1000000000 -32.7375927203
248.2000000000 -32.7993296494
248.3000000000 -32.8612296550
248.4000000000 -32.9232925275
248.5000000000 -32.9855180458
248.6000000000 -33.0479059772
248.7000000000 -33.1104560776
248.8000000000 -33.1731680915
248.9000000000 -33.2360417516
249.0000000000 -33.2990767790
249.1000000000 -33.3622728831
249.2000000000 -33.4256297618
249.3000000000 -33.4891471011
249.4000000000 -33.5528245751
249.5000000000 -33.6166618465
249.6000000000 -33.6806585658
249.7000000000 -33.7448143718
249.8000000000 -33.8091288917
249.9000000000 -33.8736017404
250.0000000000 -33.9382325212
250.1000000000 -34.0030208255
250.2000000000 -34.0679662325
250.3000000000 -34.1330683099
250.4000000000 -34.1983266132
250.5000000000 -34.2637406860
250.6000000000 -34.3293100601
250.7000000000 -34.3950342554
250.8000000000 -34.4609127796
250.9000000000 -34.5269451289
251.0000000000 -34.5931307872
251.1000000000 -34.6594692269
251.2000000000 -34.7259599083
251.3000000000 -34.7926022798
251.4000000000 -34.8593957782
251.5000000000 -34.9263398283
251.6000000000 -34.9934338433
251.7000000000 -35.0606772244
251.8000000000 -35.1280693615
251.9000000000 -35.1956096323
252.0000000000 -35.2632974033
252.1000000000 -35.3311320293
252.2000000000 -35.3991128533
252.3000000000 -35.4672392071
252.4000000000 -35.5355104109
252.5000000000 -35.6039257735
252.6000000000 -35.6724845925
252.7000000000 -35.7411861539
252.8000000000 -35.8100297328
252.9000000000 -35.8790145928
253.0000000000 -35.9481399868
253.1000000000 -36.0174051564
253.2000000000 -36.0868093322
253.3000000000 -36.1563517341
253.4000000000 -36.2260315711
253.5000000000 -36.2958480415
253.6000000000 -36.3658003329
253.7000000000 -36.4358876224
253.8000000000 -36.5061090766
253.9000000000 -36.5764638518
254.0000000000 -36.6469510940
254.1000000000 -36.7175699388
254.2000000000 -36.7883195121
254.3000000000 -36.8591989295
254.4000000000 -36.9302072968
254.5000000000 -37.0013437102
254.6000000000 -37.0726072561
254.7000000000 -37.1439970112
254.8000000000 -37.2155120431
254.9000000000 -37.2871514099
255.0000000000 -37.3589141605
255.1000000000 -37.4307993347
255.2000000000 -37.5028059635
255.3000000000 -37.5749330690
255.4000000000 -37.6471796645
255.5000000000 -37.7195447550
255.6000000000 -37.7920273369
255.7000000000 -37.8646263983
255.8000000000 -37.9373409192
255.9000000000 -38.0101698716
256.0000000000 -38.0831122198
256.1000000000 -38.1561669200
256.2000000000 -38.2293329212
256.3000000000 -38.3026091649
256.4000000000 -38.3759945851
256.5000000000 -38.4494881090
256.6000000000 -38.5230886567
256.7000000000 -38.5967951414
256.8000000000 -38.6706064699
256.9000000000 -38.7445215424
257.0000000000 -38.8185392526
257.1000000000 -38.8926584882
257.2000000000 -38.9668781311
257.3000000000 -39.0411970571
257.4000000000 -39.1156141364
257.5000000000 -39.1901282337
257.6000000000 -39.2647382085
257.7000000000 -39.3394429151
257.8000000000 -39.4142412028
257.9000000000 -39.4891319160
258.0000000000 -39.5641138947
258.1000000000 -39.6391859743
258.2000000000 -39.7143469861
258.3000000000 -39.7895957570
258.4000000000 -39.8649311102
258.5000000000 -39.9403518653
258.6000000000 -40.0158568381
258.7000000000 -40.0914448411
258.8000000000 -40.1671146837
258.9000000000 -40.2428651723
259.0000000000 -40.3186951103
259.1000000000 -40.3946032987
259.2000000000 -40.4705885358
259.3000000000 -40.5466496179
259.4000000000 -40.6227853391
259.5000000000 -40.6989944915
259.6000000000 -40.7752758656
259.7000000000 -40.8516282504
259.8000000000 -40.9280504335
259.9000000000 -41.0045412013
260.0000000000 -41.0810993392
260.1000000000 -41.1577236321
260.2000000000 -41.2344128639
260.3000000000 -41.3111658184
260.4000000000 -41.3879812789
260.5000000000 -41.4648580288
260.6000000000 -41.5417948517
260.7000000000 -41.6187905313
260.8000000000 -41.6958438519
260.9000000000 -41.7729535986
261.0000000000 -41.8501185572
261.1000000000 -41.9273375145
261.2000000000 -42.0046092586
261.3000000000 -42.0819325790
261.4000000000 -42.1593062668
261.5000000000 -42.2367291147
261.6000000000 -42.3141999175
261.7000000000 -42.3917174719
261.8000000000 -42.4692805770
261.9000000000 -42.5468880343
262.0000000000 -42.6245386480
262.1000000000 -42.7022312249
262.2000000000 -42.7799645748
262.3000000000 -42.8577375107
262.4000000000 -42.9355488488
262.5000000000 -43.0133974088
262.6000000000 -43.0912820139
262.7000000000 -43.1692014911
262.8000000000 -43.2471546714
262.9000000000 -43.3251403898
263.0000000000 -43.4031574854
263.1000000000 -43.4812048020
263.2000000000 -43.5592811877
263.3000000000 -43.6373854953
263.4000000000 -43.7155165825
263.5000000000 -43.7936733120
263.6000000000 -43.8718545515
263.7000000000 -43.9500591741
263.8000000000 -44.0282860582
263.9000000000 -44.1065340879
264.0000000000 -44.1848021528
264.1000000000 -44.2630891484
264.2000000000 -44.3413939761
264.3000000000 -44.4197155435
264.4000000000 -44.4980527642
264.5000000000 -44.5764045583
264.6000000000 -44.6547698523
264.7000000000 -44.7331475793
264.8000000000 -44.8115366789
264.9000000000 -44.8899360979
265.0000000000 -44.9683447896
265.1000000000 -45.0467617146
265.2000000000 -45.1251858405
265.3000000000 -45.2036161422
265.4000000000 -45.2820516020
265.5000000000 -45.3604912097
265.6000000000 -45.4389339624
265.7000000000 -45.5173788651
265.8000000000 -45.5958249305
265.9000000000 -45.6742711790
266.0000000000 -45.7527166391
266.1000000000 -45.8311603473
266.2000000000 -45.9096013481
266.3000000000 -45.9880386942
266.4000000000 -46.0664714467
266.5000000000 -46.1448986748
266.6000000000 -46.2233194563
266.7000000000 -46.3017328775
266.8000000000 -46.3801380332
266.9000000000 -46.4585340267
267.0000000000 -46.5369199703
267.1000000000 -46.6152949847
267.2000000000 -46.6936581997
267.3000000000 -46.7720087538
267.4000000000 -46.8503457944
267.5000000000 -46.9286684781
267.6000000000 -47.0069759703
267.7000000000 -47.0852674455
267.8000000000 -47.1635420875
267.9000000000 -47.2417990890
268.0000000000 -47.3200376521
268.1000000000 -47.3982569881
268.2000000000 -47.4764563175
268.3000000000 -47.5546348701
268.4000000000 -47.6327918852
268.5000000000 -47.7109266113
268.6000000000 -47.7890383064
268.7000000000 -47.8671262378
268.8000000000 -47.9451896823
268.9000000000 -48.0232279261
269.0000000000 -48.1012402650
269.1000000000 -48.1792260041
269.2000000000 -48.2571844581
269.3000000000 -48.3351149513
269.4000000000 -48.4130168173
269.5000000000 -48.4908893993
269.6000000000 -48.5687320500
269.7000000000 -48.6465441316
269.8000000000 -48.7243250160
269.9000000000 -48.8020740843
270.0000000000 -48.8797907273
270.1000000000 -48.9574743452
270.2000000000 -49.0351243478
270.3000000000 -49.1127401542
270.4000000000 -49.1903211932
270.5000000000 -49.2678669026
270.6000000000 -49.3453767302
270.7000000000 -49.4228501326
270.8000000000 -49.5002865762
270.9000000000 -49.5776855366
271.0000000000 -49.6550464986
271.1000000000 -49.7323689565
271.2000000000 -49.8096524137
271.3000000000 -49.8868963829
271.4000000000 -49.9641003859
271.5000000000 -50.0412639538
271.6000000000 -50.1183866267
271.7000000000 -50.1954679537
271.8000000000 -50.2725074930
271.9000000000 -50.3495048119
272.0000000000 -50.4264594865
272.1000000000 -50.5033711018
272.2000000000 -50.5802392516
272.3000000000 -50.6570635387
272.4000000000 -50.7338435743
272.5000000000 -50.8105789786
272.6000000000 -50.8872693801
272.7000000000 -50.9639144163
272.8000000000 -51.0405137327
272.9000000000 -51.1170669836
273.0000000000 -51.1935738316
273.1000000000 -51.2700339476
273.2000000000 -51.3464470106
273.3000000000 -51.4228127081
273.4000000000 -51.4991307355
273.5000000000 -51.5754007963
273.6000000000 -51.6516226020
273.7000000000 -51.7277958718
273.8000000000 -51.8039203331
273.9000000000 -51.8799957207
274.0000000000 -51.9560217774
274.1000000000 -52.0319982533
274.2000000000 -52.1079249062
274.3000000000 -52.1838015012
274.4000000000 -52.2596278110
274.5000000000 -52.3354036153
274.6000000000 -52.4111287012
274.7000000000 -52.4868028628
274.8000000000 -52.5624259011
274.9000000000 -52.6379976244
275.0000000000 -52.7135178474
275.1000000000 -52.7889863919
275.2000000000 -52.8644030862
275.3000000000 -52.9397677651
275.4000000000 -53.0150802702
275.5000000000 -53.0903404490
275.6000000000 -53.1655481558
275.7000000000 -53.2407032507
275.8000000000 -53.3158056000
275.9000000000 -53.3908550763
276.0000000000 -53.4658515576
276.1000000000 -53.5407949281
276.2000000000 -53.6156850775
276.3000000000 -53.6905219012
276.4000000000 -53.7653053001
276.5000000000 -53.8400351804
276.6000000000 -53.9147114537
276.7000000000 -53.9893340368
276.8000000000 -54.0639028515
276.9000000000 -54.1384178247
277.0000000000 -54.2128788880
277.1000000000 -54.2872859781
277.2000000000 -54.3616390359
277.3000000000 -54.4359380072
277.4000000000 -54.5101828422
277.5000000000 -54.5843734954
277.6000000000 -54.6585099255
277.7000000000 -54.7325920953
277.8000000000 -54.8066199717
277.9000000000 -54.8805935254
278.0000000000 -54.9545127311
278.1000000000 -55.0283775668
278.2000000000 -55.1021880144
278.3000000000 -55.1759440591
278.4000000000 -55.2496456895
278.5000000000 -55.3232928973
278.6000000000 -55.3968856775
278.7000000000 -55.4704240279
278.8000000000 -55.5439079493
278.9000000000 -55.6173374453
279.0000000000 -55.6907125220
279.1000000000 -55.7640331882
279.2000000000 -55.8372994549
279.3000000000 -55.9105113357
279.4000000000 -55.9836688462
279.5000000000 -56.0567720039
279.6000000000 -56.1298208287
279.7000000000 -56.2028153420
279.8000000000 -56.2757555669
279.9000000000 -56.3486415284
280.0000000000 -56.4214732526
280.1000000000 -56.4942507673
280.2000000000 -56.5669741014
280.3000000000 -56.6396432849
280.4000000000 -56.7122583488
280.5000000000 -56.7848193252
280.6000000000 -56.8573262468
280.7000000000 -56.9297791470
280.8000000000 -57.0021780597
280.9000000000 -57.0745230194
281.0000000000 -57.1468140608
281.1000000000 -57.2190512187
281.2000000000 -57.2912345281
281.3000000000 -57.3633640240
281.4000000000 -57.4354397413
281.5000000000 -57.5074617143
281.6000000000 -57.5794299773
281.7000000000 -57.6513445639
281.8000000000 -57.7232055071
281.9000000000 -57.7950128393
282.0000000000 -57.8667665919
282.1000000000 -57.9384667954
282.2000000000 -58.0101134793
282.3000000000 -58.0817066717
282.4000000000 -58.1532463997
282.5000000000 -58.2247326888
282.6000000000 -58.2961655629
282.7000000000 -58.3675450446
282.8000000000 -58.4388711544
282.9000000000 -58.5101439111
283.0000000000 -58.5813633315
283.1000000000 -58.6525294304
283.2000000000 -58.7236422203
283.3000000000 -58.7947017115
283.4000000000 -58.8657079119
283.5000000000 -58.9366608268
283.6000000000 -59.0075604590
283.7000000000 -59.0784068085
283.8000000000 -59.1491998725
283.9000000000 -59.2199396453
284.0000000000 -59.2906261182
284.1000000000 -59.3612592793
284.2000000000 -59.4318391135
284.3000000000 -59.5023656023
284.4000000000 -59.5728387239
284.5000000000 -59.6432584529
284.6000000000 -59.7136247603
284.7000000000 -59.7839376132
284.8000000000 -59.8541969752
284.9000000000 -59.9244028057
285.0000000000 -59.9945550602
285.1000000000 -60.0646536901
285.2000000000 -60.1346986427
285.3000000000 -60.2046898609
285.4000000000 -60.2746272832
285.5000000000 -60.3445108438
285.6000000000 -60.4143404721
285.7000000000 -60.4841160931
285.8000000000 -60.5538376270
285.9000000000 -60.6235049893
286.0000000000 -60.6931180904
286.1000000000 -60.7626768359
286.2000000000 -60.8321811263
286.3000000000 -60.9016308571
286.4000000000 -60.9710259185
286.5000000000 -61.0403661955
286.6000000000 -61.1096515676
286.7000000000 -61.1788819091
286.8000000000 -61.2480570887
286.9000000000 -61.3171769697
287.0000000000 -61.3862414095
287.1000000000 -61.4552502601
287.2000000000 -61.5242033675
287.3000000000 -61.5931005723
287.4000000000 -61.6619417088
287.5000000000 -61.7307266055
287.6000000000 -61.7994550851
287.7000000000 -61.8681269641
287.8000000000 -61.9367420529
287.9000000000 -62.0053001559
288.0000000000 -62.0738010711
288.1000000000 -62.1422445903
288.2000000000 -62.2106304993
288.3000000000 -62.2789585772
288.4000000000 -62.3472285970
288.5000000000 -62.4154403250
288.6000000000 -62.4835935214
288.7000000000 -62.5516879396
288.8000000000 -62.6197233267
288.9000000000 -62.6876994231
289.0000000000 -62.7556159627
289.1000000000 -62.8234726727
289.2000000000 -62.8912692738
289.3000000000 -62.9590054798
289.4000000000 -63.0266809981
289.5000000000 -63.0942955292
289.6000000000 -63.1618487669
289.7000000000 -63.2293403983
289.8000000000 -63.2967701037
289.9000000000 -63.3641375566
290.0000000000 -63.4314424239
290.1000000000 -63.4986843654
290.2000000000 -63.5658630344
290.3000000000 -63.6329780773
290.4000000000 -63.7000291336
290.5000000000 -63.7670158362
290.6000000000 -63.8339378110
290.7000000000 -63.9007946772
290.8000000000 -63.9675860472
290.9000000000 -64.0343115267
291.0000000000 -64.1009707146
291.1000000000 -64.1675632031
291.2000000000 -64.2340885774
291.3000000000 -64.3005464163
291.4000000000 -64.3669362918
291.5000000000 -64.4332577692
291.6000000000 -64.4995104073
291.7000000000 -64.5656937580
291.8000000000 -64.6318073668
291.9000000000 -64.6978507727
292.0000000000 -64.7638235081
292.1000000000 -64.8297250988
292.2000000000 -64.8955550643
292.3000000000 -64.9613129177
292.4000000000 -65.0269981656
292.5000000000 -65.0926103084
292.6000000000 -65.1581488402
292.7000000000 -65.2236132488
292.8000000000 -65.2890030160
292.9000000000 -65.3543176172
293.0000000000 -65.4195565219
293.1000000000 -65.4847191938
293.2000000000 -65.5498050902
293.3000000000 -65.6148136628
293.4000000000 -65.6797443574
293.5000000000 -65.7445966141
293.6000000000 -65.8093698673
293.7000000000 -65.8740635456
293.8000000000 -65.9386770723
293.9000000000 -66.0032098651
294.0000000000 -66.0676613363
294.1000000000 -66.1320308928
294.2000000000 -66.1963179364
294.3000000000 -66.2605218637
294.4000000000 -66.3246420661
294.5000000000 -66.3886779302
294.6000000000 -66.4526288374
294.7000000000 -66.5164941646
294.8000000000 -66.5802732838
294.9000000000 -66.6439655623
295.0000000000 -66.7075703629
295.1000000000 -66.7710870441
295.2000000000 -66.8345149597
295.3000000000 -66.8978534596
295.4000000000 -66.9611018894
295.5000000000 -67.0242595905
295.6000000000 -67.0873259006
295.7000000000 -67.1503001532
295.8000000000 -67.2131816785
295.9000000000 -67.2759698027
296.0000000000 -67.3386638486
296.1000000000 -67.4012631356
296.2000000000 -67.4637669796
296.3000000000 -67.5261746936
296.4000000000 -67.5884855872
296.5000000000 -67.6506989673
296.6000000000 -67.7128141378
296.7000000000 -67.7748303998
296.8000000000 -67.8367470518
296.9000000000 -67.8985633900
297.0000000000 -67.9602787078
297.1000000000 -68.0218922968
297.2000000000 -68.0834034460
297.3000000000 -68.1448114428
297.4000000000 -68.2061155723
297.5000000000 -68.2673151180
297.6000000000 -68.3284093618
297.7000000000 -68.3893975841
297.8000000000 -68.4502790636
297.9000000000 -68.5110530780
298.0000000000 -68.5717189038
298.1000000000 -68.6322758163
298.2000000000 -68.6927230900
298.3000000000 -68.7530599988
298.4000000000 -68.8132858156
298.5000000000 -68.8733998131
298.6000000000 -68.9334012635
298.7000000000 -68.9932894385
298.8000000000 -69.0530636100
298.9000000000 -69.1127230498
299.0000000000 -69.1722670297
299.1000000000 -69.2316948219
299.2000000000 -69.2910056989
299.3000000000 -69.3501989336
299.4000000000 -69.4092737999
299.5000000000 -69.4682295719
299.6000000000 -69.5270655252
299.7000000000 -69.5857809360
299.8000000000 -69.6443750818
299.9000000000 -69.7028472414
300.0000000000 -69.7611966950
300.1000000000 -69.8194227242
300.2000000000 -69.8775246123
300.3000000000 -69.9355016446
300.4000000000 -69.9933531081
300.5000000000 -70.0510782919
300.6000000000 -70.1086764872
300.7000000000 -70.1661469874
300.8000000000 -70.2234890887
300.9000000000 -70.2807020894
301.0000000000 -70.3377852906
301.1000000000 -70.3947379961
301.2000000000 -70.4515595128
301.3000000000 -70.5082491505
301.4000000000 -70.5648062219
301.5000000000 -70.6212300434
301.6000000000 -70.6775199343
301.7000000000 -70.7336752176
301.8000000000 -70.7896952199
301.9000000000 -70.8455792716
302.0000000000 -70.9013267066
302.1000000000 -70.9569368629
302.2000000000 -71.0124090828
302.3000000000 -71.0677427122
302.4000000000 -71.1229371018
302.5000000000 -71.1779916063
302.6000000000 -71.2329055849
302.7000000000 -71.2876784016
302.8000000000 -71.3423094248
302.9000000000 -71.3967980279
303.0000000000 -71.4511435889
303.1000000000 -71.5053454911
303.2000000000 -71.5594031226
303.3000000000 -71.6133158768
303.4000000000 -71.6670831524
303.5000000000 -71.7207043532
303.6000000000 -71.7741788887
303.7000000000 -71.8275061739
303.8000000000 -71.8806856293
303.9000000000 -71.9337166811
304.0000000000 -71.9865987616
304.1000000000 -72.0393313085
304.2000000000 -72.0919137658
304.3000000000 -72.1443455834
304.4000000000 -72.1966262174
304.5000000000 -72.2487551300
304.6000000000 -72.3007317898
304.7000000000 -72.3525556715
304.8000000000 -72.4042262564
304.9000000000 -72.4557430323
305.0000000000 -72.5071054935
305.1000000000 -72.5583131410
305.2000000000 -72.6093654822
305.3000000000 -72.6602620316
305.4000000000 -72.7110023104
305.5000000000 -72.7615858466
305.6000000000 -72.8120121751
305.7000000000 -72.8622808379
305.8000000000 -72.9123913841
305.9000000000 -72.9623433697
306.0000000000 -73.0121363579
306.1000000000 -73.0617699192
306.2000000000 -73.1112436312
306.3000000000 -73.1605570789
306.4000000000 -73.2097098547
306.5000000000 -73.2587015582
306.6000000000 -73.3075317964
306.7000000000 -73.3562001841
306.8000000000 -73.4047063431
306.9000000000 -73.4530499030
307.0000000000 -73.5012305011
307.1000000000 -73.5492477820
307.2000000000 -73.5971013982
307.3000000000 -73.6447910096
307.4000000000 -73.6923162839
307.5000000000 -73.7396768966
307.6000000000 -73.7868725308
307.7000000000 -73.8339028774
307.8000000000 -73.8807676352
307.9000000000 -73.9274665105
308.0000000000 -73.9739992176
308.1000000000 -74.0203654787
308.2000000000 -74.0665650238
308.3000000000 -74.1125975905
308.4000000000 -74.1584629247
308.5000000000 -74.2041607798
308.6000000000 -74.2496909173
308.7000000000 -74.2950531064
308.8000000000 -74.3402471244
308.9000000000 -74.3852727564
309.0000000000 -74.4301297953
309.1000000000 -74.4748180421
309.2000000000 -74.5193373055
309.3000000000 -74.5636874021
309.4000000000 -74.6078681566
309.5000000000 -74.6518794013
309.6000000000 -74.6957209766
309.7000000000 -74.7393927306
309.8000000000 -74.7828945193
309.9000000000 -74.8262262066
310.0000000000 -74.8693876642
310.1000000000 -74.9123787715
310.2000000000 -74.9551994158
310.3000000000 -74.9978494922
310.4000000000 -75.0403289036
310.5000000000 -75.0826375604
310.6000000000 -75.1247753810
310.7000000000 -75.1667422914
310.8000000000 -75.2085382251
310.9000000000 -75.2501631236
311.0000000000 -75.2916169358
311.1000000000 -75.3328996181
311.2000000000 -75.3740111348
311.3000000000 -75.4149514573
311.4000000000 -75.4557205649
311.5000000000 -75.4963184441
311.6000000000 -75.5367450891
311.7000000000 -75.5770005014
311.8000000000 -75.6170846897
311.9000000000 -75.6569976702
312.0000000000 -75.6967394666
312.1000000000 -75.7363101094
312.2000000000 -75.7757096368
312.3000000000 -75.8149380938
312.4000000000 -75.8539955330
312.5000000000 -75.8928820135
312.6000000000 -75.9315976021
312.7000000000 -75.9701423721
312.8000000000 -76.0085164041
312.9000000000 -76.0467197856
313.0000000000 -76.0847526108
313.1000000000 -76.1226149810
313.2000000000 -76.1603070040
313.3000000000 -76.1978287946
313.4000000000 -76.2351804743
313.5000000000 -76.2723621710
313.6000000000 -76.3093740195
313.7000000000 -76.3462161608
313.8000000000 -76.3828887429
313.9000000000 -76.4193919198
314.0000000000 -76.4557258520
314.1000000000 -76.4918907066
314.2000000000 -76.5278866566
314.3000000000 -76.5637138816
314.4000000000 -76.5993725670
314.5000000000 -76.6348629047
314.6000000000 -76.6701850925
314.7000000000 -76.7053393343
314.8000000000 -76.7403258397
314.9000000000 -76.7751448245
315.0000000000 -76.8097965103
315.1000000000 -76.8442811244
315.2000000000 -76.8785988999
315.3000000000 -76.9127500754
315.4000000000 -76.9467348954
315.5000000000 -76.9805536099
315.6000000000 -77.0142064741
315.7000000000 -77.0476937491
315.8000000000 -77.0810157009
315.9000000000 -77.1141726013
316.0000000000 -77.1471647270
316.1000000000 -77.1799923600
316.2000000000 -77.2126557876
316.3000000000 -77.2451553019
316.4000000000 -77.2774912003
316.5000000000 -77.3096637850
316.6000000000 -77.3416733630
316.7000000000 -77.3735202465
316.8000000000 -77.4052047521
316.9000000000 -77.4367272012
317.0000000000 -77.4680879201
317.1000000000 -77.4992872394
317.2000000000 -77.5303254943
317.3000000000 -77.5612030246
317.4000000000 -77.5919201743
317.5000000000 -77.6224772920
317.6000000000 -77.6528747304
317.7000000000 -77.6831128465
317.8000000000 -77.7131920013
317.9000000000 -77.7431125603
318.0000000000 -77.7728748925
318.1000000000 -77.8024793714
318.2000000000 -77.8319263741
318.3000000000 -77.8612162815
318.4000000000 -77.8903494786
318.5000000000 -77.9193263540
318.6000000000 -77.9481472998
318.7000000000 -77.9768127119
318.8000000000 -78.0053229898
318.9000000000 -78.0336785363
319.0000000000 -78.0618797578
319.1000000000 -78.0899270640
319.2000000000 -78.1178208680
319.3000000000 -78.1455615860
319.4000000000 -78.1731496374
319.5000000000 -78.2005854450
319.6000000000 -78.2278694344
319.7000000000 -78.2550020343
319.8000000000 -78.2819836765
319.9000000000 -78.3088147954
