0.0000000000 -79.0487153810
0.1000000000 -79.0704153092
0.2000000000 -78.8754478920
0.3000000000 -78.3481560117
0.4000000000 -77.5004995925
0.5000000000 -76.3897475209
0.6000000000 -75.0653359466
0.7000000000 -73.5489212532
0.8000000000 -71.8275758449
0.9000000000 -69.8456513575
1.0000000000 -67.4882447816
1.1000000000 -64.5743501440
1.2000000000 -60.9573372559
1.3000000000 -56.6855411468
1.4000000000 -51.8620940514
1.5000000000 -46.3768181768
1.6000000000 -39.9543014878
1.7000000000 -32.3322822308
1.8000000000 -23.2021905087
1.9000000000 -12.0776671530
2.0000000000 1.6634992225
2.1000000000 18.0113254553
2.2000000000 33.2416523615
2.3000000000 40.6109091694
2.4000000000 40.9628298313
2.5000000000 39.7466203124
2.6000000000 39.0196210130
2.7000000000 38.6956509164
2.8000000000 38.5623162993
2.9000000000 38.5087835036
3.0000000000 38.4823981911
3.1000000000 38.4586510871
3.2000000000 38.4265091977
3.3000000000 38.3813802809
3.4000000000 38.3217107882
3.5000000000 38.2473318078
3.6000000000 38.1586577163
3.7000000000 38.0563048237
3.8000000000 37.9409175008
3.9000000000 37.8130961680
4.0000000000 37.6733742797
4.1000000000 37.5222178166
4.2000000000 37.3600341090
4.3000000000 37.1871835727
4.4000000000 37.0039913650
4.5000000000 36.8107576921
4.6000000000 36.6077663550
4.7000000000 36.3952915163
4.8000000000 36.1736028559
4.9000000000 35.9429693371
5.0000000000 35.7036618175
5.1000000000 35.4559547208
5.2000000000 35.2001269596
5.3000000000 34.9364622723
5.4000000000 34.6652491104
5.5000000000 34.3867801901
5.6000000000 34.1013518017
5.7000000000 33.8092629524
5.8000000000 33.5108144052
5.9000000000 33.2063076630
6.0000000000 32.8960439376
6.1000000000 32.5803231336
6.2000000000 32.2594428726
6.3000000000 31.9336975733
6.4000000000 31.6033776019
6.5000000000 31.2687685003
6.6000000000 30.9301502977
6.7000000000 30.5877969084
6.8000000000 30.2419756144
6.9000000000 29.8929466334
7.0000000000 29.5409627670
7.1000000000 29.1862691272
7.2000000000 28.8291029344
7.3000000000 28.4696933826
7.4000000000 28.1082615664
7.5000000000 27.7450204637
7.6000000000 27.3801749674
7.7000000000 27.0139219625
7.8000000000 26.6464504402
7.9000000000 26.2779416472
8.0000000000 25.9085692612
8.1000000000 25.5384995916
8.2000000000 25.1678917988
8.3000000000 24.7968981280
8.4000000000 24.4256641559
8.5000000000 24.0543290447
8.6000000000 23.6830258015
8.7000000000 23.3118815410
8.8000000000 22.9410177473
8.9000000000 22.5705505353
9.0000000000 22.2005909078
9.1000000000 21.8312450082
9.2000000000 21.4626143663
9.3000000000 21.0947961375
9.4000000000 20.7278833334
9.5000000000 20.3619650437
9.6000000000 19.9971266486
9.7000000000 19.6334500213
9.8000000000 19.2710137210
9.9000000000 18.9098931748
10.0000000000 18.5501608495
10.1000000000 18.1918864137
10.2000000000 17.8351368886
10.3000000000 17.4799767893
10.4000000000 17.1264682560
10.5000000000 16.7746711754
10.6000000000 16.4246432926
10.7000000000 16.0764403137
10.8000000000 15.7301160000
10.9000000000 15.3857222530
11.0000000000 15.0433091917
11.1000000000 14.7029252217
11.2000000000 14.3646170973
11.3000000000 14.0284299763
11.4000000000 13.6944074680
11.5000000000 13.3625916751
11.6000000000 13.0330232298
11.7000000000 12.7057413241
11.8000000000 12.3807837356
11.9000000000 12.0581868476
12.0000000000 11.7379856661
12.1000000000 11.4202138319
12.2000000000 11.1049036297
12.3000000000 10.7920859939
12.4000000000 10.4817905116
12.5000000000 10.1740454230
12.6000000000 9.8688776202
12.7000000000 9.5663126437
12.8000000000 9.2663746780
12.9000000000 8.9690865459
13.0000000000 8.6744697022
13.1000000000 8.3825442268
13.2000000000 8.0933288176
13.3000000000 7.8068407844
13.4000000000 7.5230960416
13.5000000000 7.2421091033
13.6000000000 6.9638930782
13.7000000000 6.6884596656
13.8000000000 6.4158191535
13.9000000000 6.1459804175
14.0000000000 5.8789509215
14.1000000000 5.6147367202
14.2000000000 5.3533424636
14.3000000000 5.0947714035
14.4000000000 4.8390254020
14.5000000000 4.5861049417
14.6000000000 4.3360091395
14.7000000000 4.0887357606
14.8000000000 3.8442812364
14.9000000000 3.6026406838
15.0000000000 3.3638079269
15.1000000000 3.1277755202
15.2000000000 2.8945347752
15.3000000000 2.6640757874
15.4000000000 2.4363874662
15.5000000000 2.2114575664
15.6000000000 1.9892727208
15.7000000000 1.7698184755
15.8000000000 1.5530793250
15.9000000000 1.3390387504
16.0000000000 1.1276792570
16.1000000000 0.9189824143
16.2000000000 0.7129288958
16.3000000000 0.5094985203
16.4000000000 0.3086702934
16.5000000000 0.1104224492
16.6000000000 -0.0852675074
16.7000000000 -0.2784227583
16.8000000000 -0.4690671296
16.9000000000 -0.6572250500
17.0000000000 -0.8429215082
17.1000000000 -1.0261820117
17.2000000000 -1.2070325454
17.3000000000 -1.3854995314
17.4000000000 -1.5616097887
17.5000000000 -1.7353904942
17.6000000000 -1.9068691446
17.7000000000 -2.0760735190
17.8000000000 -2.2430316424
17.9000000000 -2.4077717502
18.0000000000 -2.5703222544
18.1000000000 -2.7307117101
18.2000000000 -2.8889687837
18.3000000000 -3.0451222218
18.4000000000 -3.1992008222
18.5000000000 -3.3512334050
18.6000000000 -3.5012487859
18.7000000000 -3.6492757500
18.8000000000 -3.7953430275
18.9000000000 -3.9394792702
19.0000000000 -4.0817130293
19.1000000000 -4.2220727342
19.2000000000 -4.3605866736
19.3000000000 -4.4972829760
19.4000000000 -4.6321895927
19.5000000000 -4.7653342815
19.6000000000 -4.8967445916
19.7000000000 -5.0264478492
19.8000000000 -5.1544711448
19.9000000000 -5.2808413207
20.0000000000 -5.4055849603
20.1000000000 -5.5287283776
20.2000000000 -5.6502976080
20.3000000000 -5.7703184004
20.4000000000 -5.8888162087
20.5000000000 -6.0058161859
20.6000000000 -6.1213431775
20.7000000000 -6.2354217166
20.8000000000 -6.3480760192
20.9000000000 -6.4593299799
21.0000000000 -6.5692071692
21.1000000000 -6.6777308303
21.2000000000 -6.7849238770
21.3000000000 -6.8908088923
21.4000000000 -6.9954081269
21.5000000000 -7.0987434988
21.6000000000 -7.2008365928
21.7000000000 -7.3017086608
21.8000000000 -7.4013806222
21.9000000000 -7.4998730651
22.0000000000 -7.5972062472
22.1000000000 -7.6934000973
22.2000000000 -7.7884742174
22.3000000000 -7.8824478847
22.4000000000 -7.9753400536
22.5000000000 -8.0671693586
22.6000000000 -8.1579541172
22.7000000000 -8.2477123321
22.8000000000 -8.3364616950
22.9000000000 -8.4242195898
23.0000000000 -8.5110030956
23.1000000000 -8.5968289905
23.2000000000 -8.6817137551
23.3000000000 -8.7656735766
23.4000000000 -8.8487243521
23.5000000000 -8.9308816926
23.6000000000 -9.0121609273
23.7000000000 -9.0925771073
23.8000000000 -9.1721450098
23.9000000000 -9.2508791418
24.0000000000 -9.3287937450
24.1000000000 -9.4059027990
24.2000000000 -9.4822200264
24.3000000000 -9.5577588960
24.4000000000 -9.6325326278
24.5000000000 -9.7065541965
24.6000000000 -9.7798363362
24.7000000000 -9.8523915440
24.8000000000 -9.9242320845
24.9000000000 -9.9953699937
25.0000000000 -10.0658170832
25.1000000000 -10.1355849439
25.2000000000 -10.2046849505
25.3000000000 -10.2731282649
25.4000000000 -10.3409258407
25.5000000000 -10.4080884264
25.6000000000 -10.4746265699
25.7000000000 -10.5405506219
25.8000000000 -10.6058707396
25.9000000000 -10.6705968908
26.0000000000 -10.7347388569
26.1000000000 -10.7983062371
26.2000000000 -10.8613084517
26.3000000000 -10.9237547454
26.4000000000 -10.9856541911
26.5000000000 -11.0470156931
26.6000000000 -11.1078479901
26.7000000000 -11.1681596593
26.8000000000 -11.2279591187
26.9000000000 -11.2872546310
27.0000000000 -11.3460543061
27.1000000000 -11.4043661046
27.2000000000 -11.4621978407
27.3000000000 -11.5195571850
27.4000000000 -11.5764516676
27.5000000000 -11.6328886807
27.6000000000 -11.6888754815
27.7000000000 -11.7444191952
27.8000000000 -11.7995268173
27.9000000000 -11.8542052162
28.0000000000 -11.9084611362
28.1000000000 -11.9623011997
28.2000000000 -12.0157319097
28.3000000000 -12.0687596525
28.4000000000 -12.1213906997
28.5000000000 -12.1736312107
28.6000000000 -12.2254872351
28.7000000000 -12.2769647148
28.8000000000 -12.3280694862
28.9000000000 -12.3788072826
29.0000000000 -12.4291837358
29.1000000000 -12.4792043787
29.2000000000 -12.5288746469
29.3000000000 -12.5781998811
29.4000000000 -12.6271853285
29.5000000000 -12.6758361451
29.6000000000 -12.7241573977
29.7000000000 -12.7721540651
29.8000000000 -12.8198310404
29.9000000000 -12.8671931327
30.0000000000 -12.9142450684
30.1000000000 -12.9609914935
30.2000000000 -13.0074369746
30.3000000000 -13.0535860009
30.4000000000 -13.0994429856
30.5000000000 -13.1450122677
30.6000000000 -13.1902981130
30.7000000000 -13.2353047158
30.8000000000 -13.2800362007
30.9000000000 -13.3244966234
31.0000000000 -13.3686899724
31.1000000000 -13.4126201702
31.2000000000 -13.4562910750
31.3000000000 -13.4997064813
31.4000000000 -13.5428701219
31.5000000000 -13.5857856685
31.6000000000 -13.6284567332
31.7000000000 -13.6708868699
31.8000000000 -13.7130795749
31.9000000000 -13.7550382885
32.0000000000 -13.7967663959
32.1000000000 -13.8382672284
32.2000000000 -13.8795440642
32.3000000000 -13.9206001297
32.4000000000 -13.9614386006
32.5000000000 -14.0020626023
32.6000000000 -14.0424752117
32.7000000000 -14.0826794574
32.8000000000 -14.1226783212
32.9000000000 -14.1624747386
33.0000000000 -14.2020715999
33.1000000000 -14.2414717511
33.2000000000 -14.2806779946
33.3000000000 -14.3196930900
33.4000000000 -14.3585197553
33.5000000000 -14.3971606671
33.6000000000 -14.4356184619
33.7000000000 -14.4738957366
33.8000000000 -14.5119950494
33.9000000000 -14.5499189203
34.0000000000 -14.5876698321
34.1000000000 -14.6252502309
34.2000000000 -14.6626625268
34.3000000000 -14.6999090947
34.4000000000 -14.7369922750
34.5000000000 -14.7739143739
34.6000000000 -14.8106776643
34.7000000000 -14.8472843867
34.8000000000 -14.8837367490
34.9000000000 -14.9200369280
35.0000000000 -14.9561870694
35.1000000000 -14.9921892885
35.2000000000 -15.0280456708
35.3000000000 -15.0637582726
35.4000000000 -15.0993291215
35.5000000000 -15.1347602168
35.6000000000 -15.1700535301
35.7000000000 -15.2052110060
35.8000000000 -15.2402345622
35.9000000000 -15.2751260903
36.0000000000 -15.3098874562
36.1000000000 -15.3445205004
36.2000000000 -15.3790270387
36.3000000000 -15.4134088624
36.4000000000 -15.4476677391
36.5000000000 -15.4818054127
36.6000000000 -15.5158236039
36.7000000000 -15.5497240112
36.8000000000 -15.5835083102
36.9000000000 -15.6171781551
37.0000000000 -15.6507351784
37.1000000000 -15.6841809915
37.2000000000 -15.7175171851
37.3000000000 -15.7507453296
37.4000000000 -15.7838669751
37.5000000000 -15.8168836524
37.6000000000 -15.8497968728
37.7000000000 -15.8826081285
37.8000000000 -15.9153188932
37.9000000000 -15.9479306223
38.0000000000 -15.9804447530
38.1000000000 -16.0128627050
38.2000000000 -16.0451858805
38.3000000000 -16.0774156646
38.4000000000 -16.1095534256
38.5000000000 -16.1416005154
38.6000000000 -16.1735582695
38.7000000000 -16.2054280076
38.8000000000 -16.2372110335
38.9000000000 -16.2689086358
39.0000000000 -16.3005220880
39.1000000000 -16.3320526485
39.2000000000 -16.3635015612
39.3000000000 -16.3948700555
39.4000000000 -16.4261593468
39.5000000000 -16.4573706365
39.6000000000 -16.4885051123
39.7000000000 -16.5195639486
39.8000000000 -16.5505483064
39.9000000000 -16.5814593337
40.0000000000 -16.6122981660
40.1000000000 -16.6430659260
40.2000000000 -16.6737637241
40.3000000000 -16.7043926584
40.4000000000 -16.7349538154
40.5000000000 -16.7654482695
40.6000000000 -16.7958770839
40.7000000000 -16.8262413101
40.8000000000 -16.8565419886
40.9000000000 -16.8867801489
41.0000000000 -16.9169568097
41.1000000000 -16.9470729790
41.2000000000 -16.9771296545
41.3000000000 -17.0071278235
41.4000000000 -17.0370684631
41.5000000000 -17.0669525408
41.6000000000 -17.0967810139
41.7000000000 -17.1265548304
41.8000000000 -17.1562749286
41.9000000000 -17.1859422377
42.0000000000 -17.2155576775
42.1000000000 -17.2451221591
42.2000000000 -17.2746365844
42.3000000000 -17.3041018469
42.4000000000 -17.3335188314
42.5000000000 -17.3628884141
42.6000000000 -17.3922114632
42.7000000000 -17.4214888385
42.8000000000 -17.4507213918
42.9000000000 -17.4799099672
43.0000000000 -17.5090554007
43.1000000000 -17.5381585210
43.2000000000 -17.5672201490
43.3000000000 -17.5962410984
43.4000000000 -17.6252221755
43.5000000000 -17.6541641794
43.6000000000 -17.6830679022
43.7000000000 -17.7119341291
43.8000000000 -17.7407636385
43.9000000000 -17.7695572020
44.0000000000 -17.7983155846
44.1000000000 -17.8270395449
44.2000000000 -17.8557298350
44.3000000000 -17.8843872007
44.4000000000 -17.9130123818
44.5000000000 -17.9416061117
44.6000000000 -17.9701691181
44.7000000000 -17.9987021227
44.8000000000 -18.0272058412
44.9000000000 -18.0556809840
45.0000000000 -18.0841282556
45.1000000000 -18.1125483550
45.2000000000 -18.1409419758
45.3000000000 -18.1693098062
45.4000000000 -18.1976525294
45.5000000000 -18.2259708231
45.6000000000 -18.2542653600
45.7000000000 -18.2825368079
45.8000000000 -18.3107858296
45.9000000000 -18.3390130830
46.0000000000 -18.3672192213
46.1000000000 -18.3954048931
46.2000000000 -18.4235707422
46.3000000000 -18.4517174079
46.4000000000 -18.4798455252
46.5000000000 -18.5079557245
46.6000000000 -18.5360486321
46.7000000000 -18.5641248697
46.8000000000 -18.5921850553
46.9000000000 -18.6202298024
47.0000000000 -18.6482597206
47.1000000000 -18.6762754155
47.2000000000 -18.7042774890
47.3000000000 -18.7322665387
47.4000000000 -18.7602431589
47.5000000000 -18.7882079400
47.6000000000 -18.8161614686
47.7000000000 -18.8441043278
47.8000000000 -18.8720370974
47.9000000000 -18.8999603533
48.0000000000 -18.9278746685
48.1000000000 -18.9557806121
48.2000000000 -18.9836787503
48.3000000000 -19.0115696458
48.4000000000 -19.0394538584
48.5000000000 -19.0673319446
48.6000000000 -19.0952044577
48.7000000000 -19.1230719482
48.8000000000 -19.1509349636
48.9000000000 -19.1787940482
49.0000000000 -19.2066497439
49.1000000000 -19.2345025894
49.2000000000 -19.2623531208
49.3000000000 -19.2902018715
49.4000000000 -19.3180493720
49.5000000000 -19.3458961506
49.6000000000 -19.3737427327
49.7000000000 -19.4015896412
49.8000000000 -19.4294373967
49.9000000000 -19.4572865171
50.0000000000 -19.4851375181
50.1000000000 -19.5129909131
50.2000000000 -19.5408472130
50.3000000000 -19.5687069267
50.4000000000 -19.5965705605
50.5000000000 -19.6244386189
50.6000000000 -19.6523116042
50.7000000000 -19.6801900163
50.8000000000 -19.7080743535
50.9000000000 -19.7359651118
51.0000000000 -19.7638627852
51.1000000000 -19.7917678661
51.2000000000 -19.8196808445
51.3000000000 -19.8476022090
51.4000000000 -19.8755324461
51.5000000000 -19.9034720407
51.6000000000 -19.9314214759
51.7000000000 -19.9593812329
51.8000000000 -19.9873517915
51.9000000000 -20.0153336298
52.0000000000 -20.0433272242
52.1000000000 -20.0713330495
52.2000000000 -20.0993515793
52.3000000000 -20.1273832852
52.4000000000 -20.1554286377
52.5000000000 -20.1834881057
52.6000000000 -20.2115621568
52.7000000000 -20.2396512572
52.8000000000 -20.2677558718
52.9000000000 -20.2958764639
53.0000000000 -20.3240134961
53.1000000000 -20.3521674291
53.2000000000 -20.3803387229
53.3000000000 -20.4085278361
53.4000000000 -20.4367352262
53.5000000000 -20.4649613494
53.6000000000 -20.4932066611
53.7000000000 -20.5214716154
53.8000000000 -20.5497566655
53.9000000000 -20.5780622634
54.0000000000 -20.6063888603
54.1000000000 -20.6347369065
54.2000000000 -20.6631068511
54.3000000000 -20.6914991425
54.4000000000 -20.7199142282
54.5000000000 -20.7483525548
54.6000000000 -20.7768145681
54.7000000000 -20.8053007131
54.8000000000 -20.8338114340
54.9000000000 -20.8623471742
55.0000000000 -20.8909083765
55.1000000000 -20.9194954830
55.2000000000 -20.9481089349
55.3000000000 -20.9767491730
55.4000000000 -21.0054166374
55.5000000000 -21.0341117674
55.6000000000 -21.0628350021
55.7000000000 -21.0915867796
55.8000000000 -21.1203675377
55.9000000000 -21.1491777138
56.0000000000 -21.1780177445
56.1000000000 -21.2068880661
56.2000000000 -21.2357891144
56.3000000000 -21.2647213248
56.4000000000 -21.2936851322
56.5000000000 -21.3226809712
56.6000000000 -21.3517092761
56.7000000000 -21.3807704806
56.8000000000 -21.4098650183
56.9000000000 -21.4389933223
57.0000000000 -21.4681558255
57.1000000000 -21.4973529605
57.2000000000 -21.5265851598
57.3000000000 -21.5558528553
57.4000000000 -21.5851564791
57.5000000000 -21.6144964627
57.6000000000 -21.6438732377
57.7000000000 -21.6732872354
57.8000000000 -21.7027388869
57.9000000000 -21.7322286234
58.0000000000 -21.7617568757
58.1000000000 -21.7913240746
58.2000000000 -21.8209306509
58.3000000000 -21.8505770352
58.4000000000 -21.8802636581
58.5000000000 -21.9099909502
58.6000000000 -21.9397593420
58.7000000000 -21.9695692640
58.8000000000 -21.9994211468
58.9000000000 -22.0293154210
59.0000000000 -22.0592525170
59.1000000000 -22.0892328656
59.2000000000 -22.1192568974
59.3000000000 -22.1493250432
59.4000000000 -22.1794377339
59.5000000000 -22.2095954004
59.6000000000 -22.2397984738
59.7000000000 -22.2700473853
59.8000000000 -22.3003425662
59.9000000000 -22.3306844481
60.0000000000 -22.3610734626
60.1000000000 -22.3915100415
60.2000000000 -22.4219946169
60.3000000000 -22.4525276210
60.4000000000 -22.4831094863
60.5000000000 -22.5137406453
60.6000000000 -22.5444215310
60.7000000000 -22.5751525765
60.8000000000 -22.6059342152
60.9000000000 -22.6367668807
61.0000000000 -22.6676510070
61.1000000000 -22.6985870283
61.2000000000 -22.7295753790
61.3000000000 -22.7606164940
61.4000000000 -22.7917108083
61.5000000000 -22.8228587574
61.6000000000 -22.8540607770
61.7000000000 -22.8853173032
61.8000000000 -22.9166287725
61.9000000000 -22.9479956215
62.0000000000 -22.9794182875
62.1000000000 -23.0108972079
62.2000000000 -23.0424328205
62.3000000000 -23.0740255637
62.4000000000 -23.1056758760
62.5000000000 -23.1373841965
62.6000000000 -23.1691509646
62.7000000000 -23.2009766201
62.8000000000 -23.2328616032
62.9000000000 -23.2648063545
63.0000000000 -23.2968113151
63.1000000000 -23.3288769266
63.2000000000 -23.3610036307
63.3000000000 -23.3931918698
63.4000000000 -23.4254420867
63.5000000000 -23.4577547245
63.6000000000 -23.4901302270
63.7000000000 -23.5225690382
63.8000000000 -23.5550716026
63.9000000000 -23.5876383653
64.0000000000 -23.6202697717
64.1000000000 -23.6529662676
64.2000000000 -23.6857282995
64.3000000000 -23.7185563141
64.4000000000 -23.7514507587
64.5000000000 -23.7844120810
64.6000000000 -23.8174407292
64.7000000000 -23.8505371520
64.8000000000 -23.8837017985
64.9000000000 -23.9169351182
65.0000000000 -23.9502375611
65.1000000000 -23.9836095778
65.2000000000 -24.0170516192
65.3000000000 -24.0505641367
65.4000000000 -24.0841475821
65.5000000000 -24.1178024078
65.6000000000 -24.1515290665
65.7000000000 -24.1853280115
65.8000000000 -24.2191996963
65.9000000000 -24.2531445751
66.0000000000 -24.2871631024
66.1000000000 -24.3212557331
66.2000000000 -24.3554229228
66.3000000000 -24.3896651271
66.4000000000 -24.4239828023
66.5000000000 -24.4583764052
66.6000000000 -24.4928463926
66.7000000000 -24.5273932222
66.8000000000 -24.5620173518
66.9000000000 -24.5967192396
67.0000000000 -24.6314993443
67.1000000000 -24.6663581249
67.2000000000 -24.7012960408
67.3000000000 -24.7363135517
67.4000000000 -24.7714111178
67.5000000000 -24.8065891995
67.6000000000 -24.8418482575
67.7000000000 -24.8771887530
67.8000000000 -24.9126111475
67.9000000000 -24.9481159025
68.0000000000 -24.9837034802
68.1000000000 -25.0193743429
68.2000000000 -25.0551289531
68.3000000000 -25.0909677736
68.4000000000 -25.1268912677
68.5000000000 -25.1628998986
68.6000000000 -25.1989941298
68.7000000000 -25.2351744251
68.8000000000 -25.2714412486
68.9000000000 -25.3077950642
69.0000000000 -25.3442363364
69.1000000000 -25.3807655296
69.2000000000 -25.4173831084
69.3000000000 -25.4540895375
69.4000000000 -25.4908852818
69.5000000000 -25.5277708062
69.6000000000 -25.5647465757
69.7000000000 -25.6018130553
69.8000000000 -25.6389707101
69.9000000000 -25.6762200053
70.0000000000 -25.7135614059
70.1000000000 -25.7509953771
70.2000000000 -25.7885223838
70.3000000000 -25.8261428912
70.4000000000 -25.8638573640
70.5000000000 -25.9016662672
70.6000000000 -25.9395700654
70.7000000000 -25.9775692231
70.8000000000 -26.0156642049
70.9000000000 -26.0538554748
71.0000000000 -26.0921434968
71.1000000000 -26.1305287348
71.2000000000 -26.1690116521
71.3000000000 -26.2075927121
71.4000000000 -26.2462723776
71.5000000000 -26.2850511112
71.6000000000 -26.3239293751
71.7000000000 -26.3629076311
71.8000000000 -26.4019863407
71.9000000000 -26.4411659647
72.0000000000 -26.4804469637
72.1000000000 -26.5198297977
72.2000000000 -26.5593149261
72.3000000000 -26.5989028079
72.4000000000 -26.6385939013
72.5000000000 -26.6783886641
72.6000000000 -26.7182875533
72.7000000000 -26.7582910254
72.8000000000 -26.7983995358
72.9000000000 -26.8386135397
73.0000000000 -26.8789334910
73.1000000000 -26.9193598432
73.2000000000 -26.9598930487
73.3000000000 -27.0005335590
73.4000000000 -27.0412818249
73.5000000000 -27.0821382961
73.6000000000 -27.1231034213
73.7000000000 -27.1641776482
73.8000000000 -27.2053614234
73.9000000000 -27.2466551925
74.0000000000 -27.2880593999
74.1000000000 -27.3295744889
74.2000000000 -27.3712009013
74.3000000000 -27.4129390780
74.4000000000 -27.4547894584
74.5000000000 -27.4967524806
74.6000000000 -27.5388285814
74.7000000000 -27.5810181959
74.8000000000 -27.6233217581
74.9000000000 -27.6657397003
75.0000000000 -27.7082724532
75.1000000000 -27.7509204460
75.2000000000 -27.7936841063
75.3000000000 -27.8365638599
75.4000000000 -27.8795601308
75.5000000000 -27.9226733414
75.6000000000 -27.9659039123
75.7000000000 -28.0092522619
75.8000000000 -28.0527188071
75.9000000000 -28.0963039626
76.0000000000 -28.1400081410
76.1000000000 -28.1838317529
76.2000000000 -28.2277752071
76.3000000000 -28.2718389096
76.4000000000 -28.3160232648
76.5000000000 -28.3603286744
76.6000000000 -28.4047555379
76.7000000000 -28.4493042526
76.8000000000 -28.4939752131
76.9000000000 -28.5387688117
77.0000000000 -28.5836854381
77.1000000000 -28.6287254794
77.2000000000 -28.6738893200
77.3000000000 -28.7191773416
77.4000000000 -28.7645899234
77.5000000000 -28.8101274415
77.6000000000 -28.8557902691
77.7000000000 -28.9015787767
77.8000000000 -28.9474933316
77.9000000000 -28.9935342982
78.0000000000 -29.0397020378
78.1000000000 -29.0859969084
78.2000000000 -29.1324192648
78.3000000000 -29.1789694588
78.4000000000 -29.2256478384
78.5000000000 -29.2724547485
78.6000000000 -29.3193905306
78.7000000000 -29.3664555223
78.8000000000 -29.4136500581
78.9000000000 -29.4609744684
79.0000000000 -29.5084290803
79.1000000000 -29.5560142167
79.2000000000 -29.6037301971
79.3000000000 -29.6515773367
79.4000000000 -29.6995559470
79.5000000000 -29.7476663354
79.6000000000 -29.7959088052
79.7000000000 -29.8442836555
79.8000000000 -29.8927911812
79.9000000000 -29.9414316730
80.0000000000 -29.9902054171
80.1000000000 -30.0391126954
80.2000000000 -30.0881537853
80.3000000000 -30.1373289595
80.4000000000 -30.1866384863
80.5000000000 -30.2360826292
80.6000000000 -30.2856616469
80.7000000000 -30.3353757935
80.8000000000 -30.3852253179
80.9000000000 -30.4352104643
81.0000000000 -30.4853314717
81.1000000000 -30.5355885743
81.2000000000 -30.5859820008
81.3000000000 -30.6365119749
81.4000000000 -30.6871787149
81.5000000000 -30.7379824338
81.6000000000 -30.7889233392
81.7000000000 -30.8400016332
81.8000000000 -30.8912175123
81.9000000000 -30.9425711674
82.0000000000 -30.9940627837
82.1000000000 -31.0456925406
82.2000000000 -31.0974606118
82.3000000000 -31.1493671650
82.4000000000 -31.2014123619
82.5000000000 -31.2535963582
82.6000000000 -31.3059193037
82.7000000000 -31.3583813418
82.8000000000 -31.4109826097
82.9000000000 -31.4637232384
83.0000000000 -31.5166033525
83.1000000000 -31.5696230701
83.2000000000 -31.6227825030
83.3000000000 -31.6760817562
83.4000000000 -31.7295209283
83.5000000000 -31.7831001111
83.6000000000 -31.8368193896
83.7000000000 -31.8906788422
83.8000000000 -31.9446785401
83.9000000000 -31.9988185479
84.0000000000 -32.0530989230
84.1000000000 -32.1075197157
84.2000000000 -32.1620809694
84.3000000000 -32.2167827201
84.4000000000 -32.2716249967
84.5000000000 -32.3266078207
84.6000000000 -32.3817312062
84.7000000000 -32.4369951600
84.8000000000 -32.4923996814
84.9000000000 -32.5479447621
85.0000000000 -32.6036303863
85.1000000000 -32.6594565304
85.2000000000 -32.7154231633
85.3000000000 -32.7715302459
85.4000000000 -32.8277777316
85.5000000000 -32.8841655657
85.6000000000 -32.9406936856
85.7000000000 -32.9973620209
85.8000000000 -33.0541704929
85.9000000000 -33.1111190152
86.0000000000 -33.1682074930
86.1000000000 -33.2254358234
86.2000000000 -33.2828038955
86.3000000000 -33.3403115898
86.4000000000 -33.3979587789
86.5000000000 -33.4557453266
86.6000000000 -33.5136710888
86.7000000000 -33.5717359127
86.8000000000 -33.6299396370
86.9000000000 -33.6882820921
87.0000000000 -33.7467630998
87.1000000000 -33.8053824731
87.2000000000 -33.8641400169
87.3000000000 -33.9230355269
87.4000000000 -33.9820687904
87.5000000000 -34.0412395861
87.6000000000 -34.1005476838
87.7000000000 -34.1599928445
87.8000000000 -34.2195748205
87.9000000000 -34.2792933554
88.0000000000 -34.3391481837
88.1000000000 -34.3991390313
88.2000000000 -34.4592656150
88.3000000000 -34.5195276428
88.4000000000 -34.5799248137
88.5000000000 -34.6404568180
88.6000000000 -34.7011233368
88.7000000000 -34.7619240422
88.8000000000 -34.8228585976
88.9000000000 -34.8839266572
89.0000000000 -34.9451278662
89.1000000000 -35.0064618607
89.2000000000 -35.0679282682
89.3000000000 -35.1295267067
89.4000000000 -35.1912567854
89.5000000000 -35.2531181045
89.6000000000 -35.3151102552
89.7000000000 -35.3772328195
89.8000000000 -35.4394853706
89.9000000000 -35.5018674725
90.0000000000 -35.5643786805
90.1000000000 -35.6270185405
90.2000000000 -35.6897865898
90.3000000000 -35.7526823564
90.4000000000 -35.8157053597
90.5000000000 -35.8788551099
90.6000000000 -35.9421311084
90.7000000000 -36.0055328477
90.8000000000 -36.0690598114
90.9000000000 -36.1327114743
91.0000000000 -36.1964873022
91.1000000000 -36.2603867524
91.2000000000 -36.3244092733
91.3000000000 -36.3885543044
91.4000000000 -36.4528212768
91.5000000000 -36.5172096128
91.6000000000 -36.5817187260
91.7000000000 -36.6463480215
91.8000000000 -36.7110968959
91.9000000000 -36.7759647372
92.0000000000 -36.8409509250
92.1000000000 -36.9060548304
92.2000000000 -36.9712758163
92.3000000000 -37.0366132372
92.4000000000 -37.1020664393
92.5000000000 -37.1676347607
92.6000000000 -37.2333175313
92.7000000000 -37.2991140728
92.8000000000 -37.3650236991
92.9000000000 -37.4310457160
93.0000000000 -37.4971794213
93.1000000000 -37.5634241051
93.2000000000 -37.6297790498
93.3000000000 -37.6962435300
93.4000000000 -37.7628168126
93.5000000000 -37.8294981570
93.6000000000 -37.8962868152
93.7000000000 -37.9631820316
93.8000000000 -38.0301830436
93.9000000000 -38.0972890810
94.0000000000 -38.1644993667
94.1000000000 -38.2318131163
94.2000000000 -38.2992295385
94.3000000000 -38.3667478352
94.4000000000 -38.4343672012
94.5000000000 -38.5020868250
94.6000000000 -38.5699058880
94.7000000000 -38.6378235654
94.8000000000 -38.7058390256
94.9000000000 -38.7739514311
95.0000000000 -38.8421599377
95.1000000000 -38.9104636954
95.2000000000 -38.9788618478
95.3000000000 -39.0473535329
95.4000000000 -39.1159378825
95.5000000000 -39.1846140230
95.6000000000 -39.2533810749
95.7000000000 -39.3222381533
95.8000000000 -39.3911843678
95.9000000000 -39.4602188227
96.0000000000 -39.5293406173
96.1000000000 -39.5985488454
96.2000000000 -39.6678425963
96.3000000000 -39.7372209541
96.4000000000 -39.8066829984
96.5000000000 -39.8762278039
96.6000000000 -39.9458544411
96.7000000000 -40.0155619759
96.8000000000 -40.0853494701
96.9000000000 -40.1552159813
97.0000000000 -40.2251605629
97.1000000000 -40.2951822647
97.2000000000 -40.3652801326
97.3000000000 -40.4354532089
97.4000000000 -40.5057005323
97.5000000000 -40.5760211381
97.6000000000 -40.6464140585
97.7000000000 -40.7168783225
97.8000000000 -40.7874129559
97.9000000000 -40.8580169820
98.0000000000 -40.9286894209
98.1000000000 -40.9994292906
98.2000000000 -41.0702356062
98.3000000000 -41.1411073806
98.4000000000 -41.2120436245
98.5000000000 -41.2830433465
98.6000000000 -41.3541055533
98.7000000000 -41.4252292497
98.8000000000 -41.4964134388
98.9000000000 -41.5676571223
99.0000000000 -41.6389593002
99.1000000000 -41.7103189715
99.2000000000 -41.7817351340
99.3000000000 -41.8532067843
99.4000000000 -41.9247329183
99.5000000000 -41.9963125311
99.6000000000 -42.0679446171
99.7000000000 -42.1396281704
99.8000000000 -42.2113621846
99.9000000000 -42.2831456531
100.0000000000 -42.3549775694
100.1000000000 -42.4268569267
100.2000000000 -42.4987827188
100.3000000000 -42.5707539396
100.4000000000 -42.6427695833
100.5000000000 -42.7148286451
100.6000000000 -42.7869301205
100.7000000000 -42.8590730060
100.8000000000 -42.9312562992
100.9000000000 -43.0034789987
101.0000000000 -43.0757401043
101.1000000000 -43.1480386171
101.2000000000 -43.2203735400
101.3000000000 -43.2927438771
101.4000000000 -43.3651486346
101.5000000000 -43.4375868203
101.6000000000 -43.5100574443
101.7000000000 -43.5825595185
101.8000000000 -43.6550920572
101.9000000000 -43.7276540770
102.0000000000 -43.8002445972
102.1000000000 -43.8728626395
102.2000000000 -43.9455072283
102.3000000000 -44.0181773909
102.4000000000 -44.0908721577
102.5000000000 -44.1635905620
102.6000000000 -44.2363316403
102.7000000000 -44.3090944326
102.8000000000 -44.3818779821
102.9000000000 -44.4546813356
103.0000000000 -44.5275035437
103.1000000000 -44.6003436604
103.2000000000 -44.6732007440
103.3000000000 -44.7460738564
103.4000000000 -44.8189620639
103.5000000000 -44.8918644366
103.6000000000 -44.9647800492
103.7000000000 -45.0377079806
103.8000000000 -45.1106473144
103.9000000000 -45.1835971384
104.0000000000 -45.2565565455
104.1000000000 -45.3295246332
104.2000000000 -45.4025005037
104.3000000000 -45.4754832644
104.4000000000 -45.5484720276
104.5000000000 -45.6214659109
104.6000000000 -45.6944640370
104.7000000000 -45.7674655339
104.8000000000 -45.8404695352
104.9000000000 -45.9134751797
105.0000000000 -45.9864816120
105.1000000000 -46.0594879822
105.2000000000 -46.1324934461
105.3000000000 -46.2054971656
105.4000000000 -46.2784983082
105.5000000000 -46.3514960473
105.6000000000 -46.4244895625
105.7000000000 -46.4974780394
105.8000000000 -46.5704606700
105.9000000000 -46.6434366521
106.0000000000 -46.7164051901
106.1000000000 -46.7893654947
106.2000000000 -46.8623167830
106.3000000000 -46.9352582787
106.4000000000 -47.0081892118
106.5000000000 -47.0811088190
106.6000000000 -47.1540163438
106.7000000000 -47.2269110362
106.8000000000 -47.2997921531
106.9000000000 -47.3726589582
107.0000000000 -47.4455107219
107.1000000000 -47.5183467216
107.2000000000 -47.5911662418
107.3000000000 -47.6639685738
107.4000000000 -47.7367530159
107.5000000000 -47.8095188737
107.6000000000 -47.8822654596
107.7000000000 -47.9549920935
107.8000000000 -48.0276981021
107.9000000000 -48.1003828196
108.0000000000 -48.1730455874
108.1000000000 -48.2456857541
108.2000000000 -48.3183026755
108.3000000000 -48.3908957150
108.4000000000 -48.4634642432
108.5000000000 -48.5360076380
108.6000000000 -48.6085252849
108.7000000000 -48.6810165766
108.8000000000 -48.7534809133
108.9000000000 -48.8259177028
109.0000000000 -48.8983263602
109.1000000000 -48.9707063081
109.2000000000 -49.0430569766
109.3000000000 -49.1153778034
109.4000000000 -49.1876682335
109.5000000000 -49.2599277197
109.6000000000 -49.3321557219
109.7000000000 -49.4043517080
109.8000000000 -49.4765151532
109.9000000000 -49.5486455401
110.0000000000 -49.6207423590
110.1000000000 -49.6928051076
110.2000000000 -49.7648332914
110.3000000000 -49.8368264229
110.4000000000 -49.9087840227
110.5000000000 -49.9807056184
110.6000000000 -50.0525907454
110.7000000000 -50.1244389464
110.8000000000 -50.1962497716
110.9000000000 -50.2680227787
111.0000000000 -50.3397575329
111.1000000000 -50.4114536066
111.2000000000 -50.4831105797
111.3000000000 -50.5547280395
111.4000000000 -50.6263055808
111.5000000000 -50.6978428054
111.6000000000 -50.7693393227
111.7000000000 -50.8407947492
111.8000000000 -50.9122087088
111.9000000000 -50.9835808326
112.0000000000 -51.0549107587
112.1000000000 -51.1261981328
112.2000000000 -51.1974426072
112.3000000000 -51.2686438419
112.4000000000 -51.3398015034
112.5000000000 -51.4109152657
112.6000000000 -51.4819848096
112.7000000000 -51.5530098227
112.8000000000 -51.6239900000
112.9000000000 -51.6949250429
113.0000000000 -51.7658146599
113.1000000000 -51.8366585663
113.2000000000 -51.9074564841
113.3000000000 -51.9782081421
113.4000000000 -52.0489132757
113.5000000000 -52.1195716270
113.6000000000 -52.1901829446
113.7000000000 -52.2607469837
113.8000000000 -52.3312635060
113.9000000000 -52.4017322797
114.0000000000 -52.4721530791
114.1000000000 -52.5425256852
114.2000000000 -52.6128498852
114.3000000000 -52.6831254723
114.4000000000 -52.7533522460
114.5000000000 -52.8235300122
114.6000000000 -52.8936585824
114.7000000000 -52.9637377745
114.8000000000 -53.0337674121
114.9000000000 -53.1037473249
115.0000000000 -53.1736773481
115.1000000000 -53.2435573231
115.2000000000 -53.3133870967
115.3000000000 -53.3831665215
115.4000000000 -53.4528954557
115.5000000000 -53.5225737629
115.6000000000 -53.5922013122
115.7000000000 -53.6617779782
115.8000000000 -53.7313036407
115.9000000000 -53.8007781850
116.0000000000 -53.8702015013
116.1000000000 -53.9395734850
116.2000000000 -54.0088940368
116.3000000000 -54.0781630621
116.4000000000 -54.1473804714
116.5000000000 -54.2165461801
116.6000000000 -54.2856601081
116.7000000000 -54.3547221803
116.8000000000 -54.4237323263
116.9000000000 -54.4926904799
117.0000000000 -54.5615965798
117.1000000000 -54.6304505688
117.2000000000 -54.6992523943
117.3000000000 -54.7680020079
117.4000000000 -54.8366993654
117.5000000000 -54.9053444267
117.6000000000 -54.9739371557
117.7000000000 -55.0424775204
117.8000000000 -55.1109654926
117.9000000000 -55.1794010481
118.0000000000 -55.2477841661
118.1000000000 -55.3161148299
118.2000000000 -55.3843930260
118.3000000000 -55.4526187446
118.4000000000 -55.5207919794
118.5000000000 -55.5889127273
118.6000000000 -55.6569809886
118.7000000000 -55.7249967666
118.8000000000 -55.7929600680
118.9000000000 -55.8608709022
119.0000000000 -55.9287292818
119.1000000000 -55.9965352222
119.2000000000 -56.0642887416
119.3000000000 -56.1319898607
119.4000000000 -56.1996386032
119.5000000000 -56.2672349951
119.6000000000 -56.3347790648
119.7000000000 -56.4022708432
119.8000000000 -56.4697103635
119.9000000000 -56.5370976611
120.0000000000 -56.6044327734
120.1000000000 -56.6717157400
120.2000000000 -56.7389466024
120.3000000000 -56.8061254038
120.4000000000 -56.8732521896
120.5000000000 -56.9403270065
120.6000000000 -57.0073499029
120.7000000000 -57.0743209289
120.8000000000 -57.1412401360
120.9000000000 -57.2081075770
121.0000000000 -57.2749233059
121.1000000000 -57.3416873780
121.2000000000 -57.4083998498
121.3000000000 -57.4750607787
121.4000000000 -57.5416702230
121.5000000000 -57.6082282420
121.6000000000 -57.6747348956
121.7000000000 -57.7411902446
121.8000000000 -57.8075943501
121.9000000000 -57.8739472740
122.0000000000 -57.9402490785
122.1000000000 -58.0064998261
122.2000000000 -58.0726995796
122.3000000000 -58.1388484021
122.4000000000 -58.2049463566
122.5000000000 -58.2709935062
122.6000000000 -58.3369899139
122.7000000000 -58.4029356424
122.8000000000 -58.4688307545
122.9000000000 -58.5346753123
123.0000000000 -58.6004693777
123.1000000000 -58.6662130120
123.2000000000 -58.7319062760
123.3000000000 -58.7975492296
123.4000000000 -58.8631419323
123.5000000000 -58.9286844425
123.6000000000 -58.9941768179
123.7000000000 -59.0596191148
123.8000000000 -59.1250113890
123.9000000000 -59.1903536946
124.0000000000 -59.2556460847
124.1000000000 -59.3208886112
124.2000000000 -59.3860813242
124.3000000000 -59.4512242728
124.4000000000 -59.5163175041
124.5000000000 -59.5813610638
124.6000000000 -59.6463549958
124.7000000000 -59.7112993421
124.8000000000 -59.7761941431
124.9000000000 -59.8410394369
125.0000000000 -59.9058352598
125.1000000000 -59.9705816458
125.2000000000 -60.0352786267
125.3000000000 -60.0999262323
125.4000000000 -60.1645244898
125.5000000000 -60.2290734240
125.6000000000 -60.2935730573
125.7000000000 -60.3580234094
125.8000000000 -60.4224244975
125.9000000000 -60.4867763359
126.0000000000 -60.5510789362
126.1000000000 -60.6153323073
126.2000000000 -60.6795364550
126.3000000000 -60.7436913819
126.4000000000 -60.8077970879
126.5000000000 -60.8718535696
126.6000000000 -60.9358608203
126.7000000000 -60.9998188302
126.8000000000 -61.0637275859
126.9000000000 -61.1275870708
127.0000000000 -61.1913972649
127.1000000000 -61.2551581443
127.2000000000 -61.3188696818
127.3000000000 -61.3825318465
127.4000000000 -61.4461446036
127.5000000000 -61.5097079147
127.6000000000 -61.5732217375
127.7000000000 -61.6366860256
127.8000000000 -61.7001007289
127.9000000000 -61.7634657931
128.0000000000 -61.8267811599
128.1000000000 -61.8900467668
128.2000000000 -61.9532625471
128.3000000000 -62.0164284300
128.4000000000 -62.0795443401
128.5000000000 -62.1426101980
128.6000000000 -62.2056259196
128.7000000000 -62.2685914164
128.8000000000 -62.3315065956
128.9000000000 -62.3943713597
129.0000000000 -62.4571856066
129.1000000000 -62.5199492294
129.2000000000 -62.5826621169
129.3000000000 -62.6453241529
129.4000000000 -62.7079352164
129.5000000000 -62.7704951818
129.6000000000 -62.8330039184
129.7000000000 -62.8954612908
129.8000000000 -62.9578671585
129.9000000000 -63.0202213763
130.0000000000 -63.0825237938
130.1000000000 -63.1447742555
130.2000000000 -63.2069726010
130.3000000000 -63.2691186649
130.4000000000 -63.3312122763
130.5000000000 -63.3932532596
130.6000000000 -63.4552414337
130.7000000000 -63.5171766124
130.8000000000 -63.5790586043
130.9000000000 -63.6408872127
131.0000000000 -63.7026622357
131.1000000000 -63.7643834661
131.2000000000 -63.8260506913
131.3000000000 -63.8876636935
131.4000000000 -63.9492222494
131.5000000000 -64.0107261305
131.6000000000 -64.0721751028
131.7000000000 -64.1335689271
131.8000000000 -64.1949073586
131.9000000000 -64.2561901472
132.0000000000 -64.3174170375
132.1000000000 -64.3785877684
132.2000000000 -64.4397020737
132.3000000000 -64.5007596816
132.4000000000 -64.5617603148
132.5000000000 -64.6227036910
132.6000000000 -64.6835895219
132.7000000000 -64.7444175142
132.8000000000 -64.8051873691
132.9000000000 -64.8658987822
133.0000000000 -64.9265514441
133.1000000000 -64.9871450396
133.2000000000 -65.0476792483
133.3000000000 -65.1081537446
133.4000000000 -65.1685681973
133.5000000000 -65.2289222700
133.6000000000 -65.2892156209
133.7000000000 -65.3494479030
133.8000000000 -65.4096187640
133.9000000000 -65.4697278463
134.0000000000 -65.5297747870
134.1000000000 -65.5897592183
134.2000000000 -65.6496807668
134.3000000000 -65.7095390543
134.4000000000 -65.7693336972
134.5000000000 -65.8290643071
134.6000000000 -65.8887304902
134.7000000000 -65.9483318480
134.8000000000 -66.0078679768
134.9000000000 -66.0673384681
135.0000000000 -66.1267429082
135.1000000000 -66.1860808790
135.2000000000 -66.2453519570
135.3000000000 -66.3045557143
135.4000000000 -66.3636917182
135.5000000000 -66.4227595312
135.6000000000 -66.4817587112
135.7000000000 -66.5406888114
135.8000000000 -66.5995493806
135.9000000000 -66.6583399630
136.0000000000 -66.7170600983
136.1000000000 -66.7757093220
136.2000000000 -66.8342871649
136.3000000000 -66.8927931539
136.4000000000 -66.9512268115
136.5000000000 -67.0095876559
136.6000000000 -67.0678752015
136.7000000000 -67.1260889582
136.8000000000 -67.1842284324
136.9000000000 -67.2422931263
137.0000000000 -67.3002825382
137.1000000000 -67.3581961629
137.2000000000 -67.4160334911
137.3000000000 -67.4737940102
137.4000000000 -67.5314772037
137.5000000000 -67.5890825518
137.6000000000 -67.6466095313
137.7000000000 -67.7040576154
137.8000000000 -67.7614262742
137.9000000000 -67.8187149745
138.0000000000 -67.8759231801
138.1000000000 -67.9330503515
138.2000000000 -67.9900959464
138.3000000000 -68.0470594196
138.4000000000 -68.1039402229
138.5000000000 -68.1607378056
138.6000000000 -68.2174516141
138.7000000000 -68.2740810925
138.8000000000 -68.3306256821
138.9000000000 -68.3870848220
139.0000000000 -68.4434579490
139.1000000000 -68.4997444975
139.2000000000 -68.5559438998
139.3000000000 -68.6120555862
139.4000000000 -68.6680789851
139.5000000000 -68.7240135228
139.6000000000 -68.7798586240
139.7000000000 -68.8356137115
139.8000000000 -68.8912782067
139.9000000000 -68.9468515294
140.0000000000 -69.0023330979
140.1000000000 -69.0577223292
140.2000000000 -69.1130186390
140.3000000000 -69.1682214421
140.4000000000 -69.2233301519
140.5000000000 -69.2783441810
140.6000000000 -69.3332629412
140.7000000000 -69.3880858433
140.8000000000 -69.4428122976
140.9000000000 -69.4974417138
141.0000000000 -69.5519735010
141.1000000000 -69.6064070681
141.2000000000 -69.6607418234
141.3000000000 -69.7149771753
141.4000000000 -69.7691125320
141.5000000000 -69.8231473014
141.6000000000 -69.8770808920
141.7000000000 -69.9309127120
141.8000000000 -69.9846421702
141.9000000000 -70.0382686756
142.0000000000 -70.0917916376
142.1000000000 -70.1452104664
142.2000000000 -70.1985245727
142.3000000000 -70.2517333680
142.4000000000 -70.3048362645
142.5000000000 -70.3578326756
142.6000000000 -70.4107220155
142.7000000000 -70.4635036997
142.8000000000 -70.5161771448
142.9000000000 -70.5687417688
143.0000000000 -70.6211969911
143.1000000000 -70.6735422326
143.2000000000 -70.7257769157
143.3000000000 -70.7779004647
143.4000000000 -70.8299123055
143.5000000000 -70.8818118660
143.6000000000 -70.9335985759
143.7000000000 -70.9852718671
143.8000000000 -71.0368311736
143.9000000000 -71.0882759317
144.0000000000 -71.1396055798
144.1000000000 -71.1908195591
144.2000000000 -71.2419173129
144.3000000000 -71.2928982873
144.4000000000 -71.3437619311
144.5000000000 -71.3945076956
144.6000000000 -71.4451350353
144.7000000000 -71.4956434074
144.8000000000 -71.5460322722
144.9000000000 -71.5963010929
145.0000000000 -71.6464493361
145.1000000000 -71.6964764717
145.2000000000 -71.7463819726
145.3000000000 -71.7961653154
145.4000000000 -71.8458259801
145.5000000000 -71.8953634503
145.6000000000 -71.9447772132
145.7000000000 -71.9940667597
145.8000000000 -72.0432315845
145.9000000000 -72.0922711862
146.0000000000 -72.1411850674
146.1000000000 -72.1899727346
146.2000000000 -72.2386336984
146.3000000000 -72.2871674735
146.4000000000 -72.3355735789
146.5000000000 -72.3838515379
146.6000000000 -72.4320008781
146.7000000000 -72.4800211315
146.8000000000 -72.5279118347
146.9000000000 -72.5756725285
147.0000000000 -72.6233027588
147.1000000000 -72.6708020758
147.2000000000 -72.7181700345
147.3000000000 -72.7654061948
147.4000000000 -72.8125101213
147.5000000000 -72.8594813835
147.6000000000 -72.9063195559
147.7000000000 -72.9530242181
147.8000000000 -72.9995949546
147.9000000000 -73.0460313549
148.0000000000 -73.0923330140
148.1000000000 -73.1384995319
148.2000000000 -73.1845305137
148.3000000000 -73.2304255702
148.4000000000 -73.2761843171
148.5000000000 -73.3218063758
148.6000000000 -73.3672913731
148.7000000000 -73.4126389410
148.8000000000 -73.4578487173
148.9000000000 -73.5029203453
149.0000000000 -73.5478534738
149.1000000000 -73.5926477573
149.2000000000 -73.6373028558
149.3000000000 -73.6818184354
149.4000000000 -73.7261941674
149.5000000000 -73.7704297292
149.6000000000 -73.8145248040
149.7000000000 -73.8584790805
149.8000000000 -73.9022922537
149.9000000000 -73.9459640241
150.0000000000 -73.9894940982
150.1000000000 -74.0328821886
150.2000000000 -74.0761280135
150.3000000000 -74.1192312975
150.4000000000 -74.1621917709
150.5000000000 -74.2050091699
150.6000000000 -74.2476832371
150.7000000000 -74.2902137208
150.8000000000 -74.3326003756
150.9000000000 -74.3748429619
151.0000000000 -74.4169412466
151.1000000000 -74.4588950022
151.2000000000 -74.5007040077
151.3000000000 -74.5423680481
151.4000000000 -74.5838869144
151.5000000000 -74.6252604040
151.6000000000 -74.6664883201
151.7000000000 -74.7075704724
151.8000000000 -74.7485066765
151.9000000000 -74.7892967543
152.0000000000 -74.8299405338
152.1000000000 -74.8704378491
152.2000000000 -74.9107885406
152.3000000000 -74.9509924547
152.4000000000 -74.9910494442
152.5000000000 -75.0309593677
152.6000000000 -75.0707220903
152.7000000000 -75.1103374830
152.8000000000 -75.1498054230
152.9000000000 -75.1891257937
153.0000000000 -75.2282984846
153.1000000000 -75.2673233913
153.2000000000 -75.3062004153
153.3000000000 -75.3449294646
153.4000000000 -75.3835104530
153.5000000000 -75.4219433004
153.6000000000 -75.4602279328
153.7000000000 -75.4983642822
153.8000000000 -75.5363522867
153.9000000000 -75.5741918903
154.0000000000 -75.6118830430
154.1000000000 -75.6494257008
154.2000000000 -75.6868198258
154.3000000000 -75.7240653857
154.4000000000 -75.7611623544
154.5000000000 -75.7981107115
154.6000000000 -75.8349104427
154.7000000000 -75.8715615393
154.8000000000 -75.9080639984
154.9000000000 -75.9444178232
155.0000000000 -75.9806230224
155.1000000000 -76.0166796105
155.2000000000 -76.0525876078
155.3000000000 -76.0883470401
155.4000000000 -76.1239579391
155.5000000000 -76.1594203419
155.6000000000 -76.1947342915
155.7000000000 -76.2298998361
155.8000000000 -76.2649170297
155.9000000000 -76.2997859317
156.0000000000 -76.3345066071
156.1000000000 -76.3690791262
156.2000000000 -76.4035035648
156.3000000000 -76.4377800041
156.4000000000 -76.4719085305
156.5000000000 -76.5058892358
156.6000000000 -76.5397222172
156.7000000000 -76.5734075770
156.8000000000 -76.6069454226
156.9000000000 -76.6403358667
157.0000000000 -76.6735790273
157.1000000000 -76.7066750271
157.2000000000 -76.7396239941
157.3000000000 -76.7724260614
157.4000000000 -76.8050813668
157.5000000000 -76.8375900533
157.6000000000 -76.8699522685
157.7000000000 -76.9021681652
157.8000000000 -76.9342379008
157.9000000000 -76.9661616376
158.0000000000 -76.9979395424
158.1000000000 -77.0295717869
158.2000000000 -77.0610585475
158.3000000000 -77.0924000051
158.4000000000 -77.1235963450
158.5000000000 -77.1546477574
158.6000000000 -77.1855544367
158.7000000000 -77.2163165818
158.8000000000 -77.2469343960
158.9000000000 -77.2774080870
159.0000000000 -77.3077378668
159.1000000000 -77.3379239516
159.2000000000 -77.3679665619
159.3000000000 -77.3978659222
159.4000000000 -77.4276222614
159.5000000000 -77.4572358122
159.6000000000 -77.4867068116
159.7000000000 -77.5160355005
159.8000000000 -77.5452221237
159.9000000000 -77.5742669298
160.0000000000 -77.6031701716
160.1000000000 -77.6319321054
160.2000000000 -77.4439555913
160.3000000000 -76.9234271021
160.4000000000 -76.0817759142
160.5000000000 -74.9750792257
160.6000000000 -73.6510329435
160.7000000000 -72.1291446872
160.8000000000 -70.3939276994
160.9000000000 -68.3868408133
161.0000000000 -65.9917652569
161.1000000000 -63.0388292710
161.2000000000 -59.4128022266
161.3000000000 -55.1694772102
161.4000000000 -50.3797920822
161.5000000000 -44.9176085751
161.6000000000 -38.5271953269
161.7000000000 -30.9629639834
161.8000000000 -21.9314426626
161.9000000000 -10.9911183910
162.0000000000 2.3721089786
162.1000000000 17.9169269634
162.2000000000 31.9425310091
162.3000000000 38.7551728237
162.4000000000 39.4951887080
162.5000000000 38.7607116150
162.6000000000 38.3050148362
162.7000000000 38.1299626891
162.8000000000 38.0861251484
162.9000000000 38.0907724313
163.0000000000 38.1044673568
163.1000000000 38.1093629630
163.2000000000 38.0980333421
163.3000000000 38.0679967578
163.4000000000 38.0190364698
163.5000000000 37.9518948301
163.6000000000 37.8676468393
163.7000000000 37.7674111403
163.8000000000 37.6522277934
163.9000000000 37.5230170167
164.0000000000 37.3805756616
164.1000000000 37.2255897809
164.2000000000 37.0586526531
164.3000000000 36.8802832374
164.4000000000 36.6909428750
164.5000000000 36.4910494655
164.6000000000 36.2809890233
164.7000000000 36.0611248210
164.8000000000 35.8318044381
164.9000000000 35.5933650537
165.0000000000 35.3461373006
165.1000000000 35.0904479610
165.2000000000 34.8266217435
165.3000000000 34.5549823415
165.4000000000 34.2758529382
165.5000000000 33.9895562935
165.6000000000 33.6964145244
165.7000000000 33.3967486655
165.8000000000 33.0908780841
165.9000000000 32.7791198042
166.0000000000 32.4617877857
166.1000000000 32.1391921940
166.2000000000 31.8116386854
166.3000000000 31.4794277297
166.4000000000 31.1428539841
166.5000000000 30.8022057276
166.6000000000 30.4577643635
166.7000000000 30.1098039916
166.8000000000 29.7585910529
166.9000000000 29.4043840445
167.0000000000 29.0474333028
167.1000000000 28.6879808516
167.2000000000 28.3262603116
167.3000000000 27.9624968650
167.4000000000 27.5969072718
167.5000000000 27.2296999321
167.6000000000 26.8610749888
167.7000000000 26.4912244660
167.8000000000 26.1203324385
167.9000000000 25.7485752271
168.0000000000 25.3761216152
168.1000000000 25.0031330837
168.2000000000 24.6297640586
168.3000000000 24.2561621698
168.4000000000 23.8824685158
168.5000000000 23.5088179341
168.6000000000 23.1353392716
168.7000000000 22.7621556555
168.8000000000 22.3893847619
168.9000000000 22.0171390791
169.0000000000 21.6455261664
169.1000000000 21.2746489055
169.2000000000 20.9046057439
169.3000000000 20.5354909302
169.4000000000 20.1673947394
169.5000000000 19.8004036888
169.6000000000 19.4346007433
169.7000000000 19.0700655108
169.8000000000 18.7068744264
169.9000000000 18.3451009261
170.0000000000 17.9848156098
170.1000000000 17.6260863941
170.2000000000 17.2689786542
170.3000000000 16.9135553556
170.4000000000 16.5598771762
170.5000000000 16.2080026184
170.6000000000 15.8579881120
170.7000000000 15.5098881078
170.8000000000 15.1637551628
170.9000000000 14.8196400169
171.0000000000 14.4775916614
171.1000000000 14.1376574006
171.2000000000 13.7998829058
171.3000000000 13.4643122624
171.4000000000 13.1309880110
171.5000000000 12.7999511825
171.6000000000 12.4712413275
171.7000000000 12.1448965410
171.8000000000 11.8209534816
171.9000000000 11.4994473873
172.0000000000 11.1804120871
172.1000000000 10.8638800087
172.2000000000 10.5498821835
172.3000000000 10.2384482490
172.4000000000 9.9296064485
172.5000000000 9.6233836288
172.6000000000 9.3198052370
172.7000000000 9.0188953148
172.8000000000 8.7206764931
172.9000000000 8.4251699855
173.0000000000 8.1323955809
173.1000000000 7.8423716376
173.2000000000 7.5551150762
173.3000000000 7.2706413740
173.4000000000 6.9889645596
173.5000000000 6.7100972095
173.6000000000 6.4340504446
173.7000000000 6.1608339298
173.8000000000 5.8904558734
173.9000000000 5.6229230302
174.0000000000 5.3582407051
174.1000000000 5.0964127592
174.2000000000 4.8374416186
174.3000000000 4.5813282844
174.4000000000 4.3280723457
174.5000000000 4.0776719946
174.6000000000 3.8301240437
174.7000000000 3.5854239454
174.8000000000 3.3435658142
174.9000000000 3.1045424506
175.0000000000 2.8683453673
175.1000000000 2.6349648177
175.2000000000 2.4043898261
175.3000000000 2.1766082199
175.4000000000 1.9516066635
175.5000000000 1.7293706940
175.6000000000 1.5098847581
175.7000000000 1.2931322508
175.8000000000 1.0790955546
175.9000000000 0.8677560808
176.0000000000 0.6590943106
176.1000000000 0.4530898378
176.2000000000 0.2497214117
176.3000000000 0.0489669805
176.4000000000 -0.1491962648
176.5000000000 -0.3447918466
176.6000000000 -0.5378439567
176.7000000000 -0.7283774128
176.8000000000 -0.9164176142
176.9000000000 -1.1019904994
177.0000000000 -1.2851225029
177.1000000000 -1.4658405131
177.2000000000 -1.6441718313
177.3000000000 -1.8201441304
177.4000000000 -1.9937854158
177.5000000000 -2.1651239860
177.6000000000 -2.3341883954
177.7000000000 -2.5010074172
177.8000000000 -2.6656100077
177.9000000000 -2.8280252724
178.0000000000 -2.9882824326
178.1000000000 -3.1464107931
178.2000000000 -3.3024397121
178.3000000000 -3.4563985715
178.4000000000 -3.6083167488
178.5000000000 -3.7582235905
178.6000000000 -3.9061483863
178.7000000000 -4.0521203452
178.8000000000 -4.1961685724
178.9000000000 -4.3383220479
179.0000000000 -4.4786096055
179.1000000000 -4.6170599145
179.2000000000 -4.7537014608
179.3000000000 -4.8885625310
179.4000000000 -5.0216711958
179.5000000000 -5.1530552965
179.6000000000 -5.2827424306
179.7000000000 -5.4107599400
179.8000000000 -5.5371348993
179.9000000000 -5.6618941056
180.0000000000 -5.7850640687
180.1000000000 -5.9066710029
180.2000000000 -6.0267408190
180.3000000000 -6.1452991175
180.4000000000 -6.2623711824
180.5000000000 -6.3779819759
180.6000000000 -6.4921561338
180.7000000000 -6.6049179617
180.8000000000 -6.7162914310
180.9000000000 -6.8263001771
181.0000000000 -6.9349674966
181.1000000000 -7.0423163458
181.2000000000 -7.1483693399
181.3000000000 -7.2531487521
181.4000000000 -7.3566765136
181.5000000000 -7.4589742137
181.6000000000 -7.5600631005
181.7000000000 -7.6599640820
181.8000000000 -7.7586977273
181.9000000000 -7.8562842684
182.0000000000 -7.9527436023
182.1000000000 -8.0480952926
182.2000000000 -8.1423585727
182.3000000000 -8.2355523481
182.4000000000 -8.3276951996
182.5000000000 -8.4188053858
182.6000000000 -8.5089008472
182.7000000000 -8.5979992088
182.8000000000 -8.6861177843
182.9000000000 -8.7732735795
183.0000000000 -8.8594832960
183.1000000000 -8.9447633354
183.2000000000 -9.0291298030
183.3000000000 -9.1125985119
183.4000000000 -9.1951849873
183.5000000000 -9.2769044705
183.6000000000 -9.3577719231
183.7000000000 -9.4378020313
183.8000000000 -9.5170092102
183.9000000000 -9.5954076082
184.0000000000 -9.6730111107
184.1000000000 -9.7498333454
184.2000000000 -9.8258876857
184.3000000000 -9.9011872556
184.4000000000 -9.9757449334
184.5000000000 -10.0495733566
184.6000000000 -10.1226849258
184.7000000000 -10.1950918088
184.8000000000 -10.2668059451
184.9000000000 -10.3378390497
185.0000000000 -10.4082026177
185.1000000000 -10.4779079277
185.2000000000 -10.5469660465
185.3000000000 -10.6153878326
185.4000000000 -10.6831839406
185.5000000000 -10.7503648245
185.6000000000 -10.8169407421
185.7000000000 -10.8829217585
185.8000000000 -10.9483177499
185.9000000000 -11.0131384073
186.0000000000 -11.0773932402
186.1000000000 -11.1410915799
186.2000000000 -11.2042425834
186.3000000000 -11.2668552368
186.4000000000 -11.3289383584
186.5000000000 -11.3905006022
186.6000000000 -11.4515504615
186.7000000000 -11.5120962717
186.8000000000 -11.5721462138
186.9000000000 -11.6317083173
187.0000000000 -11.6907904635
187.1000000000 -11.7494003882
187.2000000000 -11.8075456850
187.3000000000 -11.8652338080
187.4000000000 -11.9224720747
187.5000000000 -11.9792676688
187.6000000000 -12.0356276429
187.7000000000 -12.0915589213
187.8000000000 -12.1470683024
187.9000000000 -12.2021624616
188.0000000000 -12.2568479536
188.1000000000 -12.3111312148
188.2000000000 -12.3650185661
188.3000000000 -12.4185162149
188.4000000000 -12.4716302576
188.5000000000 -12.5243666821
188.6000000000 -12.5767313693
188.7000000000 -12.6287300963
188.8000000000 -12.6803685378
188.9000000000 -12.7316522683
189.0000000000 -12.7825867647
189.1000000000 -12.8331774075
189.2000000000 -12.8834294833
189.3000000000 -12.9333481867
189.4000000000 -12.9829386220
189.5000000000 -13.0322058051
189.6000000000 -13.0811546655
189.7000000000 -13.1297900476
189.8000000000 -13.1781167131
189.9000000000 -13.2261393421
190.0000000000 -13.2738625350
190.1000000000 -13.3212908143
190.2000000000 -13.3684286256
190.3000000000 -13.4152803401
190.4000000000 -13.4618502551
190.5000000000 -13.5081425961
190.6000000000 -13.5541615182
190.7000000000 -13.5999111072
190.8000000000 -13.6453953816
190.9000000000 -13.6906182932
191.0000000000 -13.7355837289
191.1000000000 -13.7802955120
191.2000000000 -13.8247574034
191.3000000000 -13.8689731028
191.4000000000 -13.9129462498
191.5000000000 -13.9566804254
191.6000000000 -14.0001791530
191.7000000000 -14.0434458996
191.8000000000 -14.0864840767
191.9000000000 -14.1292970417
192.0000000000 -14.1718880987
192.1000000000 -14.2142604999
192.2000000000 -14.2564174462
192.3000000000 -14.2983620885
192.4000000000 -14.3400975286
192.5000000000 -14.3816268199
192.6000000000 -14.4229529690
192.7000000000 -14.4640789358
192.8000000000 -14.5050076351
192.9000000000 -14.5457419370
193.0000000000 -14.5862846678
193.1000000000 -14.6266386114
193.2000000000 -14.6668065094
193.3000000000 -14.7067910621
193.4000000000 -14.7465949297
193.5000000000 -14.7862207325
193.6000000000 -14.8256710522
193.7000000000 -14.8649484321
193.8000000000 -14.9040553782
193.9000000000 -14.9429943599
194.0000000000 -14.9817678103
194.1000000000 -15.0203781276
194.2000000000 -15.0588276749
194.3000000000 -15.0971187816
194.4000000000 -15.1352537436
194.5000000000 -15.1732348241
194.6000000000 -15.2110642540
194.7000000000 -15.2487442330
194.8000000000 -15.2862769295
194.9000000000 -15.3236644818
195.0000000000 -15.3609089981
195.1000000000 -15.3980125576
195.2000000000 -15.4349772107
195.3000000000 -15.4718049795
195.4000000000 -15.5084978585
195.5000000000 -15.5450578151
195.6000000000 -15.5814867900
195.7000000000 -15.6177866976
195.8000000000 -15.6539594267
195.9000000000 -15.6900068408
196.0000000000 -15.7259307788
196.1000000000 -15.7617330549
196.2000000000 -15.7974154598
196.3000000000 -15.8329797604
196.4000000000 -15.8684277009
196.5000000000 -15.9037610026
196.6000000000 -15.9389813647
196.7000000000 -15.9740904646
196.8000000000 -16.0090899582
196.9000000000 -16.0439814803
197.0000000000 -16.0787666452
197.1000000000 -16.1134470467
197.2000000000 -16.1480242589
197.3000000000 -16.1824998360
197.4000000000 -16.2168753132
197.5000000000 -16.2511522066
197.6000000000 -16.2853320140
197.7000000000 -16.3194162145
197.8000000000 -16.3534062698
197.9000000000 -16.3873036236
198.0000000000 -16.4211097024
198.1000000000 -16.4548259158
198.2000000000 -16.4884536566
198.3000000000 -16.5219943012
198.4000000000 -16.5554492098
198.5000000000 -16.5888197269
198.6000000000 -16.6221071813
198.7000000000 -16.6553128865
198.8000000000 -16.6884381411
198.9000000000 -16.7214842286
199.0000000000 -16.7544524184
199.1000000000 -16.7873439652
199.2000000000 -16.8201601101
199.3000000000 -16.8529020799
199.4000000000 -16.8855710883
199.5000000000 -16.9181683355
199.6000000000 -16.9506950085
199.7000000000 -16.9831522815
199.8000000000 -17.0155413162
199.9000000000 -17.0478632616
200.0000000000 -17.0801192547
200.1000000000 -17.1123104203
200.2000000000 -17.1444378715
200.3000000000 -17.1765027097
200.4000000000 -17.2085060250
200.5000000000 -17.2404488962
200.6000000000 -17.2723323911
200.7000000000 -17.3041575665
200.8000000000 -17.3359254687
200.9000000000 -17.3676371336
201.0000000000 -17.3992935864
201.1000000000 -17.4308958426
201.2000000000 -17.4624449074
201.3000000000 -17.4939417765
201.4000000000 -17.5253874358
201.5000000000 -17.5567828615
201.6000000000 -17.5881290210
201.7000000000 -17.6194268721
201.8000000000 -17.6506773638
201.9000000000 -17.6818814362
202.0000000000 -17.7130400206
202.1000000000 -17.7441540399
202.2000000000 -17.7752244085
202.3000000000 -17.8062520324
202.4000000000 -17.8372378098
202.5000000000 -17.8681826305
202.6000000000 -17.8990873766
202.7000000000 -17.9299529226
202.8000000000 -17.9607801350
202.9000000000 -17.9915698733
203.0000000000 -18.0223229893
203.1000000000 -18.0530403277
203.2000000000 -18.0837227259
203.3000000000 -18.1143710146
203.4000000000 -18.1449860174
203.5000000000 -18.1755685511
203.6000000000 -18.2061194261
203.7000000000 -18.2366394460
203.8000000000 -18.2671294081
203.9000000000 -18.2975901033
204.0000000000 -18.3280223163
204.1000000000 -18.3584268256
204.2000000000 -18.3888044040
204.3000000000 -18.4191558179
204.4000000000 -18.4494818283
204.5000000000 -18.4797831903
204.6000000000 -18.5100606533
204.7000000000 -18.5403149614
204.8000000000 -18.5705468531
204.9000000000 -18.6007570615
205.0000000000 -18.6309463146
205.1000000000 -18.6611153352
205.2000000000 -18.6912648409
205.3000000000 -18.7213955445
205.4000000000 -18.7515081537
205.5000000000 -18.7816033715
205.6000000000 -18.8116818962
205.7000000000 -18.8417444212
205.8000000000 -18.8717916355
205.9000000000 -18.9018242237
206.0000000000 -18.9318428658
206.1000000000 -18.9618482374
206.2000000000 -18.9918410100
206.3000000000 -19.0218218508
206.4000000000 -19.0517914228
206.5000000000 -19.0817503852
206.6000000000 -19.1116993929
206.7000000000 -19.1416390970
206.8000000000 -19.1715701449
206.9000000000 -19.2014931799
207.0000000000 -19.2314088419
207.1000000000 -19.2613177670
207.2000000000 -19.2912205877
207.3000000000 -19.3211179330
207.4000000000 -19.3510104285
207.5000000000 -19.3808986963
207.6000000000 -19.4107833552
207.7000000000 -19.4406650208
207.8000000000 -19.4705443053
207.9000000000 -19.5004218179
208.0000000000 -19.5302981648
208.1000000000 -19.5601739488
208.2000000000 -19.5900497700
208.3000000000 -19.6199262255
208.4000000000 -19.6498039095
208.5000000000 -19.6796834133
208.6000000000 -19.7095653257
208.7000000000 -19.7394502323
208.8000000000 -19.7693387166
208.9000000000 -19.7992313590
209.0000000000 -19.8291287376
209.1000000000 -19.8590314279
209.2000000000 -19.8889400029
209.3000000000 -19.9188550333
209.4000000000 -19.9487770872
209.5000000000 -19.9787067307
209.6000000000 -20.0086445273
209.7000000000 -20.0385910384
209.8000000000 -20.0685468232
209.9000000000 -20.0985124388
210.0000000000 -20.1284884401
210.1000000000 -20.1584753801
210.2000000000 -20.1884738096
210.3000000000 -20.2184842775
210.4000000000 -20.2485073307
210.5000000000 -20.2785435144
210.6000000000 -20.3085933718
210.7000000000 -20.3386574442
210.8000000000 -20.3687362714
210.9000000000 -20.3988303912
211.0000000000 -20.4289403398
211.1000000000 -20.4590666518
211.2000000000 -20.4892098601
211.3000000000 -20.5193704960
211.4000000000 -20.5495490895
211.5000000000 -20.5797461687
211.6000000000 -20.6099622604
211.7000000000 -20.6401978901
211.8000000000 -20.6704535817
211.9000000000 -20.7007298579
212.0000000000 -20.7310272398
212.1000000000 -20.7613462474
212.2000000000 -20.7916873994
212.3000000000 -20.8220512133
212.4000000000 -20.8524382053
212.5000000000 -20.8828488905
212.6000000000 -20.9132837827
212.7000000000 -20.9437433948
212.8000000000 -20.9742282385
212.9000000000 -21.0047388244
213.0000000000 -21.0352756623
213.1000000000 -21.0658392606
213.2000000000 -21.0964301273
213.3000000000 -21.1270487689
213.4000000000 -21.1576956913
213.5000000000 -21.1883713994
213.6000000000 -21.2190763974
213.7000000000 -21.2498111885
213.8000000000 -21.2805762752
213.9000000000 -21.3113721592
214.0000000000 -21.3421993413
214.1000000000 -21.3730583219
214.2000000000 -21.4039496005
214.3000000000 -21.4348736758
214.4000000000 -21.4658310461
214.5000000000 -21.4968222089
214.6000000000 -21.5278476613
214.7000000000 -21.5589078995
214.8000000000 -21.5900034195
214.9000000000 -21.6211347165
215.0000000000 -21.6523022853
215.1000000000 -21.6835066203
215.2000000000 -21.7147482151
215.3000000000 -21.7460275633
215.4000000000 -21.7773451578
215.5000000000 -21.8087014911
215.6000000000 -21.8400970554
215.7000000000 -21.8715323425
215.8000000000 -21.9030078439
215.9000000000 -21.9345240507
216.0000000000 -21.9660814538
216.1000000000 -21.9976805437
216.2000000000 -22.0293218107
216.3000000000 -22.0610057448
216.4000000000 -22.0927328359
216.5000000000 -22.1245035735
216.6000000000 -22.1563184469
216.7000000000 -22.1881779455
216.8000000000 -22.2200825582
216.9000000000 -22.2520327740
217.0000000000 -22.2840290816
217.1000000000 -22.3160719697
217.2000000000 -22.3481619268
217.3000000000 -22.3802994415
217.4000000000 -22.4124850020
217.5000000000 -22.4447190967
217.6000000000 -22.4770022140
217.7000000000 -22.5093348422
217.8000000000 -22.5417174693
217.9000000000 -22.5741505839
218.0000000000 -22.6066346740
218.1000000000 -22.6391702280
218.2000000000 -22.6717577342
218.3000000000 -22.7043976811
218.4000000000 -22.7370905570
218.5000000000 -22.7698368505
218.6000000000 -22.8026370502
218.7000000000 -22.8354916447
218.8000000000 -22.8684011229
218.9000000000 -22.9013659737
219.0000000000 -22.9343866861
219.1000000000 -22.9674637493
219.2000000000 -23.0005976526
219.3000000000 -23.0337888854
219.4000000000 -23.0670379375
219.5000000000 -23.1003452985
219.6000000000 -23.1337114585
219.7000000000 -23.1671369077
219.8000000000 -23.2006221363
219.9000000000 -23.2341676350
220.0000000000 -23.2677738944
220.1000000000 -23.3014414057
220.2000000000 -23.3351706598
220.3000000000 -23.3689621484
220.4000000000 -23.4028163629
220.5000000000 -23.4367337954
220.6000000000 -23.4707149378
220.7000000000 -23.5047602826
220.8000000000 -23.5388703223
220.9000000000 -23.5730455498
221.0000000000 -23.6072864583
221.1000000000 -23.6415935411
221.2000000000 -23.6759672918
221.3000000000 -23.7104082043
221.4000000000 -23.7449167728
221.5000000000 -23.7794934917
221.6000000000 -23.8141388557
221.7000000000 -23.8488533597
221.8000000000 -23.8836374989
221.9000000000 -23.9184917690
222.0000000000 -23.9534166656
222.1000000000 -23.9884126847
222.2000000000 -24.0234803227
222.3000000000 -24.0586200761
222.4000000000 -24.0938324418
222.5000000000 -24.1291179168
222.6000000000 -24.1644769986
222.7000000000 -24.1999101847
222.8000000000 -24.2354179729
222.9000000000 -24.2710008614
223.0000000000 -24.3066593487
223.1000000000 -24.3423939331
223.2000000000 -24.3782051137
223.3000000000 -24.4140933895
223.4000000000 -24.4500592598
223.5000000000 -24.4861032241
223.6000000000 -24.5222257821
223.7000000000 -24.5584274339
223.8000000000 -24.5947086794
223.9000000000 -24.6310700192
224.0000000000 -24.6675119537
224.1000000000 -24.7040349837
224.2000000000 -24.7406396099
224.3000000000 -24.7773263335
224.4000000000 -24.8140956555
224.5000000000 -24.8509480774
224.6000000000 -24.8878841006
224.7000000000 -24.9249042267
224.8000000000 -24.9620089572
224.9000000000 -24.9991987941
225.0000000000 -25.0364742391
225.1000000000 -25.0738357942
225.2000000000 -25.1112839613
225.3000000000 -25.1488192425
225.4000000000 -25.1864421398
225.5000000000 -25.2241531553
225.6000000000 -25.2619527910
225.7000000000 -25.2998415491
225.8000000000 -25.3378199314
225.9000000000 -25.3758884399
226.0000000000 -25.4140475767
226.1000000000 -25.4522978434
226.2000000000 -25.4906397418
226.3000000000 -25.5290737734
226.4000000000 -25.5676004398
226.5000000000 -25.6062202422
226.6000000000 -25.6449336818
226.7000000000 -25.6837412594
226.8000000000 -25.7226434758
226.9000000000 -25.7616408313
227.0000000000 -25.8007338263
227.1000000000 -25.8399229606
227.2000000000 -25.8792087338
227.3000000000 -25.9185916452
227.4000000000 -25.9580721937
227.5000000000 -25.9976508778
227.6000000000 -26.0373281957
227.7000000000 -26.0771046450
227.8000000000 -26.1169807229
227.9000000000 -26.1569569263
228.0000000000 -26.1970337514
228.1000000000 -26.2372116938
228.2000000000 -26.2774912488
228.3000000000 -26.3178729107
228.4000000000 -26.3583571736
228.5000000000 -26.3989445307
228.6000000000 -26.4396354746
228.7000000000 -26.4804304971
228.8000000000 -26.5213300893
228.9000000000 -26.5623347415
229.0000000000 -26.6034449432
229.1000000000 -26.6446611831
229.2000000000 -26.6859839490
229.3000000000 -26.7274137276
229.4000000000 -26.7689510050
229.5000000000 -26.8105962660
229.6000000000 -26.8523499945
229.7000000000 -26.8942126734
229.8000000000 -26.9361847843
229.9000000000 -26.9782668079
230.0000000000 -27.0204592237
230.1000000000 -27.0627625097
230.2000000000 -27.1051771430
230.3000000000 -27.1477035992
230.4000000000 -27.1903423527
230.5000000000 -27.2330938763
230.6000000000 -27.2759586417
230.7000000000 -27.3189371189
230.8000000000 -27.3620297765
230.9000000000 -27.4052370815
231.0000000000 -27.4485594993
231.1000000000 -27.4919974937
231.2000000000 -27.5355515268
231.3000000000 -27.5792220590
231.4000000000 -27.6230095489
231.5000000000 -27.6669144532
231.6000000000 -27.7109372269
231.7000000000 -27.7550783230
231.8000000000 -27.7993381924
231.9000000000 -27.8437172842
232.0000000000 -27.8882160453
232.1000000000 -27.9328349205
232.2000000000 -27.9775743524
232.3000000000 -28.0224347815
232.4000000000 -28.0674166459
232.5000000000 -28.1125203814
232.6000000000 -28.1577464214
232.7000000000 -28.2030951969
232.8000000000 -28.2485671365
232.9000000000 -28.2941626660
233.0000000000 -28.3398822089
233.1000000000 -28.3857261858
233.2000000000 -28.4316950146
233.3000000000 -28.4777891107
233.4000000000 -28.5240088863
233.5000000000 -28.5703547510
233.6000000000 -28.6168271113
233.7000000000 -28.6634263707
233.8000000000 -28.7101529296
233.9000000000 -28.7570071855
234.0000000000 -28.8039895324
234.1000000000 -28.8511003613
234.2000000000 -28.8983400597
234.3000000000 -28.9457090118
234.4000000000 -28.9932075983
234.5000000000 -29.0408361967
234.6000000000 -29.0885951804
234.7000000000 -29.1364849197
234.8000000000 -29.1845057809
234.9000000000 -29.2326581265
235.0000000000 -29.2809423155
235.1000000000 -29.3293587026
235.2000000000 -29.3779076389
235.3000000000 -29.4265894712
235.4000000000 -29.4754045424
235.5000000000 -29.5243531912
235.6000000000 -29.5734357520
235.7000000000 -29.6226525550
235.8000000000 -29.6720039259
235.9000000000 -29.7214901861
236.0000000000 -29.7711116526
236.1000000000 -29.8208686375
236.2000000000 -29.8707614485
236.3000000000 -29.9207903886
236.4000000000 -29.9709557560
236.5000000000 -30.0212578440
236.6000000000 -30.0716969410
236.7000000000 -30.1222733303
236.8000000000 -30.1729872905
236.9000000000 -30.2238390946
237.0000000000 -30.2748290108
237.1000000000 -30.3259573017
237.2000000000 -30.3772242247
237.3000000000 -30.4286300320
237.4000000000 -30.4801749699
237.5000000000 -30.5318592794
237.6000000000 -30.5836831958
237.7000000000 -30.6356469487
237.8000000000 -30.6877507620
237.9000000000 -30.7399948536
238.0000000000 -30.7923794357
238.1000000000 -30.8449047142
238.2000000000 -30.8975708892
238.3000000000 -30.9503781545
238.4000000000 -31.0033266980
238.5000000000 -31.0564167008
238.6000000000 -31.1096483382
238.7000000000 -31.1630217786
238.8000000000 -31.2165371844
238.9000000000 -31.2701947110
239.0000000000 -31.3239945073
239.1000000000 -31.3779367158
239.2000000000 -31.4320214717
239.3000000000 -31.4862489038
239.4000000000 -31.5406191338
239.5000000000 -31.5951322764
239.6000000000 -31.6497884393
239.7000000000 -31.7045877231
239.8000000000 -31.7595302212
239.9000000000 -31.8146160197
240.0000000000 -31.8698451976
240.1000000000 -31.9252178261
240.2000000000 -31.9807339693
240.3000000000 -32.0363936837
240.4000000000 -32.0921970181
240.5000000000 -32.1481440139
240.6000000000 -32.2042347045
240.7000000000 -32.2604691157
240.8000000000 -32.3168472654
240.9000000000 -32.3733691637
241.0000000000 -32.4300348127
241.1000000000 -32.4868442063
241.2000000000 -32.5437973307
241.3000000000 -32.6008941635
241.4000000000 -32.6581346745
241.5000000000 -32.7155188251
241.6000000000 -32.7730465683
241.7000000000 -32.8307178489
241.8000000000 -32.8885326032
241.9000000000 -32.9464907591
242.0000000000 -33.0045922358
242.1000000000 -33.0628369440
242.2000000000 -33.1212247861
242.3000000000 -33.1797556552
242.4000000000 -33.2384294363
242.5000000000 -33.2972460052
242.6000000000 -33.3562052290
242.7000000000 -33.4153069661
242.8000000000 -33.4745510659
242.9000000000 -33.5339373687
243.0000000000 -33.5934657061
243.1000000000 -33.6531359003
243.2000000000 -33.7129477649
243.3000000000 -33.7729011039
243.4000000000 -33.8329957126
243.5000000000 -33.8932313769
243.6000000000 -33.9536078735
243.7000000000 -34.0141249698
243.8000000000 -34.0747824242
243.9000000000 -34.1355799855
244.0000000000 -34.1965173934
244.1000000000 -34.2575943781
244.2000000000 -34.3188106604
244.3000000000 -34.3801659519
244.4000000000 -34.4416599547
244.5000000000 -34.5032923612
244.6000000000 -34.5650628548
244.7000000000 -34.6269711092
244.8000000000 -34.6890167884
244.9000000000 -34.7511995473
245.0000000000 -34.8135190311
245.1000000000 -34.8759748754
245.2000000000 -34.9385667064
245.3000000000 -35.0012941407
245.4000000000 -35.0641567854
245.5000000000 -35.1271542382
245.6000000000 -35.1902860869
245.7000000000 -35.2535519100
245.8000000000 -35.3169512766
245.9000000000 -35.3804837460
246.0000000000 -35.4441488682
246.1000000000 -35.5079461834
246.2000000000 -35.5718752226
246.3000000000 -35.6359355072
246.4000000000 -35.7001265491
246.5000000000 -35.7644478507
246.6000000000 -35.8288989051
246.7000000000 -35.8934791960
246.8000000000 -35.9581881974
246.9000000000 -36.0230253742
247.0000000000 -36.0879901821
247.1000000000 -36.1530820670
247.2000000000 -36.2183004660
247.3000000000 -36.2836448068
247.4000000000 -36.3491145076
247.5000000000 -36.4147089779
247.6000000000 -36.4804276178
247.7000000000 -36.5462698182
247.8000000000 -36.6122349612
247.9000000000 -36.6783224197
248.0000000000 -36.7445315577
248.1000000000 -36.8108617303
248.2000000000 -36.8773122838
248.3000000000 -36.9438825555
248.4000000000 -37.0105718742
248.5000000000 -37.0773795598
248.6000000000 -37.1443049237
248.7000000000 -37.2113472685
248.8000000000 -37.2785058887
248.9000000000 -37.3457800700
249.0000000000 -37.4131690898
249.1000000000 -37.4806722172
249.2000000000 -37.5482887133
249.3000000000 -37.6160178306
249.4000000000 -37.6838588138
249.5000000000 -37.7518108996
249.6000000000 -37.8198733167
249.7000000000 -37.8880452859
249.8000000000 -37.9563260204
249.9000000000 -38.0247147255
250.0000000000 -38.0932105991
250.1000000000 -38.1618128315
250.2000000000 -38.2305206055
250.3000000000 -38.2993330969
250.4000000000 -38.3682494739
250.5000000000 -38.4372688978
250.6000000000 -38.5063905228
250.7000000000 -38.5756134962
250.8000000000 -38.6449369583
250.9000000000 -38.7143600429
251.0000000000 -38.7838818772
251.1000000000 -38.8535015816
251.2000000000 -38.9232182704
251.3000000000 -38.9930310513
251.4000000000 -39.0629390262
251.5000000000 -39.1329412905
251.6000000000 -39.2030369340
251.7000000000 -39.2732250405
251.8000000000 -39.3435046879
251.9000000000 -39.4138749488
252.0000000000 -39.4843348902
252.1000000000 -39.5548835736
252.2000000000 -39.6255200555
252.3000000000 -39.6962433870
252.4000000000 -39.7670526144
252.5000000000 -39.8379467791
252.6000000000 -39.9089249177
252.7000000000 -39.9799860622
252.8000000000 -40.0511292401
252.9000000000 -40.1223534747
253.0000000000 -40.1936577847
253.1000000000 -40.2650411852
253.2000000000 -40.3365026870
253.3000000000 -40.4080412972
253.4000000000 -40.4796560191
253.5000000000 -40.5513458526
253.6000000000 -40.6231097941
253.7000000000 -40.6949468368
253.8000000000 -40.7668559706
253.9000000000 -40.8388361825
254.0000000000 -40.9108864568
254.1000000000 -40.9830057747
254.2000000000 -41.0551931152
254.3000000000 -41.1274474546
254.4000000000 -41.1997677670
254.5000000000 -41.2721530243
254.6000000000 -41.3446021966
254.7000000000 -41.4171142517
254.8000000000 -41.4896881561
254.9000000000 -41.5623228745
255.0000000000 -41.6350173702
255.1000000000 -41.7077706050
255.2000000000 -41.7805815400
255.3000000000 -41.8534491348
255.4000000000 -41.9263723485
255.5000000000 -41.9993501392
255.6000000000 -42.0723814646
255.7000000000 -42.1454652819
255.8000000000 -42.2186005479
255.9000000000 -42.2917862193
256.0000000000 -42.3650212530
256.1000000000 -42.4383046057
256.2000000000 -42.5116352346
256.3000000000 -42.5850120972
256.4000000000 -42.6584341515
256.5000000000 -42.7319003564
256.6000000000 -42.8054096714
256.7000000000 -42.8789610571
256.8000000000 -42.9525534751
256.9000000000 -43.0261858886
257.0000000000 -43.0998572616
257.1000000000 -43.1735665601
257.2000000000 -43.2473127516
257.3000000000 -43.3210948053
257.4000000000 -43.3949116925
257.5000000000 -43.4687623865
257.6000000000 -43.5426458627
257.7000000000 -43.6165610990
257.8000000000 -43.6905070755
257.9000000000 -43.7644827751
258.0000000000 -43.8384871834
258.1000000000 -43.9125192888
258.2000000000 -43.9865780827
258.3000000000 -44.0606625594
258.4000000000 -44.1347717167
258.5000000000 -44.2089045557
258.6000000000 -44.2830600807
258.7000000000 -44.3572372998
258.8000000000 -44.4314352248
258.9000000000 -44.5056528714
259.0000000000 -44.5798892589
259.1000000000 -44.6541434110
259.2000000000 -44.7284143555
259.3000000000 -44.8027011243
259.4000000000 -44.8770027539
259.5000000000 -44.9513182852
259.6000000000 -45.0256467636
259.7000000000 -45.0999872394
259.8000000000 -45.1743387676
259.9000000000 -45.2487004083
260.0000000000 -45.3230712263
260.1000000000 -45.3974502917
260.2000000000 -45.4718366800
260.3000000000 -45.5462294717
260.4000000000 -45.6206277530
260.5000000000 -45.6950306152
260.6000000000 -45.7694371557
260.7000000000 -45.8438464772
260.8000000000 -45.9182576883
260.9000000000 -45.9926699036
261.0000000000 -46.0670822435
261.1000000000 -46.1414938344
261.2000000000 -46.2159038089
261.3000000000 -46.2903113057
261.4000000000 -46.3647154699
261.5000000000 -46.4391154528
261.6000000000 -46.5135104122
261.7000000000 -46.5878995124
261.8000000000 -46.6622819242
261.9000000000 -46.7366568252
262.0000000000 -46.8110233994
262.1000000000 -46.8853808377
262.2000000000 -46.9597283380
262.3000000000 -47.0340651048
262.4000000000 -47.1083903497
262.5000000000 -47.1827032913
262.6000000000 -47.2570031552
262.7000000000 -47.3312891741
262.8000000000 -47.4055605879
262.9000000000 -47.4798166438
263.0000000000 -47.5540565962
263.1000000000 -47.6282797066
263.2000000000 -47.7024852441
263.3000000000 -47.7766724852
263.4000000000 -47.8508407136
263.5000000000 -47.9249892207
263.6000000000 -47.9991173053
263.7000000000 -48.0732242738
263.8000000000 -48.1473094402
263.9000000000 -48.2213721259
264.0000000000 -48.2954116602
264.1000000000 -48.3694273800
264.2000000000 -48.4434186297
264.3000000000 -48.5173847616
264.4000000000 -48.5913251358
264.5000000000 -48.6652391199
264.6000000000 -48.7391260895
264.7000000000 -48.8129854280
264.8000000000 -48.8868165263
264.9000000000 -48.9606187836
265.0000000000 -49.0343916065
265.1000000000 -49.1081344096
265.2000000000 -49.1818466155
265.3000000000 -49.2555276544
265.4000000000 -49.3291769645
265.5000000000 -49.4027939920
265.6000000000 -49.4763781905
265.7000000000 -49.5499290220
265.8000000000 -49.6234459561
265.9000000000 -49.6969284702
266.0000000000 -49.7703760497
266.1000000000 -49.8437881878
266.2000000000 -49.9171643855
266.3000000000 -49.9905041517
266.4000000000 -50.0638070029
266.5000000000 -50.1370724637
266.6000000000 -50.2103000663
266.7000000000 -50.2834893508
266.8000000000 -50.3566398649
266.9000000000 -50.4297511640
267.0000000000 -50.5028228115
267.1000000000 -50.5758543782
267.2000000000 -50.6488454427
267.3000000000 -50.7217955912
267.4000000000 -50.7947044175
267.5000000000 -50.8675715230
267.6000000000 -50.9403965167
267.7000000000 -51.0131790151
267.8000000000 -51.0859186421
267.9000000000 -51.1586150293
268.0000000000 -51.2312678153
268.1000000000 -51.3038766465
268.2000000000 -51.3764411765
268.3000000000 -51.4489610663
268.4000000000 -51.5214359838
268.5000000000 -51.5938656047
268.6000000000 -51.6662496115
268.7000000000 -51.7385876938
268.8000000000 -51.8108795487
268.9000000000 -51.8831248799
269.0000000000 -51.9553233983
269.1000000000 -52.0274748219
269.2000000000 -52.0995788753
269.3000000000 -52.1716352902
269.4000000000 -52.2436438050
269.5000000000 -52.3156041650
269.6000000000 -52.3875161219
269.7000000000 -52.4593794342
269.8000000000 -52.5311938672
269.9000000000 -52.6029591924
270.0000000000 -52.6746751880
270.1000000000 -52.7463416384
270.2000000000 -52.8179583346
270.3000000000 -52.8895250737
270.4000000000 -52.9610416592
270.5000000000 -53.0325079005
270.6000000000 -53.1039236134
270.7000000000 -53.1752886196
270.8000000000 -53.2466027469
270.9000000000 -53.3178658287
271.0000000000 -53.3890777046
271.1000000000 -53.4602382197
271.2000000000 -53.5313472250
271.3000000000 -53.6024045772
271.4000000000 -53.6734101382
271.5000000000 -53.7443637757
271.6000000000 -53.8152653628
271.7000000000 -53.8861147779
271.8000000000 -53.9569119047
271.9000000000 -54.0276566320
272.0000000000 -54.0983488539
272.1000000000 -54.1689884695
272.2000000000 -54.2395753827
272.3000000000 -54.3101095026
272.4000000000 -54.3805907429
272.5000000000 -54.4510190221
272.6000000000 -54.5213942636
272.7000000000 -54.5917163949
272.8000000000 -54.6619853485
272.9000000000 -54.7322010610
273.0000000000 -54.8023634736
273.1000000000 -54.8724725317
273.2000000000 -54.9425281846
273.3000000000 -55.0125303861
273.4000000000 -55.0824790939
273.5000000000 -55.1523742696
273.6000000000 -55.2222158786
273.7000000000 -55.2920038901
273.8000000000 -55.3617382771
273.9000000000 -55.4314190162
274.0000000000 -55.5010460874
274.1000000000 -55.5706194741
274.2000000000 -55.6401391631
274.3000000000 -55.7096051447
274.4000000000 -55.7790174120
274.5000000000 -55.8483759614
274.6000000000 -55.9176807923
274.7000000000 -55.9869319068
274.8000000000 -56.0561293102
274.9000000000 -56.1252730101
275.0000000000 -56.1943630172
275.1000000000 -56.2633993443
275.2000000000 -56.3323820071
275.3000000000 -56.4013110234
275.4000000000 -56.4701864133
275.5000000000 -56.5390081992
275.6000000000 -56.6077764057
275.7000000000 -56.6764910591
275.8000000000 -56.7451521880
275.9000000000 -56.8137598226
276.0000000000 -56.8823139949
276.1000000000 -56.9508147387
276.2000000000 -57.0192620891
276.3000000000 -57.0876560829
276.4000000000 -57.1559967583
276.5000000000 -57.2242841545
276.6000000000 -57.2925183123
276.7000000000 -57.3606992734
276.8000000000 -57.4288270805
276.9000000000 -57.4969017773
277.0000000000 -57.5649234084
277.1000000000 -57.6328920190
277.2000000000 -57.7008076550
277.3000000000 -57.7686703629
277.4000000000 -57.8364801898
277.5000000000 -57.9042371830
277.6000000000 -57.9719413901
277.7000000000 -58.0395928591
277.8000000000 -58.1071916378
277.9000000000 -58.1747377743
278.0000000000 -58.2422313165
278.1000000000 -58.3096723121
278.2000000000 -58.3770608088
278.3000000000 -58.4443968536
278.4000000000 -58.5116804934
278.5000000000 -58.5789117744
278.6000000000 -58.6460907422
278.7000000000 -58.7132174417
278.8000000000 -58.7802919172
278.9000000000 -58.8473142119
279.0000000000 -58.9142843680
279.1000000000 -58.9812024270
279.2000000000 -59.0480684289
279.3000000000 -59.1148824127
279.4000000000 -59.1816444159
279.5000000000 -59.2483544749
279.6000000000 -59.3150126242
279.7000000000 -59.3816188971
279.8000000000 -59.4481733251
279.9000000000 -59.5146759379
280.0000000000 -59.5811267636
280.1000000000 -59.6475258282
280.2000000000 -59.7138731556
280.3000000000 -59.7801687680
280.4000000000 -59.8464126851
280.5000000000 -59.9126049246
280.6000000000 -59.9787455017
280.7000000000 -60.0448344293
280.8000000000 -60.1108717179
280.9000000000 -60.1768573752
281.0000000000 -60.2427914066
281.1000000000 -60.3086738144
281.2000000000 -60.3745045985
281.3000000000 -60.4402837557
281.4000000000 -60.5060112798
281.5000000000 -60.5716871618
281.6000000000 -60.6373113894
281.7000000000 -60.7028839474
281.8000000000 -60.7684048170
281.9000000000 -60.8338739763
282.0000000000 -60.8992914001
282.1000000000 -60.9646570595
282.2000000000 -61.0299709223
282.3000000000 -61.0952329527
282.4000000000 -61.1604431109
282.5000000000 -61.2256013539
282.6000000000 -61.2907076344
282.7000000000 -61.3557619017
282.8000000000 -61.4207641008
282.9000000000 -61.4857141729
283.0000000000 -61.5506120551
283.1000000000 -61.6154576805
283.2000000000 -61.6802509778
283.3000000000 -61.7449918716
283.4000000000 -61.8096802823
283.5000000000 -61.8743161259
283.6000000000 -61.9388993138
283.7000000000 -62.0034297532
283.8000000000 -62.0679073467
283.9000000000 -62.1323319924
284.0000000000 -62.1967035835
284.1000000000 -62.2610220090
284.2000000000 -62.3252871528
284.3000000000 -62.3894988942
284.4000000000 -62.4536571076
284.5000000000 -62.5177616628
284.6000000000 -62.5818124243
284.7000000000 -62.6458092519
284.8000000000 -62.7097520006
284.9000000000 -62.7736405199
285.0000000000 -62.8374746546
285.1000000000 -62.9012542444
285.2000000000 -62.9649791236
285.3000000000 -63.0286491216
285.4000000000 -63.0922640625
285.5000000000 -63.1558237650
285.6000000000 -63.2193280429
285.7000000000 -63.2827767044
285.8000000000 -63.3461695524
285.9000000000 -63.4095063846
286.0000000000 -63.4727869932
286.1000000000 -63.5360111651
286.2000000000 -63.5991786816
286.3000000000 -63.6622893188
286.4000000000 -63.7253428471
286.5000000000 -63.7883390317
286.6000000000 -63.8512776320
286.7000000000 -63.9141584021
286.8000000000 -63.9769810905
286.9000000000 -64.0397454402
287.0000000000 -64.1024511886
287.1000000000 -64.1650980677
287.2000000000 -64.2276858037
287.3000000000 -64.2902141175
287.4000000000 -64.3526827242
287.5000000000 -64.4150913335
287.6000000000 -64.4774396495
287.7000000000 -64.5397273707
287.8000000000 -64.6019541900
287.9000000000 -64.6641197948
288.0000000000 -64.7262238671
288.1000000000 -64.7882660830
288.2000000000 -64.8502461133
288.3000000000 -64.9121636234
288.4000000000 -64.9740182728
288.5000000000 -65.0358097160
288.6000000000 -65.0975376016
288.7000000000 -65.1592015729
288.8000000000 -65.2208012678
288.9000000000 -65.2823363188
289.0000000000 -65.3438063529
289.1000000000 -65.4052109917
289.2000000000 -65.4665498516
289.3000000000 -65.5278225436
289.4000000000 -65.5890286734
289.5000000000 -65.6501678414
289.6000000000 -65.7112396430
289.7000000000 -65.7722436681
289.8000000000 -65.8331795015
289.9000000000 -65.8940467232
290.0000000000 -65.9548449077
290.1000000000 -66.0155736246
290.2000000000 -66.0762324387
290.3000000000 -66.1368209096
290.4000000000 -66.1973385920
290.5000000000 -66.2577850359
290.6000000000 -66.3181597864
290.7000000000 -66.3784623837
290.8000000000 -66.4386923636
290.9000000000 -66.4988492570
291.0000000000 -66.5589325901
291.1000000000 -66.6189418848
291.2000000000 -66.6788766584
291.3000000000 -66.7387364238
291.4000000000 -66.7985206893
291.5000000000 -66.8582289593
291.6000000000 -66.9178607335
291.7000000000 -66.9774155078
291.8000000000 -67.0368927737
291.9000000000 -67.0962920187
292.0000000000 -67.1556127265
292.1000000000 -67.2148543766
292.2000000000 -67.2740164448
292.3000000000 -67.3330984032
292.4000000000 -67.3920997201
292.5000000000 -67.4510198600
292.6000000000 -67.5098582842
292.7000000000 -67.5686144502
292.8000000000 -67.6272878124
292.9000000000 -67.6858778216
293.0000000000 -67.7443839256
293.1000000000 -67.8028055687
293.2000000000 -67.8611421926
293.3000000000 -67.9193932355
293.4000000000 -67.9775581332
293.5000000000 -68.0356363181
293.6000000000 -68.0936272205
293.7000000000 -68.1515302674
293.8000000000 -68.2093448838
293.9000000000 -68.2670704919
294.0000000000 -68.3247065115
294.1000000000 -68.3822523602
294.2000000000 -68.4397074535
294.3000000000 -68.4970712046
294.4000000000 -68.5543430248
294.5000000000 -68.6115223233
294.6000000000 -68.6686085077
294.7000000000 -68.7256009837
294.8000000000 -68.7824991554
294.9000000000 -68.8393024254
295.0000000000 -68.8960101947
295.1000000000 -68.9526218631
295.2000000000 -69.0091368291
295.3000000000 -69.0655544900
295.4000000000 -69.1218742421
295.5000000000 -69.1780954807
295.6000000000 -69.2342176001
295.7000000000 -69.2902399942
295.8000000000 -69.3461620557
295.9000000000 -69.4019831772
296.0000000000 -69.4577027507
296.1000000000 -69.5133201676
296.2000000000 -69.5688348194
296.3000000000 -69.6242460972
296.4000000000 -69.6795533921
296.5000000000 -69.7347560952
296.6000000000 -69.7898535977
296.7000000000 -69.8448452912
296.8000000000 -69.8997305675
296.9000000000 -69.9545088187
297.0000000000 -70.0091794379
297.1000000000 -70.0637418183
297.2000000000 -70.1181953541
297.3000000000 -70.1725394404
297.4000000000 -70.2267734731
297.5000000000 -70.2808968492
297.6000000000 -70.3349089668
297.7000000000 -70.3888092252
297.8000000000 -70.4425970252
297.9000000000 -70.4962717689
298.0000000000 -70.5498328599
298.1000000000 -70.6032797035
298.2000000000 -70.6566117067
298.3000000000 -70.7098282784
298.4000000000 -70.7629288293
298.5000000000 -70.8159127721
298.6000000000 -70.8687795217
298.7000000000 -70.9215284952
298.8000000000 -70.9741591120
298.9000000000 -71.0266707939
299.0000000000 -71.0790629650
299.1000000000 -71.1313350522
299.2000000000 -71.1834864850
299.3000000000 -71.2355166956
299.4000000000 -71.2874251192
299.5000000000 -71.3392111938
299.6000000000 -71.3908743604
299.7000000000 -71.4424140632
299.8000000000 -71.4938297496
299.9000000000 -71.5451208703
300.0000000000 -71.5962868792
300.1000000000 -71.6473272339
300.2000000000 -71.6982413954
300.3000000000 -71.7490288283
300.4000000000 -71.7996890010
300.5000000000 -71.8502213856
300.6000000000 -71.9006254581
300.7000000000 -71.9509006985
300.8000000000 -72.0010465906
300.9000000000 -72.0510626226
301.0000000000 -72.1009482865
301.1000000000 -72.1507030790
301.2000000000 -72.2003265007
301.3000000000 -72.2498180569
301.4000000000 -72.2991772570
301.5000000000 -72.3484036153
301.6000000000 -72.3974966505
301.7000000000 -72.4464558860
301.8000000000 -72.4952808500
301.9000000000 -72.5439710753
302.0000000000 -72.5925260997
302.1000000000 -72.6409454660
302.2000000000 -72.6892287218
302.3000000000 -72.7373754198
302.4000000000 -72.7853851180
302.5000000000 -72.8332573793
302.6000000000 -72.8809917718
302.7000000000 -72.9285878691
302.8000000000 -72.9760452500
302.9000000000 -73.0233634986
303.0000000000 -73.0705422046
303.1000000000 -73.1175809631
303.2000000000 -73.1644793746
303.3000000000 -73.2112370453
303.4000000000 -73.2578535870
303.5000000000 -73.3043286173
303.6000000000 -73.3506617593
303.7000000000 -73.3968526420
303.8000000000 -73.4429008999
303.9000000000 -73.4888061739
304.0000000000 -73.5345681101
304.1000000000 -73.5801863611
304.2000000000 -73.6256605849
304.3000000000 -73.6709904461
304.4000000000 -73.7161756146
304.5000000000 -73.7612157670
304.6000000000 -73.8061105856
304.7000000000 -73.8508597588
304.8000000000 -73.8954629812
304.9000000000 -73.9399199537
305.0000000000 -73.9842303831
305.1000000000 -74.0283939827
305.2000000000 -74.0724104718
305.3000000000 -74.1162795760
305.4000000000 -74.1600010273
305.5000000000 -74.2035745638
305.6000000000 -74.2469999300
305.7000000000 -74.2902768768
305.8000000000 -74.3334051613
305.9000000000 -74.3763845469
306.0000000000 -74.4192148037
306.1000000000 -74.4618957078
306.2000000000 -74.5044270418
306.3000000000 -74.5468085948
306.4000000000 -74.5890401622
306.5000000000 -74.6311215459
306.6000000000 -74.6730525540
306.7000000000 -74.7148330013
306.8000000000 -74.7564627088
306.9000000000 -74.7979415041
307.0000000000 -74.8392692211
307.1000000000 -74.8804457002
307.2000000000 -74.9214707881
307.3000000000 -74.9623443380
307.4000000000 -75.0030662095
307.5000000000 -75.0436362688
307.6000000000 -75.0840543881
307.7000000000 -75.1243204463
307.8000000000 -75.1644343287
307.9000000000 -75.2043959269
308.0000000000 -75.2442051387
308.1000000000 -75.2838618686
308.2000000000 -75.3233660271
308.3000000000 -75.3627175314
308.4000000000 -75.4019163047
308.5000000000 -75.4409622766
308.6000000000 -75.4798553831
308.7000000000 -75.5185955663
308.8000000000 -75.5571827748
308.9000000000 -75.5956169631
309.0000000000 -75.6338980921
309.1000000000 -75.6720261290
309.2000000000 -75.7100010470
309.3000000000 -75.7478228254
309.4000000000 -75.7854914499
309.5000000000 -75.8230069119
309.6000000000 -75.8603692094
309.7000000000 -75.8975783460
309.8000000000 -75.9346343314
309.9000000000 -75.9715371816
310.0000000000 -76.0082869181
310.1000000000 -76.0448835688
310.2000000000 -76.0813271673
310.3000000000 -76.1176177530
310.4000000000 -76.1537553712
310.5000000000 -76.1897400732
310.6000000000 -76.2255719158
310.7000000000 -76.2612509618
310.8000000000 -76.2967772797
310.9000000000 -76.3321509434
311.0000000000 -76.3673720328
311.1000000000 -76.4024406332
311.2000000000 -76.4373568357
311.3000000000 -76.4721207366
311.4000000000 -76.5067324381
311.5000000000 -76.5411920476
311.6000000000 -76.5754996779
311.7000000000 -76.6096554475
311.8000000000 -76.6436594799
311.9000000000 -76.6775119042
312.0000000000 -76.7112128545
312.1000000000 -76.7447624704
312.2000000000 -76.7781608966
312.3000000000 -76.8114082828
312.4000000000 -76.8445047839
312.5000000000 -76.8774505601
312.6000000000 -76.9102457763
312.7000000000 -76.9428906025
312.8000000000 -76.9753852137
312.9000000000 -77.0077297896
313.0000000000 -77.0399245151
313.1000000000 -77.0719695796
313.2000000000 -77.1038651773
313.3000000000 -77.1356115073
313.4000000000 -77.1672087732
313.5000000000 -77.1986571832
313.6000000000 -77.2299569503
313.7000000000 -77.2611082918
313.8000000000 -77.2921114296
313.9000000000 -77.3229665901
314.0000000000 -77.3536740039
314.1000000000 -77.3842339062
314.2000000000 -77.4146465363
314.3000000000 -77.4449121378
314.4000000000 -77.4750309587
314.5000000000 -77.5050032509
314.6000000000 -77.5348292705
314.7000000000 -77.5645092777
314.8000000000 -77.5940435367
314.9000000000 -77.6234323158
315.0000000000 -77.6526758869
315.1000000000 -77.6817745261
315.2000000000 -77.7107285132
315.3000000000 -77.7395381317
315.4000000000 -77.7682036690
315.5000000000 -77.7967254161
315.6000000000 -77.8251036676
315.7000000000 -77.8533387217
315.8000000000 -77.8814308801
315.9000000000 -77.9093804482
316.0000000000 -77.9371877346
316.1000000000 -77.9648530513
316.2000000000 -77.9923767139
316.3000000000 -78.0197590410
316.4000000000 -78.0470003547
316.5000000000 -78.0741009800
316.6000000000 -78.1010612453
316.7000000000 -78.1278814821
316.8000000000 -78.1545620248
316.9000000000 -78.1811032110
317.0000000000 -78.2075053812
317.1000000000 -78.2337688786
317.2000000000 -78.2598940496
317.3000000000 -78.2858812432
317.4000000000 -78.3117308113
317.5000000000 -78.3374431085
317.6000000000 -78.3630184919
317.7000000000 -78.3884573216
317.8000000000 -78.4137599599
317.9000000000 -78.4389267719
318.0000000000 -78.4639581251
318.1000000000 -78.4888543894
318.2000000000 -78.5136159372
318.3000000000 -78.5382431432
318.4000000000 -78.5627363845
318.5000000000 -78.5870960404
318.6000000000 -78.6113224922
318.7000000000 -78.6354161238
318.8000000000 -78.6593773210
318.9000000000 -78.6832064717
319.0000000000 -78.7069039658
319.1000000000 -78.7304701952
319.2000000000 -78.7539055539
319.3000000000 -78.7772104378
319.4000000000 -78.8003852444
319.5000000000 -78.8234303733
319.6000000000 -78.8463462257
319.7000000000 -78.8691332048
319.8000000000 -78.8917917153
319.9000000000 -78.9143221635
