0.0000000000 -77.5624981177
0.1000000000 -77.5955381828
0.2000000000 -77.6283917895
0.3000000000 -77.6610594459
0.4000000000 -77.6935416649
0.5000000000 -77.7258389641
0.6000000000 -77.7579518655
0.7000000000 -77.7898808958
0.8000000000 -77.8216265859
0.9000000000 -77.8531894712
1.0000000000 -77.8845700912
1.1000000000 -77.9157689895
1.2000000000 -77.9467867138
1.3000000000 -77.9776238159
1.4000000000 -78.0082808513
1.5000000000 -78.0387583793
1.6000000000 -78.0690569631
1.7000000000 -78.0991771694
1.8000000000 -78.1291195685
1.9000000000 -78.1588847342
2.0000000000 -78.1884732436
2.1000000000 -78.2178856773
2.2000000000 -78.2471226188
2.3000000000 -78.2761846552
2.4000000000 -78.3050723764
2.5000000000 -78.3337863752
2.6000000000 -78.3623272477
2.7000000000 -78.3906955924
2.8000000000 -78.4188920109
2.9000000000 -78.4469171072
3.0000000000 -78.4747714883
3.1000000000 -78.5024557634
3.2000000000 -78.5299705443
3.3000000000 -78.5573164451
3.4000000000 -78.5844940823
3.5000000000 -78.6115040746
3.6000000000 -78.6383470430
3.7000000000 -78.6650236104
3.8000000000 -78.6915344017
3.9000000000 -78.7178800440
4.0000000000 -78.7440611662
4.1000000000 -78.7700783987
4.2000000000 -78.7959323742
4.3000000000 -78.8216237265
4.4000000000 -78.8471530915
4.5000000000 -78.8725211063
4.6000000000 -78.8977284096
4.7000000000 -78.9227756415
4.8000000000 -78.9476634434
4.9000000000 -78.9723924580
5.0000000000 -78.9969633293
5.1000000000 -79.0213767022
5.2000000000 -79.0456332228
5.3000000000 -79.0697335382
5.4000000000 -79.0936782964
5.5000000000 -79.1174681463
5.6000000000 -79.1411037376
5.7000000000 -79.1645857205
5.8000000000 -79.1879147461
5.9000000000 -79.2110914659
6.0000000000 -79.2341165319
6.1000000000 -79.2569905964
6.2000000000 -79.2797143121
6.3000000000 -79.3022883318
6.4000000000 -79.3247133084
6.5000000000 -79.3469898946
6.6000000000 -79.3691187432
6.7000000000 -79.3911005064
6.8000000000 -79.4129358360
6.9000000000 -79.4346253830
7.0000000000 -79.4561697976
7.1000000000 -79.4775697289
7.2000000000 -79.4988258245
7.3000000000 -79.5199387304
7.4000000000 -79.5409090903
7.5000000000 -79.5617375458
7.6000000000 -79.5824247351
7.7000000000 -79.6029712934
7.8000000000 -79.6233778514
7.9000000000 -79.6436450352
8.0000000000 -79.6637734651
8.1000000000 -79.6837637547
8.2000000000 -79.7036165098
8.3000000000 -79.7233323270
8.4000000000 -79.7429117922
8.5000000000 -79.7623554784
8.6000000000 -79.7816639440
8.7000000000 -79.8008377302
8.8000000000 -79.8198773577
8.9000000000 -79.8387833233
9.0000000000 -79.8575560960
9.1000000000 -79.8761961121
9.2000000000 -79.8947037693
9.3000000000 -79.9130794206
9.4000000000 -79.9313233657
9.5000000000 -79.9494358427
9.6000000000 -79.9674170165
9.7000000000 -79.9852669667
9.8000000000 -80.0029856724
9.9000000000 -80.0205729948
10.0000000000 -80.0380286565
10.1000000000 -80.0553522172
10.2000000000 -80.0725430453
10.3000000000 -80.0896002842
10.4000000000 -80.1065228129
10.5000000000 -80.1233091997
10.6000000000 -80.1399576475
10.7000000000 -80.1564659291
10.8000000000 -80.1728313123
10.9000000000 -80.1890504705
11.0000000000 -80.2051193781
11.1000000000 -80.2210331873
11.2000000000 -80.2367860831
11.3000000000 -80.2523711130
11.4000000000 -80.2677799860
11.5000000000 -80.2830028367
11.6000000000 -80.2980279471
11.7000000000 -80.3128414198
11.8000000000 -80.3274267931
11.9000000000 -80.3417645878
12.0000000000 -80.3558317744
12.1000000000 -80.3696011456
12.2000000000 -80.3830405783
12.3000000000 -80.3961121641
12.4000000000 -80.4087711873
12.5000000000 -80.4209649208
12.6000000000 -80.4326312098
12.7000000000 -80.4436968044
12.8000000000 -80.4540753974
12.9000000000 -80.4636653142
13.0000000000 -80.4723467949
13.1000000000 -80.4799787942
13.2000000000 -80.4863952155
13.3000000000 -80.4914004776
13.4000000000 -80.4947642976
13.5000000000 -80.4962155493
13.6000000000 -80.4954350343
13.7000000000 -80.4920469737
13.8000000000 -80.4856089935
13.9000000000 -80.4756003365
14.0000000000 -80.4614079881
14.1000000000 -80.4423103464
14.2000000000 -80.4174580018
14.3000000000 -80.3858511165
14.4000000000 -80.3463128017
14.5000000000 -80.2974577875
14.6000000000 -80.2376555538
14.7000000000 -80.1649869462
14.8000000000 -80.0771931306
14.9000000000 -79.9716155389
15.0000000000 -79.8451252231
15.1000000000 -79.6940397635
15.2000000000 -79.5140255510
15.3000000000 -79.2999828932
15.4000000000 -79.0459109498
15.5000000000 -78.7447489957
15.6000000000 -78.3881899050
15.7000000000 -77.9664610506
15.8000000000 -77.4680669786
15.9000000000 -76.8794872313
16.0000000000 -76.1848214826
16.1000000000 -75.3653726428
16.2000000000 -74.3991565952
16.3000000000 -73.2603244348
16.4000000000 -71.9184788224
16.5000000000 -70.3378590534
16.6000000000 -68.4763569616
16.7000000000 -66.2843023176
16.8000000000 -63.7029105017
16.9000000000 -60.6621936679
17.0000000000 -57.0779535341
17.1000000000 -52.8471158009
17.2000000000 -47.8400064011
17.3000000000 -41.8871019811
17.4000000000 -34.7564772887
17.5000000000 -26.1174585127
17.6000000000 -15.4889374875
17.7000000000 -2.2126808291
17.8000000000 14.1316429895
17.9000000000 31.0735851129
18.0000000000 41.0562926695
18.1000000000 42.2271473244
18.2000000000 40.6482082623
18.3000000000 39.5995168497
18.4000000000 39.1153858508
18.5000000000 38.9012632091
18.6000000000 38.8033294371
18.7000000000 38.7499674311
18.8000000000 38.7081319041
18.9000000000 38.6627486003
19.0000000000 38.6071588604
19.1000000000 38.5386327645
19.2000000000 38.4562405560
19.3000000000 38.3598405915
19.4000000000 38.2496031433
19.5000000000 38.1257933250
19.6000000000 37.9886792151
19.7000000000 37.8384996496
19.8000000000 37.6754594455
19.9000000000 37.4997362229
20.0000000000 37.3114911501
20.1000000000 37.1108800114
20.2000000000 36.8980630190
20.3000000000 36.6732127968
20.4000000000 36.4365204373
20.5000000000 36.1881997573
20.6000000000 35.9284899630
20.7000000000 35.6576569638
20.8000000000 35.3759935667
20.9000000000 35.0838187682
21.0000000000 34.7814763364
21.1000000000 34.4693328521
21.2000000000 34.1477753523
21.3000000000 33.8172086919
21.4000000000 33.4780526994
21.5000000000 33.1307391368
21.6000000000 32.7757083420
21.7000000000 32.4134053118
21.8000000000 32.0442754510
21.9000000000 31.6687609051
22.0000000000 31.2872982150
22.1000000000 30.9003172630
22.2000000000 30.5082409434
22.3000000000 30.1114849581
22.4000000000 29.7104573929
22.5000000000 29.3055579941
22.6000000000 28.8971772269
22.7000000000 28.4856952506
22.8000000000 28.0714809299
22.9000000000 27.6548909660
23.0000000000 27.2362691911
23.1000000000 26.8159460419
23.2000000000 26.3942382060
23.3000000000 25.9714484288
23.4000000000 25.5478654588
23.5000000000 25.1237641117
23.6000000000 24.6994054345
23.7000000000 24.2750369482
23.8000000000 23.8508929573
23.9000000000 23.4271949091
24.0000000000 23.0041517923
24.1000000000 22.5819605654
24.2000000000 22.1608066053
24.3000000000 21.7408641703
24.4000000000 21.3222968710
24.5000000000 20.9052581449
24.6000000000 20.4898917299
24.7000000000 20.0763321347
24.8000000000 19.6647051028
24.9000000000 19.2551280680
25.0000000000 18.8477106001
25.1000000000 18.4425548395
25.2000000000 18.0397559188
25.3000000000 17.6394023717
25.4000000000 17.2415765284
25.5000000000 16.8463548952
25.6000000000 16.4538085203
25.7000000000 16.0640033438
25.8000000000 15.6770005318
25.9000000000 15.2928567947
26.0000000000 14.9116246891
26.1000000000 14.5333529034
26.2000000000 14.1580865266
26.3000000000 13.7858673011
26.4000000000 13.4167338578
26.5000000000 13.0507219358
26.6000000000 12.6878645850
26.7000000000 12.3281923529
26.8000000000 11.9717334553
26.9000000000 11.6185139316
27.0000000000 11.2685577854
27.1000000000 10.9218871100
27.2000000000 10.5785222011
27.3000000000 10.2384816549
27.4000000000 9.9017824551
27.5000000000 9.5684400475
27.6000000000 9.2384684037
27.7000000000 8.9118800752
27.8000000000 8.5886862381
27.9000000000 8.2688967294
28.0000000000 7.9525200766
28.1000000000 7.6395635194
28.2000000000 7.3300330273
28.3000000000 7.0239333115
28.4000000000 6.7212678329
28.5000000000 6.4220388071
28.6000000000 6.1262472062
28.7000000000 5.8338927602
28.8000000000 5.5449739556
28.9000000000 5.2594880341
29.0000000000 4.9774309920
29.1000000000 4.6987975785
29.2000000000 4.4235812961
29.3000000000 4.1517744018
29.4000000000 3.8833679095
29.5000000000 3.6183515951
29.6000000000 3.3567140030
29.7000000000 3.0984424545
29.8000000000 2.8435230599
29.9000000000 2.5919407315
30.0000000000 2.3436792002
30.1000000000 2.0987210340
30.2000000000 1.8570476595
30.3000000000 1.6186393853
30.4000000000 1.3834754281
30.5000000000 1.1515339414
30.6000000000 0.9227920456
30.7000000000 0.6972258606
30.8000000000 0.4748105404
30.9000000000 0.2555203093
31.0000000000 0.0393284993
31.1000000000 -0.1737924105
31.2000000000 -0.3838707537
31.3000000000 -0.5909356355
31.4000000000 -0.7950168902
31.5000000000 -0.9961450383
31.6000000000 -1.1943512438
31.7000000000 -1.3896672698
31.8000000000 -1.5821254353
31.9000000000 -1.7717585710
32.0000000000 -1.9585999757
32.1000000000 -2.1426833735
32.2000000000 -2.3240428702
32.3000000000 -2.5027129111
32.4000000000 -2.6787282398
32.5000000000 -2.8521238568
32.6000000000 -3.0229349797
32.7000000000 -3.1911970041
32.8000000000 -3.3569454656
32.9000000000 -3.5202160030
33.0000000000 -3.6810443224
33.1000000000 -3.8394661628
33.2000000000 -3.9955172629
33.3000000000 -4.1492333290
33.4000000000 -4.3006500045
33.5000000000 -4.4498028407
33.6000000000 -4.5967272688
33.7000000000 -4.7414585730
33.8000000000 -4.8840318662
33.9000000000 -5.0244820650
34.0000000000 -5.1628438684
34.1000000000 -5.2991517355
34.2000000000 -5.4334398665
34.3000000000 -5.5657421840
34.4000000000 -5.6960923152
34.5000000000 -5.8245235767
34.6000000000 -5.9510689588
34.7000000000 -6.0757611126
34.8000000000 -6.1986323367
34.9000000000 -6.3197145667
35.0000000000 -6.4390393638
35.1000000000 -6.5566379066
35.2000000000 -6.6725409815
35.3000000000 -6.7867789765
35.4000000000 -6.8993818740
35.5000000000 -7.0103792451
35.6000000000 -7.1198002453
35.7000000000 -7.2276736101
35.8000000000 -7.3340276519
35.9000000000 -7.4388902573
36.0000000000 -7.5422888852
36.1000000000 -7.6442505658
36.2000000000 -7.7448018997
36.3000000000 -7.8439690576
36.4000000000 -7.9417777813
36.5000000000 -8.0382533841
36.6000000000 -8.1334207525
36.7000000000 -8.2273043475
36.8000000000 -8.3199282075
36.9000000000 -8.4113159505
37.0000000000 -8.5014907769
37.1000000000 -8.5904754728
37.2000000000 -8.6782924139
37.3000000000 -8.7649635686
37.4000000000 -8.8505105028
37.5000000000 -8.9349543834
37.6000000000 -9.0183159833
37.7000000000 -9.1006156858
37.8000000000 -9.1818734893
37.9000000000 -9.2621090126
38.0000000000 -9.3413414994
38.1000000000 -9.4195898241
38.2000000000 -9.4968724964
38.3000000000 -9.5732076673
38.4000000000 -9.6486131340
38.5000000000 -9.7231063455
38.6000000000 -9.7967044084
38.7000000000 -9.8694240921
38.8000000000 -9.9412818344
38.9000000000 -10.0122937472
39.0000000000 -10.0824756221
39.1000000000 -10.1518429359
39.2000000000 -10.2204108562
39.3000000000 -10.2881942469
39.4000000000 -10.3552076737
39.5000000000 -10.4214654098
39.6000000000 -10.4869814412
39.7000000000 -10.5517694720
39.8000000000 -10.6158429300
39.9000000000 -10.6792149721
40.0000000000 -10.7418984890
40.1000000000 -10.8039061111
40.2000000000 -10.8652502134
40.3000000000 -10.9259429203
40.4000000000 -10.9859961113
40.5000000000 -11.0454214250
40.6000000000 -11.1042302651
40.7000000000 -11.1624338041
40.8000000000 -11.2200429891
40.9000000000 -11.2770685455
41.0000000000 -11.3335209826
41.1000000000 -11.3894105971
41.2000000000 -11.4447474784
41.3000000000 -11.4995415125
41.4000000000 -11.5538023863
41.5000000000 -11.6075395923
41.6000000000 -11.6607624321
41.7000000000 -11.7134800208
41.8000000000 -11.7657012911
41.9000000000 -11.8174349971
42.0000000000 -11.8686897180
42.1000000000 -11.9194738621
42.2000000000 -11.9697956704
42.3000000000 -12.0196632201
42.4000000000 -12.0690844286
42.5000000000 -12.1180670564
42.6000000000 -12.1666187108
42.7000000000 -12.2147468493
42.8000000000 -12.2624587827
42.9000000000 -12.3097616784
43.0000000000 -12.3566625635
43.1000000000 -12.4031683279
43.2000000000 -12.4492857274
43.3000000000 -12.4950213862
43.4000000000 -12.5403818005
43.5000000000 -12.5853733405
43.6000000000 -12.6300022538
43.7000000000 -12.6742746678
43.8000000000 -12.7181965923
43.9000000000 -12.7617739221
44.0000000000 -12.8050124397
44.1000000000 -12.8479178176
44.2000000000 -12.8904956205
44.3000000000 -12.9327513081
44.4000000000 -12.9746902370
44.5000000000 -13.0163176631
44.6000000000 -13.0576387441
44.7000000000 -13.0986585408
44.8000000000 -13.1393820202
44.9000000000 -13.1798140569
45.0000000000 -13.2199594352
45.1000000000 -13.2598228512
45.2000000000 -13.2994089149
45.3000000000 -13.3387221513
45.4000000000 -13.3777670032
45.5000000000 -13.4165478323
45.6000000000 -13.4550689212
45.7000000000 -13.4933344750
45.8000000000 -13.5313486232
45.9000000000 -13.5691154209
46.0000000000 -13.6066388508
46.1000000000 -13.6439228246
46.2000000000 -13.6809711845
46.3000000000 -13.7177877044
46.4000000000 -13.7543760920
46.5000000000 -13.7907399897
46.6000000000 -13.8268829760
46.7000000000 -13.8628085670
46.8000000000 -13.8985202179
46.9000000000 -13.9340213238
47.0000000000 -13.9693152212
47.1000000000 -14.0044051895
47.2000000000 -14.0392944518
47.3000000000 -14.0739861761
47.4000000000 -14.1084834769
47.5000000000 -14.1427894156
47.6000000000 -14.1769070023
47.7000000000 -14.2108391964
47.8000000000 -14.2445889077
47.9000000000 -14.2781589977
48.0000000000 -14.3115522804
48.1000000000 -14.3447715232
48.2000000000 -14.3778194479
48.3000000000 -14.4106987319
48.4000000000 -14.4434120085
48.5000000000 -14.4759618686
48.6000000000 -14.5083508609
48.7000000000 -14.5405814930
48.8000000000 -14.5726562323
48.9000000000 -14.6045775067
49.0000000000 -14.6363477054
49.1000000000 -14.6679691798
49.2000000000 -14.6994442441
49.3000000000 -14.7307751760
49.4000000000 -14.7619642178
49.5000000000 -14.7930135766
49.6000000000 -14.8239254255
49.7000000000 -14.8547019036
49.8000000000 -14.8853451176
49.9000000000 -14.9158571414
50.0000000000 -14.9462400178
50.1000000000 -14.9764957582
50.2000000000 -15.0066263437
50.3000000000 -15.0366337257
50.4000000000 -15.0665198261
50.5000000000 -15.0962865385
50.6000000000 -15.1259357282
50.7000000000 -15.1554692329
50.8000000000 -15.1848888633
50.9000000000 -15.2141964037
51.0000000000 -15.2433936123
51.1000000000 -15.2724822218
51.2000000000 -15.3014639400
51.3000000000 -15.3303404500
51.4000000000 -15.3591134110
51.5000000000 -15.3877844586
51.6000000000 -15.4163552051
51.7000000000 -15.4448272402
51.8000000000 -15.4732021313
51.9000000000 -15.5014814239
52.0000000000 -15.5296666420
52.1000000000 -15.5577592887
52.2000000000 -15.5857608464
52.3000000000 -15.6136727771
52.4000000000 -15.6414965231
52.5000000000 -15.6692335070
52.6000000000 -15.6968851324
52.7000000000 -15.7244527841
52.8000000000 -15.7519378284
52.9000000000 -15.7793416134
53.0000000000 -15.8066654695
53.1000000000 -15.8339107099
53.2000000000 -15.8610786302
53.3000000000 -15.8881705096
53.4000000000 -15.9151876106
53.5000000000 -15.9421311796
53.6000000000 -15.9690024470
53.7000000000 -15.9958026278
53.8000000000 -16.0225329213
53.9000000000 -16.0491945121
54.0000000000 -16.0757885699
54.1000000000 -16.1023162500
54.2000000000 -16.1287786932
54.3000000000 -16.1551770266
54.4000000000 -16.1815123635
54.5000000000 -16.2077858035
54.6000000000 -16.2339984332
54.7000000000 -16.2601513263
54.8000000000 -16.2862455434
54.9000000000 -16.3122821327
55.0000000000 -16.3382621303
55.1000000000 -16.3641865599
55.2000000000 -16.3900564335
55.3000000000 -16.4158727514
55.4000000000 -16.4416365025
55.5000000000 -16.4673486643
55.6000000000 -16.4930102034
55.7000000000 -16.5186220754
55.8000000000 -16.5441852255
55.9000000000 -16.5697005882
56.0000000000 -16.5951690878
56.1000000000 -16.6205916385
56.2000000000 -16.6459691445
56.3000000000 -16.6713025005
56.4000000000 -16.6965925912
56.5000000000 -16.7218402924
56.6000000000 -16.7470464704
56.7000000000 -16.7722119823
56.8000000000 -16.7973376766
56.9000000000 -16.8224243928
57.0000000000 -16.8474729620
57.1000000000 -16.8724842066
57.2000000000 -16.8974589411
57.3000000000 -16.9223979714
57.4000000000 -16.9473020958
57.5000000000 -16.9721721045
57.6000000000 -16.9970087799
57.7000000000 -17.0218128972
57.8000000000 -17.0465852237
57.9000000000 -17.0713265196
58.0000000000 -17.0960375380
58.1000000000 -17.1207190249
58.2000000000 -17.1453717192
58.3000000000 -17.1699963531
58.4000000000 -17.1945936521
58.5000000000 -17.2191643353
58.6000000000 -17.2437091150
58.7000000000 -17.2682286976
58.8000000000 -17.2927237828
58.9000000000 -17.3171950645
59.0000000000 -17.3416432307
59.1000000000 -17.3660689631
59.2000000000 -17.3904729380
59.3000000000 -17.4148558259
59.4000000000 -17.4392182916
59.5000000000 -17.4635609945
59.6000000000 -17.4878845888
59.7000000000 -17.5121897232
59.8000000000 -17.5364770412
59.9000000000 -17.5607471814
60.0000000000 -17.5850007772
60.1000000000 -17.6092384573
60.2000000000 -17.6334608455
60.3000000000 -17.6576685607
60.4000000000 -17.6818622175
60.5000000000 -17.7060424258
60.6000000000 -17.7302097909
60.7000000000 -17.7543649139
60.8000000000 -17.7785083915
60.9000000000 -17.8026408163
61.0000000000 -17.8267627766
61.1000000000 -17.8508748569
61.2000000000 -17.8749776374
61.3000000000 -17.8990716946
61.4000000000 -17.9231576011
61.5000000000 -17.9472359259
61.6000000000 -17.9713072341
61.7000000000 -17.9953720873
61.8000000000 -18.0194310436
61.9000000000 -18.0434846576
62.0000000000 -18.0675334803
62.1000000000 -18.0915780598
62.2000000000 -18.1156189406
62.3000000000 -18.1396566642
62.4000000000 -18.1636917687
62.5000000000 -18.1877247895
62.6000000000 -18.2117562587
62.7000000000 -18.2357867055
62.8000000000 -18.2598166565
62.9000000000 -18.2838466352
63.0000000000 -18.3078771623
63.1000000000 -18.3319087561
63.2000000000 -18.3559419319
63.3000000000 -18.3799772028
63.4000000000 -18.4040150791
63.5000000000 -18.4280560686
63.6000000000 -18.4521006770
63.7000000000 -18.4761494074
63.8000000000 -18.5002027606
63.9000000000 -18.5242612351
64.0000000000 -18.5483253275
64.1000000000 -18.5723955319
64.2000000000 -18.5964723406
64.3000000000 -18.6205562435
64.4000000000 -18.6446477290
64.5000000000 -18.6687472830
64.6000000000 -18.6928553901
64.7000000000 -18.7169725325
64.8000000000 -18.7410991909
64.9000000000 -18.7652358443
65.0000000000 -18.7893829698
65.1000000000 -18.8135410430
65.2000000000 -18.8377105378
65.3000000000 -18.8618919265
65.4000000000 -18.8860856800
65.5000000000 -18.9102922677
65.6000000000 -18.9345121575
65.7000000000 -18.9587458160
65.8000000000 -18.9829937082
65.9000000000 -19.0072562981
66.0000000000 -19.0315340484
66.1000000000 -19.0558274203
66.2000000000 -19.0801368742
66.3000000000 -19.1044628690
66.4000000000 -19.1288058628
66.5000000000 -19.1531663124
66.6000000000 -19.1775446738
66.7000000000 -19.2019414018
66.8000000000 -19.2263569503
66.9000000000 -19.2507917724
67.0000000000 -19.2752463203
67.1000000000 -19.2997210453
67.2000000000 -19.3242163979
67.3000000000 -19.3487328278
67.4000000000 -19.3732707842
67.5000000000 -19.3978307154
67.6000000000 -19.4224130690
67.7000000000 -19.4470182922
67.8000000000 -19.4716468314
67.9000000000 -19.4962991326
68.0000000000 -19.5209756412
68.1000000000 -19.5456768021
68.2000000000 -19.5704030599
68.3000000000 -19.5951548585
68.4000000000 -19.6199326418
68.5000000000 -19.6447368530
68.6000000000 -19.6695679351
68.7000000000 -19.6944263309
68.8000000000 -19.7193124828
68.9000000000 -19.7442268332
69.0000000000 -19.7691698239
69.1000000000 -19.7941418971
69.2000000000 -19.8191434943
69.3000000000 -19.8441750572
69.4000000000 -19.8692370276
69.5000000000 -19.8943298467
69.6000000000 -19.9194539563
69.7000000000 -19.9446097979
69.8000000000 -19.9697978130
69.9000000000 -19.9950184433
70.0000000000 -20.0202721305
70.1000000000 -20.0455593167
70.2000000000 -20.0708804437
70.3000000000 -20.0962359540
70.4000000000 -20.1216262898
70.5000000000 -20.1470518940
70.6000000000 -20.1725132095
70.7000000000 -20.1980106796
70.8000000000 -20.2235447478
70.9000000000 -20.2491158581
71.0000000000 -20.2747244548
71.1000000000 -20.3003709826
71.2000000000 -20.3260558867
71.3000000000 -20.3517796127
71.4000000000 -20.3775426066
71.5000000000 -20.4033453150
71.6000000000 -20.4291881851
71.7000000000 -20.4550716644
71.8000000000 -20.4809962014
71.9000000000 -20.5069622447
72.0000000000 -20.5329702440
72.1000000000 -20.5590206493
72.2000000000 -20.5851139114
72.3000000000 -20.6112504820
72.4000000000 -20.6374308131
72.5000000000 -20.6636553579
72.6000000000 -20.6899245700
72.7000000000 -20.7162389040
72.8000000000 -20.7425988154
72.9000000000 -20.7690047603
73.0000000000 -20.7954571959
73.1000000000 -20.8219565800
73.2000000000 -20.8485033717
73.3000000000 -20.8750980306
73.4000000000 -20.9017410177
73.5000000000 -20.9284327945
73.6000000000 -20.9551738239
73.7000000000 -20.9819645697
73.8000000000 -21.0088054965
73.9000000000 -21.0356970704
74.0000000000 -21.0626397583
74.1000000000 -21.0896340281
74.2000000000 -21.1166803492
74.3000000000 -21.1437791918
74.4000000000 -21.1709310274
74.5000000000 -21.1981363287
74.6000000000 -21.2253955695
74.7000000000 -21.2527092251
74.8000000000 -21.2800777717
74.9000000000 -21.3075016869
75.0000000000 -21.3349814498
75.1000000000 -21.3625175404
75.2000000000 -21.3901104404
75.3000000000 -21.4177606326
75.4000000000 -21.4454686013
75.5000000000 -21.4732348320
75.6000000000 -21.5010598118
75.7000000000 -21.5289440292
75.8000000000 -21.5568879740
75.9000000000 -21.5848921375
76.0000000000 -21.6129570126
76.1000000000 -21.6410830935
76.2000000000 -21.6692708760
76.3000000000 -21.6975208575
76.4000000000 -21.7258335367
76.5000000000 -21.7542094141
76.6000000000 -21.7826489918
76.7000000000 -21.8111527731
76.8000000000 -21.8397212634
76.9000000000 -21.8683549695
77.0000000000 -21.8970543998
77.1000000000 -21.9258200643
77.2000000000 -21.9546524749
77.3000000000 -21.9835521449
77.4000000000 -22.0125195896
77.5000000000 -22.0415553258
77.6000000000 -22.0706598722
77.7000000000 -22.0998337489
77.8000000000 -22.1290774782
77.9000000000 -22.1583915839
78.0000000000 -22.1877765916
78.1000000000 -22.2172330289
78.2000000000 -22.2467614249
78.3000000000 -22.2763623108
78.4000000000 -22.3060362194
78.5000000000 -22.3357836856
78.6000000000 -22.3656052460
78.7000000000 -22.3955014392
78.8000000000 -22.4254728055
78.9000000000 -22.4555198872
79.0000000000 -22.4856432285
79.1000000000 -22.5158433756
79.2000000000 -22.5461208766
79.3000000000 -22.5764762815
79.4000000000 -22.6069101421
79.5000000000 -22.6374230125
79.6000000000 -22.6680154486
79.7000000000 -22.6986880082
79.8000000000 -22.7294412512
79.9000000000 -22.7602757395
80.0000000000 -22.7911920369
80.1000000000 -22.8221907094
80.2000000000 -22.8532723249
80.3000000000 -22.8844374533
80.4000000000 -22.9156866666
80.5000000000 -22.9470205388
80.6000000000 -22.9784396461
80.7000000000 -23.0099445666
80.8000000000 -23.0415358805
80.9000000000 -23.0732141701
81.0000000000 -23.1049800197
81.1000000000 -23.1368340158
81.2000000000 -23.1687767469
81.3000000000 -23.2008088036
81.4000000000 -23.2329307786
81.5000000000 -23.2651432667
81.6000000000 -23.2974468648
81.7000000000 -23.3298421719
81.8000000000 -23.3623297890
81.9000000000 -23.3949103195
82.0000000000 -23.4275843685
82.1000000000 -23.4603525434
82.2000000000 -23.4932154539
82.3000000000 -23.5261737114
82.4000000000 -23.5592279298
82.5000000000 -23.5923787247
82.6000000000 -23.6256267142
82.7000000000 -23.6589725183
82.8000000000 -23.6924167591
82.9000000000 -23.7259600608
83.0000000000 -23.7596030496
83.1000000000 -23.7933463540
83.2000000000 -23.8271906044
83.3000000000 -23.8611364334
83.4000000000 -23.8951844756
83.5000000000 -23.9293353676
83.6000000000 -23.9635897481
83.7000000000 -23.9979482580
83.8000000000 -24.0324115400
83.9000000000 -24.0669802390
84.0000000000 -24.1016550019
84.1000000000 -24.1364364774
84.2000000000 -24.1713253166
84.3000000000 -24.2063221723
84.4000000000 -24.2414276992
84.5000000000 -24.2766425543
84.6000000000 -24.3119673962
84.7000000000 -24.3474028858
84.8000000000 -24.3829496856
84.9000000000 -24.4186084601
85.0000000000 -24.4543798759
85.1000000000 -24.4902646011
85.2000000000 -24.5262633060
85.3000000000 -24.5623766627
85.4000000000 -24.5986053448
85.5000000000 -24.6349500281
85.6000000000 -24.6714113899
85.7000000000 -24.7079901096
85.8000000000 -24.7446868679
85.9000000000 -24.7815023475
86.0000000000 -24.8184372329
86.1000000000 -24.8554922098
86.2000000000 -24.8926679662
86.3000000000 -24.9299651911
86.4000000000 -24.9673845755
86.5000000000 -25.0049268117
86.6000000000 -25.0425925939
86.7000000000 -25.0803826173
86.8000000000 -25.1182975791
86.9000000000 -25.1563381775
87.0000000000 -25.1945051125
87.1000000000 -25.2327990851
87.2000000000 -25.2712207979
87.3000000000 -25.3097709548
87.4000000000 -25.3484502610
87.5000000000 -25.3872594226
87.6000000000 -25.4261991475
87.7000000000 -25.4652701442
87.8000000000 -25.5044731226
87.9000000000 -25.5438087937
88.0000000000 -25.5832778694
88.1000000000 -25.6228810628
88.2000000000 -25.6626190877
88.3000000000 -25.7024926590
88.4000000000 -25.7425024924
88.5000000000 -25.7826493045
88.6000000000 -25.8229338124
88.7000000000 -25.8633567343
88.8000000000 -25.9039187888
88.9000000000 -25.9446206952
89.0000000000 -25.9854631733
89.1000000000 -26.0264469436
89.2000000000 -26.0675727268
89.3000000000 -26.1088412441
89.4000000000 -26.1502532173
89.5000000000 -26.1918093680
89.6000000000 -26.2335104184
89.7000000000 -26.2753570907
89.8000000000 -26.3173501073
89.9000000000 -26.3594901905
90.0000000000 -26.4017780628
90.1000000000 -26.4442144464
90.2000000000 -26.4868000633
90.3000000000 -26.5295356355
90.4000000000 -26.5724218846
90.5000000000 -26.6154595318
90.6000000000 -26.6586492979
90.7000000000 -26.7019919032
90.8000000000 -26.7454880673
90.9000000000 -26.7891385093
91.0000000000 -26.8329439475
91.1000000000 -26.8769050994
91.2000000000 -26.9210226815
91.3000000000 -26.9652974095
91.4000000000 -27.0097299980
91.5000000000 -27.0543211603
91.6000000000 -27.0990716086
91.7000000000 -27.1439820537
91.8000000000 -27.1890532053
91.9000000000 -27.2342857712
92.0000000000 -27.2796804579
92.1000000000 -27.3252379701
92.2000000000 -27.3709590107
92.3000000000 -27.4168442809
92.4000000000 -27.4628944799
92.5000000000 -27.5091103048
92.6000000000 -27.5554924506
92.7000000000 -27.6020416099
92.8000000000 -27.6487584731
92.9000000000 -27.6956437283
93.0000000000 -27.7426980607
93.1000000000 -27.7899221532
93.2000000000 -27.8373166856
93.3000000000 -27.8848823351
93.4000000000 -27.9326197757
93.5000000000 -27.9805296786
93.6000000000 -28.0286127115
93.7000000000 -28.0768695389
93.8000000000 -28.1253008220
93.9000000000 -28.1739072183
94.0000000000 -28.2226893818
94.1000000000 -28.2716479625
94.2000000000 -28.3207836066
94.3000000000 -28.3700969565
94.4000000000 -28.4195886502
94.5000000000 -28.4692593215
94.6000000000 -28.5191096000
94.7000000000 -28.5691401105
94.8000000000 -28.6193514735
94.9000000000 -28.6697443044
95.0000000000 -28.7203192141
95.1000000000 -28.7710768081
95.2000000000 -28.8220176871
95.3000000000 -28.8731424462
95.4000000000 -28.9244516754
95.5000000000 -28.9759459590
95.6000000000 -29.0276258757
95.7000000000 -29.0794919983
95.8000000000 -29.1315448936
95.9000000000 -29.1837851227
96.0000000000 -29.2362132400
96.1000000000 -29.2888297937
96.2000000000 -29.3416353258
96.3000000000 -29.3946303712
96.4000000000 -29.4478154584
96.5000000000 -29.5011911086
96.6000000000 -29.5547578364
96.7000000000 -29.6085161488
96.8000000000 -29.6624665457
96.9000000000 -29.7166095193
97.0000000000 -29.7709455543
97.1000000000 -29.8254751276
97.2000000000 -29.8801987082
97.3000000000 -29.9351167568
97.4000000000 -29.9902297262
97.5000000000 -30.0455380607
97.6000000000 -30.1010421959
97.7000000000 -30.1567425589
97.8000000000 -30.2126395680
97.9000000000 -30.2687336325
98.0000000000 -30.3250251525
98.1000000000 -30.3815145190
98.2000000000 -30.4382021134
98.3000000000 -30.4950883077
98.4000000000 -30.5521734641
98.5000000000 -30.6094579350
98.6000000000 -30.6669420626
98.7000000000 -30.7246261792
98.8000000000 -30.7825106067
98.9000000000 -30.8405956564
99.0000000000 -30.8988816291
99.1000000000 -30.9573688150
99.2000000000 -31.0160574932
99.3000000000 -31.0749479317
99.4000000000 -31.1340403876
99.5000000000 -31.1933351063
99.6000000000 -31.2528323221
99.7000000000 -31.3125322572
99.8000000000 -31.3724351225
99.9000000000 -31.4325411167
100.0000000000 -31.4928504265
100.1000000000 -31.5533632265
100.2000000000 -31.6140796788
100.3000000000 -31.6749999332
100.4000000000 -31.7361241267
100.5000000000 -31.7974523837
100.6000000000 -31.8589848157
100.7000000000 -31.9207215211
100.8000000000 -31.9826625852
100.9000000000 -32.0448080800
101.0000000000 -32.1071580641
101.1000000000 -32.1697125826
101.2000000000 -32.2324716669
101.3000000000 -32.2954353345
101.4000000000 -32.3586035893
101.5000000000 -32.4219764208
101.6000000000 -32.4855538046
101.7000000000 -32.5493357018
101.8000000000 -32.6133220595
101.9000000000 -32.6775128099
102.0000000000 -32.7419078708
102.1000000000 -32.8065071453
102.2000000000 -32.8713105216
102.3000000000 -32.9363178730
102.4000000000 -33.0015290578
102.5000000000 -33.0669439192
102.6000000000 -33.1325622851
102.7000000000 -33.1983839683
102.8000000000 -33.2644087658
102.9000000000 -33.3306364596
103.0000000000 -33.3970668158
103.1000000000 -33.4636995850
103.2000000000 -33.5305345020
103.3000000000 -33.5975712857
103.4000000000 -33.6648096393
103.5000000000 -33.7322492501
103.6000000000 -33.7998897892
103.7000000000 -33.8677309117
103.8000000000 -33.9357722565
103.9000000000 -34.0040134466
104.0000000000 -34.0724540883
104.1000000000 -34.1410937721
104.2000000000 -34.2099320717
104.3000000000 -34.2789685449
104.4000000000 -34.3482027327
104.5000000000 -34.4176341597
104.6000000000 -34.4872623344
104.7000000000 -34.5570867483
104.8000000000 -34.6271068767
104.9000000000 -34.6973221783
105.0000000000 -34.7677320952
105.1000000000 -34.8383360529
105.2000000000 -34.9091334604
105.3000000000 -34.9801237102
105.4000000000 -35.0513061781
105.5000000000 -35.1226802233
105.6000000000 -35.1942451887
105.7000000000 -35.2660004003
105.8000000000 -35.3379451681
105.9000000000 -35.4100787850
106.0000000000 -35.4824005279
106.1000000000 -35.5549096571
106.2000000000 -35.6276054165
106.3000000000 -35.7004870338
106.4000000000 -35.7735537201
106.5000000000 -35.8468046705
106.6000000000 -35.9202390638
106.7000000000 -35.9938560628
106.8000000000 -36.0676548141
106.9000000000 -36.1416344482
107.0000000000 -36.2157940799
107.1000000000 -36.2901328081
107.2000000000 -36.3646497158
107.3000000000 -36.4393438705
107.4000000000 -36.5142143238
107.5000000000 -36.5892601123
107.6000000000 -36.6644802567
107.7000000000 -36.7398737629
107.8000000000 -36.8154396211
107.9000000000 -36.8911768070
108.0000000000 -36.9670842809
108.1000000000 -37.0431609885
108.2000000000 -37.1194058608
108.3000000000 -37.1958178142
108.4000000000 -37.2723957507
108.5000000000 -37.3491385581
108.6000000000 -37.4260451099
108.7000000000 -37.5031142658
108.8000000000 -37.5803448716
108.9000000000 -37.6577357593
109.0000000000 -37.7352857477
109.1000000000 -37.8129936419
109.2000000000 -37.8908582341
109.3000000000 -37.9688783034
109.4000000000 -38.0470526161
109.5000000000 -38.1253799259
109.6000000000 -38.2038589741
109.7000000000 -38.2824884895
109.8000000000 -38.3612671893
109.9000000000 -38.4401937783
110.0000000000 -38.5192669500
110.1000000000 -38.5984853864
110.2000000000 -38.6778477583
110.3000000000 -38.7573527252
110.4000000000 -38.8369989361
110.5000000000 -38.9167850292
110.6000000000 -38.9967096324
110.7000000000 -39.0767713636
110.8000000000 -39.1569688306
110.9000000000 -39.2373006314
111.0000000000 -39.3177653549
111.1000000000 -39.3983615805
111.2000000000 -39.4790878787
111.3000000000 -39.5599428114
111.4000000000 -39.6409249317
111.5000000000 -39.7220327849
111.6000000000 -39.8032649079
111.7000000000 -39.8846198301
111.8000000000 -39.9660960734
111.9000000000 -40.0476921524
112.0000000000 -40.1294065747
112.1000000000 -40.2112378413
112.2000000000 -40.2931844468
112.3000000000 -40.3752448794
112.4000000000 -40.4574176216
112.5000000000 -40.5397011501
112.6000000000 -40.6220939364
112.7000000000 -40.7045944467
112.8000000000 -40.7872011424
112.9000000000 -40.8699124805
113.0000000000 -40.9527269135
113.1000000000 -41.0356428899
113.2000000000 -41.1186588546
113.3000000000 -41.2017732488
113.4000000000 -41.2849845108
113.5000000000 -41.3682910757
113.6000000000 -41.4516913760
113.7000000000 -41.5351838419
113.8000000000 -41.6187669016
113.9000000000 -41.7024389812
114.0000000000 -41.7861985056
114.1000000000 -41.8700438980
114.2000000000 -41.9539735811
114.3000000000 -42.0379859765
114.4000000000 -42.1220795055
114.5000000000 -42.2062525893
114.6000000000 -42.2905036489
114.7000000000 -42.3748311061
114.8000000000 -42.4592333830
114.9000000000 -42.5437089027
115.0000000000 -42.6282560897
115.1000000000 -42.7128733696
115.2000000000 -42.7975591698
115.3000000000 -42.8823119200
115.4000000000 -42.9671300516
115.5000000000 -43.0520119990
115.6000000000 -43.1369561989
115.7000000000 -43.2219610915
115.8000000000 -43.3070251199
115.9000000000 -43.3921467308
116.0000000000 -43.4773243748
116.1000000000 -43.5625565064
116.2000000000 -43.6478415843
116.3000000000 -43.7331780720
116.4000000000 -43.8185644374
116.5000000000 -43.9039991536
116.6000000000 -43.9894806988
116.7000000000 -44.0750075569
116.8000000000 -44.1605782173
116.9000000000 -44.2461911752
117.0000000000 -44.3318449321
117.1000000000 -44.4175379960
117.2000000000 -44.5032688812
117.3000000000 -44.5890361089
117.4000000000 -44.6748382074
117.5000000000 -44.7606737121
117.6000000000 -44.8465411659
117.7000000000 -44.9324391192
117.8000000000 -45.0183661304
117.9000000000 -45.1043207657
118.0000000000 -45.1903015997
118.1000000000 -45.2763072154
118.2000000000 -45.3623362041
118.3000000000 -45.4483871662
118.4000000000 -45.5344587108
118.5000000000 -45.6205494563
118.6000000000 -45.7066580302
118.7000000000 -45.7927830694
118.8000000000 -45.8789232206
118.9000000000 -45.9650771402
119.0000000000 -46.0512434944
119.1000000000 -46.1374209595
119.2000000000 -46.2236082221
119.3000000000 -46.3098039790
119.4000000000 -46.3960069375
119.5000000000 -46.4822158157
119.6000000000 -46.5684293421
119.7000000000 -46.6546462563
119.8000000000 -46.7408653089
119.9000000000 -46.8270852616
120.0000000000 -46.9133048870
120.1000000000 -46.9995229694
120.2000000000 -47.0857383043
120.3000000000 -47.1719496988
120.4000000000 -47.2581559717
120.5000000000 -47.3443559532
120.6000000000 -47.4305484856
120.7000000000 -47.5167324229
120.8000000000 -47.6029066311
120.9000000000 -47.6890699882
121.0000000000 -47.7752213843
121.1000000000 -47.8613597216
121.2000000000 -47.9474839146
121.3000000000 -48.0335928899
121.4000000000 -48.1196855867
121.5000000000 -48.2057609563
121.6000000000 -48.2918179625
121.7000000000 -48.3778555815
121.8000000000 -48.4638728022
121.9000000000 -48.5498686258
122.0000000000 -48.6358420661
122.1000000000 -48.7217921493
122.2000000000 -48.8077179146
122.3000000000 -48.8936184133
122.4000000000 -48.9794927097
122.5000000000 -49.0653398806
122.6000000000 -49.1511590153
122.7000000000 -49.2369492158
122.8000000000 -49.3227095967
122.9000000000 -49.4084392853
123.0000000000 -49.4941374214
123.1000000000 -49.5798031574
123.2000000000 -49.6654356581
123.3000000000 -49.7510341012
123.4000000000 -49.8365976765
123.5000000000 -49.9221255865
123.6000000000 -50.0076170461
123.7000000000 -50.0930712825
123.8000000000 -50.1784875355
123.9000000000 -50.2638650570
124.0000000000 -50.3492031112
124.1000000000 -50.4345009745
124.2000000000 -50.5197579355
124.3000000000 -50.6049732949
124.4000000000 -50.6901463654
124.5000000000 -50.7752764717
124.6000000000 -50.8603629503
124.7000000000 -50.9454051498
124.8000000000 -51.0304024301
124.9000000000 -51.1153541633
125.0000000000 -51.2002597327
125.1000000000 -51.2851185332
125.2000000000 -51.3699299712
125.3000000000 -51.4546934644
125.4000000000 -51.5394084417
125.5000000000 -51.6240743433
125.6000000000 -51.7086906202
125.7000000000 -51.7932567345
125.8000000000 -51.8777721591
125.9000000000 -51.9622363777
126.0000000000 -52.0466488845
126.1000000000 -52.1310091843
126.2000000000 -52.2153167923
126.3000000000 -52.2995712340
126.4000000000 -52.3837720450
126.5000000000 -52.4679187711
126.6000000000 -52.5520109677
126.7000000000 -52.6360482003
126.8000000000 -52.7200300441
126.9000000000 -52.8039560835
127.0000000000 -52.8878259126
127.1000000000 -52.9716391348
127.2000000000 -53.0553953624
127.3000000000 -53.1390942168
127.4000000000 -53.2227353285
127.5000000000 -53.3063183363
127.6000000000 -53.3898428879
127.7000000000 -53.4733086394
127.8000000000 -53.5567152549
127.9000000000 -53.6400624070
128.0000000000 -53.7233497761
128.1000000000 -53.8065770504
128.2000000000 -53.8897439260
128.3000000000 -53.9728501062
128.4000000000 -54.0558953020
128.5000000000 -54.1388792314
128.6000000000 -54.2218016195
128.7000000000 -54.3046621984
128.8000000000 -54.3874607067
128.9000000000 -54.4701968900
129.0000000000 -54.5528704998
129.1000000000 -54.6354812942
129.2000000000 -54.7180290372
129.3000000000 -54.8005134989
129.4000000000 -54.8829344550
129.5000000000 -54.9652916867
129.6000000000 -55.0475849809
129.7000000000 -55.1298141296
129.8000000000 -55.2119789297
129.9000000000 -55.2940791832
130.0000000000 -55.3761146967
130.1000000000 -55.4580852817
130.2000000000 -55.5399907535
130.3000000000 -55.6218309322
130.4000000000 -55.7036056415
130.5000000000 -55.7853147092
130.6000000000 -55.8669579668
130.7000000000 -55.9485352491
130.8000000000 -56.0300463944
130.9000000000 -56.1114912443
131.0000000000 -56.1928696431
131.1000000000 -56.2741814382
131.2000000000 -56.3554264793
131.3000000000 -56.4366046189
131.4000000000 -56.5177157116
131.5000000000 -56.5987596141
131.6000000000 -56.6797361852
131.7000000000 -56.7606452854
131.8000000000 -56.8414867766
131.9000000000 -56.9222605224
132.0000000000 -57.0029663874
132.1000000000 -57.0836042375
132.2000000000 -57.1641739393
132.3000000000 -57.2446753602
132.4000000000 -57.3251083680
132.5000000000 -57.4054728312
132.6000000000 -57.4857686183
132.7000000000 -57.5659955978
132.8000000000 -57.6461536380
132.9000000000 -57.7262426072
133.0000000000 -57.8062623730
133.1000000000 -57.8862128023
133.2000000000 -57.9660937614
133.3000000000 -58.0459051154
133.4000000000 -58.1256467285
133.5000000000 -58.2053184635
133.6000000000 -58.2849201816
133.7000000000 -58.3644517425
133.8000000000 -58.4439130043
133.9000000000 -58.5233038228
134.0000000000 -58.6026240519
134.1000000000 -58.6818735432
134.2000000000 -58.7610521460
134.3000000000 -58.8401597068
134.4000000000 -58.9191960697
134.5000000000 -58.9981610756
134.6000000000 -59.0770545626
134.7000000000 -59.1558763656
134.8000000000 -59.2346263162
134.9000000000 -59.3133042425
135.0000000000 -59.3919099690
135.1000000000 -59.4704433164
135.2000000000 -59.5489041018
135.3000000000 -59.6272921381
135.4000000000 -59.7056072339
135.5000000000 -59.7838491939
135.6000000000 -59.8620178180
135.7000000000 -59.9401129019
135.8000000000 -60.0181342364
135.9000000000 -60.0960816077
136.0000000000 -60.1739547969
136.1000000000 -60.2517535802
136.2000000000 -60.3294777286
136.3000000000 -60.4071270079
136.4000000000 -60.4847011785
136.5000000000 -60.5621999954
136.6000000000 -60.6396232077
136.7000000000 -60.7169705593
136.8000000000 -60.7942417878
136.9000000000 -60.8714366252
137.0000000000 -60.9485547975
137.1000000000 -61.0255960245
137.2000000000 -61.1025600198
137.3000000000 -61.1794464909
137.4000000000 -61.2562551387
137.5000000000 -61.3329856579
137.6000000000 -61.4096377366
137.7000000000 -61.4862110561
137.8000000000 -61.5627052912
137.9000000000 -61.6391201101
138.0000000000 -61.7154551738
138.1000000000 -61.7917101368
138.2000000000 -61.8678846463
138.3000000000 -61.9439783429
138.4000000000 -62.0199908597
138.5000000000 -62.0959218229
138.6000000000 -62.1717708515
138.7000000000 -62.2475375574
138.8000000000 -62.3232215450
138.9000000000 -62.3988224116
139.0000000000 -62.4743397470
139.1000000000 -62.5497731337
139.2000000000 -62.6251221469
139.3000000000 -62.7003863540
139.4000000000 -62.7755653153
139.5000000000 -62.8506585835
139.6000000000 -62.9256657037
139.7000000000 -63.0005862137
139.8000000000 -63.0754196434
139.9000000000 -63.1501655156
140.0000000000 -63.2248233452
140.1000000000 -63.2993926398
140.2000000000 -63.3738728992
140.3000000000 -63.4482636159
140.4000000000 -63.5225642747
140.5000000000 -63.5967743529
140.6000000000 -63.6708933204
140.7000000000 -63.7449206396
140.8000000000 -63.8188557652
140.9000000000 -63.8926981448
141.0000000000 -63.9664472183
141.1000000000 -64.0401024183
141.2000000000 -64.1136631703
141.3000000000 -64.1871288920
141.4000000000 -64.2604989944
141.5000000000 -64.3337728807
141.6000000000 -64.4069499475
141.7000000000 -64.4800295837
141.8000000000 -64.5530111717
141.9000000000 -64.6258940865
142.0000000000 -64.6986776963
142.1000000000 -64.7713613624
142.2000000000 -64.8439444392
142.3000000000 -64.9164262745
142.4000000000 -64.9888062095
142.5000000000 -65.0610835785
142.6000000000 -65.1332577095
142.7000000000 -65.2053279242
142.8000000000 -65.2772935376
142.9000000000 -65.3491538588
143.0000000000 -65.4209081905
143.1000000000 -65.4925558294
143.2000000000 -65.5640960664
143.3000000000 -65.6355281863
143.4000000000 -65.7068514683
143.5000000000 -65.7780651858
143.6000000000 -65.8491686068
143.7000000000 -65.9201609938
143.8000000000 -65.9910416040
143.9000000000 -66.0618096894
144.0000000000 -66.1324644968
144.1000000000 -66.2030052682
144.2000000000 -66.2734312407
144.3000000000 -66.3437416467
144.4000000000 -66.4139357140
144.5000000000 -66.4840126660
144.6000000000 -66.5539717217
144.7000000000 -66.6238120959
144.8000000000 -66.6935329996
144.9000000000 -66.7631336396
145.0000000000 -66.8326132190
145.1000000000 -66.9019709374
145.2000000000 -66.9712059909
145.3000000000 -67.0403175722
145.4000000000 -67.1093048709
145.5000000000 -67.1781670735
145.6000000000 -67.2469033636
145.7000000000 -67.3155129222
145.8000000000 -67.3839949277
145.9000000000 -67.4523485560
146.0000000000 -67.5205729809
146.1000000000 -67.5886673739
146.2000000000 -67.6566309047
146.3000000000 -67.7244627413
146.4000000000 -67.7921620500
146.5000000000 -67.8597279956
146.6000000000 -67.9271597417
146.7000000000 -67.9944564508
146.8000000000 -68.0616172844
146.9000000000 -68.1286414032
147.0000000000 -68.1955279673
147.1000000000 -68.2622761364
147.2000000000 -68.3288850700
147.3000000000 -68.3953539272
147.4000000000 -68.4616818674
147.5000000000 -68.5278680502
147.6000000000 -68.5939116355
147.7000000000 -68.6598117839
147.8000000000 -68.7255676566
147.9000000000 -68.7911784159
148.0000000000 -68.8566432249
148.1000000000 -68.9219612482
148.2000000000 -68.9871316517
148.3000000000 -69.0521536028
148.4000000000 -69.1170262709
148.5000000000 -69.1817488272
148.6000000000 -69.2463204448
148.7000000000 -69.3107402994
148.8000000000 -69.3750075689
148.9000000000 -69.4391214338
149.0000000000 -69.5030810775
149.1000000000 -69.5668856862
149.2000000000 -69.6305344493
149.3000000000 -69.6940265592
149.4000000000 -69.7573612121
149.5000000000 -69.8205376074
149.6000000000 -69.8835549485
149.7000000000 -69.9464124425
149.8000000000 -70.0091093007
149.9000000000 -70.0716447387
150.0000000000 -70.1340179761
150.1000000000 -70.1962282373
150.2000000000 -70.2582747513
150.3000000000 -70.3201567520
150.4000000000 -70.3818734782
150.5000000000 -70.4434241738
150.6000000000 -70.5048080880
150.7000000000 -70.5660244753
150.8000000000 -70.6270725960
150.9000000000 -70.6879517158
151.0000000000 -70.7486611065
151.1000000000 -70.8092000458
151.2000000000 -70.8695678173
151.3000000000 -70.9297637111
151.4000000000 -70.9897870236
151.5000000000 -71.0496370577
151.6000000000 -71.1093131229
151.7000000000 -71.1688145355
151.8000000000 -71.2281406186
151.9000000000 -71.2872907024
152.0000000000 -71.3462641242
152.1000000000 -71.4050602286
152.2000000000 -71.4636783674
152.3000000000 -71.5221179001
152.4000000000 -71.5803781934
152.5000000000 -71.6384586222
152.6000000000 -71.6963585687
152.7000000000 -71.7540774234
152.8000000000 -71.8116145845
152.9000000000 -71.8689694586
153.0000000000 -71.9261414602
153.1000000000 -71.9831300122
153.2000000000 -72.0399345460
153.3000000000 -72.0965545012
153.4000000000 -72.1529893263
153.5000000000 -72.2092384783
153.6000000000 -72.2653014227
153.7000000000 -72.3211776342
153.8000000000 -72.3768665961
153.9000000000 -72.4323678007
154.0000000000 -72.4876807494
154.1000000000 -72.5428049528
154.2000000000 -72.5977399303
154.3000000000 -72.6524852110
154.4000000000 -72.7070403329
154.5000000000 -72.7614048435
154.6000000000 -72.8155782998
154.7000000000 -72.8695602682
154.8000000000 -72.9233503244
154.9000000000 -72.9769480541
155.0000000000 -73.0303530522
155.1000000000 -73.0835649235
155.2000000000 -73.1365832823
155.3000000000 -73.1894077529
155.4000000000 -73.2420379691
155.5000000000 -73.2944735747
155.6000000000 -73.3467142232
155.7000000000 -73.3987595781
155.8000000000 -73.4506093128
155.9000000000 -73.5022631104
156.0000000000 -73.5537206642
156.1000000000 -73.6049816773
156.2000000000 -73.6560458628
156.3000000000 -73.7069129440
156.4000000000 -73.7575826539
156.5000000000 -73.8080547358
156.6000000000 -73.8583289427
156.7000000000 -73.9084050380
156.8000000000 -73.9582827948
156.9000000000 -74.0079619966
157.0000000000 -74.0574424366
157.1000000000 -74.1067239182
157.2000000000 -74.1558062548
157.3000000000 -74.2046892699
157.4000000000 -74.2533727968
157.5000000000 -74.3018566791
157.6000000000 -74.3501407702
157.7000000000 -74.3982249335
157.8000000000 -74.4461090423
157.9000000000 -74.4937929800
158.0000000000 -74.5412766398
158.1000000000 -74.5885599248
158.2000000000 -74.6356427480
158.3000000000 -74.6825250323
158.4000000000 -74.7292067101
158.5000000000 -74.7756877241
158.6000000000 -74.8219680263
158.7000000000 -74.8680475786
158.8000000000 -74.9139263526
158.9000000000 -74.9596043295
159.0000000000 -75.0050815001
159.1000000000 -75.0503578647
159.2000000000 -75.0954334333
159.3000000000 -75.1403082252
159.4000000000 -75.1849822692
159.5000000000 -75.2294556035
159.6000000000 -75.2737282755
159.7000000000 -75.3178003421
159.8000000000 -75.3616718693
159.9000000000 -75.4053429322
160.0000000000 -75.4488136153
160.1000000000 -75.4920840119
160.2000000000 -75.5351542243
160.3000000000 -75.5780243641
160.4000000000 -75.6206945513
160.5000000000 -75.6631649152
160.6000000000 -75.7054355936
160.7000000000 -75.7475067330
160.8000000000 -75.7893784888
160.9000000000 -75.8310510246
161.0000000000 -75.8725245129
161.1000000000 -75.9137991343
161.2000000000 -75.9548750782
161.3000000000 -75.9957525418
161.4000000000 -76.0364317310
161.5000000000 -76.0769128597
161.6000000000 -76.1171961498
161.7000000000 -76.1572818313
161.8000000000 -76.1971701422
161.9000000000 -76.2368613285
162.0000000000 -76.2763556436
162.1000000000 -76.3156533491
162.2000000000 -76.3547547141
162.3000000000 -76.3936600150
162.4000000000 -76.4323695362
162.5000000000 -76.4708835690
162.6000000000 -76.5092024126
162.7000000000 -76.5473263730
162.8000000000 -76.5852557637
162.9000000000 -76.6229909050
163.0000000000 -76.6605321246
163.1000000000 -76.6978797568
163.2000000000 -76.7350341431
163.3000000000 -76.7719956315
163.4000000000 -76.8087645768
163.5000000000 -76.8453413406
163.6000000000 -76.8817262907
163.7000000000 -76.9179198017
163.8000000000 -76.9539222544
163.9000000000 -76.9897340358
164.0000000000 -77.0253555393
164.1000000000 -77.0607871643
164.2000000000 -77.0960293164
164.3000000000 -77.1310824069
164.4000000000 -77.1659468531
164.5000000000 -77.2006230783
164.6000000000 -77.2351115111
164.7000000000 -77.2694125860
164.8000000000 -77.3035267430
164.9000000000 -77.3374544273
165.0000000000 -77.3711960899
165.1000000000 -77.4047521866
165.2000000000 -77.4381231787
165.3000000000 -77.4713095325
165.4000000000 -77.5043117191
165.5000000000 -77.5371302149
165.6000000000 -77.5697655007
165.7000000000 -77.6022180622
165.8000000000 -77.6344883897
165.9000000000 -77.6665769780
166.0000000000 -77.6984843262
166.1000000000 -77.7302109377
166.2000000000 -77.7617573201
166.3000000000 -77.7931239849
166.4000000000 -77.8243114475
166.5000000000 -77.8553202272
166.6000000000 -77.8861508465
166.7000000000 -77.9168038317
166.8000000000 -77.9472797118
166.9000000000 -77.9775790192
167.0000000000 -78.0077022888
167.1000000000 -78.0376500578
167.2000000000 -78.0674228659
167.3000000000 -78.0970212544
167.4000000000 -78.1264457658
167.5000000000 -78.1556969440
167.6000000000 -78.1847753330
167.7000000000 -78.2136814769
167.8000000000 -78.2424159187
167.9000000000 -78.2709792003
168.0000000000 -78.2993718606
168.1000000000 -78.3275944354
168.2000000000 -78.3556474557
168.3000000000 -78.3835314461
168.4000000000 -78.4112469240
168.5000000000 -78.4387943967
168.6000000000 -78.4661743601
168.7000000000 -78.4933872952
168.8000000000 -78.5204336660
168.9000000000 -78.5473139154
169.0000000000 -78.5740284611
169.1000000000 -78.6005776912
169.2000000000 -78.6269619579
169.3000000000 -78.6531815716
169.4000000000 -78.6792367923
169.5000000000 -78.7051278214
169.6000000000 -78.7308547901
169.7000000000 -78.7564177478
169.8000000000 -78.7818166466
169.9000000000 -78.8070513244
170.0000000000 -78.8321214846
170.1000000000 -78.8570266725
170.2000000000 -78.8817662470
170.3000000000 -78.9063393480
170.4000000000 -78.9307448580
170.5000000000 -78.9549813566
170.6000000000 -78.9790470675
170.7000000000 -79.0029397965
170.8000000000 -79.0266568572
170.9000000000 -79.0501949860
171.0000000000 -79.0735502402
171.1000000000 -79.0967178792
171.2000000000 -79.1196922251
171.3000000000 -79.1424664982
171.4000000000 -79.1650326246
171.5000000000 -79.1873810092
171.6000000000 -79.2095002692
171.7000000000 -79.2313769219
171.8000000000 -79.2529950161
171.9000000000 -79.2743357001
172.0000000000 -79.2953767138
172.1000000000 -79.3160917916
172.2000000000 -79.3364499606
172.3000000000 -79.3564147155
172.4000000000 -79.3759430495
172.5000000000 -79.3949843146
172.6000000000 -79.4134788820
172.7000000000 -79.4313565677
172.8000000000 -79.4485347816
172.9000000000 -79.4649163518
173.0000000000 -79.4803869669
173.1000000000 -79.4948121694
173.2000000000 -79.5080338212
173.3000000000 -79.5198659481
173.4000000000 -79.5300898549
173.5000000000 -79.5384483822
173.6000000000 -79.5446391548
173.7000000000 -79.5483066434
173.8000000000 -79.5490328327
173.9000000000 -79.5463262492
174.0000000000 -79.5396090618
174.1000000000 -79.5282019169
174.2000000000 -79.5113061088
174.3000000000 -79.4879826191
174.4000000000 -79.4571274753
174.5000000000 -79.4174427829
174.6000000000 -79.3674026735
174.7000000000 -79.3052132782
174.8000000000 -79.2287656816
174.9000000000 -79.1355806303
175.0000000000 -79.0227435573
175.1000000000 -78.8868282356
175.2000000000 -78.7238070837
175.3000000000 -78.5289458083
175.4000000000 -78.2966796725
175.5000000000 -78.0204682163
175.6000000000 -77.6926247171
175.7000000000 -77.3041160468
175.8000000000 -76.8443278390
175.9000000000 -76.3007889982
176.0000000000 -75.6588485208
176.1000000000 -74.9012962812
176.2000000000 -74.0079177364
176.3000000000 -72.9549701787
176.4000000000 -71.7145647380
176.5000000000 -70.2539328691
176.6000000000 -68.5345466398
176.7000000000 -66.5110449008
176.8000000000 -64.1298844563
176.9000000000 -61.3275707528
177.0000000000 -58.0281950607
177.1000000000 -54.1397570524
177.2000000000 -49.5482912710
177.3000000000 -44.1080454118
177.4000000000 -37.6249202296
177.5000000000 -29.8295570063
177.6000000000 -20.3372418077
177.7000000000 -8.6058926939
177.8000000000 5.9516417247
177.9000000000 22.7070881690
178.0000000000 36.3876540090
178.1000000000 41.3021921664
178.2000000000 40.6945754315
178.3000000000 39.5516387997
178.4000000000 38.9677347414
178.5000000000 38.7182890610
178.6000000000 38.6173154369
178.7000000000 38.5742155378
178.8000000000 38.5469552549
178.9000000000 38.5164252738
179.0000000000 38.4742899696
179.1000000000 38.4172470759
179.2000000000 38.3442957587
179.3000000000 38.2554347235
179.4000000000 38.1510485648
179.5000000000 38.0316276587
179.6000000000 37.8976494868
179.7000000000 37.7495370026
179.8000000000 37.5876524612
179.9000000000 37.4123062798
180.0000000000 37.2237710286
180.1000000000 37.0222959109
180.2000000000 36.8081197123
180.3000000000 36.5814814882
180.4000000000 36.3426288705
180.5000000000 36.0918241574
180.6000000000 35.8293484548
180.7000000000 35.5555041705
180.8000000000 35.2706161482
180.9000000000 34.9750317087
181.0000000000 34.6691198299
181.1000000000 34.3532696683
181.2000000000 34.0278885939
181.3000000000 33.6933998783
181.4000000000 33.3502401406
181.5000000000 32.9988566026
181.6000000000 32.6397041094
181.7000000000 32.2732417004
181.8000000000 31.8999285673
181.9000000000 31.5202199373
182.0000000000 31.1345638607
182.1000000000 30.7433994536
182.2000000000 30.3471563867
182.3000000000 29.9462550007
182.4000000000 29.5411064678
182.5000000000 29.1321126850
182.6000000000 28.7196658336
182.7000000000 28.3041476917
182.8000000000 27.8859288331
182.9000000000 27.4653678329
183.0000000000 27.0428105671
183.1000000000 26.6185896506
183.2000000000 26.1930240359
183.3000000000 25.7664187678
183.4000000000 25.3390648847
183.5000000000 24.9112394457
183.6000000000 24.4832056669
183.7000000000 24.0552131455
183.8000000000 23.6274981565
183.9000000000 23.2002840049
184.0000000000 22.7737814218
184.1000000000 22.3481889921
184.2000000000 21.9236936059
184.3000000000 21.5004709237
184.4000000000 21.0786858519
184.5000000000 20.6584930209
184.6000000000 20.2400372632
184.7000000000 19.8234540873
184.8000000000 19.4088701458
184.9000000000 18.9964036937
185.0000000000 18.5861650373
185.1000000000 18.1782569708
185.2000000000 17.7727752008
185.3000000000 17.3698087566
185.4000000000 16.9694403864
185.5000000000 16.5717469395
185.6000000000 16.1767997320
185.7000000000 15.7846648983
185.8000000000 15.3954037255
185.9000000000 15.0090729727
186.0000000000 14.6257251732
186.1000000000 14.2454089209
186.2000000000 13.8681691398
186.3000000000 13.4940473367
186.4000000000 13.1230818377
186.5000000000 12.7553080082
186.6000000000 12.3907584562
186.7000000000 12.0294632201
186.8000000000 11.6714499401
186.9000000000 11.3167440146
187.0000000000 10.9653687420
187.1000000000 10.6173454472
187.2000000000 10.2726935954
187.3000000000 9.9314308923
187.4000000000 9.5935733718
187.5000000000 9.2591354727
187.6000000000 8.9281301040
187.7000000000 8.6005687010
187.8000000000 8.2764612716
187.9000000000 7.9558164351
188.0000000000 7.6386414534
188.1000000000 7.3249422561
188.2000000000 7.0147234591
188.3000000000 6.7079883800
188.4000000000 6.4047390484
188.5000000000 6.1049762132
188.6000000000 5.8086993483
188.7000000000 5.5159066552
188.8000000000 5.2265950658
188.9000000000 4.9407602440
189.0000000000 4.6583965870
189.1000000000 4.3794972279
189.2000000000 4.1040540387
189.3000000000 3.8320576342
189.4000000000 3.5634973781
189.5000000000 3.2983613907
189.6000000000 3.0366365587
189.7000000000 2.7783085464
189.8000000000 2.5233618109
189.9000000000 2.2717796178
190.0000000000 2.0235440607
190.1000000000 1.7786360826
190.2000000000 1.5370354995
190.3000000000 1.2987210268
190.4000000000 1.0636703079
190.5000000000 0.8318599443
190.6000000000 0.6032655290
190.7000000000 0.3778616804
190.8000000000 0.1556220792
190.9000000000 -0.0634804943
191.0000000000 -0.2794741203
191.1000000000 -0.4923876993
191.2000000000 -0.7022509104
191.3000000000 -0.9090941688
191.4000000000 -1.1129485826
191.5000000000 -1.3138459089
191.6000000000 -1.5118185101
191.7000000000 -1.7068993091
191.8000000000 -1.8991217457
191.9000000000 -2.0885197316
192.0000000000 -2.2751276074
192.1000000000 -2.4589800983
192.2000000000 -2.6401122719
192.3000000000 -2.8185594953
192.4000000000 -2.9943573941
192.5000000000 -3.1675418114
192.6000000000 -3.3381487686
192.7000000000 -3.5062144261
192.8000000000 -3.6717750465
192.9000000000 -3.8348669580
193.0000000000 -3.9955265190
193.1000000000 -4.1537900850
193.2000000000 -4.3096939752
193.3000000000 -4.4632744423
193.4000000000 -4.6145676419
193.5000000000 -4.7636096046
193.6000000000 -4.9104362085
193.7000000000 -5.0550831542
193.8000000000 -5.1975859400
193.9000000000 -5.3379798392
194.0000000000 -5.4762998784
194.1000000000 -5.6125808177
194.2000000000 -5.7468571315
194.3000000000 -5.8791629909
194.4000000000 -6.0095322476
194.5000000000 -6.1379984187
194.6000000000 -6.2645946728
194.7000000000 -6.3893538173
194.8000000000 -6.5123082869
194.9000000000 -6.6334901329
195.0000000000 -6.7529310138
195.1000000000 -6.8706621872
195.2000000000 -6.9867145016
195.3000000000 -7.1011183907
195.4000000000 -7.2139038669
195.5000000000 -7.3251005172
195.6000000000 -7.4347374987
195.7000000000 -7.5428435355
195.8000000000 -7.6494469163
195.9000000000 -7.7545754922
196.0000000000 -7.8582566759
196.1000000000 -7.9605174408
196.2000000000 -8.0613843214
196.3000000000 -8.1608834130
196.4000000000 -8.2590403738
196.5000000000 -8.3558804254
196.6000000000 -8.4514283555
196.7000000000 -8.5457085196
196.8000000000 -8.6387448442
196.9000000000 -8.7305608296
197.0000000000 -8.8211795535
197.1000000000 -8.9106236742
197.2000000000 -8.9989154352
197.3000000000 -9.0860766689
197.4000000000 -9.1721288012
197.5000000000 -9.2570928561
197.6000000000 -9.3409894605
197.7000000000 -9.4238388492
197.8000000000 -9.5056608700
197.9000000000 -9.5864749886
198.0000000000 -9.6663002946
198.1000000000 -9.7451555064
198.2000000000 -9.8230589769
198.3000000000 -9.9000286990
198.4000000000 -9.9760823115
198.5000000000 -10.0512371043
198.6000000000 -10.1255100248
198.7000000000 -10.1989176827
198.8000000000 -10.2714763567
198.9000000000 -10.3432019997
199.0000000000 -10.4141102445
199.1000000000 -10.4842164098
199.2000000000 -10.5535355059
199.3000000000 -10.6220822400
199.4000000000 -10.6898710222
199.5000000000 -10.7569159711
199.6000000000 -10.8232309191
199.7000000000 -10.8888294182
199.8000000000 -10.9537247452
199.9000000000 -11.0179299075
200.0000000000 -11.0814576477
200.1000000000 -11.1443204500
200.2000000000 -11.2065305441
200.3000000000 -11.2680999114
200.4000000000 -11.3290402897
200.5000000000 -11.3893631781
200.6000000000 -11.4490798420
200.7000000000 -11.5082013180
200.8000000000 -11.5667384187
200.9000000000 -11.6247017373
201.0000000000 -11.6821016525
201.1000000000 -11.7389483324
201.2000000000 -11.7952517399
201.3000000000 -11.8510216364
201.4000000000 -11.9062675861
201.5000000000 -11.9609989608
201.6000000000 -12.0152249435
201.7000000000 -12.0689545326
201.8000000000 -12.1221965463
201.9000000000 -12.1749596258
202.0000000000 -12.2272522398
202.1000000000 -12.2790826879
202.2000000000 -12.3304591045
202.3000000000 -12.3813894621
202.4000000000 -12.4318815753
202.5000000000 -12.4819431040
202.6000000000 -12.5315815566
202.7000000000 -12.5808042938
202.8000000000 -12.6296185316
202.9000000000 -12.6780313442
203.0000000000 -12.7260496679
203.1000000000 -12.7736803032
203.2000000000 -12.8209299186
203.3000000000 -12.8678050529
203.4000000000 -12.9143121185
203.5000000000 -12.9604574040
203.6000000000 -13.0062470768
203.7000000000 -13.0516871861
203.8000000000 -13.0967836653
203.9000000000 -13.1415423344
204.0000000000 -13.1859689029
204.1000000000 -13.2300689719
204.2000000000 -13.2738480367
204.3000000000 -13.3173114887
204.4000000000 -13.3604646184
204.5000000000 -13.4033126169
204.6000000000 -13.4458605787
204.7000000000 -13.4881135033
204.8000000000 -13.5300762975
204.9000000000 -13.5717537774
205.0000000000 -13.6131506706
205.1000000000 -13.6542716178
205.2000000000 -13.6951211746
205.3000000000 -13.7357038140
205.4000000000 -13.7760239274
205.5000000000 -13.8160858269
205.6000000000 -13.8558937469
205.7000000000 -13.8954518456
205.8000000000 -13.9347642069
205.9000000000 -13.9738348417
206.0000000000 -14.0126676899
206.1000000000 -14.0512666214
206.2000000000 -14.0896354382
206.3000000000 -14.1277778751
206.4000000000 -14.1656976021
206.5000000000 -14.2033982248
206.6000000000 -14.2408832863
206.7000000000 -14.2781562687
206.8000000000 -14.3152205939
206.9000000000 -14.3520796252
207.0000000000 -14.3887366683
207.1000000000 -14.4251949730
207.2000000000 -14.4614577338
207.3000000000 -14.4975280912
207.4000000000 -14.5334091333
207.5000000000 -14.5691038962
207.6000000000 -14.6046153656
207.7000000000 -14.6399464775
207.8000000000 -14.6751001197
207.9000000000 -14.7100791321
208.0000000000 -14.7448863085
208.1000000000 -14.7795243969
208.2000000000 -14.8139961007
208.3000000000 -14.8483040796
208.4000000000 -14.8824509507
208.5000000000 -14.9164392889
208.6000000000 -14.9502716283
208.7000000000 -14.9839504625
208.8000000000 -15.0174782459
208.9000000000 -15.0508573943
209.0000000000 -15.0840902854
209.1000000000 -15.1171792602
209.2000000000 -15.1501266232
209.3000000000 -15.1829346434
209.4000000000 -15.2156055547
209.5000000000 -15.2481415571
209.6000000000 -15.2805448170
209.7000000000 -15.3128174681
209.8000000000 -15.3449616117
209.9000000000 -15.3769793177
210.0000000000 -15.4088726253
210.1000000000 -15.4406435430
210.2000000000 -15.4722940500
210.3000000000 -15.5038260961
210.4000000000 -15.5352416028
210.5000000000 -15.5665424635
210.6000000000 -15.5977305441
210.7000000000 -15.6288076839
210.8000000000 -15.6597756954
210.9000000000 -15.6906363657
211.0000000000 -15.7213914562
211.1000000000 -15.7520427037
211.2000000000 -15.7825918204
211.3000000000 -15.8130404948
211.4000000000 -15.8433903919
211.5000000000 -15.8736431535
211.6000000000 -15.9038003990
211.7000000000 -15.9338637259
211.8000000000 -15.9638347097
211.9000000000 -15.9937149046
212.0000000000 -16.0235058442
212.1000000000 -16.0532090413
212.2000000000 -16.0828259889
212.3000000000 -16.1123581601
212.4000000000 -16.1418070088
212.5000000000 -16.1711739697
212.6000000000 -16.2004604592
212.7000000000 -16.2296678752
212.8000000000 -16.2587975977
212.9000000000 -16.2878509893
213.0000000000 -16.3168293952
213.1000000000 -16.3457341437
213.2000000000 -16.3745665464
213.3000000000 -16.4033278989
213.4000000000 -16.4320194804
213.5000000000 -16.4606425547
213.6000000000 -16.4891983700
213.7000000000 -16.5176881596
213.8000000000 -16.5461131418
213.9000000000 -16.5744745203
214.0000000000 -16.6027734846
214.1000000000 -16.6310112103
214.2000000000 -16.6591888589
214.3000000000 -16.6873075786
214.4000000000 -16.7153685044
214.5000000000 -16.7433727581
214.6000000000 -16.7713214488
214.7000000000 -16.7992156731
214.8000000000 -16.8270565153
214.9000000000 -16.8548450474
215.0000000000 -16.8825823298
215.1000000000 -16.9102694112
215.2000000000 -16.9379073287
215.3000000000 -16.9654971083
215.4000000000 -16.9930397650
215.5000000000 -17.0205363030
215.6000000000 -17.0479877158
215.7000000000 -17.0753949866
215.8000000000 -17.1027590882
215.9000000000 -17.1300809835
216.0000000000 -17.1573616255
216.1000000000 -17.1846019574
216.2000000000 -17.2118029133
216.3000000000 -17.2389654174
216.4000000000 -17.2660903852
216.5000000000 -17.2931787231
216.6000000000 -17.3202313285
216.7000000000 -17.3472490904
216.8000000000 -17.3742328891
216.9000000000 -17.4011835967
217.0000000000 -17.4281020771
217.1000000000 -17.4549891860
217.2000000000 -17.4818457715
217.3000000000 -17.5086726736
217.4000000000 -17.5354707251
217.5000000000 -17.5622407511
217.6000000000 -17.5889835693
217.7000000000 -17.6156999905
217.8000000000 -17.6423908182
217.9000000000 -17.6690568491
218.0000000000 -17.6956988732
218.1000000000 -17.7223176736
218.2000000000 -17.7489140270
218.3000000000 -17.7754887039
218.4000000000 -17.8020424681
218.5000000000 -17.8285760775
218.6000000000 -17.8550902839
218.7000000000 -17.8815858332
218.8000000000 -17.9080634653
218.9000000000 -17.9345239146
219.0000000000 -17.9609679098
219.1000000000 -17.9873961741
219.2000000000 -18.0138094253
219.3000000000 -18.0402083760
219.4000000000 -18.0665937335
219.5000000000 -18.0929662002
219.6000000000 -18.1193264732
219.7000000000 -18.1456752451
219.8000000000 -18.1720132034
219.9000000000 -18.1983410311
220.0000000000 -18.2246594066
220.1000000000 -18.2509690037
220.2000000000 -18.2772704919
220.3000000000 -18.3035645361
220.4000000000 -18.3298517974
220.5000000000 -18.3561329324
220.6000000000 -18.3824085938
220.7000000000 -18.4086794303
220.8000000000 -18.4349460866
220.9000000000 -18.4612092038
221.0000000000 -18.4874694190
221.1000000000 -18.5137273659
221.2000000000 -18.5399836745
221.3000000000 -18.5662389712
221.4000000000 -18.5924938793
221.5000000000 -18.6187490183
221.6000000000 -18.6450050049
221.7000000000 -18.6712624522
221.8000000000 -18.6975219705
221.9000000000 -18.7237841667
222.0000000000 -18.7500496451
222.1000000000 -18.7763190067
222.2000000000 -18.8025928500
222.3000000000 -18.8288717704
222.4000000000 -18.8551563608
222.5000000000 -18.8814472115
222.6000000000 -18.9077449099
222.7000000000 -18.9340500413
222.8000000000 -18.9603631881
222.9000000000 -18.9866849306
223.0000000000 -19.0130158467
223.1000000000 -19.0393565120
223.2000000000 -19.0657074999
223.3000000000 -19.0920693816
223.4000000000 -19.1184427262
223.5000000000 -19.1448281009
223.6000000000 -19.1712260708
223.7000000000 -19.1976371990
223.8000000000 -19.2240620468
223.9000000000 -19.2505011737
224.0000000000 -19.2769551374
224.1000000000 -19.3034244940
224.2000000000 -19.3299097978
224.3000000000 -19.3564116015
224.4000000000 -19.3829304563
224.5000000000 -19.4094669119
224.6000000000 -19.4360215165
224.7000000000 -19.4625948170
224.8000000000 -19.4891873587
224.9000000000 -19.5157996859
225.0000000000 -19.5424323415
225.1000000000 -19.5690858670
225.2000000000 -19.5957608032
225.3000000000 -19.6224576893
225.4000000000 -19.6491770636
225.5000000000 -19.6759194636
225.6000000000 -19.7026854254
225.7000000000 -19.7294754846
225.8000000000 -19.7562901754
225.9000000000 -19.7831300317
226.0000000000 -19.8099955862
226.1000000000 -19.8368873710
226.2000000000 -19.8638059173
226.3000000000 -19.8907517560
226.4000000000 -19.9177254169
226.5000000000 -19.9447274295
226.6000000000 -19.9717583226
226.7000000000 -19.9988186245
226.8000000000 -20.0259088632
226.9000000000 -20.0530295660
227.0000000000 -20.0801812599
227.1000000000 -20.1073644716
227.2000000000 -20.1345797273
227.3000000000 -20.1618275531
227.4000000000 -20.1891084748
227.5000000000 -20.2164230179
227.6000000000 -20.2437717077
227.7000000000 -20.2711550696
227.8000000000 -20.2985736286
227.9000000000 -20.3260279098
228.0000000000 -20.3535184382
228.1000000000 -20.3810457388
228.2000000000 -20.4086103367
228.3000000000 -20.4362127569
228.4000000000 -20.4638535247
228.5000000000 -20.4915331653
228.6000000000 -20.5192522044
228.7000000000 -20.5470111676
228.8000000000 -20.5748105808
228.9000000000 -20.6026509703
229.0000000000 -20.6305328624
229.1000000000 -20.6584567841
229.2000000000 -20.6864232625
229.3000000000 -20.7144328252
229.4000000000 -20.7424860001
229.5000000000 -20.7705833157
229.6000000000 -20.7987253008
229.7000000000 -20.8269124850
229.8000000000 -20.8551453980
229.9000000000 -20.8834245705
230.0000000000 -20.9117505336
230.1000000000 -20.9401238189
230.2000000000 -20.9685449589
230.3000000000 -20.9970144867
230.4000000000 -21.0255329360
230.5000000000 -21.0541008413
230.6000000000 -21.0827187379
230.7000000000 -21.1113871619
230.8000000000 -21.1401066501
230.9000000000 -21.1688777402
231.0000000000 -21.1977009709
231.1000000000 -21.2265768816
231.2000000000 -21.2555060128
231.3000000000 -21.2844889057
231.4000000000 -21.3135261027
231.5000000000 -21.3426181471
231.6000000000 -21.3717655833
231.7000000000 -21.4009689565
231.8000000000 -21.4302288133
231.9000000000 -21.4595457012
232.0000000000 -21.4889201687
232.1000000000 -21.5183527658
232.2000000000 -21.5478440433
232.3000000000 -21.5773945535
232.4000000000 -21.6070048495
232.5000000000 -21.6366754859
232.6000000000 -21.6664070187
232.7000000000 -21.6962000048
232.8000000000 -21.7260550026
232.9000000000 -21.7559725718
233.0000000000 -21.7859532735
233.1000000000 -21.8159976699
233.2000000000 -21.8461063249
233.3000000000 -21.8762798036
233.4000000000 -21.9065186725
233.5000000000 -21.9368234996
233.6000000000 -21.9671948544
233.7000000000 -21.9976333077
233.8000000000 -22.0281394320
233.9000000000 -22.0587138011
234.0000000000 -22.0893569906
234.1000000000 -22.1200695772
234.2000000000 -22.1508521397
234.3000000000 -22.1817052581
234.4000000000 -22.2126295140
234.5000000000 -22.2436254909
234.6000000000 -22.2746937735
234.7000000000 -22.3058349486
234.8000000000 -22.3370496043
234.9000000000 -22.3683383305
235.0000000000 -22.3997017189
235.1000000000 -22.4311403626
235.2000000000 -22.4626548567
235.3000000000 -22.4942457980
235.4000000000 -22.5259137848
235.5000000000 -22.5576594175
235.6000000000 -22.5894832979
235.7000000000 -22.6213860300
235.8000000000 -22.6533682191
235.9000000000 -22.6854304727
236.0000000000 -22.7175734000
236.1000000000 -22.7497976119
236.2000000000 -22.7821037212
236.3000000000 -22.8144923427
236.4000000000 -22.8469640929
236.5000000000 -22.8795195901
236.6000000000 -22.9121594546
236.7000000000 -22.9448843085
236.8000000000 -22.9776947760
236.9000000000 -23.0105914828
237.0000000000 -23.0435750568
237.1000000000 -23.0766461277
237.2000000000 -23.1098053273
237.3000000000 -23.1430532889
237.4000000000 -23.1763906482
237.5000000000 -23.2098180426
237.6000000000 -23.2433361114
237.7000000000 -23.2769454958
237.8000000000 -23.3106468392
237.9000000000 -23.3444407867
238.0000000000 -23.3783279855
238.1000000000 -23.4123090845
238.2000000000 -23.4463847349
238.3000000000 -23.4805555896
238.4000000000 -23.5148223035
238.5000000000 -23.5491855335
238.6000000000 -23.5836459384
238.7000000000 -23.6182041791
238.8000000000 -23.6528609181
238.9000000000 -23.6876168203
239.0000000000 -23.7224725521
239.1000000000 -23.7574287821
239.2000000000 -23.7924861808
239.3000000000 -23.8276454206
239.4000000000 -23.8629071758
239.5000000000 -23.8982721227
239.6000000000 -23.9337409394
239.7000000000 -23.9693143059
239.8000000000 -24.0049929042
239.9000000000 -24.0407774180
240.0000000000 -24.0766685332
240.1000000000 -24.1126669373
240.2000000000 -24.1487733196
240.3000000000 -24.1849883715
240.4000000000 -24.2213127861
240.5000000000 -24.2577472581
240.6000000000 -24.2942924845
240.7000000000 -24.3309491636
240.8000000000 -24.3677179957
240.9000000000 -24.4045996829
241.0000000000 -24.4415949289
241.1000000000 -24.4787044393
241.2000000000 -24.5159289212
241.3000000000 -24.5532690835
241.4000000000 -24.5907256368
241.5000000000 -24.6282992932
241.6000000000 -24.6659907667
241.7000000000 -24.7038007725
241.8000000000 -24.7417300278
241.9000000000 -24.7797792510
242.0000000000 -24.8179491623
242.1000000000 -24.8562404832
242.2000000000 -24.8946539367
242.3000000000 -24.9331902475
242.4000000000 -24.9718501414
242.5000000000 -25.0106343456
242.6000000000 -25.0495435890
242.7000000000 -25.0885786014
242.8000000000 -25.1277401143
242.9000000000 -25.1670288600
243.0000000000 -25.2064455724
243.1000000000 -25.2459909864
243.2000000000 -25.2856658383
243.3000000000 -25.3254708651
243.4000000000 -25.3654068052
243.5000000000 -25.4054743980
243.6000000000 -25.4456743837
243.7000000000 -25.4860075037
243.8000000000 -25.5264745002
243.9000000000 -25.5670761163
244.0000000000 -25.6078130958
244.1000000000 -25.6486861833
244.2000000000 -25.6896961244
244.3000000000 -25.7308436651
244.4000000000 -25.7721295520
244.5000000000 -25.8135545325
244.6000000000 -25.8551193543
244.7000000000 -25.8968247657
244.8000000000 -25.9386715155
244.9000000000 -25.9806603526
245.0000000000 -26.0227920265
245.1000000000 -26.0650672867
245.2000000000 -26.1074868830
245.3000000000 -26.1500515654
245.4000000000 -26.1927620839
245.5000000000 -26.2356191884
245.6000000000 -26.2786236288
245.7000000000 -26.3217761550
245.8000000000 -26.3650775166
245.9000000000 -26.4085284628
246.0000000000 -26.4521297427
246.1000000000 -26.4958821049
246.2000000000 -26.5397862976
246.3000000000 -26.5838430682
246.4000000000 -26.6280531637
246.5000000000 -26.6724173304
246.6000000000 -26.7169363137
246.7000000000 -26.7616108582
246.8000000000 -26.8064417077
246.9000000000 -26.8514296046
247.0000000000 -26.8965752907
247.1000000000 -26.9418795062
247.2000000000 -26.9873429901
247.3000000000 -27.0329664803
247.4000000000 -27.0787507130
247.5000000000 -27.1246964229
247.6000000000 -27.1708043431
247.7000000000 -27.2170752050
247.8000000000 -27.2635097381
247.9000000000 -27.3101086701
248.0000000000 -27.3568727266
248.1000000000 -27.4038026311
248.2000000000 -27.4508991049
248.3000000000 -27.4981628670
248.4000000000 -27.5455946340
248.5000000000 -27.5931951201
248.6000000000 -27.6409650365
248.7000000000 -27.6889050921
248.8000000000 -27.7370159927
248.9000000000 -27.7852984413
249.0000000000 -27.8337531377
249.1000000000 -27.8823807787
249.2000000000 -27.9311820577
249.3000000000 -27.9801576647
249.4000000000 -28.0293082862
249.5000000000 -28.0786346052
249.6000000000 -28.1281373007
249.7000000000 -28.1778170481
249.8000000000 -28.2276745186
249.9000000000 -28.2777103793
250.0000000000 -28.3279252933
250.1000000000 -28.3783199190
250.2000000000 -28.4288949105
250.3000000000 -28.4796509173
250.4000000000 -28.5305885841
250.5000000000 -28.5817085507
250.6000000000 -28.6330114520
250.7000000000 -28.6844979176
250.8000000000 -28.7361685719
250.9000000000 -28.7880240340
251.0000000000 -28.8400649172
251.1000000000 -28.8922918295
251.2000000000 -28.9447053726
251.3000000000 -28.9973061426
251.4000000000 -29.0500947294
251.5000000000 -29.1030717167
251.6000000000 -29.1562376818
251.7000000000 -29.2095931953
251.8000000000 -29.2631388213
251.9000000000 -29.3168751173
252.0000000000 -29.3708026333
252.1000000000 -29.4249219127
252.2000000000 -29.4792334914
252.3000000000 -29.5337378980
252.4000000000 -29.5884356534
252.5000000000 -29.6433272710
252.6000000000 -29.6984132562
252.7000000000 -29.7536941065
252.8000000000 -29.8091703113
252.9000000000 -29.8648423514
253.0000000000 -29.9207106995
253.1000000000 -29.9767758196
253.2000000000 -30.0330381668
253.3000000000 -30.0894981874
253.4000000000 -30.1461563187
253.5000000000 -30.2030129886
253.6000000000 -30.2600686159
253.7000000000 -30.3173236095
253.8000000000 -30.3747783690
253.9000000000 -30.4324332839
254.0000000000 -30.4902887339
254.1000000000 -30.5483450883
254.2000000000 -30.6066027065
254.3000000000 -30.6650619370
254.4000000000 -30.7237231180
254.5000000000 -30.7825865769
254.6000000000 -30.8416526301
254.7000000000 -30.9009215830
254.8000000000 -30.9603937297
254.9000000000 -31.0200693531
255.0000000000 -31.0799487244
255.1000000000 -31.1400321032
255.2000000000 -31.2003197373
255.3000000000 -31.2608118625
255.4000000000 -31.3215087025
255.5000000000 -31.3824104687
255.6000000000 -31.4435173602
255.7000000000 -31.5048295634
255.8000000000 -31.5663472520
255.9000000000 -31.6280705870
256.0000000000 -31.6899997163
256.1000000000 -31.7521347745
256.2000000000 -31.8144758834
256.3000000000 -31.8770231509
256.4000000000 -31.9397766715
256.5000000000 -32.0027365263
256.6000000000 -32.0659027822
256.7000000000 -32.1292754923
256.8000000000 -32.1928546957
256.9000000000 -32.2566404172
257.0000000000 -32.3206326672
257.1000000000 -32.3848314418
257.2000000000 -32.4492367225
257.3000000000 -32.5138484759
257.4000000000 -32.5786666540
257.5000000000 -32.6436911939
257.6000000000 -32.7089220173
257.7000000000 -32.7743590311
257.8000000000 -32.8400021268
257.9000000000 -32.9058511805
258.0000000000 -32.9719060528
258.1000000000 -33.0381665888
258.2000000000 -33.1046326179
258.3000000000 -33.1713039536
258.4000000000 -33.2381803937
258.5000000000 -33.3052617200
258.6000000000 -33.3725476980
258.7000000000 -33.4400380775
258.8000000000 -33.5077325918
258.9000000000 -33.5756309580
259.0000000000 -33.6437328767
259.1000000000 -33.7120380323
259.2000000000 -33.7805460926
259.3000000000 -33.8492567087
259.4000000000 -33.9181695153
259.5000000000 -33.9872841303
259.6000000000 -34.0566001548
259.7000000000 -34.1261171733
259.8000000000 -34.1958347532
259.9000000000 -34.2657524453
260.0000000000 -34.3358697834
260.1000000000 -34.4061862843
260.2000000000 -34.4767014478
260.3000000000 -34.5474147569
260.4000000000 -34.6183256774
260.5000000000 -34.6894336581
260.6000000000 -34.7607381307
260.7000000000 -34.8322385101
260.8000000000 -34.9039341937
260.9000000000 -34.9758245623
261.0000000000 -35.0479089793
261.1000000000 -35.1201867912
261.2000000000 -35.1926573275
261.3000000000 -35.2653199005
261.4000000000 -35.3381738058
261.5000000000 -35.4112183217
261.6000000000 -35.4844527098
261.7000000000 -35.5578762147
261.8000000000 -35.6314880642
261.9000000000 -35.7052874692
262.0000000000 -35.7792736239
262.1000000000 -35.8534457058
262.2000000000 -35.9278028757
262.3000000000 -36.0023442778
262.4000000000 -36.0770690398
262.5000000000 -36.1519762731
262.6000000000 -36.2270650725
262.7000000000 -36.3023345167
262.8000000000 -36.3777836681
262.9000000000 -36.4534115730
263.0000000000 -36.5292172618
263.1000000000 -36.6051997490
263.2000000000 -36.6813580331
263.3000000000 -36.7576910971
263.4000000000 -36.8341979085
263.5000000000 -36.9108774193
263.6000000000 -36.9877285659
263.7000000000 -37.0647502701
263.8000000000 -37.1419414380
263.9000000000 -37.2193009613
264.0000000000 -37.2968277168
264.1000000000 -37.3745205664
264.2000000000 -37.4523783579
264.3000000000 -37.5303999248
264.4000000000 -37.6085840861
264.5000000000 -37.6869296472
264.6000000000 -37.7654353994
264.7000000000 -37.8441001208
264.8000000000 -37.9229225756
264.9000000000 -38.0019015149
265.0000000000 -38.0810356769
265.1000000000 -38.1603237867
265.2000000000 -38.2397645567
265.3000000000 -38.3193566871
265.4000000000 -38.3990988656
265.5000000000 -38.4789897678
265.6000000000 -38.5590280575
265.7000000000 -38.6392123870
265.8000000000 -38.7195413969
265.9000000000 -38.8000137169
266.0000000000 -38.8806279654
266.1000000000 -38.9613827504
266.2000000000 -39.0422766693
266.3000000000 -39.1233083089
266.4000000000 -39.2044762465
266.5000000000 -39.2857790492
266.6000000000 -39.3672152747
266.7000000000 -39.4487834714
266.8000000000 -39.5304821787
266.9000000000 -39.6123099272
267.0000000000 -39.6942652388
267.1000000000 -39.7763466274
267.2000000000 -39.8585525987
267.3000000000 -39.9408816506
267.4000000000 -40.0233322737
267.5000000000 -40.1059029513
267.6000000000 -40.1885921596
267.7000000000 -40.2713983685
267.8000000000 -40.3543200410
267.9000000000 -40.4373556345
268.0000000000 -40.5205036000
268.1000000000 -40.6037623835
268.2000000000 -40.6871304252
268.3000000000 -40.7706061605
268.4000000000 -40.8541880202
268.5000000000 -40.9378744304
268.6000000000 -41.0216638133
268.7000000000 -41.1055545869
268.8000000000 -41.1895451658
268.9000000000 -41.2736339612
269.0000000000 -41.3578193815
269.1000000000 -41.4420998320
269.2000000000 -41.5264737159
269.3000000000 -41.6109394338
269.4000000000 -41.6954953849
269.5000000000 -41.7801399665
269.6000000000 -41.8648715745
269.7000000000 -41.9496886041
269.8000000000 -42.0345894496
269.9000000000 -42.1195725046
270.0000000000 -42.2046361629
270.1000000000 -42.2897788182
270.2000000000 -42.3749988647
270.3000000000 -42.4602946970
270.4000000000 -42.5456647110
270.5000000000 -42.6311073036
270.6000000000 -42.7166208732
270.7000000000 -42.8022038201
270.8000000000 -42.8878545465
270.9000000000 -42.9735714571
271.0000000000 -43.0593529589
271.1000000000 -43.1451974621
271.2000000000 -43.2311033797
271.3000000000 -43.3170691283
271.4000000000 -43.4030931280
271.5000000000 -43.4891738030
271.6000000000 -43.5753095814
271.7000000000 -43.6614988959
271.8000000000 -43.7477401838
271.9000000000 -43.8340318874
272.0000000000 -43.9203724540
272.1000000000 -44.0067603364
272.2000000000 -44.0931939930
272.3000000000 -44.1796718882
272.4000000000 -44.2661924924
272.5000000000 -44.3527542824
272.6000000000 -44.4393557414
272.7000000000 -44.5259953598
272.8000000000 -44.6126716345
272.9000000000 -44.6993830701
273.0000000000 -44.7861281784
273.1000000000 -44.8729054789
273.2000000000 -44.9597134990
273.3000000000 -45.0465507742
273.4000000000 -45.1334158482
273.5000000000 -45.2203072732
273.6000000000 -45.3072236101
273.7000000000 -45.3941634286
273.8000000000 -45.4811253075
273.9000000000 -45.5681078347
274.0000000000 -45.6551096076
274.1000000000 -45.7421292331
274.2000000000 -45.8291653279
274.3000000000 -45.9162165184
274.4000000000 -46.0032814414
274.5000000000 -46.0903587435
274.6000000000 -46.1774470820
274.7000000000 -46.2645451245
274.8000000000 -46.3516515493
274.9000000000 -46.4387650457
275.0000000000 -46.5258843135
275.1000000000 -46.6130080639
275.2000000000 -46.7001350191
275.3000000000 -46.7872639126
275.4000000000 -46.8743934896
275.5000000000 -46.9615225063
275.6000000000 -47.0486497310
275.7000000000 -47.1357739436
275.8000000000 -47.2228939357
275.9000000000 -47.3100085108
276.0000000000 -47.3971164848
276.1000000000 -47.4842166853
276.2000000000 -47.5713079523
276.3000000000 -47.6583891378
276.4000000000 -47.7454591065
276.5000000000 -47.8325167353
276.6000000000 -47.9195609135
276.7000000000 -48.0065905430
276.8000000000 -48.0936045384
276.9000000000 -48.1806018266
277.0000000000 -48.2675813475
277.1000000000 -48.3545420535
277.2000000000 -48.4414829099
277.3000000000 -48.5284028946
277.4000000000 -48.6153009985
277.5000000000 -48.7021762252
277.6000000000 -48.7890275912
277.7000000000 -48.8758541258
277.8000000000 -48.9626548713
277.9000000000 -49.0494288828
278.0000000000 -49.1361752282
278.1000000000 -49.2228929886
278.2000000000 -49.3095812575
278.3000000000 -49.3962391417
278.4000000000 -49.4828657606
278.5000000000 -49.5694602466
278.6000000000 -49.6560217449
278.7000000000 -49.7425494132
278.8000000000 -49.8290424225
278.9000000000 -49.9154999560
279.0000000000 -50.0019212099
279.1000000000 -50.0883053929
279.2000000000 -50.1746517265
279.3000000000 -50.2609594446
279.4000000000 -50.3472277937
279.5000000000 -50.4334560325
279.6000000000 -50.5196434325
279.7000000000 -50.6057892773
279.8000000000 -50.6918928627
279.9000000000 -50.7779534969
280.0000000000 -50.8639705000
280.1000000000 -50.9499432043
280.2000000000 -51.0358709541
280.3000000000 -51.1217531055
280.4000000000 -51.2075890264
280.5000000000 -51.2933780964
280.6000000000 -51.3791197068
280.7000000000 -51.4648132605
280.8000000000 -51.5504581716
280.9000000000 -51.6360538656
281.0000000000 -51.7215997795
281.1000000000 -51.8070953609
281.2000000000 -51.8925400690
281.3000000000 -51.9779333734
281.4000000000 -52.0632747548
281.5000000000 -52.1485637045
281.6000000000 -52.2337997242
281.7000000000 -52.3189823262
281.8000000000 -52.4041110331
281.9000000000 -52.4891853776
282.0000000000 -52.5742049024
282.1000000000 -52.6591691602
282.2000000000 -52.7440777136
282.3000000000 -52.8289301345
282.4000000000 -52.9137260046
282.5000000000 -52.9984649150
282.6000000000 -53.0831464658
282.7000000000 -53.1677702663
282.8000000000 -53.2523359347
282.9000000000 -53.3368430981
283.0000000000 -53.4212913920
283.1000000000 -53.5056804607
283.2000000000 -53.5900099566
283.3000000000 -53.6742795402
283.4000000000 -53.7584888804
283.5000000000 -53.8426376535
283.6000000000 -53.9267255437
283.7000000000 -54.0107522430
283.8000000000 -54.0947174503
283.9000000000 -54.1786208720
284.0000000000 -54.2624622215
284.1000000000 -54.3462412190
284.2000000000 -54.4299575916
284.3000000000 -54.5136110726
284.4000000000 -54.5972014021
284.5000000000 -54.6807283262
284.6000000000 -54.7641915968
284.7000000000 -54.8475909720
284.8000000000 -54.9309262154
284.9000000000 -55.0141970962
285.0000000000 -55.0974033888
285.1000000000 -55.1805448729
285.2000000000 -55.2636213331
285.3000000000 -55.3466325587
285.4000000000 -55.4295783439
285.5000000000 -55.5124584869
285.6000000000 -55.5952727907
285.7000000000 -55.6780210618
285.8000000000 -55.7607031111
285.9000000000 -55.8433187529
286.0000000000 -55.9258678051
286.1000000000 -56.0083500891
286.2000000000 -56.0907654293
286.3000000000 -56.1731136532
286.4000000000 -56.2553945909
286.5000000000 -56.3376080755
286.6000000000 -56.4197539422
286.7000000000 -56.5018320287
286.8000000000 -56.5838421745
286.9000000000 -56.6657842213
287.0000000000 -56.7476580124
287.1000000000 -56.8294633925
287.2000000000 -56.9112002079
287.3000000000 -56.9928683060
287.4000000000 -57.0744675350
287.5000000000 -57.1559977441
287.6000000000 -57.2374587832
287.7000000000 -57.3188505026
287.8000000000 -57.4001727526
287.9000000000 -57.4814253841
288.0000000000 -57.5626082476
288.1000000000 -57.6437211933
288.2000000000 -57.7247640713
288.3000000000 -57.8057367308
288.4000000000 -57.8866390203
288.5000000000 -57.9674707876
288.6000000000 -58.0482318789
288.7000000000 -58.1289221396
288.8000000000 -58.2095414134
288.9000000000 -58.2900895425
289.0000000000 -58.3705663671
289.1000000000 -58.4509717257
289.2000000000 -58.5313054546
289.3000000000 -58.6115673878
289.4000000000 -58.6917573569
289.5000000000 -58.7718751908
289.6000000000 -58.8519207159
289.7000000000 -58.9318937554
289.8000000000 -59.0117941295
289.9000000000 -59.0916216554
290.0000000000 -59.1713761468
290.1000000000 -59.2510574138
290.2000000000 -59.3306652628
290.3000000000 -59.4101994968
290.4000000000 -59.4896599143
290.5000000000 -59.5690463100
290.6000000000 -59.6483584744
290.7000000000 -59.7275961936
290.8000000000 -59.8067592490
290.9000000000 -59.8858474178
291.0000000000 -59.9648604719
291.1000000000 -60.0437981786
291.2000000000 -60.1226603003
291.3000000000 -60.2014465940
291.4000000000 -60.2801568116
291.5000000000 -60.3587906995
291.6000000000 -60.4373479986
291.7000000000 -60.5158284444
291.8000000000 -60.5942317664
291.9000000000 -60.6725576884
292.0000000000 -60.7508059283
292.1000000000 -60.8289761978
292.2000000000 -60.9070682027
292.3000000000 -60.9850816424
292.4000000000 -61.0630162099
292.5000000000 -61.1408715920
292.6000000000 -61.2186474687
292.7000000000 -61.2963435137
292.8000000000 -61.3739593937
292.9000000000 -61.4514947690
293.0000000000 -61.5289492928
293.1000000000 -61.6063226115
293.2000000000 -61.6836143644
293.3000000000 -61.7608241839
293.4000000000 -61.8379516951
293.5000000000 -61.9149965162
293.6000000000 -61.9919582578
293.7000000000 -62.0688365237
293.8000000000 -62.1456309098
293.9000000000 -62.2223410050
294.0000000000 -62.2989663908
294.1000000000 -62.3755066409
294.2000000000 -62.4519613218
294.3000000000 -62.5283299922
294.4000000000 -62.6046122035
294.5000000000 -62.6808074994
294.6000000000 -62.7569154158
294.7000000000 -62.8329354812
294.8000000000 -62.9088672162
294.9000000000 -62.9847101340
295.0000000000 -63.0604637399
295.1000000000 -63.1361275316
295.2000000000 -63.2117009990
295.3000000000 -63.2871836245
295.4000000000 -63.3625748825
295.5000000000 -63.4378742401
295.6000000000 -63.5130811564
295.7000000000 -63.5881950831
295.8000000000 -63.6632154641
295.9000000000 -63.7381417356
296.0000000000 -63.8129733264
296.1000000000 -63.8877096578
296.2000000000 -63.9623501432
296.3000000000 -64.0368941888
296.4000000000 -64.1113411934
296.5000000000 -64.1856905481
296.6000000000 -64.2599416370
296.7000000000 -64.3340938365
296.8000000000 -64.4081465160
296.9000000000 -64.4820990376
297.0000000000 -64.5559507563
297.1000000000 -64.6297010199
297.2000000000 -64.7033491694
297.3000000000 -64.7768945385
297.4000000000 -64.8503364545
297.5000000000 -64.9236742375
297.6000000000 -64.9969072011
297.7000000000 -65.0700346522
297.8000000000 -65.1430558911
297.9000000000 -65.2159702117
298.0000000000 -65.2887769015
298.1000000000 -65.3614752420
298.2000000000 -65.4340645080
298.3000000000 -65.5065439686
298.4000000000 -65.5789128870
298.5000000000 -65.6511705203
298.6000000000 -65.7233161200
298.7000000000 -65.7953489318
298.8000000000 -65.8672681962
298.9000000000 -65.9390731479
299.0000000000 -66.0107630168
299.1000000000 -66.0823370271
299.2000000000 -66.1537943985
299.3000000000 -66.2251343454
299.4000000000 -66.2963560776
299.5000000000 -66.3674588003
299.6000000000 -66.4384417142
299.7000000000 -66.5093040156
299.8000000000 -66.5800448966
299.9000000000 -66.6506635451
300.0000000000 -66.7211591453
300.1000000000 -66.7915308775
300.2000000000 -66.8617779184
300.3000000000 -66.9318994412
300.4000000000 -67.0018946157
300.5000000000 -67.0717626087
300.6000000000 -67.1415025837
300.7000000000 -67.2111137018
300.8000000000 -67.2805951208
300.9000000000 -67.3499459965
301.0000000000 -67.4191654821
301.1000000000 -67.4882527285
301.2000000000 -67.5572068846
301.3000000000 -67.6260270976
301.4000000000 -67.6947125128
301.5000000000 -67.7632622740
301.6000000000 -67.8316755236
301.7000000000 -67.8999514029
301.8000000000 -67.9680890519
301.9000000000 -68.0360876102
302.0000000000 -68.1039462162
302.1000000000 -68.1716640082
302.2000000000 -68.2392401238
302.3000000000 -68.3066737008
302.4000000000 -68.3739638767
302.5000000000 -68.4411097894
302.6000000000 -68.5081105770
302.7000000000 -68.5749653781
302.8000000000 -68.6416733323
302.9000000000 -68.7082335799
303.0000000000 -68.7746452621
303.1000000000 -68.8409075215
303.2000000000 -68.9070195023
303.3000000000 -68.9729803500
303.4000000000 -69.0387892120
303.5000000000 -69.1044452375
303.6000000000 -69.1699475780
303.7000000000 -69.2352953873
303.8000000000 -69.3004878215
303.9000000000 -69.3655240393
304.0000000000 -69.4304032025
304.1000000000 -69.4951244756
304.2000000000 -69.5596870264
304.3000000000 -69.6240900259
304.4000000000 -69.6883326486
304.5000000000 -69.7524140728
304.6000000000 -69.8163334805
304.7000000000 -69.8800900577
304.8000000000 -69.9436829945
304.9000000000 -70.0071114854
305.0000000000 -70.0703747294
305.1000000000 -70.1334719300
305.2000000000 -70.1964022955
305.3000000000 -70.2591650394
305.4000000000 -70.3217593799
305.5000000000 -70.3841845409
305.6000000000 -70.4464397513
305.7000000000 -70.5085242458
305.8000000000 -70.5704372647
305.9000000000 -70.6321780544
306.0000000000 -70.6937458669
306.1000000000 -70.7551399607
306.2000000000 -70.8163596004
306.3000000000 -70.8774040571
306.4000000000 -70.9382726084
306.5000000000 -70.9989645386
306.6000000000 -71.0594791389
306.7000000000 -71.1198157074
306.8000000000 -71.1799735494
306.9000000000 -71.2399519772
307.0000000000 -71.2997503107
307.1000000000 -71.3593678771
307.2000000000 -71.4188040113
307.3000000000 -71.4780580556
307.4000000000 -71.5371293606
307.5000000000 -71.5960172844
307.6000000000 -71.6547211934
307.7000000000 -71.7132404620
307.8000000000 -71.7715744730
307.9000000000 -71.8297226174
308.0000000000 -71.8876842948
308.1000000000 -71.9454589131
308.2000000000 -72.0030458892
308.3000000000 -72.0604446485
308.4000000000 -72.1176546254
308.5000000000 -72.1746752630
308.6000000000 -72.2315060135
308.7000000000 -72.2881463384
308.8000000000 -72.3445957080
308.9000000000 -72.4008536021
309.0000000000 -72.4569195098
309.1000000000 -72.5127929295
309.2000000000 -72.5684733691
309.3000000000 -72.6239603460
309.4000000000 -72.6792533873
309.5000000000 -72.7343520296
309.6000000000 -72.7892558193
309.7000000000 -72.8439643126
309.8000000000 -72.8984770755
309.9000000000 -72.9527936838
310.0000000000 -73.0069137234
310.1000000000 -73.0608367898
310.2000000000 -73.1145624890
310.3000000000 -73.1680904367
310.4000000000 -73.2214202588
310.5000000000 -73.2745515914
310.6000000000 -73.3274840806
310.7000000000 -73.3802173828
310.8000000000 -73.4327511646
310.9000000000 -73.4850851028
311.0000000000 -73.5372188846
311.1000000000 -73.5891522073
311.2000000000 -73.6408847785
311.3000000000 -73.6924163164
311.4000000000 -73.7437465492
311.5000000000 -73.7948752156
311.6000000000 -73.8458020647
311.7000000000 -73.8965268558
311.8000000000 -73.9470493587
311.9000000000 -73.9973693534
312.0000000000 -74.0474866306
312.1000000000 -74.0974009909
312.2000000000 -74.1471122455
312.3000000000 -74.1966202160
312.4000000000 -74.2459247343
312.5000000000 -74.2950256424
312.6000000000 -74.3439227929
312.7000000000 -74.3926160485
312.8000000000 -74.4411052823
312.9000000000 -74.4893903776
313.0000000000 -74.5374712279
313.1000000000 -74.5853477369
313.2000000000 -74.6330198184
313.3000000000 -74.6804873967
313.4000000000 -74.7277504058
313.5000000000 -74.7748087899
313.6000000000 -74.8216625034
313.7000000000 -74.8683115106
313.8000000000 -74.9147557858
313.9000000000 -74.9609953132
314.0000000000 -75.0070300870
314.1000000000 -75.0528601111
314.2000000000 -75.0984853993
314.3000000000 -75.1439059752
314.4000000000 -75.1891218720
314.5000000000 -75.2341331328
314.6000000000 -75.2789398099
314.7000000000 -75.3235419655
314.8000000000 -75.3679396714
314.9000000000 -75.4121330084
315.0000000000 -75.4561220671
315.1000000000 -75.4999069473
315.2000000000 -75.5434877581
315.3000000000 -75.5868646177
315.4000000000 -75.6300376537
315.5000000000 -75.6730070025
315.6000000000 -75.7157728098
315.7000000000 -75.7583352300
315.8000000000 -75.8006944267
315.9000000000 -75.8428505720
316.0000000000 -75.8848038470
316.1000000000 -75.9265544414
316.2000000000 -75.9681025536
316.3000000000 -76.0094483903
316.4000000000 -76.0505921670
316.5000000000 -76.0915341073
316.6000000000 -76.1322744435
316.7000000000 -76.1728134157
316.8000000000 -76.2131512724
316.9000000000 -76.2532882704
317.0000000000 -76.2932246741
317.1000000000 -76.3329607562
317.2000000000 -76.3724967970
317.3000000000 -76.4118330847
317.4000000000 -76.4509699153
317.5000000000 -76.4899075922
317.6000000000 -76.5286464266
317.7000000000 -76.5671867368
317.8000000000 -76.6055288489
317.9000000000 -76.6436730960
318.0000000000 -76.6816198184
318.1000000000 -76.7193693637
318.2000000000 -76.7569220864
318.3000000000 -76.7942783480
318.4000000000 -76.8314385170
318.5000000000 -76.8684029684
318.6000000000 -76.9051720841
318.7000000000 -76.9417462525
318.8000000000 -76.9781258688
318.9000000000 -77.0143113342
319.0000000000 -77.0503030567
319.1000000000 -77.0861014502
319.2000000000 -77.1217069349
319.3000000000 -77.1571199373
319.4000000000 -77.1923408896
319.5000000000 -77.2273702301
319.6000000000 -77.2622084028
319.7000000000 -77.2968558577
319.8000000000 -77.3313130502
319.9000000000 -77.3655804413
